TIME    0.000325106   0.0108369   0.0238411   0.0368453   0.0498496   0.0628538   0.075858   0.0888622   0.112703   0.125708   0.138712   0.151716   0.16472   0.177724   0.190729   0.203733   0.216737   0.229741   0.242746   0.25575   0.268754   0.281758   0.294763   0.307767   0.320771   0.333775   0.34678   0.359784   0.372788   0.385792   0.398796   0.411801   0.424805   0.437809   0.450813   0.463818   
NEUT_PROD    14.2744   10.8156   9.34311   8.63024   8.23772   7.98904   7.82083   7.70922   7.59039   7.54887   7.52332   7.49519   7.48852   7.47899   7.47395   7.46221   7.46111   7.45115   7.45105   7.44065   7.44016   7.42865   7.4266   7.41439   7.41107   7.39702   7.39268   7.3778   7.37247   7.35656   7.35068   7.33443   7.32767   7.31091   7.294   7.28703   
NEUT_DEST    11.7668   11.4862   10.0581   9.77262   9.63428   9.5586   9.52775   9.5159   9.55417   9.58222   9.61331   9.65126   9.69008   9.7283   9.76357   9.80469   9.83755   9.87555   9.9131   9.94314   9.97507   9.99771   10.0309   10.0552   10.0795   10.1043   10.1302   10.1563   10.1821   10.1999   10.2169   10.244   10.2617   10.2801   10.2985   10.307   
BUd    0.151344    4.27302    3.57025    3.18797    2.99515    2.87863    2.80275    2.75311    5.42621    2.6875    2.66637    2.66222    2.65354    2.64795    2.64458    2.63283    2.63169    2.631    2.63042    2.62034    2.61994    2.61951    2.60903    2.6083    2.60751    2.60644    2.59524    2.59383    2.5924    2.58088    2.57934    2.57735    2.57549    2.56384    2.56172    2.55985    
U236    1.11646    1.10294    1.08822    1.07316    1.05776    1.0424    1.02707    1.01183    0.98191    0.967164    0.952617    0.938393    0.924263    0.910355    0.896663    0.883193    0.869827    0.856799    0.843881    0.831184    0.818597    0.806349    0.794205    0.782176    0.77048    0.758788    0.747424    0.736175    0.725037    0.714126    0.70332    0.692743    0.682387    0.672032    0.661899    0.651991    
U238    984.69    981.933    979.078    976.223    973.467    970.612    967.757    965    959.388    956.632    953.875    951.118    948.362    945.605    942.848    940.19    937.433    934.677    932.018    929.262    926.603    923.945    921.287    918.628    915.97    913.312    910.653    907.995    905.336    902.777    900.118    897.558    894.9    892.34    889.78    887.121    
NP237    0.435025    0.400203    0.370004    0.34345    0.320056    0.299362    0.281091    0.264932    0.237815    0.226514    0.216408    0.207412    0.199348    0.192075    0.185603    0.17969    0.174347    0.169504    0.165082    0.161034    0.157334    0.153898    0.150746    0.147814    0.145068    0.142507    0.14011    0.137843    0.135713    0.133675    0.131755    0.129912    0.128151    0.126472    0.124841    0.123279    
PU238    0.522276    0.426119    0.35353    0.300499    0.26101    0.230748    0.20684    0.187575    0.157643    0.146784    0.137445    0.129454    0.122637    0.116786    0.111718    0.107335    0.103499    0.100144    0.097194    0.094561    0.0922156    0.0901314    0.0882367    0.0865223    0.084969    0.0835533    0.0822367    0.0810181    0.0798829    0.0788352    0.0778413    0.0769054    0.0760225    0.0751931    0.0743884    0.0736322    
PU239    5.39229    4.00351    3.41676    3.16492    3.05085    2.99267    2.95942    2.9369    2.90984    2.89338    2.88022    2.86794    2.85732    2.84626    2.83566    2.82644    2.81657    2.80698    2.79762    2.78945    2.78047    2.77161    2.7629    2.75427    2.74573    2.73726    2.72885    2.7205    2.71217    2.7039    2.69664    2.68843    2.68024    2.67206    2.66391    2.65578    
PU240    3.22114    3.275    3.09316    2.87901    2.69533    2.55307    2.44954    2.37499    2.27942    2.25315    2.2324    2.2172    2.2055    2.19555    2.18746    2.17998    2.17423    2.16865    2.16383    2.15851    2.1535    2.14966    2.14494    2.14027    2.1356    2.13092    2.12621    2.12147    2.1167    2.11188    2.10703    2.10215    2.09724    2.0923    2.08735    2.08238    
PU241    2.04189    1.56258    1.35525    1.22928    1.13425    1.06065    1.00451    0.963    0.911293    0.894575    0.883034    0.874591    0.868237    0.863274    0.859422    0.856117    0.853405    0.851028    0.848844    0.846783    0.844835    0.843013    0.841173    0.839378    0.837604    0.835835    0.83406    0.83218    0.830382    0.82857    0.826744    0.824803    0.822951    0.820987    0.819113    0.817132    
PU242    2.30054    2.59645    2.80473    2.96045    3.07899    3.16951    3.23732    3.28918    3.3591    3.38301    3.40169    3.41621    3.42879    3.43902    3.44708    3.45386    3.45971    3.46451    3.46855    3.47166    3.4736    3.47526    3.47726    3.47715    3.47801    3.47748    3.47649    3.47549    3.47452    3.47241    3.47002    3.46695    3.46419    3.46168    3.45812    3.45445    
AM243    0.00388182    0.139871    0.269288    0.385538    0.488382    0.578554    0.656661    0.724154    0.83113    0.872949    0.908247    0.93827    0.96346    0.984965    1.00287    1.0181    1.0309    1.04167    1.0507    1.05824    1.06454    1.07    1.07459    1.07812    1.08119    1.08376    1.08573    1.08737    1.08855    1.08949    1.09005    1.09046    1.09059    1.09058    1.09029    1.08998    
BR81    7.21953e-05    0.00365102    0.00531825    0.00678668    0.00815688    0.0094696    0.0107426    0.0119853    0.0143981    0.0155816    0.0167471    0.017891    0.0190329    0.0201551    0.0212566    0.0223592    0.0234414    0.0245046    0.0255577    0.0266108    0.0276338    0.0286572    0.0296612    0.0306545    0.0316377    0.0326105    0.033573    0.0345158    0.0354569    0.0363788    0.0372896    0.0381903    0.0390799    0.0399584    0.0408173    0.0416744    
SE82    9.65222e-05    0.00471784    0.0070006    0.00904549    0.0109754    0.0128445    0.0146739    0.0164795    0.0200337    0.021803    0.0235631    0.0253189    0.0270713    0.0288211    0.0305708    0.0323103    0.034059    0.035798    0.0375367    0.0392657    0.041004    0.042733    0.0444607    0.0461887    0.0479057    0.0496326    0.0513488    0.0530631    0.0547776    0.0564918    0.0581941    0.0598951    0.0616059    0.0632955    0.0649926    0.0666794    
KR84    0.000248568    0.0127205    0.0207434    0.0284581    0.0360354    0.0435419    0.0509909    0.0583896    0.0730793    0.0803927    0.0876771    0.0949554    0.102217    0.109473    0.116714    0.123964    0.131214    0.13843    0.145644    0.152847    0.16014    0.167341    0.174533    0.181815    0.189007    0.196191    0.203462    0.210639    0.21792    0.225088    0.232256    0.239526    0.246678    0.253835    0.261083    0.268233    
KR85    5.67842e-05    0.00298154    0.00437898    0.00558303    0.00668832    0.00772896    0.00872196    0.00967719    0.0115324    0.0124061    0.0132557    0.0140872    0.0148964    0.0156865    0.0164671    0.0172178    0.0179601    0.0186837    0.0193983    0.0200935    0.0207699    0.021437    0.0220856    0.0227245    0.0233447    0.0239555    0.0245462    0.0251373    0.0256994    0.0262614    0.0268045    0.027337    0.0278602    0.0283737    0.028867    0.0293604    
RB85    0.000202665    0.0107357    0.0160914    0.0208774    0.0254149    0.0298148    0.0341522    0.0384338    0.0468781    0.0511169    0.0553547    0.0595936    0.0638426    0.0680883    0.0723487    0.0766123    0.0808849    0.085167    0.0894583    0.0937432    0.0980518    0.102354    0.106665    0.110984    0.115302    0.119629    0.12394    0.128273    0.132603    0.13693    0.14135    0.145672    0.149984    0.154299    0.158708    0.163011    
KR86    0.000417067    0.0197505    0.0296053    0.0384278    0.046733    0.0547431    0.0625768    0.0702808    0.0854277    0.0929482    0.100438    0.107903    0.115336    0.122769    0.130185    0.137616    0.144994    0.15236    0.159729    0.167199    0.174562    0.181831    0.189194    0.196556    0.203917    0.211173    0.218529    0.225882    0.233124    0.240371    0.247708    0.254947    0.262175    0.269398    0.276625    0.283838    
RB87    0.000507146    0.0246396    0.0369442    0.0479239    0.0582557    0.068222    0.077942    0.0875203    0.106329    0.115664    0.124958    0.134209    0.143394    0.152612    0.161817    0.171017    0.18022    0.189317    0.198508    0.207604    0.216702    0.225795    0.234883    0.243974    0.252956    0.262042    0.271019    0.280096    0.289067    0.298032    0.306992    0.315954    0.324799    0.333744    0.34258    0.351516    
SR88    0.000679751    0.0345604    0.0517652    0.0670706    0.0815056    0.0954394    0.10907    0.122478    0.14888    0.161948    0.175067    0.188038    0.201073    0.21399    0.226999    0.23991    0.252813    0.265711    0.278612    0.291509    0.304404    0.317198    0.330097    0.342886    0.35567    0.368454    0.381224    0.394    0.406766    0.419425    0.432183    0.444824    0.457558    0.470189    0.482808    0.495416    
SR89    0.000888983    0.0265703    0.0166599    0.0135869    0.0124285    0.0118807    0.0115718    0.0113771    0.011792    0.0112225    0.0110632    0.0110072    0.0109796    0.0109534    0.0109341    0.0109189    0.010906    0.0108944    0.0108834    0.0108625    0.0108513    0.0108398    0.0108278    0.0108154    0.0107926    0.0107792    0.0107653    0.010751    0.0107361    0.0107207    0.0106951    0.0106787    0.0106619    0.0106447    0.0106173    0.0105994    
Y89    1.84838e-05    0.0171683    0.0485698    0.0707991    0.0899798    0.107888    0.125136    0.141967    0.174216    0.19094    0.20721    0.223185    0.239206    0.25509    0.270857    0.286611    0.302358    0.318009    0.333644    0.349284    0.364824    0.380259    0.39569    0.41112    0.426446    0.441666    0.456974    0.472082    0.487281    0.502371    0.517355    0.532331    0.54729    0.562142    0.576889    0.591709    
SR90    0.00113654    0.0543698    0.0805977    0.103746    0.125303    0.145872    0.165771    0.185162    0.223013    0.241371    0.259493    0.277439    0.295144    0.312615    0.329885    0.347038    0.363992    0.380746    0.397304    0.413758    0.43001    0.446063    0.46192    0.477668    0.493211    0.508553    0.52379    0.538919    0.553747    0.56846    0.583062    0.597459    0.611653    0.625724    0.639593    0.653347    
Y91    0.00108938    0.0418941    0.0288005    0.0236599    0.0215162    0.0204827    0.0199195    0.0195701    0.0203957    0.0193963    0.0191071    0.0189992    0.0189561    0.0189344    0.0189158    0.0189053    0.0188993    0.0188956    0.0188834    0.0188812    0.0188691    0.0188662    0.0188527    0.0188485    0.0188332    0.0188272    0.0188106    0.0188029    0.0187943    0.018775    0.0187548    0.0187436    0.0187219    0.0186994    0.018686    0.0186625    
ZR91    1.71529e-05    0.0230976    0.0688308    0.102705    0.131895    0.158995    0.185013    0.210372    0.2588    0.284211    0.308763    0.332955    0.357151    0.381194    0.405207    0.429089    0.452971    0.476839    0.500605    0.524268    0.548031    0.571586    0.595234    0.618683    0.642219    0.665652    0.688974    0.712286    0.735581    0.758765    0.781941    0.805003    0.827944    0.850966    0.873874    0.896663    
ZR92    0.00147705    0.080344    0.120551    0.156194    0.189798    0.222222    0.253994    0.285228    0.346896    0.377466    0.408001    0.438464    0.468891    0.499231    0.529586    0.560007    0.590289    0.620623    0.650956    0.681231    0.711566    0.741884    0.772135    0.80245    0.832739    0.862985    0.893248    0.923526    0.953667    0.983858    1.01407    1.04426    1.07435    1.10446    1.1345    1.16463    
ZR93    0.00175773    0.104539    0.156526    0.201919    0.244439    0.285133    0.324564    0.3632    0.438551    0.475688    0.512411    0.548788    0.584869    0.620826    0.656422    0.691793    0.726967    0.76193    0.796537    0.830991    0.86526    0.899291    0.933133    0.966642    1.00006    1.03314    1.06602    1.09875    1.13118    1.16311    1.195    1.22693    1.25879    1.2896    1.32139    1.35222    
ZR94    0.00242249    0.117288    0.175186    0.227093    0.276303    0.324019    0.37076    0.417142    0.508949    0.554844    0.600649    0.646716    0.69271    0.73877    0.785125    0.831514    0.878087    0.924772    0.971667    1.01867    1.06575    1.11294    1.16032    1.20786    1.25579    1.30365    1.35145    1.39925    1.44708    1.49578    1.54354    1.59226    1.64093    1.68951    1.73817    1.78674    
ZR95    0.00277173    0.0895648    0.064404    0.053418    0.0483837    0.0458379    0.0443905    0.0434892    0.0451792    0.0429655    0.0422199    0.0419222    0.0417729    0.0416781    0.0416077    0.0415484    0.0414919    0.0414421    0.0413958    0.0413508    0.0413058    0.0412499    0.0412022    0.0411533    0.0411023    0.0410494    0.0410047    0.040948    0.0408898    0.0408294    0.0407669    0.040703    0.0406371    0.0405595    0.0404907    0.0404108    
NB95    4.46284e-05    0.0258735    0.036114    0.0300321    0.0263005    0.0244246    0.0234121    0.022818    0.0242234    0.0227948    0.0221304    0.0218677    0.0217546    0.0216877    0.0216436    0.0216135    0.0215819    0.0215553    0.0215316    0.0215086    0.021486    0.0214632    0.0214395    0.0214051    0.0213796    0.0213532    0.0213255    0.0212971    0.0212677    0.0212371    0.0212055    0.0211731    0.0211397    0.0211057    0.0210608    0.0210254    
MO95    8.904e-07    0.0188537    0.0984048    0.170985    0.230121    0.281575    0.328563    0.372587    0.449716    0.491585    0.529977    0.566376    0.601448    0.635405    0.668461    0.700697    0.731977    0.762339    0.791915    0.820706    0.848764    0.87605    0.902505    0.928339    0.953506    0.977927    1.00159    1.0247    1.04714    1.0689    1.0901    1.11073    1.13099    1.14987    1.16877    1.18767    
ZR96    0.00303491    0.143687    0.214931    0.278459    0.338158    0.395761    0.451788    0.506895    0.615184    0.668856    0.722221    0.775409    0.828458    0.88137    0.934184    0.986873    1.03949    1.09212    1.14452    1.1969    1.24923    1.3019    1.35399    1.40606    1.45719    1.50925    1.5613    1.61335    1.66432    1.71631    1.76723    1.81917    1.87002    1.92091    1.97168    2.02239    
MO96    2.37159e-06    0.000320068    0.0021699    0.00600586    0.0114566    0.0182746    0.0263175    0.0354947    0.0568434    0.0690274    0.0822073    0.0962959    0.111268    0.127078    0.143725    0.16116    0.179306    0.198321    0.217954    0.238404    0.259374    0.281073    0.303493    0.326441    0.350016    0.374128    0.398767    0.424041    0.44984    0.476083    0.502761    0.529976    0.557722    0.585814    0.614338    0.64321    
MO97    0.00223853    0.154483    0.23318    0.301347    0.365137    0.426335    0.485774    0.544078    0.657834    0.714128    0.769825    0.825285    0.880392    0.9352    0.98983    1.04418    1.09826    1.15221    1.20594    1.25986    1.31245    1.36604    1.41863    1.4713    1.52384    1.57645    1.62797    1.68053    1.73209    1.78356    1.83403    1.88544    1.93682    1.98725    2.03757    2.08786    
MO98    0.00356177    0.168234    0.252383    0.327774    0.398845    0.46767    0.534926    0.601166    0.732147    0.797348    0.862463    0.927481    0.992477    1.05757    1.12281    1.18803    1.25345    1.31905    1.38434    1.44957    1.51583    1.58102    1.64728    1.71348    1.77969    1.84588    1.91196    1.97816    2.04421    2.11128    2.17735    2.24429    2.31027    2.37716    2.444    2.51087    
TC99    0.00106444    0.171792    0.263247    0.332688    0.394197    0.450361    0.5021    0.55062    0.638716    0.679653    0.718424    0.755397    0.790677    0.82446    0.856543    0.887435    0.916814    0.944923    0.971756    0.997475    1.02205    1.04555    1.06797    1.08946    1.1099    1.1295    1.14778    1.16589    1.18313    1.1995    1.21499    1.22959    1.24329    1.25708    1.26996    1.28192    
MO100    0.00429104    0.202705    0.303087    0.392529    0.47653    0.557369    0.636219    0.713538    0.865434    0.940793    1.01566    1.09023    1.16471    1.23881    1.31281    1.38657    1.46014    1.53373    1.60736    1.68089    1.75445    1.82702    1.90054    1.973    2.04555    2.11799    2.19039    2.26278    2.33514    2.40748    2.47879    2.55098    2.62216    2.69327    2.76439    2.83543    
RU100    6.29542e-07    0.00316852    0.012913    0.0258383    0.041477    0.0595166    0.0797459    0.101982    0.151846    0.179214    0.208085    0.238391    0.269928    0.302804    0.336733    0.371828    0.407875    0.44487    0.482715    0.521494    0.560962    0.601132    0.641999    0.683474    0.725469    0.768059    0.810992    0.854508    0.898261    0.942464    0.987066    1.03178    1.07686    1.12208    1.16755    1.21321    
RU101    0.00384739    0.179783    0.269153    0.348011    0.421426    0.491539    0.55921    0.625313    0.753551    0.81669    0.87914    0.940995    1.00237    1.06352    1.12411    1.18455    1.24457    1.30475    1.36405    1.42344    1.48178    1.54025    1.59867    1.65714    1.71564    1.77311    1.8306    1.88811    1.9446    2.00208    2.05852    2.11496    2.17143    2.22685    2.28224    2.33855    
RU102    0.00402323    0.187125    0.283498    0.370299    0.452475    0.532113    0.610277    0.687573    0.840493    0.916942    0.993533    1.07025    1.14719    1.22439    1.30185    1.38004    1.45767    1.53625    1.61483    1.69337    1.77289    1.85239    1.93291    2.01235    2.09277    2.17416    2.25461    2.33596    2.41723    2.49954    2.58079    2.66394    2.7461    2.82827    2.91129    2.99429    
RU103    0.00430188    0.112114    0.0609259    0.0501079    0.0464995    0.0447343    0.0436882    0.0430116    0.0442654    0.0423818    0.0420643    0.0419723    0.0419443    0.041944    0.0419628    0.0419803    0.0420089    0.0420434    0.0420707    0.042109    0.042147    0.042174    0.0422098    0.0422438    0.0422762    0.0423068    0.0423357    0.0423628    0.0423876    0.0424205    0.0424417    0.0424613    0.0424787    0.0424947    0.0424991    0.0425125    
RH103    0.000113032    0.0876425    0.19624    0.23634    0.256293    0.267278    0.27337    0.276585    0.277779    0.279541    0.279457    0.279092    0.278656    0.278369    0.278186    0.278005    0.277953    0.277989    0.278098    0.278098    0.278314    0.278394    0.278593    0.278781    0.278934    0.279133    0.279362    0.279511    0.279772    0.279941    0.28011    0.280278    0.280442    0.280501    0.280654    0.280799    
RU104    0.00413886    0.191491    0.290075    0.377675    0.459817    0.53875    0.615396    0.690459    0.837586    0.910302    0.982519    1.05436    1.12592    1.19733    1.26855    1.33945    1.40978    1.48114    1.55145    1.62176    1.69209    1.76137    1.8316    1.90085    1.97109    2.0402    2.10938    2.17851    2.2476    2.31571    2.38466    2.45262    2.52057    2.58845    2.65625    2.72402    
PD104    3.22489e-07    0.00859708    0.0544149    0.117576    0.188385    0.263124    0.340078    0.418216    0.574163    0.653022    0.731793    0.810368    0.888799    0.966973    1.0449    1.12276    1.20039    1.27791    1.35542    1.43284    1.50954    1.58704    1.6644    1.74166    1.81787    1.89499    1.97208    2.04911    2.12605    2.20201    2.27892    2.35576    2.43161    2.50838    2.58414    2.66075    
PD105    0.00134932    0.115558    0.176633    0.226615    0.272159    0.314844    0.355383    0.394166    0.467376    0.50276    0.537156    0.570793    0.60367    0.635799    0.667301    0.698174    0.72832    0.757947    0.786891    0.815417    0.843257    0.870671    0.897399    0.923681    0.949472    0.974734    0.999485    1.02376    1.04758    1.07091    1.09378    1.11624    1.13773    1.16011    1.18052    1.20192    
RU106    0.00325763    0.134555    0.176769    0.202915    0.219843    0.230915    0.238092    0.242647    0.254602    0.254063    0.253426    0.252646    0.251861    0.251082    0.250336    0.249672    0.249057    0.248568    0.248003    0.247585    0.247143    0.246722    0.246277    0.245869    0.245566    0.245152    0.244802    0.2444    0.244038    0.243601    0.243285    0.242884    0.242492    0.242007    0.241623    0.24114    
PD106    0.00063674    0.0666395    0.132065    0.203474    0.279317    0.358442    0.43991    0.523376    0.686845    0.775362    0.864351    0.953826    1.04377    1.13434    1.22543    1.317    1.40907    1.50196    1.59511    1.68876    1.78212    1.87718    1.97201    2.06768    2.16407    2.26036    2.35753    2.45454    2.55248    2.65022    2.74891    2.8475    2.94699    3.04638    3.1467    3.24688    
PD107    0.00259039    0.113437    0.172141    0.223257    0.270111    0.31397    0.355621    0.3956    0.471494    0.50809    0.543825    0.578756    0.613033    0.646682    0.679674    0.712226    0.744064    0.775428    0.806294    0.836596    0.866458    0.895775    0.924544    0.952981    0.980766    1.00823    1.03514    1.06173    1.08769    1.11337    1.13862    1.1631    1.18751    1.21187    1.23531    1.2577    
PD108    0.00188957    0.0815918    0.125328    0.164012    0.199868    0.233881    0.266571    0.298256    0.359332    0.38913    0.418539    0.447513    0.476182    0.5045    0.532533    0.560343    0.587762    0.61494    0.641934    0.668589    0.695025    0.721106    0.746986    0.772521    0.797768    0.822798    0.847485    0.871876    0.896024    0.919957    0.943465    0.966745    0.989786    1.01245    1.03487    1.05703    
AG109    0.00086101    0.0478358    0.0668685    0.0804298    0.0910271    0.0996769    0.106993    0.113375    0.124257    0.129182    0.133853    0.138324    0.142695    0.146934    0.151012    0.155114    0.159181    0.163102    0.167044    0.17089    0.174715    0.17841    0.182164    0.185858    0.189487    0.193137    0.196612    0.200103    0.203607    0.207016    0.210429    0.213746    0.217065    0.220281    0.223498    0.226616    
PD110    0.000566683    0.0241469    0.0374619    0.0493404    0.0604444    0.0710535    0.0813074    0.0913107    0.110812    0.120434    0.129969    0.139451    0.148901    0.158311    0.167718    0.177011    0.186398    0.195673    0.205046    0.214315    0.223581    0.232843    0.242007    0.251263    0.260415    0.269563    0.278715    0.287857    0.296994    0.306035    0.31506    0.324177    0.333197    0.342112    0.351114    0.360016    
CD110    2.07801e-06    0.00411223    0.015469    0.0298142    0.0463434    0.0645315    0.0840197    0.104543    0.148009    0.170794    0.194165    0.217994    0.24241    0.2671    0.292347    0.317938    0.343877    0.370275    0.396852    0.423847    0.451118    0.478637    0.50652    0.53459    0.562991    0.591549    0.620431    0.64944    0.678669    0.707995    0.737738    0.767396    0.797349    0.827328    0.857565    0.8879    
CD111    3.43866e-05    0.0104129    0.0179669    0.0237365    0.0292319    0.0346319    0.0400527    0.0455314    0.0568461    0.0627544    0.0688499    0.0751248    0.0816026    0.0882724    0.0951585    0.102234    0.109525    0.117016    0.124709    0.132613    0.140744    0.149019    0.157507    0.166189    0.175069    0.184149    0.193427    0.202798    0.212458    0.222216    0.232167    0.242301    0.252627    0.263043    0.273649    0.284442    
CD112    7.4158e-05    0.00504508    0.00852869    0.0118705    0.0152428    0.0186898    0.0222449    0.025938    0.0337468    0.0379141    0.0422631    0.0467937    0.0515375    0.0564851    0.0616516    0.0670443    0.0726541    0.0785089    0.0846156    0.09096    0.0975593    0.104423    0.111558    0.118968    0.12666    0.134623    0.142917    0.151444    0.160301    0.169493    0.178913    0.188676    0.198866    0.209282    0.220035    0.231119    
CD114    8.53854e-05    0.00566444    0.00915978    0.0122691    0.0152146    0.0180598    0.020834    0.0235748    0.0289563    0.0316361    0.0343025    0.0369859    0.0396613    0.0423438    0.0450367    0.0477369    0.0504524    0.0531808    0.0559204    0.0586753    0.0614426    0.0642375    0.0670354    0.0698563    0.0727018    0.0755617    0.078449    0.0813489    0.0842854    0.0872347    0.0902177    0.0932169    0.0962498    0.0993087    0.102403    0.105521    
SN124    4.99127e-05    0.00231024    0.00357188    0.00472974    0.00583863    0.00691861    0.00798119    0.00903169    0.0111042    0.0121331    0.0131606    0.0141824    0.0151936    0.0162135    0.0172232    0.018233    0.0192322    0.0202421    0.0212413    0.0222409    0.0232301    0.0242197    0.025209    0.0261977    0.0271864    0.0281653    0.0291436    0.0301215    0.0310893    0.0320569    0.0330237    0.0339898    0.0349459    0.0359016    0.0368565    0.0378105    
SB125    6.1697e-05    0.00428531    0.00647494    0.00799223    0.00928817    0.0104299    0.0114493    0.012369    0.0141172    0.0147889    0.015415    0.0159764    0.0164923    0.0169633    0.0173977    0.0177947    0.0181538    0.0184839    0.0187836    0.0190627    0.0193104    0.0195447    0.0197562    0.0199439    0.020117    0.0202753    0.0204179    0.0205545    0.0206649    0.0207686    0.020865    0.0209542    0.0210258    0.0210894    0.0211549    0.021202    
SN126    0.000142444    0.0070121    0.010447    0.0135488    0.0164959    0.0193588    0.0221696    0.0249506    0.0304388    0.0331652    0.0358932    0.0386064    0.0413058    0.0440043    0.0467025    0.0493899    0.0520773    0.0547554    0.0574235    0.0601014    0.0627592    0.0654173    0.068074    0.0707208    0.0733669    0.076002    0.0786366    0.081259    0.0838808    0.0865015    0.0891108    0.0917081    0.0943044    0.0968986    0.0994805    0.102051    
I127    4.76563e-05    0.0146555    0.0241747    0.0315087    0.038241    0.0446058    0.050705    0.056599    0.0678019    0.0733133    0.0786995    0.0839679    0.0891269    0.0942002    0.0991757    0.104068    0.108874    0.113585    0.118225    0.122811    0.12723    0.13164    0.135955    0.140176    0.144397    0.148418    0.152441    0.156456    0.160289    0.164106    0.16783    0.17145    0.175068    0.178588    0.182001    0.185423    
TE128    0.000567218    0.0293332    0.0433195    0.0558189    0.0676436    0.0791065    0.0903658    0.101475    0.123421    0.134354    0.145252    0.156125    0.16699    0.177746    0.188592    0.199438    0.210192    0.220943    0.231795    0.242542    0.25329    0.263938    0.274679    0.285421    0.296063    0.306696    0.317428    0.328056    0.338676    0.349288    0.359895    0.370401    0.380997    0.391485    0.401959    0.412527    
I129    0.000818081    0.0476839    0.0714868    0.0895708    0.105222    0.119293    0.132166    0.14406    0.165276    0.174972    0.184105    0.19261    0.200599    0.208177    0.21526    0.221941    0.228212    0.234172    0.239719    0.24495    0.249858    0.254533    0.258874    0.262974    0.266834    0.270541    0.273898    0.277098    0.280046    0.282922    0.285541    0.287989    0.290268    0.292373    0.294306    0.296162    
TE130    0.00186034    0.0906066    0.134466    0.173598    0.210482    0.246085    0.280897    0.315083    0.38242    0.415934    0.449165    0.482343    0.515441    0.548497    0.581473    0.614258    0.647107    0.679919    0.712613    0.745349    0.777948    0.810524    0.843057    0.875529    0.907927    0.940271    0.972567    1.00478    1.03692    1.06901    1.10102    1.13297    1.16494    1.19644    1.22791    1.26041    
XE130    2.94639e-06    0.00129534    0.00486143    0.00955138    0.0151605    0.0215718    0.0286985    0.0364683    0.0537318    0.0631391    0.0729844    0.0832663    0.0939173    0.10493    0.116273    0.127897    0.139809    0.151957    0.164291    0.176936    0.189688    0.202563    0.215647    0.228863    0.242212    0.255582    0.269095    0.282654    0.296351    0.309998    0.323784    0.337524    0.351319    0.365071    0.378877    0.392642    
XE131    0.000315635    0.121725    0.187632    0.21865    0.241233    0.258344    0.271517    0.281833    0.296348    0.301824    0.306377    0.310039    0.313218    0.315826    0.31815    0.320075    0.321713    0.323274    0.324574    0.325754    0.326751    0.327708    0.328596    0.329363    0.33009    0.330839    0.331395    0.332035    0.332548    0.333115    0.333529    0.333976    0.334454    0.334849    0.335263    0.335589    
XE132    0.00114791    0.205017    0.347425    0.473573    0.59843    0.723425    0.848639    0.974371    1.22674    1.35392    1.48146    1.60924    1.73729    1.86618    1.99408    2.12324    2.25174    2.38074    2.51023    2.63834    2.76809    2.89663    3.02591    3.15495    3.28284    3.41153    3.54111    3.66958    3.79781    3.92603    4.05408    4.18205    4.3099    4.43759    4.56523    4.69275    
CS133    0.000488127    0.245718    0.39282    0.489264    0.572478    0.646135    0.712687    0.773364    0.879301    0.927184    0.971733    1.01326    1.05209    1.08844    1.12248    1.15439    1.18425    1.21258    1.23838    1.26364    1.2865    1.30782    1.32856    1.34677    1.36533    1.38128    1.39756    1.41214    1.42601    1.43816    1.45053    1.46115    1.47195    1.48097    1.49014    1.49849    
XE134    0.00636749    0.305762    0.46167    0.600346    0.730457    0.855409    0.977014    1.09634    1.33031    1.44602    1.56117    1.67562    1.78964    1.90343    2.01703    2.13054    2.24402    2.35744    2.46981    2.58222    2.69462    2.80693    2.91924    3.03153    3.14278    3.25497    3.36612    3.47725    3.5873    3.6983    3.80927    3.91912    4.02894    4.13863    4.24827    4.35778    
CS134    5.17244e-07    0.00595147    0.022514    0.0394757    0.0558265    0.0711814    0.0854024    0.098537    0.123074    0.132855    0.142012    0.150557    0.158581    0.166022    0.173034    0.179666    0.18574    0.191483    0.196901    0.201905    0.206598    0.211073    0.215224    0.21906    0.222779    0.226161    0.229318    0.232335    0.235214    0.237748    0.240234    0.242564    0.244647    0.246664    0.248519    0.250308    
BA134    5.76143e-10    0.000174654    0.00157952    0.00481604    0.00986703    0.0166371    0.0250009    0.0348278    0.0565517    0.0701863    0.0848173    0.100351    0.116714    0.133864    0.151732    0.170299    0.189362    0.209096    0.229324    0.250034    0.27125    0.292779    0.314734    0.337022    0.359548    0.382431    0.405573    0.428978    0.452554    0.476322    0.500271    0.524415    0.54866    0.573022    0.597466    0.622047    
CS135    0.000240716    0.0133016    0.0250866    0.039188    0.057119    0.0787718    0.103886    0.132158    0.19704    0.23331    0.271573    0.31162    0.353212    0.396173    0.440497    0.485908    0.53237    0.579768    0.627829    0.676501    0.725881    0.775593    0.825889    0.876317    0.927095    0.978051    1.02907    1.08014    1.13125    1.18234    1.23331    1.28365    1.33522    1.38553    1.4356    1.4855    
XE136    0.0113933    0.564025    0.848368    1.10193    1.34002    1.56888    1.79168    2.01051    2.44038    2.65281    2.8645    3.07508    3.28596    3.49541    3.70454    3.91349    4.12245    4.33127    4.53908    4.74687    4.95456    5.1623    5.36891    5.57649    5.783    5.98855    6.19492    6.40024    6.60538    6.81049    7.01543    7.21928    7.42395    7.62751    7.82997    8.03318    
BA136    5.23338e-06    0.00268192    0.00520095    0.0070586    0.00905263    0.0112905    0.013848    0.0167859    0.0242051    0.0285908    0.0335141    0.0390115    0.0451199    0.0518671    0.0592646    0.0673393    0.0761184    0.0855812    0.0957768    0.106706    0.118373    0.130795    0.143961    0.15786    0.172611    0.188124    0.204301    0.221424    0.239194    0.257804    0.277149    0.297323    0.31823    0.339957    0.362409    0.385576    
CS137    0.00572158    0.266625    0.398419    0.514801    0.623106    0.726136    0.825874    0.922947    1.11233    1.20457    1.29555    1.38556    1.4744    1.56289    1.65021    1.73655    1.82278    1.90798    1.99218    2.07547    2.1586    2.24083    2.32205    2.40314    2.48331    2.56246    2.64147    2.71958    2.79663    2.87255    2.94844    3.0243    3.09818    3.1719    3.24462    3.31724    
BA137    2.42958e-06    0.00081137    0.00329292    0.0066961    0.0109245    0.0159251    0.021659    0.0280975    0.0417261    0.0501888    0.0592773    0.0689797    0.0792995    0.0902267    0.101734    0.113835    0.126502    0.139715    0.153485    0.167845    0.182681    0.198096    0.213985    0.230344    0.247288    0.264707    0.282598    0.30097    0.319816    0.33904    0.358836    0.37901    0.399663    0.420683    0.442187    0.464062    
BA138    0.00520673    0.242853    0.366762    0.477204    0.580762    0.680324    0.777216    0.872279    1.05871    1.15116    1.24303    1.33463    1.42601    1.51707    1.60848    1.69981    1.79008    1.88139    1.97165    2.06296    2.15325    2.24456    2.33491    2.42521    2.51644    2.60677    2.69696    2.7882    2.87845    2.96863    3.0588    3.14888    3.23999    3.32998    3.41999    3.50988    
LA139    0.00501412    0.236735    0.354709    0.457969    0.553311    0.64367    0.730297    0.814068    0.975096    1.05334    1.12997    1.20547    1.27983    1.35292    1.42532    1.49599    1.56669    1.63538    1.70402    1.77072    1.83743    1.90317    1.96785    2.03163    2.09435    2.15609    2.21686    2.2776    2.33627    2.39503    2.45262    2.50937    2.56495    2.62052    2.67515    2.72864    
BA140    0.00463635    0.0580402    0.0208044    0.0187772    0.0177728    0.0171548    0.0167493    0.0164758    0.0161631    0.0160548    0.0159765    0.0159122    0.0158755    0.0158466    0.015819    0.0157886    0.0157718    0.0157476    0.0157245    0.0157117    0.0156891    0.0156661    0.0156427    0.0156287    0.0156046    0.0155798    0.015564    0.0155381    0.0155114    0.0154839    0.0154654    0.0154365    0.0154068    0.0153767    0.0153458    0.0153243    
CE140    0.000129951    0.176515    0.342963    0.457839    0.566185    0.671317    0.774744    0.877287    1.0874    1.19006    1.29308    1.39657    1.50092    1.60558    1.71115    1.81755    1.9239    2.03122    2.13942    2.2486    2.35873    2.4688    2.57983    2.69086    2.8027    2.9156    3.02934    3.14305    3.25668    3.37225    3.48773    3.60315    3.71942    3.83661    3.95372    4.07172    
CE141    0.0041686    0.106397    0.0519102    0.0434373    0.0406364    0.0391539    0.0382373    0.0376251    0.0382929    0.0368906    0.0366575    0.0365639    0.0365028    0.0364721    0.0364469    0.036427    0.0364162    0.0364104    0.0364068    0.0363944    0.0363913    0.0363875    0.0363822    0.0363758    0.0363679    0.0363584    0.0363477    0.0363351    0.0363207    0.036305    0.0362873    0.036278    0.0362473    0.036225    0.0362017    0.0361771    
PR141    0.000135129    0.112174    0.271046    0.369791    0.455365    0.534584    0.609556    0.68129    0.815912    0.882272    0.946017    1.00796    1.06853    1.12778    1.18579    1.2425    1.29824    1.35265    1.40615    1.45771    1.5093    1.55898    1.60772    1.65557    1.70333    1.74925    1.7942    1.83817    1.88114    1.92311    1.96516    2.00522    2.04525    2.08335    2.12145    2.15848    
CE142    0.00434459    0.212338    0.320028    0.415254    0.504482    0.590055    0.673489    0.755333    0.915754    0.994914    1.07373    1.15213    1.23013    1.3079    1.38543    1.46288    1.53926    1.61664    1.693    1.77032    1.84563    1.92196    1.99825    2.07349    2.14972    2.22493    2.30013    2.37425    2.44938    2.52345    2.59745    2.67142    2.74529    2.81915    2.89199    2.96475    
ND142    1.19603e-08    0.000793852    0.00513343    0.0117179    0.0199886    0.0297263    0.040782    0.0530684    0.0808558    0.0962856    0.112663    0.129913    0.147979    0.166814    0.186415    0.206566    0.22743    0.248926    0.270953    0.293511    0.316617    0.340067    0.363969    0.388229    0.412855    0.437841    0.463203    0.488731    0.514446    0.540537    0.566724    0.593088    0.619662    0.6463    0.673058    0.699924    
PR143    0.00189052    0.0491464    0.0176289    0.0159271    0.0151089    0.0146218    0.014307    0.0141004    0.0140189    0.0138083    0.0137633    0.0137442    0.0137276    0.0137252    0.0137219    0.0137142    0.0137193    0.0137166    0.0137244    0.0137227    0.0137208    0.0137287    0.0137264    0.0137334    0.0137301    0.0137361    0.0137318    0.0137268    0.0137314    0.0137253    0.0137285    0.0137211    0.0137132    0.0137145    0.0137055    0.0136961    
ND143    0.000109033    0.11801    0.176583    0.183336    0.183192    0.180676    0.177753    0.175044    0.172912    0.171506    0.170495    0.17014    0.170139    0.170556    0.171117    0.171987    0.172872    0.173999    0.175121    0.176301    0.177615    0.178851    0.180189    0.181628    0.182961    0.184384    0.185893    0.187295    0.188781    0.190252    0.191711    0.193255    0.194689    0.196206    0.197614    0.199111    
CE144    0.00361368    0.151061    0.187845    0.207241    0.21759    0.222878    0.225251    0.225889    0.233102    0.230089    0.22751    0.225478    0.223716    0.222273    0.221127    0.220215    0.219387    0.21873    0.218156    0.217696    0.217294    0.216811    0.216512    0.216177    0.215785    0.215424    0.215183    0.214853    0.214531    0.214113    0.213793    0.21347    0.213145    0.212713    0.212377    0.211936    
ND144    1.65721e-05    0.0401836    0.164808    0.303686    0.447071    0.591391    0.734593    0.876224    1.15144    1.29069    1.42796    1.5635    1.69814    1.83134    1.96327    2.09515    2.22647    2.35623    2.48672    2.61693    2.74704    2.8761    3.00607    3.13495    3.26391    3.39282    3.52169    3.65058    3.77944    3.90735    4.0362    4.16405    4.2928    4.42051    4.54823    4.67684    
ND145    0.00255439    0.130551    0.189217    0.237119    0.279106    0.316823    0.351508    0.383645    0.441827    0.468676    0.494177    0.518495    0.54169    0.564037    0.585368    0.605956    0.625701    0.644806    0.663246    0.681012    0.698185    0.714847    0.730995    0.746701    0.761859    0.77666    0.790991    0.80503    0.81868    0.832033    0.844973    0.857695    0.870184    0.882351    0.894176    0.905857    
ND146    0.00241653    0.116284    0.184617    0.25027    0.315712    0.381934    0.449244    0.517925    0.659373    0.732421    0.806864    0.882588    0.959749    1.03831    1.11795    1.19898    1.28106    1.36418    1.44844    1.53402    1.62046    1.70762    1.79563    1.88443    1.97408    2.06454    2.15581    2.24791    2.33997    2.4338    2.52747    2.62201    2.71747    2.81283    2.90995    3.00602    
PM147    0.000176508    0.058065    0.0754218    0.0743448    0.0717608    0.0691955    0.0670826    0.0654798    0.0645661    0.0635783    0.0630059    0.0627002    0.062564    0.062555    0.0626229    0.062745    0.0629036    0.0630781    0.063275    0.0634846    0.0637025    0.0639235    0.0641456    0.0643762    0.0646063    0.0648427    0.0650771    0.0653081    0.0655463    0.0657813    0.0660135    0.0662527    0.0664791    0.0667126    0.066944    0.067173    
SM147    1.29981e-07    0.00164418    0.00730178    0.0125723    0.0170688    0.0208289    0.023957    0.0265645    0.0301009    0.0318118    0.0332657    0.0345145    0.0355931    0.0365461    0.0373898    0.0381358    0.0388129    0.0394273    0.0399854    0.0404918    0.0409525    0.0413814    0.0417849    0.0421501    0.0424917    0.042818    0.0431238    0.0434181    0.043688    0.0439521    0.0441979    0.0444434    0.0446683    0.0448906    0.0451091    0.0453229    
ND148    0.00168677    0.0781932    0.118113    0.153509    0.18655    0.218135    0.248756    0.278535    0.33676    0.365331    0.393642    0.421691    0.449524    0.477097    0.504616    0.531831    0.559001    0.585986    0.612751    0.639418    0.665973    0.692324    0.718473    0.744503    0.770335    0.796164    0.821672    0.847066    0.872342    0.897418    0.922369    0.947202    0.971823    0.996226    1.02049    1.04466    
SM148    5.96163e-08    0.00607503    0.0267017    0.0488072    0.0708417    0.0925424    0.113897    0.134969    0.177407    0.198271    0.218928    0.239592    0.260165    0.280821    0.3014    0.322054    0.3428    0.363462    0.384158    0.404905    0.425692    0.446449    0.467172    0.487961    0.508722    0.529461    0.550177    0.570973    0.591752    0.612506    0.633249    0.653972    0.674685    0.695383    0.716059    0.736722    
ND150    0.00102147    0.046421    0.0703092    0.0915713    0.111478    0.130534    0.14902    0.167105    0.202359    0.219778    0.237047    0.254196    0.271277    0.288229    0.305141    0.321938    0.338629    0.355312    0.37189    0.388467    0.404938    0.421404    0.437767    0.454029    0.47028    0.486422    0.502465    0.518498    0.53442    0.550327    0.566139    0.581929    0.597611    0.613186    0.628743    0.644186    
SM150    0.000267576    0.0585585    0.0968822    0.125319    0.147978    0.166176    0.180903    0.192999    0.212575    0.219721    0.225776    0.231043    0.235656    0.239716    0.243494    0.246849    0.249945    0.252919    0.255632    0.258138    0.260602    0.262888    0.265064    0.267191    0.269258    0.271344    0.273228    0.275094    0.277029    0.27882    0.280559    0.282336    0.284047    0.285685    0.287344    0.289014    
SM152    0.00069142    0.0562042    0.0762743    0.0885994    0.0983852    0.106475    0.113267    0.119015    0.128135    0.131872    0.135121    0.137843    0.140185    0.142335    0.14417    0.145861    0.147386    0.148727    0.149947    0.151127    0.152251    0.153197    0.154243    0.155082    0.155996    0.156774    0.157607    0.158389    0.159107    0.15976    0.160439    0.16114    0.161758    0.162393    0.163038    0.163694    
EU153    0.00015924    0.021928    0.0398373    0.0524092    0.0618233    0.0691325    0.0749901    0.0797914    0.0871224    0.0900855    0.0926353    0.0948333    0.0967274    0.0983781    0.0998176    0.101098    0.102223    0.103239    0.104157    0.104992    0.105758    0.106461    0.107119    0.107739    0.108341    0.108896    0.109397    0.109937    0.110409    0.110809    0.111232    0.111674    0.11213    0.112501    0.112882    0.113271    
SM154    0.000307158    0.0140923    0.0216941    0.0285401    0.0349912    0.0411957    0.0472302    0.0531264    0.0646608    0.0703118    0.0759107    0.0814576    0.0869571    0.0923963    0.0977969    0.103154    0.108454    0.113713    0.118926    0.124093    0.129182    0.134323    0.139268    0.144299    0.149231    0.154062    0.158982    0.163703    0.16852    0.173132    0.177837    0.182442    0.186944    0.191443    0.195933    0.200323    
EU154    1.1644e-06    0.00372313    0.0110511    0.0164844    0.0204937    0.0235463    0.0259429    0.0278919    0.0307621    0.0319537    0.0329531    0.0338183    0.0345591    0.0352074    0.0357611    0.0362581    0.0366908    0.0370849    0.0374347    0.0377522    0.0380335    0.0383024    0.0385539    0.0387838    0.0389982    0.039204    0.0393972    0.0395861    0.0397575    0.0399297    0.040091    0.0402504    0.0404059    0.0405466    0.0406909    0.0408297    
GD156    7.00378e-06    0.00876471    0.0265114    0.051923    0.0853093    0.124652    0.168448    0.215684    0.3324    0.386589    0.44172    0.498172    0.555529    0.613655    0.672355    0.731573    0.791107    0.850934    0.91085    0.970903    1.03107    1.09121    1.15127    1.21141    1.27129    1.33091    1.39085    1.45051    1.50997    1.56927    1.62745    1.68648    1.74541    1.80322    1.86199    1.91958    
GD158    0.000120969    0.00794907    0.0141894    0.0213244    0.0296007    0.038872    0.0490167    0.0599661    0.0876154    0.100807    0.114596    0.129004    0.144004    0.15958    0.175754    0.192395    0.209552    0.227234    0.245446    0.264199    0.283391    0.303035    0.323138    0.343694    0.364716    0.386105    0.40796    0.430284    0.452979    0.47615    0.499701    0.523605    0.547909    0.572674    0.597737    0.623258    
