TIME    0.000626198   0.0208733   0.0459212   0.0709691   0.096017   0.121065   0.146113   0.171161   0.217082   0.24213   0.267178   0.292226   0.317273   0.342321   0.367369   0.392417   0.417465   0.442513   0.467561   0.492609   0.517657   0.542705   0.567752   0.5928   0.617848   0.642896   0.667944   0.692992   0.71804   0.743088   0.768136   0.793184   0.818231   0.843279   0.868327   0.893375   
NEUT_PROD    14.3956   10.9438   9.4649   8.74218   8.33957   8.08136   7.90437   7.78503   7.65339   7.60667   7.57681   7.54485   7.53485   7.52236   7.5148   7.5009   7.49781   7.48614   7.48451   7.47273   7.47102   7.45836   7.45535   7.44223   7.43799   7.42316   7.41812   7.40252   7.39655   7.38005   7.37365   7.3568   7.34949   7.33221   7.31483   7.30737   
NEUT_DEST    11.9399   12.0902   10.3278   10.0206   9.86109   9.76661   9.71986   9.69417   9.71011   9.72912   9.75255   9.78336   9.81607   9.84889   9.87921   9.91607   9.94498   9.97952   10.0139   10.041   10.0703   10.0907   10.1216   10.1439   10.1662   10.1891   10.2133   10.2381   10.2621   10.2787   10.2942   10.3201   10.3365   10.3537   10.3711   10.3785   
BUd    0.152706    4.31792    3.61435    3.22887    3.03233    2.91225    2.8331    2.78057    5.47068    2.70825    2.68548    2.67988    2.66995    2.66328    2.65896    2.64641    2.64453    2.64321    2.64205    2.63148    2.63063    2.62978    2.61894    2.61789    2.61677    2.6154    2.60394    2.60228    2.60061    2.58889    2.58713    2.58493    2.58288    2.57107    2.56876    2.56671    
U236    2.15044    2.12433    2.09588    2.0668    2.03709    2.00747    1.9779    1.94852    1.89084    1.86242    1.83438    1.80697    1.77973    1.75293    1.72654    1.70059    1.67483    1.64973    1.62483    1.60037    1.57612    1.55252    1.52912    1.50595    1.48342    1.46089    1.439    1.41734    1.39588    1.37487    1.35405    1.33368    1.31374    1.29379    1.27428    1.2552    
U238    983.1    980.349    977.499    974.65    971.898    969.049    966.199    963.448    957.847    955.095    952.344    949.592    946.841    944.089    941.337    938.684    935.932    933.181    930.527    927.776    925.122    922.469    919.815    917.162    914.508    911.855    909.201    906.548    903.894    901.339    898.685    896.13    893.476    890.921    888.365    885.712    
NP237    0.688641    0.634797    0.588195    0.547145    0.510923    0.478797    0.450379    0.425173    0.382683    0.364892    0.348921    0.334648    0.321796    0.310158    0.299745    0.290186    0.281506    0.273595    0.266329    0.259645    0.253494    0.247755    0.242453    0.237495    0.232829    0.228453    0.224329    0.220413    0.216717    0.213162    0.209798    0.206557    0.203449    0.200477    0.197578    0.194788    
PU238    0.712488    0.590456    0.496819    0.426879    0.373714    0.332264    0.299071    0.272076    0.230085    0.21449    0.20105    0.189476    0.179543    0.17094    0.163421    0.156861    0.151068    0.145955    0.141412    0.137325    0.133649    0.130354    0.127336    0.12458    0.122065    0.119755    0.117595    0.115584    0.113697    0.11195    0.110278    0.108703    0.107211    0.105799    0.104433    0.103143    
PU239    5.42356    4.0484    3.46268    3.2075    3.08907    3.02671    2.98975    2.96408    2.93207    2.91369    2.89889    2.8852    2.87335    2.86123    2.84969    2.83963    2.82902    2.81877    2.80882    2.80012    2.79065    2.78135    2.77223    2.76323    2.75435    2.74557    2.73687    2.72824    2.71965    2.71114    2.70365    2.69522    2.68683    2.67846    2.67013    2.66181    
PU240    3.23633    3.29486    3.11769    2.90623    2.72335    2.58057    2.47573    2.39947    2.30023    2.27224    2.24991    2.2333    2.22033    2.20927    2.2002    2.19186    2.18535    2.17909    2.17368    2.16783    2.16235    2.15809    2.15299    2.14797    2.14299    2.13803    2.13306    2.12808    2.12308    2.11806    2.11301    2.10795    2.10287    2.09777    2.09266    2.08754    
PU241    2.05055    1.57016    1.36366    1.23889    1.14468    1.07135    1.01506    0.973097    0.920101    0.902688    0.890488    0.881436    0.874533    0.869081    0.864794    0.861106    0.858057    0.85538    0.852934    0.85064    0.848485    0.846477    0.844472    0.842527    0.84062    0.838729    0.836841    0.83486    0.832967    0.831067    0.82916    0.827144    0.825219    0.823189    0.821251    0.819211    
PU242    2.3054    2.60296    2.81285    2.97037    3.09085    3.18335    3.25302    3.30656    3.37908    3.40391    3.42329    3.43831    3.45121    3.46159    3.4697    3.47641    3.4821    3.48667    3.49042    3.4932    3.49478    3.49604    3.49763    3.49709    3.49751    3.49654    3.4951    3.49366    3.49224    3.48969    3.48687    3.48338    3.4802    3.47726    3.4733    3.46924    
AM243    0.00388999    0.140197    0.269974    0.386618    0.489892    0.580529    0.659126    0.727122    0.835079    0.877353    0.913068    0.943468    0.968987    0.990775    1.00891    1.02434    1.03729    1.04818    1.05728    1.06487    1.07119    1.07664    1.08119    1.08468    1.08768    1.09018    1.09206    1.0936    1.09467    1.0955    1.09595    1.09624    1.09624    1.09611    1.09569    1.09526    
BR81    7.29382e-05    0.00436835    0.0060545    0.0075382    0.00892071    0.0102429    0.0115232    0.0127714    0.0151909    0.0163758    0.017542    0.018686    0.0198271    0.0209482    0.0220481    0.0231487    0.0242285    0.0252893    0.0263396    0.0273898    0.0284094    0.0294294    0.0304301    0.0314198    0.0323993    0.0333683    0.0343268    0.0352656    0.0362028    0.0371206    0.0380273    0.0389239    0.0398094    0.0406835    0.0415382    0.042391    
SE82    9.76066e-05    0.00560791    0.0079264    0.0100025    0.0119594    0.013852    0.0157022    0.0175261    0.0211114    0.0228942    0.0246661    0.0264329    0.0281956    0.0299548    0.0317132    0.033461    0.0352174    0.036964    0.0387096    0.0404455    0.0421902    0.0439254    0.045659    0.0473927    0.0491152    0.0508475    0.0525689    0.0542881    0.0560074    0.0577265    0.0594333    0.0611388    0.0628541    0.0645478    0.0662491    0.0679398    
KR84    0.000251676    0.0150009    0.0234385    0.0314857    0.0393339    0.0470642    0.0546947    0.0622472    0.0771788    0.0845856    0.091953    0.0993036    0.106628    0.113942    0.121235    0.128533    0.135828    0.143085    0.150339    0.157579    0.164907    0.172142    0.179367    0.186679    0.193903    0.201116    0.208415    0.215618    0.222929    0.230121    0.237317    0.244614    0.251789    0.25897    0.266242    0.273415    
KR85    5.7531e-05    0.0035431    0.0049569    0.00616966    0.00728096    0.00832464    0.00931887    0.0102737    0.012127    0.0129972    0.0138422    0.0146688    0.0154724    0.016257    0.0170316    0.0177762    0.0185121    0.0192293    0.0199376    0.0206261    0.021296    0.0219566    0.0225987    0.0232311    0.0238448    0.0244493    0.0250336    0.0256184    0.0261742    0.0267299    0.027267    0.0277934    0.0283108    0.0288184    0.0293058    0.0297934    
RB85    0.000205392    0.012742    0.018213    0.0230875    0.0277022    0.0321704    0.0365689    0.0409057    0.0494446    0.0537265    0.058003    0.062278    0.066561    0.0708393    0.0751304    0.079423    0.0837236    0.0880327    0.0923499    0.0966599    0.100992    0.105318    0.109652    0.113992    0.118332    0.12268    0.127011    0.131364    0.135713    0.140059    0.144497    0.148837    0.153167    0.157499    0.161924    0.166244    
KR86    0.000422946    0.0233535    0.0333826    0.0423539    0.0507865    0.0589045    0.0668345    0.0746226    0.0899148    0.0974977    0.105041    0.112555    0.120034    0.127509    0.134965    0.142432    0.149847    0.157247    0.164648    0.172147    0.17954    0.186836    0.194227    0.201613    0.209001    0.216279    0.22366    0.231035    0.238298    0.245567    0.252926    0.260183    0.267433    0.274674    0.281923    0.289153    
RB87    0.00051448    0.0291528    0.0416882    0.0528523    0.0633422    0.0734432    0.0832819    0.0929635    0.11195    0.121358    0.130718    0.140028    0.149267    0.158536    0.16779    0.177032    0.186278    0.195416    0.204642    0.213774    0.222907    0.232031    0.241153    0.250272    0.259282    0.268396    0.277402    0.286505    0.295501    0.304492    0.313475    0.322461    0.331329    0.340295    0.349153    0.35811    
SR88    0.000689793    0.0409713    0.0585214    0.0740904    0.0887518    0.102879    0.116678    0.130233    0.156889    0.170064    0.183278    0.196335    0.209449    0.222438    0.235517    0.248495    0.261459    0.274414    0.287371    0.300321    0.313265    0.326109    0.339056    0.35189    0.364719    0.377546    0.390356    0.403172    0.415978    0.428676    0.44147    0.454148    0.466917    0.479584    0.492235    0.504876    
SR89    0.000902588    0.0322925    0.0179791    0.014022    0.0126655    0.0120576    0.0117199    0.0115059    0.0119024    0.0113167    0.0111439    0.01108    0.0110466    0.0110154    0.010992    0.0109732    0.0109573    0.010943    0.0109295    0.0109065    0.0108934    0.0108802    0.0108667    0.0108528    0.0108288    0.0108142    0.0107993    0.0107839    0.0107681    0.0107518    0.0107253    0.0107082    0.0106906    0.0106727    0.0106446    0.0106261    
Y89    1.87659e-05    0.0196076    0.0558076    0.0792459    0.098894    0.117093    0.134565    0.151586    0.184134    0.200993    0.217375    0.233444    0.249552    0.265513    0.28135    0.29717    0.312976    0.328683    0.344368    0.360058    0.375641    0.39112    0.406588    0.422056    0.437417    0.452672    0.468009    0.483147    0.498376    0.513492    0.528502    0.543504    0.558486    0.57336    0.588129    0.602967    
SR90    0.00115361    0.0645203    0.0911561    0.114627    0.13644    0.157213    0.177273    0.196791    0.234841    0.253263    0.271422    0.289392    0.307114    0.324589    0.341858    0.359003    0.375944    0.39268    0.409215    0.425641    0.441866    0.457887    0.473709    0.48942    0.504922    0.520224    0.535419    0.550504    0.565287    0.579952    0.594506    0.608854    0.623    0.637021    0.650839    0.664541    
Y91    0.00110419    0.0507158    0.0313002    0.024545    0.0219731    0.0208048    0.0201838    0.0197998    0.0205953    0.0195684    0.0192577    0.0191365    0.0190832    0.0190531    0.0190273    0.0190106    0.0189992    0.0189908    0.0189744    0.0189685    0.0189531    0.0189471    0.018931    0.0189243    0.0189067    0.0188986    0.0188801    0.0188706    0.0188603    0.0188394    0.0188177    0.0188052    0.0187822    0.0187584    0.0187437    0.018719    
ZR91    1.73814e-05    0.0263063    0.0790922    0.115049    0.145069    0.172648    0.199023    0.224681    0.273584    0.29921    0.323946    0.348301    0.372641    0.396818    0.420955    0.444949    0.468939    0.492906    0.516767    0.540518    0.564365    0.587999    0.611722    0.635245    0.65885    0.682347    0.705735    0.729108    0.75246    0.775701    0.798931    0.822046    0.845037    0.868109    0.891063    0.913898    
ZR92    0.00149511    0.0951182    0.136129    0.17235    0.206459    0.239325    0.271487    0.30307    0.36534    0.396172    0.42694    0.457619    0.488249    0.518777    0.54931    0.5799    0.610341    0.640828    0.67131    0.701726    0.732196    0.762646    0.793026    0.823462    0.853871    0.884235    0.91461    0.945    0.975251    1.00555    1.03586    1.06616    1.09635    1.12655    1.15669    1.18691    
ZR93    0.00177713    0.123706    0.176685    0.222674    0.265702    0.306824    0.346621    0.385565    0.461413    0.498746    0.53563    0.572147    0.608343    0.644403    0.680084    0.715529    0.750765    0.785779    0.820429    0.854919    0.889218    0.92327    0.957128    0.990647    1.02408    1.05716    1.09004    1.12276    1.15519    1.1871    1.21898    1.25089    1.28273    1.31352    1.34528    1.37609    
ZR94    0.00244772    0.138911    0.197792    0.250573    0.300569    0.348993    0.39638    0.443351    0.536213    0.582579    0.628822    0.675303    0.721692    0.768129    0.814844    0.86158    0.908487    0.955499    1.00271    1.05002    1.0974    1.1449    1.19256    1.24038    1.28857    1.33671    1.38477    1.43283    1.48095    1.52987    1.57789    1.62687    1.6758    1.7246    1.77352    1.82232    
ZR95    0.00279889    0.107953    0.0699961    0.0554581    0.0493982    0.0465218    0.0449399    0.0439644    0.0455901    0.0433202    0.0425362    0.0422108    0.0420393    0.0419256    0.0418391    0.0417656    0.0416968    0.0416362    0.0415804    0.0415268    0.0414742    0.0414114    0.0413577    0.0413032    0.0412471    0.0411895    0.0411405    0.0410798    0.0410178    0.040954    0.0408883    0.0408212    0.0407524    0.040672    0.0406004    0.040518    
NB95    4.50626e-05    0.0299098    0.0406954    0.0318593    0.0270775    0.024862    0.0237301    0.0230822    0.0244526    0.0229911    0.0223033    0.0220239    0.0218979    0.0218205    0.0217674    0.0217295    0.0216911    0.0216586    0.0216296    0.021602    0.0215752    0.0215487    0.0215217    0.0214842    0.021456    0.021427    0.021397    0.0213665    0.021335    0.0213026    0.0212692    0.0212352    0.0212002    0.0211647    0.0211184    0.0210816    
MO95    8.99036e-07    0.0208213    0.113322    0.192559    0.25394    0.306117    0.353328    0.397389    0.474287    0.51602    0.554218    0.590382    0.625191    0.658863    0.691624    0.723551    0.754514    0.784549    0.813795    0.842255    0.869981    0.896932    0.923053    0.948553    0.97339    0.997484    1.02082    1.0436    1.06573    1.08718    1.10806    1.12838    1.14834    1.16692    1.18552    1.20414    
ZR96    0.00306355    0.169533    0.241782    0.306206    0.3667    0.425008    0.481667    0.537336    0.646597    0.700692    0.754433    0.807957    0.861335    0.914547    0.967632    1.02057    1.07343    1.1263    1.17892    1.23151    1.28403    1.3369    1.38916    1.44141    1.49272    1.54495    1.59715    1.64935    1.70046    1.7526    1.80367    1.85575    1.90671    1.95775    2.00863    2.05946    
MO96    2.38368e-06    0.00035286    0.00247116    0.00681507    0.0128615    0.0203031    0.0289772    0.0387873    0.0613896    0.0741907    0.0879845    0.10268    0.118249    0.134648    0.151877    0.169883    0.18859    0.208157    0.228332    0.249314    0.270808    0.29302    0.315943    0.339383    0.363441    0.388027    0.41313    0.43886    0.465102    0.491783    0.518888    0.546521    0.574675    0.603168    0.632084    0.66134    
MO97    0.00225834    0.182284    0.262683    0.331725    0.396255    0.458111    0.518129    0.576958    0.691554    0.74819    0.804205    0.859947    0.915324    0.970347    1.02519    1.07973    1.13397    1.18809    1.24198    1.29604    1.34874    1.40245    1.45516    1.50795    1.56058    1.61327    1.66488    1.71753    1.76918    1.82071    1.87128    1.92274    1.97418    2.02469    2.07506    2.12541    
MO98    0.00359237    0.198262    0.283632    0.360145    0.432224    0.501971    0.570069    0.637068    0.769427    0.835224    0.900913    0.966464    1.03196    1.09752    1.1632    1.22886    1.2947    1.3607    1.42638    1.49198    1.55858    1.62412    1.69073    1.75728    1.82381    1.89033    1.95671    2.02324    2.08959    2.15695    2.22332    2.29055    2.3568    2.42398    2.49109    2.55825    
TC99    0.00107338    0.202008    0.296602    0.365739    0.426841    0.482532    0.533719    0.581637    0.668416    0.708657    0.746714    0.782966    0.81752    0.850583    0.881949    0.912134    0.940817    0.96824    0.994402    1.01947    1.0434    1.06627    1.08809    1.10898    1.12886    1.1479    1.16564    1.18323    1.19997    1.21584    1.23085    1.24499    1.25825    1.27161    1.28407    1.29563    
MO100    0.00432669    0.238995    0.340674    0.431329    0.516402    0.598198    0.677903    0.756002    0.909231    0.985178    1.06058    1.13561    1.21056    1.28505    1.35945    1.43358    1.50747    1.58138    1.65533    1.72914    1.80296    1.87581    1.94958    2.02227    2.09507    2.16774    2.24033    2.31295    2.38551    2.45804    2.52954    2.60189    2.67326    2.74454    2.81585    2.88704    
RU100    6.34491e-07    0.00354354    0.0147368    0.0290884    0.0461235    0.0655298    0.0870926    0.110626    0.162968    0.191515    0.221526    0.252931    0.285525    0.319419    0.354326    0.390361    0.427306    0.465167    0.503839    0.543408    0.583633    0.624526    0.666083    0.708216    0.750837    0.794025    0.837528    0.881588    0.925854    0.970545    1.01561    1.06076    1.10626    1.15187    1.19772    1.24373    
RU101    0.00387781    0.211109    0.301398    0.381044    0.455177    0.525918    0.594127    0.660729    0.789733    0.853196    0.915947    0.978062    1.03966    1.101    1.16179    1.22242    1.28258    1.34293    1.40234    1.46189    1.52035    1.57894    1.63746    1.69606    1.75466    1.81223    1.86982    1.92743    1.98403    2.0416    2.09811    2.15465    2.21121    2.26673    2.32221    2.37858    
RU102    0.00405277    0.219309    0.317063    0.405163    0.488558    0.569334    0.648551    0.726841    0.881519    0.958786    1.03613    1.11358    1.19121    1.26908    1.34717    1.42598    1.50419    1.58337    1.66251    1.74159    1.82166    1.90168    1.98271    2.06266    2.14357    2.22544    2.30639    2.38821    2.46993    2.55271    2.63441    2.71801    2.80061    2.88322    2.96669    3.05013    
RU103    0.00433072    0.13616    0.0643877    0.0510888    0.0471422    0.0452934    0.0441966    0.0434768    0.044681    0.0427483    0.0424072    0.0422932    0.042246    0.0422291    0.0422333    0.0422382    0.0422557    0.0422804    0.0422991    0.0423297    0.042361    0.042382    0.0424123    0.0424414    0.0424694    0.0424959    0.0425212    0.0425449    0.0425665    0.0425965    0.0426149    0.0426321    0.042647    0.0426608    0.0426629    0.0426743    
RH103    0.000113786    0.0999035    0.223224    0.259786    0.275257    0.28257    0.285788    0.286754    0.284782    0.28546    0.284502    0.283439    0.282443    0.281703    0.281153    0.280673    0.280376    0.28021    0.280151    0.280012    0.28011    0.280092    0.280207    0.280323    0.280414    0.28056    0.280742    0.28085    0.281075    0.281212    0.281352    0.281494    0.281634    0.281671    0.281804    0.28193    
RU104    0.00416382    0.223849    0.323653    0.412287    0.495399    0.575226    0.652659    0.728446    0.876837    0.950072    1.02279    1.09509    1.16708    1.23888    1.31046    1.38169    1.45233    1.524    1.59458    1.66515    1.73574    1.80526    1.87571    1.94517    2.01563    2.08493    2.1543    2.22361    2.29286    2.36115    2.43026    2.49838    2.56648    2.63451    2.70247    2.77035    
PD104    3.24632e-07    0.00941406    0.06233    0.132739    0.209498    0.289019    0.36984    0.451111    0.611706    0.692343    0.772586    0.852432    0.931943    1.01107    1.08981    1.16843    1.24669    1.3248    1.40285    1.48075    1.55793    1.63585    1.71361    1.79124    1.86779    1.94525    2.02266    2.10001    2.17724    2.2535    2.33069    2.40779    2.48391    2.56094    2.63696    2.71381    
PD105    0.00135694    0.135224    0.197758    0.247911    0.293596    0.33638    0.376982    0.415788    0.488934    0.524243    0.558547    0.592073    0.624824    0.65681    0.688159    0.718866    0.748841    0.778289    0.807049    0.835391    0.863038    0.89026    0.916795    0.942882    0.968479    0.993548    1.0181    1.04218    1.06581    1.08896    1.11163    1.13391    1.15521    1.17741    1.19764    1.21885    
RU106    0.00327483    0.156856    0.195261    0.218357    0.232817    0.241879    0.247406    0.250599    0.26069    0.259321    0.257997    0.25664    0.25537    0.254182    0.253091    0.252134    0.251269    0.250568    0.249822    0.249248    0.248673    0.248137    0.247594    0.2471    0.246722    0.246242    0.245833    0.245381    0.244972    0.244496    0.244143    0.243708    0.243287    0.242775    0.242366    0.241859    
PD106    0.000640333    0.0771928    0.148005    0.224013    0.30382    0.386385    0.470851    0.556973    0.72469    0.81514    0.905874    0.996937    1.08834    1.18025    1.27259    1.36533    1.45849    1.55241    1.64653    1.7411    1.83536    1.93127    2.02692    2.12339    2.22054    2.31757    2.41547    2.51318    2.61179    2.71019    2.80953    2.90878    3.00889    3.10888    3.2098    3.31057    
PD107    0.00260367    0.131147    0.190174    0.241591    0.288718    0.332814    0.374665    0.414801    0.4909    0.527546    0.563313    0.598249    0.632513    0.666127    0.699068    0.731558    0.763319    0.7946    0.825371    0.855575    0.885331    0.914538    0.943189    0.971508    0.99917    1.02651    1.05329    1.07975    1.10558    1.13113    1.15624    1.18059    1.20487    1.2291    1.25241    1.27467    
PD108    0.00189911    0.0940187    0.138134    0.177188    0.213394    0.247728    0.28071    0.312653    0.374154    0.40412    0.433684    0.462785    0.491565    0.519972    0.54808    0.575951    0.60342    0.630634    0.657657    0.684329    0.710776    0.73686    0.762734    0.788258    0.81349    0.838495    0.863155    0.887515    0.911627    0.935522    0.958984    0.982217    1.00521    1.02782    1.05018    1.07229    
AG109    0.000865334    0.0554905    0.0738209    0.0866806    0.0967051    0.104882    0.111806    0.117857    0.128226    0.132952    0.137456    0.141782    0.146031    0.150163    0.154151    0.158173    0.162172    0.166033    0.169923    0.173723    0.177508    0.181167    0.184889    0.188554    0.192156    0.195782    0.199235    0.202705    0.20619    0.209581    0.212976    0.216277    0.219579    0.222779    0.22598    0.229083    
PD110    0.00056949    0.0277061    0.0411474    0.0531491    0.0643731    0.0750967    0.0854554    0.0955553    0.115228    0.124926    0.134529    0.144074    0.153586    0.16305    0.172506    0.181848    0.191278    0.200594    0.210008    0.219313    0.228615    0.237911    0.247107    0.256394    0.265576    0.27475    0.28393    0.293099    0.302262    0.311326    0.320374    0.329515    0.338557    0.347494    0.356516    0.36544    
CD110    2.0884e-06    0.00453823    0.017333    0.0329493    0.0506108    0.069812    0.0902133    0.11156    0.156461    0.179879    0.203833    0.228206    0.253128    0.278291    0.303987    0.329999    0.356337    0.383114    0.410054    0.437392    0.464995    0.492833    0.52102    0.549383    0.578068    0.606901    0.636044    0.665309    0.694785    0.724351    0.754323    0.784207    0.814377    0.844563    0.875005    0.905533    
CD111    3.45535e-05    0.0118906    0.0199013    0.0257193    0.0312824    0.0367641    0.0422772    0.0478556    0.059386    0.0654081    0.0716206    0.0780151    0.0846145    0.0914075    0.0984185    0.10562    0.113037    0.120655    0.128477    0.136509    0.144769    0.153171    0.16179    0.1706    0.17961    0.188816    0.198224    0.207723    0.217507    0.227392    0.237469    0.247726    0.258176    0.268714    0.279441    0.290355    
CD112    7.45022e-05    0.00571347    0.00931007    0.0127427    0.0162068    0.0197465    0.0233957    0.0271845    0.0351898    0.0394585    0.0439119    0.0485495    0.053403    0.0584637    0.0637462    0.0692583    0.0749911    0.0809724    0.087209    0.0936871    0.100423    0.107428    0.114707    0.122265    0.13011    0.13823    0.146682    0.155373    0.164397    0.173759    0.183353    0.193294    0.203665    0.214265    0.225207    0.236483    
CD114    8.57774e-05    0.00642901    0.00998431    0.0131219    0.0160947    0.0189663    0.0217655    0.0245297    0.0299539    0.0326532    0.0353384    0.0380399    0.0407327    0.0434319    0.0461415    0.0488576    0.0515891    0.0543335    0.0570887    0.0598593    0.0626425    0.0654538    0.0682678    0.0711053    0.0739676    0.0768445    0.0797493    0.0826671    0.0856219    0.0885898    0.0915919    0.0946108    0.0976638    0.100743    0.103859    0.106999    
SN124    5.01725e-05    0.00268678    0.00395935    0.00512737    0.00624517    0.00733333    0.00840292    0.0094598    0.0115431    0.0125764    0.013608    0.0146336    0.0156481    0.0166711    0.0176836    0.018696    0.0196976    0.0207098    0.0217111    0.0227126    0.0237037    0.024695    0.0256859    0.026676    0.0276662    0.0286464    0.0296261    0.0306052    0.0315741    0.0325429    0.0335107    0.0344779    0.0354349    0.0363916    0.0373472    0.038302    
SB125    6.20263e-05    0.00507353    0.0073316    0.00880121    0.0100511    0.0111488    0.0121254    0.0130045    0.0146845    0.0153205    0.0159134    0.0164436    0.01693    0.0173735    0.0177822    0.0181548    0.0184914    0.0188005    0.0190805    0.0193414    0.019572    0.0197904    0.0199871    0.0201612    0.0203215    0.0204678    0.0205993    0.0207256    0.0208265    0.0209213    0.0210094    0.0210909    0.0211554    0.0212123    0.0212715    0.0213128    
SN126    0.000143288    0.00830971    0.0117818    0.0149187    0.0178972    0.0207883    0.023624    0.0264275    0.0319537    0.0346964    0.0374396    0.0401669    0.0428792    0.0455896    0.048299    0.0509967    0.0536938    0.0563811    0.0590578    0.061744    0.0644095    0.0670752    0.069739    0.0723925    0.0750453    0.0776867    0.0803273    0.0829554    0.0855829    0.088209    0.0908237    0.093426    0.0960273    0.0986262    0.101213    0.103788    
I127    4.79456e-05    0.0173851    0.027602    0.0350749    0.0418801    0.0482838    0.0544036    0.0603047    0.0714974    0.0769973    0.0823686    0.0876179    0.0927547    0.0978053    0.102755    0.107623    0.1124    0.117081    0.121691    0.126246    0.130635    0.135012    0.139294    0.143484    0.147672    0.151661    0.155651    0.159632    0.163434    0.167217    0.170909    0.174497    0.178082    0.181569    0.184951    0.188341    
TE128    0.000571093    0.034936    0.0491186    0.0617796    0.0737522    0.085346    0.0967216    0.107934    0.130062    0.141073    0.152043    0.162983    0.173912    0.184727    0.195625    0.206521    0.217327    0.228124    0.239019    0.249808    0.260596    0.271283    0.282058    0.292837    0.303513    0.314179    0.324943    0.335602    0.346253    0.356894    0.36753    0.378064    0.388685    0.399201    0.409699    0.420291    
I129    0.000823754    0.0566319    0.0810727    0.0989728    0.114367    0.128164    0.140752    0.152358    0.172992    0.182401    0.191251    0.199481    0.207202    0.214517    0.221349    0.227784    0.233819    0.239552    0.24488    0.249902    0.254607    0.25909    0.263245    0.267171    0.270861    0.274406    0.277608    0.280659    0.283468    0.286209    0.2887    0.291025    0.293188    0.295181    0.297007    0.298761    
TE130    0.00187401    0.107349    0.151762    0.191401    0.228744    0.264758    0.299937    0.334453    0.402359    0.43612    0.469577    0.502964    0.536253    0.569486    0.602632    0.635574    0.668568    0.701519    0.734346    0.767205    0.799925    0.832618    0.865258    0.897834    0.930336    0.962774    0.995167    1.02747    1.0597    1.09187    1.12397    1.156    1.18805    1.21963    1.25117    1.28374    
XE130    2.96409e-06    0.00147747    0.0055928    0.0108255    0.0169589    0.0238739    0.0314837    0.0397158    0.0578421    0.0676495    0.0778734    0.0885168    0.0995098    0.110847    0.122496    0.134408    0.146592    0.158997    0.171575    0.184447    0.197413    0.210489    0.223762    0.237152    0.250666    0.264189    0.277846    0.29154    0.305362    0.319125    0.333016    0.346855    0.360743    0.374577    0.388462    0.402298    
XE131    0.000318098    0.144035    0.214016    0.24178    0.26154    0.276195    0.287232    0.295686    0.307169    0.311415    0.314903    0.317637    0.320009    0.321917    0.323634    0.32503    0.32621    0.327373    0.328327    0.329205    0.329941    0.33067    0.33136    0.331955    0.332532    0.33315    0.33359    0.334129    0.334553    0.335043    0.335387    0.335774    0.336197    0.336543    0.336914    0.3372    
XE132    0.00115688    0.241121    0.39384    0.525336    0.654902    0.784078    0.912957    1.04193    1.29972    1.42919    1.55874    1.68834    1.81801    1.94838    2.07761    2.20798    2.33758    2.46759    2.59801    2.72697    2.85752    2.9868    3.11679    3.24646    3.37498    3.50426    3.63438    3.7634    3.89213    4.02084    4.14935    4.27778    4.40607    4.53416    4.66222    4.79013    
CS133    0.000492217    0.289369    0.445822    0.540667    0.622238    0.694217    0.759068    0.818019    0.920545    0.96675    1.00967    1.04962    1.0869    1.12177    1.15437    1.1849    1.21344    1.24051    1.2651    1.28919    1.31095    1.33123    1.35096    1.36823    1.38587    1.40097    1.41642    1.43022    1.44336    1.4548    1.46651    1.47649    1.4867    1.49514    1.50377    1.51161    
XE134    0.00642145    0.358448    0.516504    0.657007    0.788755    0.915202    1.03815    1.1587    1.39476    1.51138    1.62735    1.74255    1.85726    1.97172    2.08591    2.19997    2.31399    2.42792    2.54075    2.65363    2.76646    2.87917    2.99187    3.10455    3.21617    3.3287    3.4402    3.55166    3.66203    3.77333    3.88459    3.99475    4.10484    4.21481    4.32472    4.43449    
CS134    5.20964e-07    0.0066843    0.0258863    0.0445742    0.0620188    0.0780369    0.092618    0.105909    0.130474    0.140082    0.149029    0.157347    0.165131    0.172325    0.179093    0.185481    0.191316    0.196827    0.202017    0.206803    0.211289    0.215564    0.21952    0.223172    0.226717    0.229931    0.23293    0.235796    0.238529    0.240926    0.243281    0.245487    0.247452    0.249358    0.251106    0.252793    
BA134    5.80029e-10    0.00018991    0.00180409    0.00549262    0.0111517    0.0186253    0.0277473    0.0383575    0.0615331    0.0759456    0.0913306    0.107593    0.124652    0.142472    0.160979    0.180155    0.199796    0.220083    0.240835    0.262042    0.283731    0.305707    0.328085    0.350773    0.373679    0.396923    0.420403    0.44413    0.468007    0.492063    0.516283    0.540681    0.565168    0.589756    0.614415    0.639199    
CS135    0.000242663    0.0156214    0.0285039    0.0437817    0.0632326    0.086603    0.113535    0.143661    0.212212    0.25024    0.290182    0.331821    0.374916    0.419293    0.464944    0.511594    0.559211    0.607685    0.656742    0.706336    0.756574    0.807068    0.858086    0.909154    0.960539    1.01204    1.06355    1.11507    1.16658    1.21802    1.26931    1.31992    1.37171    1.42223    1.47247    1.52252    
XE136    0.0114863    0.662373    0.950384    1.20731    1.44846    1.68007    1.90534    2.12643    2.56019    2.7743    2.98753    3.19955    3.41174    3.62242    3.8327    4.04271    4.25271    4.46249    4.67122    4.87988    5.08839    5.29694    5.50433    5.71264    5.91985    6.12609    6.33315    6.53912    6.74487    6.95061    7.15613    7.36056    7.5658    7.76992    7.97291    8.17665    
BA136    5.2635e-06    0.00317187    0.00601774    0.00795129    0.0100388    0.0123919    0.0150893    0.0181935    0.0260308    0.0306636    0.0358586    0.0416521    0.0480798    0.055169    0.0629278    0.0713827    0.0805637    0.0904423    0.10107    0.112447    0.124575    0.13747    0.151121    0.165516    0.180772    0.1968    0.213501    0.231156    0.249463    0.268616    0.28851    0.309238    0.3307    0.35299    0.376006    0.399742    
CS137    0.00576893    0.313509    0.44673    0.56436    0.673753    0.777703    0.878235    0.975992    1.16651    1.25914    1.35046    1.44076    1.52982    1.61849    1.70593    1.7924    1.87871    1.96395    2.04818    2.13149    2.2146    2.2968    2.378    2.45904    2.53913    2.61823    2.69714    2.77516    2.85213    2.92794    3.00371    3.07945    3.1532    3.22678    3.29936    3.37185    
BA137    2.44608e-06    0.00091698    0.00375763    0.00752763    0.012129    0.0175078    0.0236239    0.0304473    0.0447848    0.0536388    0.0631172    0.0732106    0.0839197    0.0952344    0.10713    0.119618    0.132669    0.146262    0.160413    0.175152    0.190362    0.206149    0.222409    0.239135    0.256446    0.274226    0.292475    0.311203    0.330404    0.34998    0.370123    0.39064    0.411637    0.432993    0.454833    0.47704    
BA138    0.00525322    0.28464    0.410233    0.522171    0.627085    0.727853    0.825842    0.921877    1.11005    1.20324    1.2958    1.38802    1.48001    1.57161    1.66353    1.75538    1.84612    1.93786    2.02854    2.12027    2.21096    2.30266    2.39339    2.48407    2.57564    2.66633    2.75685    2.84844    2.939    3.0295    3.12    3.2104    3.30183    3.39211    3.48243    3.57261    
LA139    0.00505837    0.277595    0.396767    0.500975    0.597095    0.688104    0.775267    0.859447    1.02103    1.09944    1.17617    1.25169    1.32606    1.3991    1.47144    1.54199    1.61258    1.6811    1.74958    1.81612    1.88262    1.94816    2.0126    2.07617    2.13865    2.20015    2.26067    2.32117    2.37957    2.43808    2.4954    2.55189    2.60718    2.66249    2.71685    2.77005    
BA140    0.00467737    0.0721946    0.0211121    0.0190334    0.0180026    0.0173612    0.0169351    0.0166434    0.0163007    0.016181    0.0160915    0.0160182    0.0159739    0.0159382    0.0159048    0.0158693    0.015848    0.0158198    0.0157932    0.0157773    0.0157518    0.0157263    0.0157006    0.0156846    0.0156585    0.015632    0.0156146    0.0155871    0.015559    0.0155302    0.0155104    0.0154804    0.0154496    0.0154184    0.0153865    0.0153641    
CE140    0.000131078    0.203112    0.387341    0.50425    0.61447    0.72136    0.82641    0.930481    1.14342    1.24737    1.35161    1.45626    1.56171    1.66745    1.77407    1.88147    1.9888    2.09706    2.20619    2.31627    2.42732    2.53823    2.65013    2.76199    2.87464    2.98836    3.10288    3.21738    3.33178    3.44811    3.56435    3.6805    3.7975    3.91539    4.03321    4.1519    
CE141    0.00420593    0.129914    0.0543042    0.0441783    0.0411974    0.0396504    0.0386841    0.0380295    0.0386451    0.0372005    0.0369413    0.0368272    0.0367488    0.0367029    0.0366647    0.0366335    0.0366128    0.0365982    0.0365869    0.0365677    0.0365584    0.0365491    0.0365388    0.036528    0.0365161    0.0365028    0.0364887    0.036473    0.0364557    0.0364372    0.036417    0.0364053    0.0363722    0.0363478    0.0363225    0.0362959    
PR141    0.000136334    0.127899    0.308736    0.409693    0.495848    0.575404    0.650591    0.722434    0.856992    0.92324    0.986804    1.04854    1.10883    1.1678    1.22549    1.28185    1.33722    1.39125    1.44438    1.49555    1.54675    1.59604    1.64437    1.69182    1.73916    1.78468    1.82922    1.87279    1.91534    1.95691    1.99857    2.03823    2.07787    2.11558    2.15328    2.18993    
CE142    0.00438437    0.249859    0.359324    0.455845    0.546223    0.63279    0.717125    0.799785    0.961563    1.0413    1.12064    1.19954    1.27797    1.35614    1.43402    1.51182    1.58852    1.66619    1.74285    1.82042    1.89598    1.97256    2.04908    2.12452    2.20095    2.27636    2.35175    2.42604    2.50135    2.57559    2.64973    2.72387    2.79788    2.87187    2.94486    3.01776    
ND142    1.20664e-08    0.000870471    0.00588156    0.0132531    0.022311    0.0328248    0.0446413    0.0576737    0.0868966    0.103013    0.120059    0.137955    0.156648    0.176087    0.19627    0.216979    0.238382    0.260397    0.282921    0.305955    0.329518    0.353403    0.377722    0.40238    0.427388    0.452735    0.478441    0.504295    0.530321    0.556705    0.583172    0.6098    0.636622    0.663493    0.690473    0.717544    
PR143    0.00190852    0.061199    0.017917    0.0161603    0.0153178    0.0148096    0.0144767    0.0142543    0.0141486    0.0139271    0.0138721    0.0138456    0.0138226    0.0138146    0.0138065    0.0137945    0.0137959    0.01379    0.0137949    0.0137906    0.0137864    0.0137922    0.013788    0.0137933    0.0137885    0.013793    0.0137874    0.0137813    0.0137847    0.0137775    0.0137797    0.0137714    0.0137625    0.013763    0.0137532    0.013743    
ND143    0.000110068    0.136934    0.198821    0.198687    0.194011    0.188509    0.183603    0.179565    0.175933    0.174098    0.172781    0.172209    0.172054    0.17236    0.17284    0.173651    0.174493    0.175589    0.17669    0.177854    0.179158    0.180387    0.181722    0.18316    0.184494    0.185919    0.187431    0.188836    0.190326    0.191801    0.193265    0.194813    0.196251    0.197772    0.199184    0.200685    
CE144    0.00364889    0.178067    0.209031    0.223974    0.230904    0.233555    0.233882    0.232928    0.238137    0.234296    0.231054    0.228496    0.226314    0.224533    0.223114    0.22198    0.220971    0.220164    0.219467    0.218903    0.218414    0.217856    0.217494    0.217104    0.216664    0.216262    0.215984    0.215622    0.215269    0.214826    0.214481    0.214136    0.21379    0.21334    0.212985    0.212528    
ND144    1.67348e-05    0.0448051    0.188188    0.340727    0.494031    0.645721    0.794477    0.940368    1.22144    1.36293    1.50204    1.63914    1.77511    1.90945    2.04238    2.17515    2.30729    2.43777    2.56896    2.69981    2.83053    2.96018    3.0907    3.22009    3.34959    3.47899    3.60834    3.73769    3.86701    3.99538    4.12467    4.25298    4.38216    4.51028    4.63842    4.76746    
ND145    0.00257811    0.153457    0.211819    0.259226    0.300715    0.33793    0.372108    0.403738    0.460901    0.48725    0.512255    0.536087    0.558811    0.580706    0.601596    0.621764    0.641106    0.659826    0.677897    0.695314    0.712155    0.728501    0.74435    0.759772    0.774662    0.78921    0.803303    0.817116    0.830552    0.843705    0.856456    0.869001    0.881322    0.893331    0.905009    0.91655    
ND146    0.00243801    0.136096    0.20674    0.274575    0.342088    0.410283    0.479459    0.549938    0.694716    0.769337    0.845255    0.922413    1.00095    1.08083    1.16175    1.244    1.32726    1.41152    1.49688    1.58352    1.671    1.75918    1.84815    1.9379    2.02846    2.11983    2.21198    2.3049    2.39781    2.49244    2.58691    2.68223    2.77846    2.87456    2.97238    3.06917    
PM147    0.000178026    0.0674668    0.083971    0.0795876    0.0751159    0.0714594    0.0687051    0.0667158    0.0654187    0.0643212    0.0636717    0.0633096    0.0631308    0.0630889    0.0631302    0.0632306    0.0633715    0.063531    0.0637155    0.0639143    0.0641231    0.0643363    0.0645519    0.0647768    0.065002    0.0652341    0.0654648    0.0656925    0.0659279    0.0661604    0.0663904    0.0666276    0.0668523    0.0670841    0.0673142    0.0675419    
SM147    1.31098e-07    0.00181829    0.00833951    0.0140522    0.0187274    0.022524    0.0256136    0.028145    0.031481    0.0330966    0.0344585    0.0356206    0.0366184    0.0374972    0.0382726    0.0389564    0.0395768    0.04014    0.0406514    0.041116    0.0415386    0.0419333    0.042306    0.0426433    0.0429599    0.043264    0.0435495    0.0438257    0.0440794    0.0443289    0.0445618    0.0447954    0.0450098    0.0452227    0.0454328    0.045639    
ND148    0.00170064    0.0914855    0.13188    0.167683    0.201087    0.23299    0.263893    0.293917    0.35255    0.381288    0.409744    0.437919    0.465865    0.493539    0.521143    0.548435    0.575676    0.602721    0.629538    0.656252    0.68285    0.709239    0.73542    0.761478    0.787335    0.813185    0.838712    0.864122    0.88941    0.914497    0.939456    0.964293    0.988916    1.01332    1.03759    1.06175    
SM148    6.01297e-08    0.00671024    0.0304104    0.0545694    0.0779624    0.100616    0.12268    0.144305    0.187586    0.208789    0.229742    0.25067    0.271483    0.292358    0.313136    0.333976    0.354892    0.375711    0.396555    0.41744    0.438354    0.459234    0.480074    0.500972    0.521836    0.542673    0.563485    0.584374    0.60524    0.626079    0.646904    0.667705    0.688496    0.709269    0.730018    0.750752    
ND150    0.00102865    0.0541952    0.0783438    0.0998475    0.119975    0.139228    0.157895    0.176141    0.211666    0.229199    0.246574    0.263817    0.280981    0.298012    0.314994    0.331854    0.348604    0.365341    0.381969    0.398594    0.415107    0.431613    0.448014    0.464312    0.480596    0.496768    0.512841    0.5289    0.544847    0.560777    0.576613    0.592423    0.608125    0.623719    0.639292    0.654753    
SM150    0.000269637    0.068342    0.108859    0.137454    0.159685    0.17718    0.191107    0.202387    0.220469    0.226947    0.232401    0.237127    0.241255    0.244884    0.248278    0.251294    0.254092    0.2568    0.259278    0.261576    0.263858    0.265982    0.268015    0.270017    0.271973    0.273961    0.275759    0.277548    0.279415    0.281147    0.282832    0.284562    0.286231    0.287832    0.289458    0.291097    
SM152    0.000695904    0.0660212    0.0852249    0.0962987    0.105218    0.112643    0.118884    0.124149    0.132435    0.135812    0.138735    0.14116    0.143235    0.145143    0.146761    0.148259    0.149612    0.1508    0.151883    0.152942    0.15396    0.15481    0.155773    0.156537    0.157385    0.158105    0.158887    0.159622    0.160299    0.160916    0.161563    0.162234    0.162827    0.163438    0.164062    0.164699    
EU153    0.000160233    0.0253417    0.0447702    0.0575447    0.0667464    0.0737115    0.0792044    0.0836555    0.0903619    0.0930523    0.0953545    0.0973269    0.0990163    0.100481    0.101753    0.102884    0.103875    0.10477    0.10558    0.10632    0.107001    0.107629    0.10822    0.108781    0.109331    0.109839    0.110299    0.110802    0.111242    0.111613    0.11201    0.112429    0.112864    0.113217    0.113581    0.113955    
SM154    0.000308943    0.0163891    0.0241141    0.0310685    0.0376159    0.0439055    0.0500152    0.0559774    0.0676196    0.0733135    0.0789496    0.0845295    0.0900548    0.0955162    0.100936    0.10631    0.111623    0.116892    0.12211    0.127286    0.132377    0.13752    0.142465    0.147496    0.152427    0.157255    0.162171    0.166888    0.1717    0.176306    0.181004    0.185603    0.190097    0.194589    0.19907    0.203452    
EU154    1.17163e-06    0.00416309    0.0125265    0.0182744    0.0223005    0.0252607    0.0275324    0.0293531    0.0319871    0.0330764    0.033982    0.0347615    0.0354243    0.0360022    0.036492    0.0369316    0.0373126    0.0376604    0.0379692    0.0382498    0.0384987    0.0387384    0.0389644    0.0391713    0.0393656    0.0395534    0.0397307    0.0399055    0.0400643    0.0402254    0.0403768    0.0405273    0.0406749    0.0408086    0.0409465    0.0410797    
GD156    7.04143e-06    0.00983657    0.0297861    0.0577271    0.0940806    0.136381    0.182951    0.232735    0.354425    0.410491    0.467319    0.525303    0.584034    0.643397    0.703202    0.763416    0.82383    0.88447    0.945082    1.00577    1.06651    1.12717    1.18769    1.24824    1.30849    1.36845    1.4287    1.48861    1.54832    1.60784    1.66621    1.72543    1.78452    1.84247    1.90139    1.95908    
GD158    0.000121589    0.00910788    0.0157049    0.023273    0.0320612    0.0418639    0.0525375    0.0640026    0.0927869    0.106455    0.12071    0.135571    0.151012    0.167019    0.183613    0.200666    0.218226    0.236304    0.254903    0.274039    0.293606    0.313618    0.334087    0.355001    0.376378    0.398118    0.42032    0.442986    0.466021    0.489526    0.513411    0.537646    0.562275    0.587364    0.61275    0.638588    
