TIME    6.71023e-05   0.00223674   0.00492083   0.00760493   0.010289   0.0129731   0.0156572   0.0183413   0.0232621   0.0259462   0.0286303   0.0313144   0.0339985   0.0366826   0.0393667   0.0420508   0.0447349   0.0474189   0.050103   0.0527871   0.0554712   0.0581553   0.0608394   0.0635235   0.0662076   0.0688917   0.0715758   0.0742599   0.076944   0.079628   0.0823121   0.0849962   0.0876803   0.0903644   0.0930485   0.0957326   
NEUT_PROD    14.4045   10.9508   9.47032   8.74641   8.34285   8.08387   7.90623   7.78634   7.65379   7.60668   7.57647   7.54421   7.53394   7.52122   7.51345   7.49936   7.49612   7.48431   7.48256   7.47068   7.46888   7.45615   7.45307   7.4399   7.43563   7.42076   7.41569   7.40007   7.39409   7.37757   7.37117   7.35432   7.34701   7.32974   7.31236   7.30491   
NEUT_DEST    11.9474   12.0997   10.3324   10.0241   9.86365   9.76833   9.72085   9.69448   9.70927   9.7278   9.75079   9.78121   9.81357   9.84608   9.87613   9.91275   9.94145   9.97581   10.01   10.037   10.0662   10.0864   10.1173   10.1395   10.1617   10.1846   10.2088   10.2335   10.2575   10.2741   10.2896   10.3155   10.3319   10.3491   10.3665   10.3739   
BUd    0.152884    4.32206    3.61671    3.23069    3.03374    2.91333    2.83391    2.78116    5.47109    2.70834    2.68545    2.67973    2.66971    2.66295    2.65855    2.64592    2.64399    2.64262    2.64141    2.6308    2.62992    2.62903    2.61817    2.6171    2.61596    2.61458    2.60311    2.60144    2.59977    2.58804    2.58627    2.58408    2.58203    2.57021    2.56791    2.56586    
U234    0.0112025    0.0116638    0.0121179    0.0123324    0.0123739    0.0122923    0.012115    0.0118702    0.0111485    0.0107947    0.0104269    0.0100473    0.00966506    0.00928237    0.00890402    0.00853465    0.00817509    0.00782616    0.0074901    0.00716706    0.00685837    0.00656337    0.00628135    0.00601405    0.00576056    0.00551942    0.00529081    0.00507386    0.00486851    0.00467505    0.0044916    0.00431869    0.00415459    0.00400007    0.00385375    0.00371529    
U235    0.103107    0.0699427    0.0471513    0.0320679    0.022072    0.0154394    0.0110269    0.00808823    0.00478386    0.00387585    0.00324764    0.00280619    0.00248827    0.00225243    0.0020715    0.00192754    0.00180902    0.00170788    0.00161933    0.00153999    0.00146753    0.00140065    0.00133827    0.00127994    0.0012248    0.00117289    0.0011239    0.00107766    0.00103352    0.000992107    0.000952608    0.000915461    0.000880134    0.000846944    0.000815188    0.00078533    
U236    2.1504    2.12432    2.09593    2.06693    2.0373    2.00776    1.97829    1.94899    1.89146    1.8631    1.83512    1.80777    1.78058    1.75382    1.72748    1.70155    1.67583    1.65075    1.62588    1.60144    1.57721    1.55362    1.53024    1.50707    1.48455    1.46203    1.44014    1.41848    1.39702    1.37601    1.35519    1.33482    1.31487    1.29492    1.2754    1.25631    
U237    0.00082484    0.00292029    0.00288217    0.00284233    0.00280136    0.00275963    0.00271954    0.00267913    0.00259984    0.0025611    0.00252229    0.00248343    0.0024467    0.00240993    0.00237316    0.00233852    0.00230388    0.00226924    0.00223459    0.00219993    0.00216722    0.00213449    0.00210221    0.00207057    0.00203936    0.00200858    0.00197824    0.00194853    0.00191905    0.0018902    0.00186159    0.00183361    0.00180586    0.00177875    0.00175186    0.00172539    
U238    983.084    980.333    977.483    974.634    971.882    969.033    966.183    963.432    957.831    955.079    952.328    949.577    946.825    944.074    941.322    938.669    935.917    933.165    930.512    927.76    925.107    922.454    919.8    917.147    914.493    911.84    909.186    906.533    903.879    901.324    898.67    896.115    893.462    890.906    888.351    885.697    
NP237    0.689697    0.638176    0.591145    0.549721    0.513175    0.480766    0.452103    0.426683    0.383848    0.365918    0.349826    0.335448    0.322505    0.310788    0.300307    0.29069    0.281959    0.274004    0.266699    0.259982    0.253803    0.248038    0.242715    0.237738    0.233056    0.228667    0.22453    0.220604    0.216898    0.213336    0.209964    0.206717    0.203604    0.200626    0.197723    0.19493    
NP238    0.00172035    0.0024051    0.00220583    0.0020302    0.00187551    0.00173922    0.0016182    0.00151116    0.00133117    0.00125677    0.00118998    0.00113034    0.00107674    0.00102866    0.00098548    0.000946309    0.000910672    0.00087866    0.000849082    0.000822167    0.000797577    0.000774751    0.000753703    0.000734224    0.0007159    0.000698807    0.000682886    0.0006678    0.000653594    0.000640114    0.000627257    0.000615114    0.000603393    0.000592218    0.00058153    0.000571049    
PU238    0.713278    0.591707    0.498061    0.428073    0.374835    0.333301    0.300018    0.272935    0.230778    0.21511    0.201602    0.189967    0.179979    0.171328    0.163766    0.157168    0.151342    0.1462    0.141631    0.137522    0.133826    0.130514    0.127482    0.124713    0.122186    0.119867    0.117698    0.11568    0.113786    0.112034    0.110357    0.108778    0.107282    0.105867    0.104498    0.103205    
PU239    5.42348    4.04859    3.46299    3.20784    3.08941    3.02703    2.99005    2.96435    2.93228    2.91388    2.89906    2.88534    2.87347    2.86133    2.84978    2.83971    2.82908    2.81882    2.80886    2.80015    2.79067    2.78136    2.77224    2.76324    2.75435    2.74557    2.73686    2.72823    2.71964    2.71113    2.70364    2.69521    2.68681    2.67844    2.67011    2.66179    
PU240    3.23628    3.29484    3.11774    2.90635    2.72351    2.58076    2.47593    2.39967    2.30042    2.27242    2.25008    2.23344    2.22046    2.20938    2.2003    2.19195    2.18542    2.17915    2.17373    2.16788    2.16239    2.15811    2.15301    2.14799    2.143    2.13804    2.13307    2.12808    2.12308    2.11805    2.11301    2.10795    2.10286    2.09776    2.09265    2.08753    
PU241    2.05051    1.57014    1.36366    1.23892    1.14472    1.07141    1.01513    0.973174    0.920178    0.902762    0.890556    0.881498    0.87459    0.869131    0.864838    0.861145    0.85809    0.855409    0.852958    0.850661    0.848502    0.846491    0.844483    0.842536    0.840627    0.838733    0.836845    0.834862    0.832968    0.831067    0.829159    0.827142    0.825217    0.823185    0.821248    0.819206    
PU242    2.30536    2.60291    2.81281    2.97033    3.09083    3.18334    3.25302    3.30658    3.37914    3.40399    3.42338    3.43841    3.45132    3.46171    3.46982    3.47653    3.48223    3.4868    3.49055    3.49332    3.4949    3.49616    3.49774    3.4972    3.49762    3.49663    3.4952    3.49375    3.49233    3.48976    3.48695    3.48345    3.48026    3.47732    3.47336    3.46929    
SE77    9.73726e-07    0.000134028    0.000157909    0.000162505    0.00016123    0.000157283    0.000152142    0.000146419    0.00013433    0.000128387    0.000122515    0.00011682    0.000111377    0.000106117    0.00010108    9.62595e-05    9.16626e-05    8.72853e-05    8.31178e-05    7.91549e-05    7.53969e-05    7.18309e-05    6.84464e-05    6.52354e-05    6.21878e-05    5.93073e-05    5.65771e-05    5.39887e-05    5.1543e-05    4.92202e-05    4.70201e-05    4.49422e-05    4.29744e-05    4.11082e-05    3.93325e-05    3.76644e-05    
SE78    8.15565e-06    0.000491022    0.00060552    0.000673182    0.000718968    0.000753033    0.00077999    0.000802308    0.000837844    0.000852729    0.000866331    0.000878691    0.000890223    0.000900973    0.000911104    0.000920644    0.0009297    0.0009383    0.000946496    0.000954308    0.00096183    0.000968995    0.000975816    0.000982397    0.000988735    0.000994822    0.00100066    0.00100628    0.0010117    0.00101691    0.00102193    0.00102669    0.00103132    0.0010358    0.00104002    0.00104404    
SE79    1.88874e-05    0.00106379    0.00128805    0.00141019    0.00148464    0.0015329    0.0015673    0.00159199    0.00162539    0.00163767    0.00164888    0.00165878    0.00166827    0.00167687    0.0016858    0.00169395    0.00170187    0.00170973    0.00171744    0.00172555    0.001733    0.00174016    0.00174783    0.00175467    0.00176192    0.00176841    0.00177527    0.00178134    0.0017878    0.00179342    0.00179937    0.00180511    0.00180997    0.0018151    0.00181948    0.0018241    
SE80    4.44763e-05    0.00253051    0.00305659    0.00334685    0.00352708    0.00364928    0.00374065    0.00381348    0.00392422    0.00397251    0.00401812    0.00406193    0.00410355    0.00414526    0.00418692    0.00422759    0.0042687    0.00430885    0.00435034    0.00439126    0.00443107    0.00447092    0.00451176    0.00455084    0.00458992    0.00462821    0.00466702    0.00470531    0.00474261    0.00477975    0.00481542    0.00485128    0.00488714    0.00492101    0.00495401    0.00498729    
BR81    7.29371e-05    0.00438196    0.00606831    0.0075523    0.00893516    0.0102577    0.0115384    0.0127868    0.0152069    0.0163921    0.0175584    0.0187026    0.0198438    0.020965    0.022065    0.0231657    0.0242455    0.0253063    0.0263566    0.0274068    0.0284264    0.0294464    0.030447    0.0314366    0.0324161    0.0333849    0.0343434    0.0352821    0.0362191    0.0371368    0.0380435    0.0389399    0.0398253    0.0406993    0.0415538    0.0424065    
SE82    9.76052e-05    0.0056248    0.00794379    0.0100205    0.0119782    0.0138716    0.0157225    0.0175472    0.0211338    0.0229172    0.0246897    0.026457    0.0282202    0.0299798    0.0317386    0.0334867    0.0352436    0.0369905    0.0387363    0.0404725    0.0422174    0.0439528    0.0456866    0.0474205    0.0491432    0.0508756    0.0525972    0.0543164    0.0560358    0.057755    0.059462    0.0611675    0.0628829    0.0645767    0.066278    0.0679688    
KR82    6.22494e-07    9.40664e-05    0.000151263    0.000200947    0.000247686    0.00029172    0.000333203    0.000371964    0.000441745    0.00047281    0.000501425    0.000527709    0.00055179    0.000573926    0.000594106    0.000612386    0.000629075    0.000644144    0.000657813    0.00067015    0.000681161    0.000691044    0.000699875    0.000707665    0.000714475    0.000720513    0.00072565    0.000730161    0.00073394    0.000737067    0.000739639    0.00074159    0.000743112    0.00074414    0.000744714    0.00074491    
KR83    0.00012957    0.00678125    0.00672948    0.00602627    0.00517289    0.00434405    0.00360613    0.00297871    0.00203258    0.00169744    0.00143279    0.00122628    0.001067    0.000945111    0.000852632    0.000782946    0.000730834    0.000692055    0.000663334    0.00064222    0.000626609    0.000615091    0.000606409    0.000599804    0.000594585    0.000590349    0.000586589    0.000583058    0.000579615    0.000576072    0.000572354    0.000568369    0.000564085    0.000559397    0.000554308    0.000548952    
KR84    0.000251673    0.0150447    0.0234896    0.0315433    0.0393975    0.0471333    0.0547686    0.0623257    0.0772652    0.0846756    0.0920461    0.0993997    0.106726    0.114043    0.121338    0.128639    0.135936    0.143194    0.15045    0.157691    0.165021    0.172258    0.179483    0.186796    0.194021    0.201236    0.208535    0.215739    0.223051    0.230244    0.23744    0.244737    0.251913    0.259095    0.266367    0.273541    
KR85    5.75301e-05    0.00355373    0.00496774    0.00618079    0.00729243    0.00833648    0.00933105    0.0102862    0.0121401    0.0130105    0.0138557    0.0146824    0.0154862    0.0162708    0.0170455    0.01779    0.0185259    0.0192431    0.0199513    0.0206398    0.0213096    0.0219701    0.0226121    0.0232444    0.0238579    0.0244623    0.0250464    0.0256311    0.0261868    0.0267422    0.0272792    0.0278055    0.0283226    0.0288301    0.0293173    0.0298048    
RB85    0.000205389    0.01278    0.0182529    0.0231295    0.0277466    0.0322172    0.0366182    0.0409574    0.0495007    0.0537846    0.0580631    0.0623398    0.0666245    0.0709043    0.0751969    0.0794908    0.0837928    0.088103    0.0924213    0.0967323    0.101066    0.105393    0.109727    0.114068    0.118409    0.122757    0.127089    0.131442    0.135792    0.140138    0.144577    0.148918    0.153248    0.15758    0.162006    0.166326    
KR86    0.00042294    0.0234214    0.0334534    0.0424286    0.0508655    0.058988    0.0669225    0.0747149    0.0900152    0.0976017    0.105149    0.112666    0.120148    0.127625    0.135084    0.142553    0.14997    0.157372    0.164775    0.172275    0.179669    0.186967    0.194359    0.201747    0.209135    0.216414    0.223796    0.231172    0.238436    0.245705    0.253065    0.260323    0.267573    0.274815    0.282064    0.289294    
SR86    1.27397e-08    1.11676e-05    2.93105e-05    4.49054e-05    6.09472e-05    7.74012e-05    9.42041e-05    0.000111286    0.000145987    0.000163667    0.000181406    0.000199147    0.00021701    0.000234902    0.000252885    0.000270876    0.000288967    0.000306987    0.00032516    0.00034328    0.00036135    0.000379491    0.000397651    0.000415812    0.00043398    0.000452161    0.000470362    0.000488564    0.000506696    0.000524862    0.000543014    0.000561179    0.000579343    0.000597459    0.000615495    0.00063362    
RB87    0.000514473    0.029238    0.0417772    0.0529464    0.0634418    0.0735485    0.083393    0.0930801    0.112077    0.12149    0.130854    0.140168    0.149411    0.158683    0.16794    0.177185    0.186433    0.195574    0.204802    0.213936    0.223071    0.232197    0.24132    0.25044    0.259452    0.268567    0.277575    0.286678    0.295675    0.304667    0.31365    0.322638    0.331506    0.340473    0.349331    0.358289    
SR88    0.000689783    0.0410923    0.0586482    0.0742243    0.0888937    0.103029    0.116837    0.130399    0.15707    0.170252    0.183472    0.196535    0.209654    0.222649    0.235732    0.248714    0.261682    0.27464    0.287601    0.300554    0.3135    0.326347    0.339297    0.352132    0.364963    0.377792    0.390604    0.403421    0.416228    0.428928    0.441724    0.454403    0.467173    0.47984    0.492492    0.505134    
SR89    0.000902576    0.03239    0.018002    0.0140316    0.0126731    0.012065    0.0117271    0.011513    0.0119092    0.0113228    0.0111494    0.0110852    0.0110513    0.0110198    0.010996    0.010977    0.0109607    0.0109461    0.0109324    0.0109092    0.0108959    0.0108824    0.0108687    0.0108547    0.0108305    0.0108158    0.0108007    0.0107852    0.0107693    0.0107529    0.0107263    0.0107091    0.0106915    0.0106735    0.0106453    0.0106267    
Y89    1.87656e-05    0.0196636    0.0559452    0.0794058    0.0990661    0.117275    0.134758    0.15179    0.184356    0.201225    0.217615    0.233692    0.249807    0.265774    0.281617    0.297442    0.313252    0.328964    0.344653    0.360346    0.375933    0.391415    0.406886    0.422356    0.437719    0.452976    0.468315    0.483454    0.498685    0.513802    0.528813    0.543816    0.558799    0.573673    0.588443    0.603282    
SR90    0.00115359    0.0647111    0.0913537    0.114834    0.136657    0.157442    0.177513    0.197042    0.235111    0.253541    0.271707    0.289684    0.307412    0.324892    0.342165    0.359314    0.376258    0.392997    0.409534    0.425962    0.442188    0.45821    0.474034    0.489745    0.505247    0.520549    0.535743    0.550827    0.56561    0.580273    0.594827    0.609174    0.623318    0.637337    0.651154    0.664855    
ZR90    6.39458e-08    0.000159928    0.00072836    0.00141784    0.00217688    0.00297743    0.00380685    0.0046548    0.00626372    0.00713994    0.0080202    0.00890397    0.00978942    0.0106781    0.0115675    0.0124582    0.0133503    0.0142434    0.0151378    0.0160353    0.0169278    0.0178289    0.0187242    0.0196205    0.0205222    0.0214199    0.0223224    0.0232203    0.02412    0.0250203    0.0259277    0.0268206    0.0277276    0.0286284    0.0295239    0.0304187    
Y91    0.00110417    0.0508678    0.031343    0.0245626    0.0219854    0.0208161    0.0201947    0.0198105    0.0206056    0.0195776    0.0192662    0.0191443    0.0190905    0.0190598    0.0190335    0.0190163    0.0190045    0.0189956    0.0189789    0.0189726    0.0189569    0.0189506    0.0189342    0.0189273    0.0189095    0.0189012    0.0188825    0.0188728    0.0188624    0.0188413    0.0188195    0.0188068    0.0187837    0.0187598    0.0187451    0.0187202    
ZR91    1.73811e-05    0.0263807    0.0792869    0.115281    0.145319    0.172913    0.199302    0.224973    0.273901    0.299539    0.324286    0.348651    0.373001    0.397186    0.421331    0.445332    0.469329    0.493301    0.517168    0.540924    0.564776    0.588413    0.61214    0.635667    0.659274    0.682775    0.706165    0.729541    0.752894    0.776137    0.799369    0.822485    0.845477    0.868551    0.891506    0.914342    
ZR92    0.00149509    0.0953968    0.136419    0.172653    0.206777    0.239658    0.271835    0.303433    0.36573    0.396575    0.427355    0.458044    0.488684    0.519221    0.549762    0.58036    0.610809    0.641303    0.67179    0.702212    0.732687    0.763142    0.793526    0.823967    0.854379    0.884748    0.915126    0.945518    0.975772    1.00607    1.03639    1.06669    1.09688    1.12708    1.15723    1.18745    
ZR93    0.00177711    0.124068    0.177059    0.223061    0.266103    0.30724    0.347051    0.38601    0.461882    0.499226    0.536121    0.572646    0.608851    0.644918    0.680605    0.716056    0.751296    0.786315    0.820968    0.855461    0.889762    0.923816    0.957676    0.991196    1.02463    1.05771    1.09059    1.12331    1.15574    1.18765    1.21953    1.25144    1.28327    1.31407    1.34583    1.37663    
ZR94    0.00244769    0.13932    0.198214    0.251012    0.301026    0.349469    0.396876    0.443865    0.536763    0.583146    0.629403    0.675899    0.722301    0.76875    0.815477    0.862224    0.909142    0.956164    1.00338    1.0507    1.09809    1.14559    1.19326    1.2411    1.28928    1.33743    1.3855    1.43357    1.48169    1.53062    1.57864    1.62763    1.67656    1.72537    1.77429    1.82309    
ZR95    0.00279885    0.108272    0.0700906    0.0554935    0.0494186    0.0465384    0.0449554    0.0439792    0.0456043    0.0433329    0.0425478    0.0422214    0.042049    0.0419345    0.0418473    0.0417731    0.0417036    0.0416424    0.041586    0.0415319    0.0414789    0.0414157    0.0413616    0.0413067    0.0412503    0.0411925    0.0411431    0.0410822    0.04102    0.040956    0.0408901    0.0408229    0.0407539    0.0406734    0.0406016    0.0405191    
NB95    4.50619e-05    0.0299974    0.0407754    0.0318906    0.0270918    0.0248716    0.0237385    0.0230901    0.0244603    0.022998    0.0223095    0.0220296    0.0219032    0.0218254    0.0217718    0.0217335    0.0216948    0.0216619    0.0216326    0.0216047    0.0215778    0.021551    0.0215238    0.0214861    0.0214577    0.0214286    0.0213985    0.0213678    0.0213362    0.0213037    0.0212702    0.0212361    0.021201    0.0211654    0.0211191    0.0210822    
MO95    8.99022e-07    0.0208751    0.113615    0.192966    0.254385    0.306577    0.353796    0.397863    0.47477    0.516508    0.554708    0.590873    0.625683    0.659354    0.692113    0.724038    0.754997    0.785028    0.814269    0.842724    0.870444    0.897389    0.923504    0.948997    0.973827    0.997914    1.02125    1.04402    1.06614    1.08758    1.10845    1.12877    1.14871    1.16729    1.18588    1.20449    
ZR96    0.00306351    0.170021    0.242282    0.306722    0.367233    0.425559    0.482236    0.537923    0.647216    0.701326    0.755079    0.808616    0.862006    0.915227    0.968321    1.02127    1.07414    1.12701    1.17964    1.23223    1.28476    1.33764    1.3899    1.44215    1.49347    1.5457    1.5979    1.6501    1.70122    1.75336    1.80443    1.85652    1.90748    1.95851    2.00939    2.06022    
MO96    2.38364e-06    0.000353636    0.0024774    0.00683095    0.0128885    0.0203418    0.0290278    0.0388499    0.0614766    0.07429    0.0880961    0.102804    0.118386    0.134797    0.152038    0.170056    0.188775    0.208354    0.228541    0.249534    0.27104    0.293263    0.316197    0.339648    0.363716    0.388313    0.413426    0.439166    0.465418    0.492109    0.519223    0.546865    0.575028    0.60353    0.632454    0.661719    
MO97    0.00225831    0.18281    0.263227    0.332283    0.396829    0.458701    0.518735    0.577579    0.692203    0.748852    0.804877    0.86063    0.916016    0.971047    1.0259    1.08044    1.13469    1.18881    1.2427    1.29677    1.34947    1.40319    1.4559    1.50869    1.56132    1.61402    1.66563    1.71828    1.76993    1.82146    1.87202    1.92349    1.97493    2.02544    2.07581    2.12616    
MO98    0.00359231    0.19883    0.284214    0.360745    0.432843    0.502611    0.570729    0.637747    0.770144    0.835957    0.901662    0.967228    1.03274    1.09831    1.16401    1.22967    1.29552    1.36153    1.42722    1.49283    1.55944    1.62498    1.6916    1.75816    1.8247    1.89122    1.95761    2.02414    2.09049    2.15785    2.22423    2.29146    2.35772    2.42491    2.49201    2.55918    
MO99    1.21989e-06    0.00856931    0.000123101    0.00012326    0.000118794    0.000112252    0.000105233    9.86467e-05    8.5606e-05    8.48412e-05    8.14147e-05    7.88137e-05    7.67473e-05    7.49355e-05    7.32864e-05    7.16955e-05    7.01536e-05    6.86252e-05    6.71074e-05    6.56044e-05    6.41142e-05    6.26359e-05    6.11826e-05    5.97169e-05    5.82706e-05    5.6811e-05    5.53896e-05    5.39636e-05    5.2526e-05    5.11337e-05    4.97323e-05    4.83586e-05    4.69827e-05    4.56447e-05    4.43155e-05    4.30132e-05    
TC99    0.00107337    0.202577    0.297199    0.366326    0.427423    0.483109    0.534291    0.582204    0.668971    0.709204    0.747252    0.783495    0.818039    0.851091    0.882446    0.91262    0.941291    0.968701    0.99485    1.0199    1.04383    1.06669    1.08849    1.10937    1.12923    1.14827    1.16599    1.18357    1.20029    1.21616    1.23116    1.24529    1.25854    1.27188    1.28434    1.29589    
MO100    0.00432662    0.239681    0.341373    0.432046    0.517139    0.598955    0.678681    0.7568    0.910066    0.986029    1.06145    1.13649    1.21145    1.28596    1.36036    1.4345    1.5084    1.58232    1.65628    1.73009    1.80392    1.87677    1.95055    2.02324    2.09604    2.16871    2.24131    2.31393    2.38649    2.45902    2.53052    2.60288    2.67425    2.74552    2.81684    2.88803    
RU100    6.34481e-07    0.00355275    0.0147721    0.029149    0.046209    0.0656396    0.0872265    0.110784    0.163171    0.19174    0.221773    0.253199    0.285814    0.319727    0.354654    0.390708    0.42767    0.465548    0.504237    0.543822    0.584062    0.624969    0.666541    0.708686    0.75132    0.79452    0.838035    0.882105    0.926381    0.971081    1.01616    1.06132    1.10683    1.15244    1.1983    1.24431    
RU101    0.00387775    0.211701    0.301996    0.381652    0.455798    0.526552    0.594774    0.661389    0.790415    0.853888    0.916648    0.978771    1.04038    1.10172    1.16252    1.22315    1.28332    1.34367    1.40309    1.46263    1.5211    1.57969    1.63821    1.69681    1.75541    1.81298    1.87058    1.92818    1.98478    2.04236    2.09886    2.1554    2.21196    2.26748    2.32296    2.37933    
RU102    0.00405271    0.219918    0.317686    0.405805    0.48922    0.570016    0.649253    0.727563    0.882279    0.959564    1.03692    1.11439    1.19204    1.26992    1.34802    1.42684    1.50507    1.58425    1.66341    1.7425    1.82257    1.9026    1.98365    2.0636    2.14452    2.22639    2.30735    2.38918    2.4709    2.55369    2.6354    2.719    2.80161    2.88423    2.96771    3.05115    
RU103    0.00433065    0.136559    0.0644404    0.0511017    0.0471511    0.045302    0.044205    0.043485    0.0446887    0.0427551    0.0424136    0.0422991    0.0422514    0.0422341    0.0422378    0.0422424    0.0422595    0.0422839    0.0423024    0.0423327    0.0423638    0.0423846    0.0424147    0.0424437    0.0424715    0.0424979    0.0425231    0.0425467    0.0425682    0.0425981    0.0426164    0.0426335    0.0426484    0.0426621    0.0426642    0.0426756    
RH103    0.000113784    0.100185    0.223725    0.260208    0.275593    0.282838    0.286004    0.286931    0.284905    0.285565    0.284592    0.283517    0.28251    0.281762    0.281206    0.28072    0.280418    0.280247    0.280185    0.280042    0.280138    0.280117    0.28023    0.280345    0.280434    0.280578    0.280759    0.280866    0.28109    0.281225    0.281365    0.281506    0.281645    0.281682    0.281814    0.28194    
RU104    0.00416375    0.224462    0.324276    0.412919    0.496042    0.57588    0.653324    0.729122    0.877531    0.950775    1.0235    1.09581    1.1678    1.2396    1.31119    1.38243    1.45307    1.52474    1.59532    1.6659    1.73649    1.80601    1.87646    1.94592    2.01638    2.08568    2.15505    2.22437    2.29361    2.36191    2.43101    2.49913    2.56723    2.63527    2.70322    2.77111    
PD104    3.24627e-07    0.00943742    0.0624896    0.133031    0.209896    0.289501    0.370389    0.451714    0.612391    0.693059    0.773328    0.853197    0.932728    1.01187    1.09063    1.16925    1.24753    1.32565    1.40371    1.48161    1.5588    1.63673    1.71449    1.79213    1.86868    1.94615    2.02356    2.10091    2.17815    2.25441    2.3316    2.40871    2.48483    2.56186    2.63788    2.71473    
PD105    0.00135692    0.135596    0.198141    0.248291    0.293974    0.336755    0.377356    0.416161    0.489302    0.524608    0.55891    0.592433    0.625179    0.657162    0.688507    0.719209    0.749181    0.778625    0.807379    0.835717    0.863359    0.890577    0.917107    0.943189    0.968781    0.993845    1.0184    1.04247    1.0661    1.08923    1.11191    1.13418    1.15548    1.17767    1.1979    1.2191    
RU106    0.00327477    0.157272    0.195596    0.218629    0.23304    0.242062    0.247558    0.250725    0.260782    0.2594    0.258064    0.256697    0.255419    0.254224    0.253126    0.252164    0.251296    0.250591    0.249841    0.249265    0.248688    0.248149    0.247604    0.247108    0.246729    0.246248    0.245838    0.245385    0.244976    0.244499    0.244145    0.24371    0.243288    0.242776    0.242366    0.241859    
PD106    0.000640323    0.0774006    0.148308    0.224395    0.304269    0.386892    0.471407    0.557571    0.725355    0.815835    0.906595    0.997682    1.08911    1.18104    1.27339    1.36615    1.45933    1.55326    1.64739    1.74198    1.83624    1.93217    2.02782    2.12431    2.22146    2.3185    2.41641    2.51413    2.61275    2.71115    2.8105    2.90975    3.00988    3.10987    3.21079    3.31157    
PD107    0.00260363    0.131482    0.190506    0.241921    0.289048    0.333143    0.374993    0.415129    0.491225    0.527871    0.563636    0.59857    0.632831    0.666442    0.699381    0.731868    0.763625    0.794904    0.825671    0.855871    0.885624    0.914827    0.943475    0.971789    0.999447    1.02678    1.05356    1.08002    1.10585    1.13139    1.1565    1.18084    1.20512    1.22934    1.25265    1.2749    
PD108    0.00189908    0.0942537    0.13837    0.177425    0.213634    0.247969    0.280953    0.312898    0.374402    0.404369    0.433934    0.463036    0.491815    0.520223    0.548331    0.576201    0.603669    0.630883    0.657905    0.684575    0.711021    0.737103    0.762976    0.788498    0.813728    0.838732    0.86339    0.887748    0.911858    0.93575    0.95921    0.982442    1.00543    1.02804    1.0504    1.0725    
AG109    0.00086532    0.0556334    0.0739464    0.0867906    0.0968026    0.10497    0.111885    0.11793    0.12829    0.133012    0.137512    0.141835    0.146082    0.150213    0.154198    0.158219    0.162216    0.166076    0.169965    0.173764    0.177548    0.181206    0.184927    0.188592    0.192193    0.195819    0.199271    0.20274    0.206225    0.209616    0.21301    0.21631    0.219613    0.222812    0.226013    0.229115    
PD110    0.00056948    0.0277734    0.0412152    0.0532176    0.0644425    0.075167    0.0855267    0.0956275    0.115302    0.125    0.134604    0.14415    0.153662    0.163127    0.172583    0.181925    0.191356    0.200672    0.210086    0.219391    0.228694    0.23799    0.247186    0.256473    0.265654    0.274828    0.284009    0.293178    0.302341    0.311405    0.320453    0.329593    0.338636    0.347572    0.356595    0.365518    
CD110    2.08837e-06    0.00454877    0.0173698    0.0330088    0.0506899    0.0699082    0.0903246    0.111685    0.156608    0.180036    0.204    0.22838    0.25331    0.27848    0.304182    0.3302    0.356544    0.383326    0.410271    0.437613    0.465221    0.493063    0.521254    0.54962    0.578309    0.607145    0.636292    0.665559    0.695038    0.724606    0.754581    0.784468    0.814639    0.844828    0.875272    0.905801    
CD111    3.45529e-05    0.0119185    0.0199341    0.0257524    0.0313163    0.0367991    0.0423135    0.0478934    0.0594272    0.0654511    0.0716655    0.0780619    0.0846632    0.0914581    0.098471    0.105674    0.113094    0.120714    0.128537    0.136571    0.144833    0.153237    0.161858    0.17067    0.179681    0.18889    0.198299    0.2078    0.217586    0.227472    0.237551    0.24781    0.258262    0.268801    0.27953    0.290446    
CD112    7.45009e-05    0.00572617    0.00932427    0.0127581    0.0162236    0.0197646    0.0234153    0.0272055    0.0352138    0.0394841    0.0439391    0.0485784    0.0534336    0.058496    0.0637803    0.0692943    0.075029    0.0810122    0.0872508    0.093731    0.100469    0.107476    0.114757    0.122318    0.130165    0.138287    0.146742    0.155435    0.164462    0.173826    0.183423    0.193366    0.20374    0.214343    0.225288    0.236566    
CD114    8.5776e-05    0.00644347    0.0099993    0.0131371    0.0161102    0.0189821    0.0217816    0.0245461    0.0299708    0.0326704    0.0353559    0.0380575    0.0407506    0.0434501    0.0461598    0.0488761    0.0516078    0.0543524    0.0571078    0.0598786    0.062662    0.0654734    0.0682876    0.0711253    0.0739878    0.0768649    0.0797699    0.0826879    0.0856429    0.088611    0.0916134    0.0946324    0.0976857    0.100765    0.103881    0.107022    
CD116    2.59223e-05    0.00133072    0.00169209    0.00191602    0.00206691    0.00217362    0.00225034    0.00230726    0.00238572    0.00241478    0.00243882    0.00246105    0.00248074    0.00249968    0.00251766    0.00253475    0.00255174    0.00256818    0.0025843    0.00260013    0.002616    0.0026319    0.00264727    0.00266237    0.00267718    0.00269183    0.00270675    0.00272079    0.00273474    0.00274888    0.002762    0.00277517    0.00278748    0.00280047    0.00281271    0.00282436    
SN116    7.4938e-08    0.000347607    0.00112011    0.00169641    0.00211051    0.00240791    0.00262492    0.00278568    0.00300428    0.00308217    0.00314712    0.00320355    0.00325518    0.00330257    0.00334703    0.00338993    0.00343138    0.00347194    0.00351195    0.00355168    0.00359083    0.00362962    0.00366868    0.00370735    0.003746    0.00378434    0.00382307    0.00386153    0.00390005    0.00393837    0.00397581    0.00401389    0.00405212    0.00409007    0.00412804    0.00416586    
SN117    2.24252e-05    0.00129716    0.0016301    0.00182656    0.00195521    0.00204391    0.00210711    0.00215318    0.00221393    0.00223591    0.00225413    0.00227069    0.00228549    0.00229907    0.00231168    0.00232452    0.00233625    0.00234787    0.00236007    0.00237121    0.00238244    0.00239326    0.00240451    0.00241511    0.0024261    0.0024358    0.00244633    0.00245601    0.00246569    0.00247553    0.00248447    0.00249325    0.0025023    0.00251    0.00251836    0.00252565    
SN118    2.44184e-05    0.00130346    0.0016428    0.0018517    0.00199375    0.00209486    0.00217112    0.00223021    0.0023178    0.00235294    0.0023841    0.00241383    0.00244113    0.00246827    0.00249458    0.00252024    0.00254567    0.00257091    0.00259555    0.00262055    0.00264457    0.00266913    0.00269352    0.00271818    0.00274142    0.00276546    0.00278954    0.00281243    0.00283626    0.00285896    0.00288122    0.00290362    0.0029259    0.00294798    0.00296891    0.0029899    
SN119    2.49635e-05    0.0013231    0.00166045    0.00186399    0.00199775    0.00209035    0.00215598    0.0022043    0.00226773    0.00229007    0.00230949    0.00232599    0.00234098    0.00235445    0.00236751    0.00237947    0.0023915    0.00240298    0.00241415    0.00242502    0.00243618    0.00244651    0.00245712    0.00246719    0.00247728    0.00248657    0.00249613    0.00250512    0.00251422    0.00252332    0.00253157    0.00253968    0.00254716    0.00255447    0.00256174    0.00256801    
SN120    2.54303e-05    0.00134778    0.00168904    0.00189743    0.00203726    0.00213741    0.00221185    0.00226954    0.00235474    0.00238876    0.00241948    0.00244808    0.00247514    0.00250202    0.0025272    0.00255239    0.00257675    0.00260178    0.00262625    0.00265041    0.00267361    0.00269834    0.00272196    0.0027454    0.00276879    0.00279211    0.00281531    0.00283764    0.00286004    0.00288264    0.00290506    0.00292611    0.00294823    0.00296862    0.00298964    0.00300998    
SB121    1.44624e-05    0.00138087    0.00173676    0.00191217    0.00201284    0.00207002    0.00210071    0.00211368    0.00210811    0.00209693    0.00208269    0.00206649    0.00204898    0.002031    0.00201272    0.00199399    0.00197539    0.00195707    0.00193866    0.00192025    0.00190252    0.0018844    0.0018664    0.00184897    0.00183128    0.0018141    0.00179708    0.00177969    0.00176283    0.00174522    0.00172864    0.00171147    0.00169445    0.00167714    0.00166008    0.00164294    
SN122    2.73817e-05    0.0014684    0.00182384    0.00203468    0.00217302    0.00226913    0.00233878    0.00239126    0.00246595    0.00249486    0.00252023    0.00254301    0.00256549    0.00258639    0.00260608    0.0026253    0.00264455    0.00266305    0.00268201    0.00270094    0.00271913    0.00273678    0.00275446    0.00277188    0.00278913    0.00280646    0.00282378    0.00284013    0.00285612    0.00287224    0.00288783    0.00290324    0.00291844    0.00293341    0.00294737    0.0029607    
SB123    2.43091e-05    0.00138709    0.00185532    0.00213844    0.00231557    0.0024253    0.00249511    0.00253613    0.00256968    0.00257543    0.00257575    0.00257215    0.00256707    0.00255981    0.00255172    0.00254361    0.00253514    0.00252559    0.00251607    0.00250755    0.00249792    0.00248815    0.00247859    0.00246915    0.00245889    0.00244915    0.00243927    0.00242865    0.00241859    0.0024077    0.00239677    0.00238595    0.00237438    0.00236267    0.00235115    0.00233866    
SN124    5.01717e-05    0.00269396    0.00396662    0.00513475    0.00625267    0.00734097    0.00841068    0.00946768    0.0115512    0.0125846    0.0136163    0.0146419    0.0156566    0.0166796    0.0176921    0.0187045    0.0197062    0.0207184    0.0217198    0.0227212    0.0237123    0.0247037    0.0256947    0.0266847    0.0276749    0.0286551    0.0296349    0.0306139    0.0315828    0.0325516    0.0335195    0.0344866    0.0354436    0.0364003    0.0373559    0.0383107    
SB125    6.20253e-05    0.0050885    0.00734685    0.00881544    0.0100645    0.0111612    0.0121371    0.0130155    0.0146943    0.0153297    0.015922    0.0164516    0.0169375    0.0173805    0.0177887    0.0181609    0.0184971    0.0188058    0.0190854    0.0193459    0.0195762    0.0197943    0.0199908    0.0201646    0.0203246    0.0204707    0.020602    0.0207281    0.0208288    0.0209234    0.0210114    0.0210927    0.0211571    0.0212139    0.021273    0.0213142    
TE125    4.21298e-08    9.54408e-05    0.000466781    0.000891908    0.00132377    0.00174455    0.00214687    0.0025271    0.00316349    0.00348056    0.00377679    0.00405254    0.00431013    0.00455077    0.00477518    0.00498479    0.00518161    0.00536505    0.00553773    0.00569921    0.00585161    0.00599509    0.00613047    0.00625855    0.00637878    0.00649371    0.00660107    0.00670401    0.00680109    0.00689444    0.00698303    0.007067    0.00714708    0.00722373    0.00729799    0.00736769    
SN126    0.000143286    0.0083345    0.0118069    0.0149441    0.017923    0.0208146    0.0236506    0.0264546    0.0319814    0.0347244    0.0374679    0.0401954    0.0429079    0.0456184    0.0483281    0.0510258    0.0537231    0.0564105    0.0590873    0.0617735    0.0644392    0.0671049    0.0697687    0.0724223    0.0750751    0.0777165    0.0803571    0.0829853    0.0856127    0.0882389    0.0908536    0.0934558    0.0960572    0.098656    0.101242    0.103818    
I127    4.79448e-05    0.0174377    0.0276635    0.035138    0.041944    0.0483481    0.054468    0.0603691    0.0715615    0.0770613    0.0824322    0.0876812    0.0928175    0.0978676    0.102817    0.107684    0.11246    0.11714    0.12175    0.126304    0.130693    0.135069    0.139351    0.14354    0.147727    0.151715    0.155704    0.159685    0.163485    0.167268    0.170959    0.174546    0.178131    0.181617    0.184998    0.188387    
TE128    0.000571084    0.0350429    0.0492273    0.0618903    0.073865    0.0854609    0.0968386    0.108053    0.130185    0.141197    0.152169    0.16311    0.17404    0.184856    0.195755    0.206653    0.217459    0.228257    0.239152    0.249942    0.26073    0.271418    0.282193    0.292973    0.303649    0.314314    0.325079    0.335738    0.34639    0.357031    0.367666    0.378201    0.388821    0.399338    0.409836    0.420428    
XE128    6.49e-08    9.72962e-05    0.000406577    0.000767094    0.001155    0.00155771    0.00196627    0.00237918    0.00319885    0.00360485    0.00400611    0.00440331    0.00479578    0.00518297    0.00556536    0.00594241    0.00631521    0.00668225    0.00704472    0.00740184    0.00775503    0.0081026    0.00844643    0.00878378    0.00911772    0.00944739    0.00977163    0.0100912    0.0104066    0.0107166    0.0110224    0.0113238    0.0116211    0.0119131    0.0122011    0.0124845    
I129    0.000823741    0.0568039    0.0812513    0.0991459    0.114535    0.128325    0.140908    0.152509    0.173134    0.182538    0.191382    0.199607    0.207323    0.214634    0.221461    0.227892    0.233922    0.239651    0.244974    0.249992    0.254693    0.259172    0.263323    0.267245    0.270932    0.274474    0.277672    0.28072    0.283526    0.286264    0.288753    0.291075    0.293235    0.295225    0.29705    0.298801    
TE130    0.00187398    0.107668    0.152085    0.191731    0.229081    0.265102    0.300288    0.334812    0.40273    0.436497    0.469959    0.503351    0.536644    0.569881    0.60303    0.635975    0.668972    0.701926    0.734755    0.767616    0.800337    0.833031    0.865672    0.89825    0.930753    0.963192    0.995586    1.02789    1.06012    1.09229    1.12439    1.15642    1.18847    1.22005    1.25159    1.28416    
XE130    2.96404e-06    0.00148183    0.00560747    0.0108501    0.0169932    0.0239173    0.0315359    0.0397765    0.0579184    0.0677332    0.077964    0.0886141    0.0996134    0.110956    0.122611    0.134529    0.146718    0.159127    0.17171    0.184586    0.197555    0.210635    0.223911    0.237305    0.250822    0.264347    0.278006    0.291703    0.305527    0.319291    0.333184    0.347024    0.360914    0.374749    0.388635    0.402472    
I131    7.46297e-06    0.0222831    0.0014106    0.00111709    0.000873555    0.000680884    0.000539673    0.000439865    0.000317184    0.000294294    0.00027326    0.000259354    0.000250244    0.000244196    0.000239869    0.000236529    0.000233697    0.000231102    0.000228602    0.000226108    0.000223548    0.000220875    0.000218124    0.000215268    0.000212379    0.000209363    0.000206294    0.00020315    0.000199941    0.000196636    0.000193174    0.000189614    0.000185906    0.000182072    0.000178127    0.000174106    
XE131    0.000318092    0.144453    0.214458    0.242165    0.261878    0.276494    0.287497    0.295923    0.30736    0.311588    0.315059    0.317779    0.320138    0.322033    0.32374    0.325126    0.326298    0.327453    0.3284    0.329272    0.330002    0.330726    0.331412    0.332002    0.332576    0.33319    0.333628    0.334163    0.334586    0.335073    0.335416    0.3358    0.336222    0.336567    0.336936    0.337221    
TE132    1.4169e-06    0.0113945    0.000161218    0.000160591    0.000153838    0.000144408    0.000134734    0.000125806    0.00010792    0.000107615    0.00010317    9.98162e-05    9.7134e-05    9.48367e-05    9.26997e-05    9.06461e-05    8.86261e-05    8.66224e-05    8.46395e-05    8.26699e-05    8.06884e-05    7.87237e-05    7.67708e-05    7.48205e-05    7.2876e-05    7.09442e-05    6.90133e-05    6.711e-05    6.5191e-05    6.32917e-05    6.14224e-05    5.95746e-05    5.77371e-05    5.59252e-05    5.41303e-05    5.23701e-05    
XE132    0.00115686    0.241811    0.394674    0.526256    0.655901    0.78515    0.914096    1.04313    1.30103    1.43054    1.56013    1.68977    1.81947    1.94987    2.07913    2.20952    2.33915    2.46918    2.59962    2.7286    2.85916    2.98845    3.11845    3.24814    3.37667    3.50595    3.63608    3.76512    3.89385    4.02256    4.15108    4.27951    4.4078    4.5359    4.66397    4.79188    
I133    3.36095e-09    0.00398762    8.84175e-06    1.25132e-05    1.54078e-05    1.72752e-05    1.82309e-05    1.84521e-05    1.7407e-05    1.6421e-05    1.52891e-05    1.4088e-05    1.28666e-05    1.16807e-05    1.05371e-05    9.4776e-06    8.48835e-06    7.59012e-06    6.7697e-06    6.03396e-06    5.37454e-06    4.78792e-06    4.26643e-06    3.80445e-06    3.39711e-06    3.0381e-06    2.72184e-06    2.44343e-06    2.19937e-06    1.9841e-06    1.79548e-06    1.63002e-06    1.48425e-06    1.35604e-06    1.24261e-06    1.14266e-06    
XE133    0.00297792    0.0400702    0.00472011    0.00303334    0.00210267    0.0015168    0.00113009    0.000870597    0.000566402    0.000504355    0.000452865    0.000419982    0.000398773    0.000385206    0.000376308    0.000370311    0.000366036    0.000362785    0.000360113    0.000357697    0.000355387    0.000353026    0.000350598    0.000348124    0.000345459    0.00034265    0.000339634    0.000336377    0.000332858    0.000329017    0.000324882    0.000320364    0.000315524    0.000310421    0.000304977    0.000299306    
CS133    0.000492209    0.29019    0.446735    0.541549    0.623094    0.695049    0.759879    0.818809    0.921292    0.967475    1.01037    1.0503    1.08756    1.1224    1.15498    1.18549    1.21401    1.24105    1.26562    1.28969    1.31143    1.33169    1.3514    1.36865    1.38627    1.40135    1.41678    1.43057    1.44368    1.45511    1.46681    1.47677    1.48697    1.4954    1.50402    1.51184    
XE134    0.00642135    0.359443    0.517521    0.658052    0.789833    0.916313    1.0393    1.15988    1.39599    1.51264    1.62864    1.74386    1.85859    1.97307    2.08727    2.20135    2.31538    2.42932    2.54217    2.65506    2.7679    2.88062    2.99332    3.10601    3.21763    3.33017    3.44167    3.55314    3.66351    3.77482    3.88608    3.99624    4.10634    4.21631    4.32622    4.43599    
CS134    5.20956e-07    0.00670205    0.0259481    0.0446644    0.0621269    0.0781561    0.0927435    0.106037    0.130605    0.140211    0.149156    0.15747    0.165251    0.172442    0.179206    0.185591    0.191422    0.196929    0.202115    0.206898    0.21138    0.215651    0.219603    0.223252    0.226794    0.230004    0.233    0.235862    0.238593    0.240987    0.243338    0.245542    0.247505    0.249408    0.251153    0.252838    
BA134    5.8002e-10    0.000190355    0.00180864    0.00550529    0.011175    0.0186609    0.0277961    0.0384199    0.0616211    0.0760474    0.0914459    0.107721    0.124794    0.142626    0.161145    0.180332    0.199984    0.220282    0.241044    0.26226    0.283958    0.305943    0.328329    0.351025    0.373939    0.39719    0.420676    0.44441    0.468293    0.492354    0.51658    0.540982    0.565474    0.590066    0.614729    0.639516    
CS135    0.000242659    0.0156657    0.0285652    0.0438637    0.0633413    0.0867418    0.113706    0.143865    0.212481    0.25054    0.290513    0.332181    0.375304    0.419707    0.465383    0.512057    0.559697    0.608192    0.657268    0.706881    0.757135    0.807645    0.858677    0.909759    0.961155    1.01267    1.06419    1.11571    1.16723    1.21868    1.26997    1.32059    1.37239    1.42291    1.47316    1.52321    
BA135    3.22731e-09    4.41669e-07    4.19067e-06    1.88076e-05    5.06594e-05    0.000104367    0.000183025    0.00028843    0.000577155    0.000760451    0.000970356    0.00120535    0.00146439    0.00174592    0.00204804    0.00236968    0.00270914    0.00306428    0.00343589    0.00381949    0.00421612    0.00462482    0.00504316    0.00547019    0.00590534    0.00634737    0.00679658    0.00724984    0.00770812    0.00817024    0.00863636    0.00910438    0.00957367    0.0100449    0.0105178    0.0109902    
XE136    0.0114861    0.664232    0.952281    1.20926    1.45046    1.68213    1.90746    2.12861    2.56247    2.77663    2.9899    3.20195    3.41418    3.62489    3.8352    4.04524    4.25526    4.46506    4.67381    4.88249    5.09102    5.29958    5.50698    5.71531    5.92253    6.12878    6.33585    6.54182    6.74759    6.95333    7.15885    7.36328    7.56853    7.77265    7.97565    8.17939    
BA136    5.26342e-06    0.00318259    0.00603321    0.00796791    0.0100569    0.0124119    0.0151117    0.0182188    0.0260634    0.0307005    0.0359002    0.0416989    0.0481322    0.0552276    0.0629927    0.0714545    0.0806426    0.0905287    0.101164    0.11255    0.124686    0.137589    0.151249    0.165653    0.180919    0.196956    0.213667    0.231331    0.249648    0.268811    0.288715    0.309453    0.330926    0.353226    0.376252    0.399999    
CS137    0.00576884    0.314396    0.447629    0.565276    0.67469    0.77866    0.879213    0.97699    1.16754    1.26019    1.35152    1.44183    1.5309    1.61958    1.70703    1.79351    1.87981    1.96506    2.04929    2.1326    2.2157    2.29791    2.37911    2.46015    2.54023    2.61933    2.69823    2.77625    2.85322    2.92902    3.00479    3.08052    3.15427    3.22784    3.30042    3.3729    
BA137    2.44604e-06    0.000919475    0.00376685    0.00754364    0.0121519    0.0175377    0.0236609    0.0304915    0.0448424    0.0537039    0.0631898    0.0732908    0.0840075    0.0953298    0.107233    0.119728    0.132787    0.146388    0.160546    0.175293    0.19051    0.206305    0.222572    0.239305    0.256623    0.274411    0.292667    0.311402    0.330609    0.350192    0.370342    0.390866    0.411869    0.433232    0.455079    0.477292    
BA138    0.00525314    0.285428    0.41104    0.523003    0.627944    0.728742    0.82676    0.922823    1.11105    1.20426    1.29684    1.38908    1.48109    1.57271    1.66465    1.75651    1.84726    1.93901    2.02971    2.12144    2.21214    2.30385    2.39459    2.48527    2.57686    2.66755    2.75807    2.84967    2.94024    3.03075    3.12124    3.21165    3.30308    3.39336    3.48369    3.57387    
LA139    0.0050583    0.278366    0.397548    0.50177    0.597907    0.688934    0.776115    0.860311    1.02192    1.10035    1.17708    1.25262    1.32698    1.40003    1.47237    1.54293    1.61352    1.68204    1.75051    1.81705    1.88355    1.94909    2.01352    2.07709    2.13957    2.20105    2.26157    2.32206    2.38046    2.43896    2.49627    2.55275    2.60803    2.66334    2.71769    2.77088    
BA140    0.0046773    0.0723975    0.0211161    0.019038    0.0180075    0.0173663    0.0169401    0.0166482    0.0163049    0.0161849    0.0160952    0.0160216    0.0159769    0.015941    0.0159074    0.0158716    0.0158501    0.0158217    0.0157949    0.0157788    0.0157532    0.0157276    0.0157018    0.0156856    0.0156594    0.0156329    0.0156153    0.0155878    0.0155597    0.0155308    0.0155109    0.0154809    0.0154501    0.0154188    0.0153868    0.0153644    
LA140    0.000270948    0.0087597    0.00156157    0.00104522    0.00076214    0.000582826    0.000463233    0.000381854    0.000278848    0.000262757    0.00024502    0.000232954    0.000224559    0.000218711    0.000214471    0.000211278    0.000208718    0.000206628    0.000204806    0.00020316    0.000201556    0.000200103    0.000198595    0.000197057    0.000195575    0.00019402    0.000192457    0.000190811    0.000189152    0.000187363    0.000185532    0.000183591    0.000181563    0.000179478    0.000177299    0.000175082    
CE140    0.000131076    0.20368    0.388162    0.505103    0.615359    0.722287    0.827375    0.931483    1.14449    1.24847    1.35275    1.45743    1.56291    1.66868    1.77532    1.88275    1.9901    2.09838    2.20753    2.31763    2.4287    2.53963    2.65155    2.76343    2.87609    2.98982    3.10436    3.21888    3.33329    3.44963    3.56589    3.68205    3.79906    3.91697    4.03479    4.1535    
CE141    0.00420586    0.130295    0.0543405    0.0441907    0.041209    0.0396622    0.0386958    0.0380408    0.0386557    0.03721    0.0369501    0.0368353    0.0367562    0.0367098    0.036671    0.0366392    0.0366181    0.036603    0.0365913    0.0365718    0.0365622    0.0365526    0.036542    0.036531    0.0365188    0.0365054    0.0364911    0.0364752    0.0364577    0.0364391    0.0364187    0.0364069    0.0363737    0.0363492    0.0363238    0.0362971    
PR141    0.000136332    0.128258    0.309444    0.410432    0.496598    0.576165    0.651362    0.723214    0.857788    0.924042    0.98761    1.04934    1.10964    1.1686    1.2263    1.28265    1.33802    1.39205    1.44517    1.49633    1.54752    1.59681    1.64512    1.69257    1.73991    1.78542    1.82994    1.8735    1.91605    1.9576    1.99925    2.03891    2.07853    2.11623    2.15393    2.19057    
CE142    0.00438431    0.250569    0.360056    0.456599    0.547001    0.633593    0.717953    0.800638    0.96246    1.04222    1.12157    1.20049    1.27894    1.35712    1.43501    1.51282    1.58953    1.66721    1.74388    1.82146    1.89702    1.97361    2.05013    2.12558    2.20201    2.27742    2.35282    2.42711    2.50242    2.57666    2.65081    2.72495    2.79896    2.87295    2.94594    3.01884    
ND142    1.20662e-08    0.000872628    0.00589664    0.0132828    0.0223552    0.0328834    0.0447141    0.0577607    0.0870111    0.103141    0.120201    0.13811    0.156815    0.176266    0.196461    0.217182    0.238597    0.260623    0.283157    0.306201    0.329774    0.353668    0.377996    0.402662    0.427678    0.453033    0.478747    0.504607    0.53064    0.557031    0.583503    0.610136    0.636964    0.663839    0.690824    0.717899    
CE143    4.62194e-09    0.00449893    1.26752e-05    1.6816e-05    2.00899e-05    2.22115e-05    2.33076e-05    2.35779e-05    2.24586e-05    2.13569e-05    2.01105e-05    1.87682e-05    1.74135e-05    1.60881e-05    1.48199e-05    1.36295e-05    1.25239e-05    1.15166e-05    1.06009e-05    9.76958e-06    9.02944e-06    8.37366e-06    7.78803e-06    7.26567e-06    6.8059e-06    6.40015e-06    6.04221e-06    5.72716e-06    5.44938e-06    5.20467e-06    4.98955e-06    4.79979e-06    4.63258e-06    4.48515e-06    4.35396e-06    4.23807e-06    
PR143    0.00190849    0.0613725    0.017921    0.0161648    0.0153227    0.0148146    0.0144816    0.0142591    0.0141529    0.0139311    0.0138758    0.013849    0.0138257    0.0138175    0.0138091    0.013797    0.0137982    0.0137921    0.0137968    0.0137924    0.0137881    0.0137937    0.0137894    0.0137946    0.0137897    0.0137941    0.0137884    0.0137822    0.0137856    0.0137784    0.0137805    0.0137721    0.0137632    0.0137637    0.0137538    0.0137436    
ND143    0.000110067    0.137327    0.199213    0.198957    0.194205    0.188655    0.183719    0.179661    0.176007    0.174165    0.172843    0.172267    0.172108    0.172411    0.172888    0.173697    0.174537    0.175631    0.17673    0.177893    0.179195    0.180423    0.181757    0.183194    0.184527    0.185952    0.187462    0.188867    0.190356    0.191831    0.193295    0.194842    0.19628    0.1978    0.199212    0.200713    
CE144    0.00364884    0.178566    0.209416    0.224278    0.231151    0.233759    0.234055    0.233076    0.238256    0.234401    0.231147    0.228579    0.226389    0.224601    0.223175    0.222036    0.221021    0.22021    0.219508    0.218941    0.218448    0.217887    0.217522    0.21713    0.216687    0.216283    0.216003    0.215639    0.215285    0.21484    0.214494    0.214148    0.213801    0.213349    0.212994    0.212536    
ND144    1.67345e-05    0.0449205    0.188642    0.341423    0.494907    0.646733    0.795596    0.941575    1.22278    1.36433    1.50349    1.64063    1.77664    1.91102    2.04399    2.17679    2.30895    2.43946    2.57067    2.70154    2.83227    2.96194    3.09248    3.22188    3.3514    3.48081    3.61017    3.73953    3.86886    3.99724    4.12653    4.25485    4.38404    4.51216    4.64031    4.76935    
ND145    0.00257808    0.153886    0.212236    0.259633    0.301115    0.338326    0.3725    0.404125    0.461281    0.487625    0.512624    0.536451    0.559169    0.581058    0.601941    0.622103    0.641438    0.660151    0.678215    0.695626    0.712459    0.728798    0.744641    0.760056    0.77494    0.789482    0.803569    0.817376    0.830807    0.843954    0.8567    0.869239    0.881556    0.89356    0.905234    0.916771    
ND146    0.00243797    0.136473    0.207153    0.275027    0.34258    0.410814    0.48003    0.550548    0.695399    0.770056    0.846008    0.9232    1.00177    1.08168    1.16263    1.24491    1.32819    1.41248    1.49786    1.58453    1.67203    1.76023    1.84922    1.93899    2.02957    2.12096    2.21313    2.30607    2.399    2.49364    2.58813    2.68346    2.7797    2.87582    2.97366    3.07046    
ND147    0.00178047    0.0229506    0.00380068    0.00248371    0.00174586    0.00127866    0.00096841    0.000759851    0.000505299    0.000467637    0.000427818    0.000403311    0.000388577    0.000380175    0.000375734    0.000373742    0.000373402    0.000373741    0.000374632    0.000375774    0.000376971    0.000378081    0.000379105    0.000379978    0.000380647    0.000381159    0.000381537    0.000381576    0.000381494    0.000381022    0.000380364    0.000379437    0.000378204    0.000376786    0.00037511    0.000373227    
PM147    0.000178024    0.0676576    0.0841226    0.0796797    0.0751756    0.0715015    0.0687373    0.0667424    0.0654397    0.0643403    0.0636894    0.0633261    0.0631463    0.0631033    0.0631438    0.0632434    0.0633835    0.0635423    0.0637261    0.0639243    0.0641326    0.0643453    0.0645605    0.064785    0.0650099    0.0652417    0.0654721    0.0656995    0.0659347    0.066167    0.0663968    0.0666338    0.0668584    0.0670901    0.06732    0.0675477    
SM147    1.31096e-07    0.00182284    0.00835962    0.0140799    0.018758    0.0225552    0.0256442    0.0281744    0.0315074    0.0331216    0.0344821    0.0356428    0.0366393    0.0375169    0.0382912    0.0389739    0.0395932    0.0401555    0.040666    0.0411297    0.0415515    0.0419455    0.0423174    0.0426541    0.0429701    0.0432737    0.0435586    0.0438343    0.0440876    0.0443367    0.0445692    0.0448024    0.0450165    0.0452292    0.0454389    0.0456449    
ND148    0.00170061    0.0917367    0.132136    0.167944    0.201355    0.233265    0.264176    0.294207    0.352852    0.381595    0.410055    0.438235    0.466185    0.493863    0.521469    0.548764    0.576006    0.603053    0.629872    0.656586    0.683186    0.709575    0.735757    0.761815    0.787673    0.813522    0.839049    0.864459    0.889746    0.914832    0.939791    0.964628    0.98925    1.01366    1.03792    1.06208    
PM148    1.13588e-10    0.00049696    0.000462604    0.000283871    0.000182952    0.000125347    9.15451e-05    7.08574e-05    4.86554e-05    4.21114e-05    3.69643e-05    3.29123e-05    2.96279e-05    2.69095e-05    2.46395e-05    2.27307e-05    2.11148e-05    1.97509e-05    1.85998e-05    1.76212e-05    1.67962e-05    1.6106e-05    1.55264e-05    1.50382e-05    1.46326e-05    1.42949e-05    1.40198e-05    1.37907e-05    1.36093e-05    1.34618e-05    1.33453e-05    1.3252e-05    1.31875e-05    1.31386e-05    1.31031e-05    1.30885e-05    
SM148    6.01287e-08    0.00672693    0.0304832    0.0546785    0.0780957    0.100767    0.122844    0.14448    0.18778    0.20899    0.22995    0.250885    0.271704    0.292585    0.313368    0.334212    0.355132    0.375956    0.396803    0.417692    0.438609    0.459491    0.480334    0.501234    0.522101    0.54294    0.563754    0.584645    0.605512    0.626352    0.647179    0.667981    0.688774    0.709548    0.730298    0.751032    
PM149    3.43653e-07    0.00221231    0.000195746    0.000133158    9.64638e-05    7.42504e-05    6.00866e-05    5.05021e-05    3.8394e-05    3.42294e-05    3.07463e-05    2.78553e-05    2.54154e-05    2.33451e-05    2.15722e-05    2.00532e-05    1.87596e-05    1.76438e-05    1.66845e-05    1.58665e-05    1.51591e-05    1.45474e-05    1.40296e-05    1.35761e-05    1.31943e-05    1.28598e-05    1.25698e-05    1.23198e-05    1.21104e-05    1.19244e-05    1.17623e-05    1.16295e-05    1.15116e-05    1.14084e-05    1.13124e-05    1.12374e-05    
ND150    0.00102863    0.0543422    0.0784928    0.0999993    0.12013    0.139387    0.158057    0.176306    0.211837    0.229373    0.24675    0.263995    0.281161    0.298193    0.315177    0.332037    0.348789    0.365527    0.382156    0.398781    0.415295    0.431801    0.448203    0.464501    0.480785    0.496957    0.513029    0.529089    0.545036    0.560965    0.576801    0.592611    0.608313    0.623907    0.639479    0.65494    
SM150    0.000269633    0.0685283    0.109075    0.137671    0.159894    0.177378    0.191292    0.202559    0.220618    0.227086    0.23253    0.237248    0.241368    0.244989    0.248377    0.251387    0.254178    0.256882    0.259354    0.261648    0.263926    0.266046    0.268076    0.270075    0.272028    0.274014    0.275809    0.277596    0.279461    0.281191    0.282875    0.284603    0.28627    0.287871    0.289495    0.291134    
SM151    0.000335642    0.0044445    0.00128677    0.0012155    0.00114704    0.00106879    0.000984625    0.000899271    0.000739079    0.000668473    0.000603588    0.000545366    0.000493728    0.000448134    0.000408157    0.000373207    0.000342818    0.00031638    0.000293509    0.000273677    0.000256595    0.000241828    0.000229123    0.000218149    0.000208724    0.000200648    0.000193669    0.000187653    0.000182484    0.000177979    0.000174088    0.00017066    0.000167672    0.00016503    0.000162643    0.000160528    
SM152    0.000695893    0.0662027    0.085382    0.0964325    0.105337    0.112751    0.118982    0.124239    0.132513    0.135884    0.138802    0.141222    0.143293    0.145197    0.146812    0.148306    0.149656    0.150841    0.151922    0.152978    0.153993    0.154842    0.155802    0.156565    0.157411    0.15813    0.15891    0.159645    0.160321    0.160936    0.161582    0.162252    0.162844    0.163455    0.164079    0.164715    
SM153    0.000249404    0.00167008    0.00094745    0.000890159    0.000826276    0.000760066    0.000694396    0.000631109    0.000514264    0.000464747    0.000418531    0.000376815    0.000339474    0.000306371    0.000277005    0.000251216    0.000228542    0.000208785    0.000191545    0.000176572    0.000163546    0.000152265    0.000142521    0.000134063    0.000126773    0.000120467    0.000115021    0.000110322    0.000106249    0.00010272    9.96457e-05    9.69586e-05    9.46084e-05    9.25258e-05    9.06789e-05    8.90303e-05    
EU153    0.00016023    0.0254087    0.0448594    0.0576354    0.0668322    0.073791    0.0792776    0.0837229    0.0904194    0.0931056    0.0954039    0.0973728    0.0990589    0.100521    0.10179    0.102918    0.103907    0.104799    0.105608    0.106345    0.107025    0.107652    0.108241    0.108801    0.109349    0.109856    0.110316    0.110818    0.111257    0.111627    0.112023    0.112441    0.112876    0.113228    0.113592    0.113966    
SM154    0.000308938    0.0164327    0.0241589    0.0311145    0.0376631    0.0439538    0.0500645    0.0560276    0.0676714    0.0733659    0.0790026    0.084583    0.0901086    0.0955703    0.10099    0.106364    0.111677    0.116947    0.122165    0.12734    0.132431    0.137575    0.142519    0.147549    0.152481    0.157308    0.162224    0.166941    0.171752    0.176358    0.181056    0.185655    0.190149    0.19464    0.199121    0.203502    
EU154    1.17161e-06    0.00417353    0.0125539    0.0183064    0.0223322    0.0252906    0.02756    0.0293786    0.0320087    0.0330965    0.0340006    0.0347787    0.0354403    0.036017    0.0365059    0.0369444    0.0373246    0.0376715    0.0379796    0.0382595    0.0385077    0.0387468    0.0389722    0.0391787    0.0393725    0.0395599    0.0397368    0.0399113    0.0400698    0.0402306    0.0403817    0.040532    0.0406794    0.0408128    0.0409506    0.0410836    
GD154    2.09633e-10    2.67086e-05    0.000199243    0.000483418    0.000794823    0.00108747    0.00133956    0.00154358    0.00175884    0.00183486    0.0018756    0.00188698    0.00187362    0.00184142    0.00179445    0.00173595    0.0016692    0.00159728    0.00152216    0.00144586    0.00136954    0.00129461    0.00122167    0.00115149    0.00108465    0.00102135    0.000961696    0.000905887    0.000853832    0.000805569    0.000760832    0.000719695    0.000681771    0.000646942    0.000615104    0.000585986    
EU155    0.000170295    0.00321277    0.00372723    0.00493182    0.0054062    0.00545265    0.00526758    0.00496752    0.00423223    0.0038914    0.00355561    0.00324438    0.00296058    0.00270426    0.00247549    0.00227293    0.00209397    0.00193744    0.00180092    0.00168174    0.00157828    0.00148856    0.00141085    0.00134366    0.00128541    0.00123493    0.00119112    0.0011529    0.00111958    0.0010903    0.00106452    0.0010415    0.00102103    0.00100247    0.000985602    0.000970034    
EU156    0.000115702    0.00425616    0.00391888    0.00523131    0.00578772    0.00586123    0.00567339    0.00535478    0.00450489    0.00419645    0.00383585    0.00349991    0.00319322    0.00291715    0.00267012    0.00245099    0.00225791    0.00208843    0.00194067    0.00181162    0.00169947    0.00160239    0.00151813    0.00144517    0.00138199    0.00132719    0.00127955    0.00123815    0.00120183    0.00117004    0.00114193    0.00111699    0.00109454    0.0010743    0.00105596    0.00103899    
GD156    7.04132e-06    0.00986149    0.02985    0.0578369    0.0942428    0.136594    0.183212    0.23304    0.354817    0.410915    0.467773    0.525786    0.584542    0.643927    0.703753    0.763986    0.824417    0.885072    0.945698    1.0064    1.06715    1.12782    1.18834    1.24891    1.30916    1.36913    1.42938    1.4893    1.54901    1.60854    1.66692    1.72613    1.78523    1.84317    1.9021    1.95979    
GD158    0.000121587    0.00913055    0.0157335    0.023309    0.032106    0.0419177    0.0526003    0.0640742    0.092878    0.106554    0.120818    0.135687    0.151135    0.16715    0.183751    0.200811    0.21838    0.236464    0.255071    0.274214    0.293787    0.313806    0.334281    0.355201    0.376585    0.398331    0.420539    0.443211    0.466252    0.489764    0.513654    0.537895    0.56253    0.587624    0.613016    0.638859    
TB159    1.98124e-05    0.00135393    0.00184697    0.00217327    0.00241952    0.00262113    0.00279932    0.00296806    0.00332844    0.00352242    0.00372714    0.00394386    0.00417241    0.0044133    0.00466399    0.00492522    0.00519502    0.00547348    0.00576003    0.0060523    0.00635137    0.0066548    0.00696405    0.00727621    0.00759313    0.00791286    0.00823526    0.00855985    0.0088865    0.00921548    0.00954576    0.00987637    0.0102086    0.0105413    0.0108754    0.0112098    
