REACTOR FR25
BLENDING 100
STREAMS X X 0 1 
REGIONS
0	A	922340	1.46E-006	0.0000	0.0000	0.0000
0	A	922350	1.41E-002	0.0025	0.0000	0.0000
0	A	922360	4.68E-003	0.0000	0.0000	0.0000
0	A	922370	8.95E-006	0.0000	0.0000	0.0000
0	A	922380	9.71E-001	0.9975	0.0000	0.0000
0	A	932370	4.36E-004	0.0000	0.0000	0.0000
0	A	932380	8.75E-007	0.0000	0.0000	0.0000
0	A	932390	7.92E-005	0.0000	0.0000	0.0000
0	A	942390	5.46E-003	0.0000	0.0000	0.0000
0	A	942400	1.92E-003	0.0000	0.0000	0.0000
0	A	942410	1.39E-003	0.0000	0.0000	0.0000
0	A	942420	3.52E-004	0.0000	0.0000	0.0000
0	A	952410	4.11E-005	0.0000	0.0000	0.0000
0	A	952430	5.34E-005	0.0000	0.0000	0.0000
0	A	962420	9.26E-006	0.0000	0.0000	0.0000
0	A	962440	1.13E-005	0.0000	0.0000	0.0000
1	N	240500	0.0000	0.0000	0.0000	0.0061
1	N	240520	0.0000	0.0000	0.0000	0.1194
1	N	240530	0.0000	0.0000	0.0000	0.0135
1	N	240540	0.0000	0.0000	0.0000	0.0034
1	N	260540	0.0000	0.0000	0.0000	0.0083
1	N	260560	0.0000	0.0000	0.0000	0.1301
1	N	260570	0.0000	0.0000	0.0000	0.0031
1	N	280580	0.0000	0.0000	0.0000	0.0970
1	N	280600	0.0000	0.0000	0.0000	0.0371
1	N	280620	0.0000	0.0000	0.0000	0.0053
1	N	110230	0.0000	0.0000	0.0000	0.0314
END
BATCH 3
LEAKG 0.7
FUELRES 120
testoutput
