3 72.8954

922340 0.00722265
922350 6.65652
922360 8.06166
922370 0.0154405
922380 898.927
932370 1.30743
932380 0.00291486
942380 0.632263
942390 5.30836
942400 2.14584
942410 2.0195
340770 0.00132715
340780 0.00319486
340790 0.00775628
340800 0.0187109
350810 0.0292757
340820 0.071388
360820 0.00238951
360830 0.0717961
360840 0.258366
360850 0.034222
370850 0.214577
360860 0.408186
380860 0.00133839
370870 0.523704
380880 0.753213
380890 0.00960666
390890 0.961642
380900 1.09685
400900 0.0831606
390910 0.0297603
400910 1.23393
400920 1.37458
400930 1.51899
400940 1.61035
400950 0.0518599
410950 0.0274587
420950 1.45418
400960 1.70557
420960 0.157112
420970 1.68209
420980 1.77321
420990 0.000767403
430990 1.46832
421000 1.98302
441000 0.385522
441010 1.5967
441020 1.69837
441030 0.039551
451030 0.656906
441040 1.15002
461040 0.754541
461050 0.788037
441060 0.197089
461060 0.593012
461070 0.467056
461080 0.321794
471090 0.137914
461100 0.107247
481100 0.118244
481110 0.0596126
481120 0.0354676
481140 0.0446464
481160 0.00376799
501160 0.00336698
501170 0.00369802
501180 0.00415072
501190 0.00396134
501200 0.00415864
511210 0.00371821
501220 0.00465692
511230 0.00496291
501240 0.0243289
511250 0.0196267
521250 0.00522997
501260 0.054796
531270 0.105464
521280 0.22771
541280 0.00477916
531290 0.354842
521300 0.745134
541300 0.0225469
531310 0.00139783
541310 0.669043
521320 0.000840541
541320 2.52768
531330 0.000352116
541330 0.00215347
551330 2.08225
541340 3.15091
551340 0.314628
561340 0.264034
551350 0.82233
561350 0.00248038
541360 4.88983
561360 0.0606554
551370 2.45778
561370 0.180789
561380 2.74477
571390 2.58828
561400 0.0180561
571400 0.000770449
581400 2.6646
581410 0.0421879
591410 2.30523
581420 2.40996
601420 0.101041
581430 0.000530284
591430 0.016379
601430 1.28993
581440 0.313427
601440 2.87408
601450 1.31386
601460 1.60884
601470 0.00179027
611470 0.134003
621470 0.140168
601480 0.78202
611480 0.000547142
611481 0.000516429
621480 0.484841
611490 0.000357735
621490 0.000763179
601500 0.373241
621500 0.603515
621510 0.0222135
621520 0.210344
631530 0.238379
621540 0.0795459
631540 0.104635
641540 0.00969044
631550 0.0385789
631560 0.00321512
641560 0.257351
641580 0.0526591
932390 0.077929
942420 1.2813
952410 0.105982
952430 0.410152
962420 0.0344806
962440 0.209792
