REACTOR PWRMOX
BLENDING 70
STREAMS X X 1
REGIONS
0 A 922350 0 0.0025 0
0 A 922380 0 0.9475 0
0 A 942390 0.6 0 0
0 A 942400 0.21 0 0
0 A 942410 0.15 0 0
0 A 942420 0.03 0 0
1 N 10010 0 0 0.0076
1 N 10020 0 0 2.27E-006
1 N 50100 0 0 8.7367E-006
1 N 50110 0 0 3.8927E-005
1 N 80160 0 0 0.118
1 N 80170 0 0 0.000047
1 N 80180 0 0 0.00026
1 N 400900 0 0 0.1255
1 N 400910 0 0 0.0243940245
1 N 400920 0 0 0.0426
1 N 400940 0 0 0.0442
1 N 400960 0 0 0.00727
1 N 501120 0 0 4.508E-005
1 N 501140 0 0 3.123E-005
1 N 501150 0 0 1.623E-005
1 N 501160 0 0 0.0007
1 N 501170 0 0 0.00037
1 N 501180 0 0 0.00118
1 N 501190 0 0 0.000424
1 N 501200 0 0 0.0016
1 N 501220 0 0 0.0002344
1 N 501240 0 0 0.0002987
END
BATCH 3
LEAKG 0.98
FUELRES 120
testoutput
