TIME    3   100   220   340   460   580   700   820   1040   1160   1280   1400   1520   1640   1760   1880   2000   2120   2240   2360   2480   2600   2720   2840   2960   3080   3200   3320   3440   3560   3680   3800   3920   4040   4160   4280   
NEUT_PROD    289   250   216   186   160   138   119   103   76.9   66.5   57.5   49.8   43.2   37.6   32.7   28.6   25.1   22   19.4   17.2   15.4   13.8   12.4   11.3   10.3   9.53   8.84   8.27   7.79   7.39   7.06   6.79   6.56   6.37   6.21   6.08   
NEUT_DEST    152   136   121   108   95.9   85.6   76.6   68.8   56.2   51.1   46.6   42.8   39.4   36.5   34   31.8   29.9   28.3   26.9   25.6   24.5   23.6   22.8   22   21.4   20.8   20.3   19.9   19.5   19.2   18.8   18.6   18.3   18.1   17.8   17.6   
BUd    3.48    105    93.2    80.4    69.3    59.8    51.6    44.5    71.7    28.7    24.8    21.5    18.6    16.1    14    12.2    10.7    9.34    8.21    7.24    6.42    5.71    5.12    4.61    4.18    3.82    3.51    3.25    3.03    2.85    2.7    2.57    2.46    2.37    2.29    2.23    
U234    0.0002081    0.006305    0.01148    0.01581    0.01961    0.02319    0.02685    0.03085    0.04008    0.04647    0.05395    0.06263    0.07256    0.0838    0.09633    0.1102    0.1252    0.1415    0.1589    0.1773    0.1967    0.217    0.238    0.2596    0.2818    0.3044    0.3273    0.3504    0.3736    0.3968    0.4199    0.4429    0.4656    0.4879    0.5099    0.5313    
U235    995.6    862.3    743.5    641.1    552.8    476.7    411    354.4    263.5    227.2    195.9    168.9    145.7    125.6    108.3    93.41    80.55    69.46    59.9    51.66    44.55    38.43    33.15    28.59    24.67    21.29    18.37    15.86    13.69    11.82    10.21    8.829    7.635    6.606    5.72    4.958    
U236    0.8148    25.05    46.15    63.85    78.64    90.93    101.1    109.3    121.4    125.6    128.8    131.1    132.8    133.8    134.3    134.3    134    133.3    132.4    131.3    130    128.5    126.9    125.2    123.5    121.6    119.7    117.8    115.9    113.9    112    110    108    106.1    104.1    102.2    
U237    0.000217    0.04735    0.08732    0.1209    0.1489    0.1722    0.1914    0.2071    0.2299    0.2378    0.2439    0.2484    0.2514    0.2534    0.2543    0.2544    0.2537    0.2525    0.2508    0.2487    0.2462    0.2434    0.2404    0.2372    0.2338    0.2304    0.2268    0.2232    0.2195    0.2158    0.2121    0.2083    0.2046    0.2009    0.1972    0.1936    
U238    2.563e-007    0.002525    0.009646    0.02061    0.03478    0.05161    0.07063    0.09143    0.1392    0.1634    0.1884    0.2138    0.2395    0.2655    0.2915    0.3175    0.3434    0.3692    0.3947    0.42    0.4449    0.4695    0.4938    0.5176    0.541    0.5641    0.5866    0.6088    0.6305    0.6518    0.6726    0.6929    0.7129    0.7323    0.7514    0.77    
NP237    2.284e-005    0.2191    0.8517    1.795    2.966    4.294    5.724    7.21    10.21    11.67    13.09    14.44    15.72    16.92    18.03    19.07    20.01    20.87    21.65    22.34    22.96    23.5    23.96    24.36    24.7    24.97    25.19    25.35    25.47    25.54    25.56    25.55    25.51    25.43    25.32    25.18    
NP238    1.204e-008    0.0005508    0.002143    0.00452    0.007468    0.01081    0.01442    0.01816    0.02571    0.02941    0.03298    0.03638    0.03961    0.04263    0.04545    0.04805    0.05043    0.0526    0.05456    0.0563    0.05786    0.05922    0.06039    0.0614    0.06224    0.06293    0.06348    0.0639    0.06419    0.06436    0.06443    0.0644    0.06428    0.06408    0.06381    0.06347    
PU238    2.464e-009    0.005812    0.04666    0.1473    0.323    0.5814    0.9248    1.351    2.43    3.068    3.758    4.493    5.262    6.056    6.866    7.685    8.504    9.317    10.12    10.9    11.66    12.4    13.1    13.78    14.42    15.02    15.59    16.12    16.61    17.06    17.47    17.85    18.19    18.49    18.75    18.99    
PU239    2.316e-012    0.0001318    0.001936    0.008516    0.0233    0.04934    0.08892    0.1435    0.3    0.4011    0.5164    0.6444    0.7835    0.932    1.088    1.25    1.416    1.585    1.754    1.923    2.09    2.254    2.414    2.569    2.718    2.862    2.998    3.127    3.249    3.362    3.468    3.566    3.656    3.739    3.813    3.88    
PU240    3.094e-015    4.023e-006    0.0001141    0.0007365    0.00263    0.006808    0.0144    0.02652    0.06816    0.09899    0.137    0.1823    0.2348    0.2941    0.3597    0.431    0.5073    0.5879    0.672    0.7588    0.8474    0.9372    1.027    1.117    1.206    1.294    1.379    1.462    1.542    1.619    1.693    1.763    1.829    1.891    1.949    2.003    
PU241    3.692e-018    1.784e-007    9.554e-006    8.972e-005    0.0004134    0.001294    0.003178    0.006608    0.02049    0.03201    0.04724    0.06648    0.08997    0.1178    0.1499    0.1861    0.2262    0.2699    0.3168    0.3665    0.4185    0.4723    0.5275    0.5836    0.6401    0.6967    0.7529    0.8083    0.8627    0.9157    0.967    1.017    1.064    1.109    1.152    1.193    
PU242    1.436e-021    2.657e-009    2.813e-007    4.045e-006    2.528e-005    0.0001005    0.0003005    0.0007391    0.003021    0.005313    0.008727    0.01355    0.02008    0.0286    0.03937    0.05263    0.06858    0.08738    0.1091    0.1339    0.1617    0.1924    0.2261    0.2626    0.3017    0.3433    0.3871    0.4329    0.4805    0.5296    0.5799    0.6312    0.6832    0.7356    0.7882    0.8407    
GE76    5.38e-005    0.00167    0.003111    0.004352    0.005423    0.006345    0.007141    0.007827    0.008929    0.009369    0.009749    0.01008    0.01036    0.01061    0.01082    0.011    0.01116    0.0113    0.01142    0.01153    0.01162    0.0117    0.01177    0.01183    0.01189    0.01194    0.01198    0.01202    0.01206    0.01209    0.01212    0.01215    0.01217    0.0122    0.01222    0.01224    
SE77    4.73e-005    0.003663    0.00687    0.009595    0.0119    0.01385    0.0155    0.01688    0.01898    0.01977    0.02041    0.02094    0.02135    0.02167    0.02192    0.0221    0.02223    0.0223    0.02234    0.02234    0.02231    0.02226    0.02218    0.02209    0.02198    0.02187    0.02174    0.0216    0.02146    0.02131    0.02116    0.02101    0.02085    0.02069    0.02053    0.02037    
SE78    0.0002347    0.007751    0.01448    0.02033    0.0254    0.02982    0.03366    0.03701    0.04249    0.04473    0.0467    0.04844    0.04998    0.05134    0.05255    0.05363    0.05461    0.05549    0.05628    0.05701    0.05768    0.05829    0.05886    0.0594    0.05989    0.06037    0.06081    0.06124    0.06165    0.06204    0.06241    0.06278    0.06314    0.06348    0.06382    0.06415    
SE79    0.0006434    0.02006    0.03735    0.05224    0.06508    0.07614    0.08566    0.09387    0.107    0.1123    0.1168    0.1207    0.1241    0.127    0.1295    0.1317    0.1335    0.1352    0.1366    0.1378    0.1389    0.1398    0.1407    0.1414    0.142    0.1426    0.1431    0.1436    0.144    0.1444    0.1447    0.145    0.1453    0.1456    0.1459    0.1461    
SE80    0.001553    0.04824    0.08985    0.1257    0.1567    0.1834    0.2065    0.2264    0.2584    0.2712    0.2823    0.2918    0.3002    0.3074    0.3136    0.3191    0.3238    0.328    0.3316    0.3348    0.3376    0.3401    0.3423    0.3443    0.3461    0.3477    0.3492    0.3505    0.3518    0.3529    0.354    0.355    0.356    0.3569    0.3578    0.3586    
BR81    0.002649    0.08249    0.153    0.2131    0.2644    0.3079    0.3449    0.3761    0.4246    0.4431    0.4585    0.4712    0.4817    0.4901    0.4969    0.5022    0.5062    0.5092    0.5113    0.5127    0.5133    0.5134    0.5131    0.5123    0.5112    0.5098    0.5081    0.5063    0.5043    0.5021    0.4998    0.4975    0.495    0.4926    0.49    0.4874    
SE82    0.004208    0.1307    0.2434    0.3405    0.4244    0.4966    0.559    0.6128    0.6992    0.7338    0.7637    0.7895    0.8119    0.8312    0.8479    0.8625    0.8751    0.8861    0.8957    0.904    0.9113    0.9177    0.9234    0.9284    0.9328    0.9367    0.9403    0.9435    0.9464    0.9491    0.9515    0.9538    0.9559    0.9578    0.9597    0.9615    
KR82    9.033e-007    0.0003864    0.001374    0.002855    0.004738    0.006946    0.009413    0.01208    0.01784    0.02086    0.02393    0.02702    0.03011    0.0332    0.03626    0.03927    0.04225    0.04516    0.04802    0.0508    0.05352    0.05617    0.05874    0.06123    0.06364    0.06598    0.06824    0.07042    0.07252    0.07455    0.0765    0.07838    0.08019    0.08193    0.08359    0.08519    
KR83    0.006284    0.2076    0.3759    0.5106    0.6168    0.699    0.761    0.8061    0.8565    0.8661    0.8679    0.8631    0.8532    0.839    0.8217    0.8018    0.78    0.7569    0.7328    0.7082    0.6832    0.6583    0.6335    0.6091    0.5852    0.5619    0.5393    0.5174    0.4962    0.4758    0.4563    0.4375    0.4196    0.4025    0.3861    0.3706    
KR84    0.01322    0.4208    0.7948    1.128    1.425    1.691    1.929    2.143    2.509    2.665    2.808    2.937    3.054    3.161    3.259    3.349    3.432    3.508    3.578    3.643    3.703    3.759    3.811    3.859    3.905    3.947    3.987    4.024    4.06    4.093    4.124    4.154    4.182    4.209    4.234    4.259    
KR85    0.003231    0.109    0.2011    0.2784    0.343    0.3966    0.4409    0.4771    0.5317    0.5501    0.5643    0.5747    0.5821    0.5869    0.5894    0.59    0.5891    0.5868    0.5834    0.5791    0.574    0.5682    0.5619    0.5553    0.5483    0.5411    0.5337    0.5262    0.5186    0.511    0.5034    0.4958    0.4882    0.4807    0.4732    0.4658    
RB85    0.01197    0.4087    0.7642    1.073    1.341    1.574    1.777    1.954    2.242    2.36    2.464    2.555    2.636    2.707    2.77    2.826    2.877    2.922    2.962    2.999    3.031    3.061    3.089    3.114    3.137    3.159    3.179    3.198    3.216    3.232    3.248    3.263    3.278    3.292    3.305    3.318    
KR86    0.02671    0.8295    1.545    2.162    2.694    3.153    3.549    3.89    4.439    4.659    4.849    5.013    5.154    5.277    5.383    5.475    5.555    5.624    5.684    5.737    5.782    5.822    5.857    5.887    5.914    5.938    5.959    5.978    5.995    6.01    6.024    6.036    6.048    6.058    6.068    6.078    
SR86    6.149e-008    0.0001162    0.0005018    0.001131    0.001973    0.002998    0.004182    0.005504    0.008507    0.01016    0.01187    0.01366    0.0155    0.0174    0.01935    0.02134    0.02336    0.02542    0.0275    0.02961    0.03174    0.0339    0.03607    0.03825    0.04046    0.04267    0.0449    0.04714    0.04938    0.05164    0.05391    0.05618    0.05846    0.06075    0.06305    0.06535    
RB87    0.0337    1.073    1.999    2.798    3.486    4.08    4.591    5.033    5.741    6.025    6.269    6.48    6.662    6.819    6.955    7.073    7.175    7.263    7.34    7.406    7.463    7.513    7.556    7.594    7.627    7.657    7.682    7.705    7.725    7.743    7.76    7.774    7.788    7.8    7.811    7.821    
SR88    0.04671    1.544    2.878    4.029    5.022    5.879    6.618    7.256    8.281    8.692    9.047    9.353    9.618    9.848    10.05    10.22    10.37    10.5    10.61    10.71    10.8    10.87    10.94    11    11.05    11.09    11.13    11.17    11.2    11.23    11.26    11.28    11.3    11.33    11.34    11.36    
SR89    0.06403    1.092    1.152    1.034    0.8997    0.7775    0.6709    0.5788    0.4612    0.3778    0.3223    0.2777    0.2398    0.2073    0.1794    0.1554    0.1347    0.117    0.1017    0.08856    0.07634    0.06644    0.05805    0.05088    0.04472    0.03944    0.03492    0.03104    0.02772    0.02488    0.02244    0.02036    0.01857    0.01705    0.01574    0.01463    
Y89    0.001328    0.9492    2.649    4.284    5.727    6.976    8.054    8.984    10.45    11.07    11.58    12.03    12.41    12.74    13.02    13.27    13.48    13.66    13.82    13.96    14.08    14.18    14.27    14.34    14.41    14.47    14.52    14.56    14.6    14.63    14.66    14.69    14.71    14.74    14.76    14.77    
SR90    0.07943    2.461    4.563    6.357    7.884    9.182    10.28    11.21    12.67    13.22    13.68    14.05    14.36    14.61    14.81    14.96    15.08    15.16    15.22    15.25    15.26    15.26    15.24    15.2    15.16    15.11    15.05    14.98    14.91    14.84    14.76    14.68    14.59    14.5    14.42    14.33    
ZR90    0.0001164    0.01165    0.04142    0.08679    0.1455    0.2155    0.2952    0.383    0.5627    0.6682    0.7777    0.8906    1.006    1.124    1.244    1.365    1.487    1.61    1.734    1.858    1.982    2.106    2.23    2.354    2.478    2.601    2.724    2.847    2.968    3.09    3.21    3.33    3.45    3.568    3.686    3.804    
Y91    0.06556    1.465    1.62    1.484    1.301    1.127    0.974    0.841    0.6742    0.553    0.4709    0.4055    0.3504    0.3034    0.263    0.2282    0.1983    0.1726    0.1506    0.1316    0.1142    0.09993    0.08783    0.07748    0.06862    0.06102    0.05452    0.04895    0.04418    0.0401    0.0366    0.03362    0.03107    0.02888    0.02702    0.02542    
ZR91    0.0009991    1.072    3.116    5.149    6.966    8.547    9.914    11.09    12.94    13.73    14.38    14.95    15.43    15.84    16.2    16.51    16.78    17.01    17.21    17.38    17.53    17.66    17.77    17.86    17.94    18.02    18.08    18.13    18.18    18.22    18.26    18.29    18.32    18.35    18.37    18.39    
ZR92    0.07457    2.637    4.922    6.894    8.596    10.07    11.33    12.43    14.2    14.91    15.52    16.05    16.51    16.91    17.26    17.56    17.83    18.06    18.26    18.44    18.6    18.74    18.86    18.97    19.07    19.16    19.24    19.31    19.38    19.44    19.5    19.55    19.6    19.65    19.7    19.74    
ZR93    0.07394    2.859    5.334    7.461    9.289    10.86    12.2    13.36    15.19    15.92    16.53    17.06    17.51    17.89    18.22    18.49    18.72    18.92    19.08    19.22    19.33    19.43    19.5    19.56    19.61    19.65    19.68    19.7    19.72    19.73    19.73    19.73    19.73    19.73    19.72    19.71    
ZR94    0.08986    2.812    5.246    7.352    9.176    10.76    12.13    13.32    15.25    16.04    16.73    17.33    17.85    18.32    18.73    19.09    19.41    19.7    19.96    20.19    20.4    20.59    20.77    20.93    21.08    21.22    21.35    21.47    21.59    21.71    21.82    21.92    22.02    22.12    22.22    22.31    
ZR95    0.09214    1.758    1.995    1.851    1.632    1.418    1.226    1.058    0.8486    0.6975    0.5931    0.5102    0.4408    0.3817    0.3311    0.2876    0.2503    0.2183    0.1909    0.1675    0.147    0.1296    0.1149    0.1023    0.09163    0.08251    0.07474    0.06814    0.06253    0.05777    0.05374    0.05032    0.04743    0.04498    0.04291    0.04116    
NB95    0.001469    0.6258    0.9809    0.9915    0.8971    0.7855    0.6808    0.5882    0.4842    0.3959    0.3323    0.2842    0.245    0.2119    0.1837    0.1594    0.1386    0.1208    0.1055    0.09241    0.08102    0.07132    0.06307    0.05604    0.05005    0.04495    0.0406    0.0369    0.03376    0.03109    0.02883    0.02691    0.02529    0.02392    0.02275    0.02177    
MO95    2.92e-005    0.531    2.436    4.696    6.814    8.667    10.25    11.59    13.55    14.41    15.09    15.63    16.06    16.41    16.68    16.89    17.05    17.16    17.23    17.27    17.28    17.27    17.23    17.18    17.12    17.04    16.95    16.86    16.75    16.65    16.53    16.42    16.3    16.18    16.05    15.93    
ZR96    0.09318    2.895    5.391    7.543    9.397    10.99    12.37    13.56    15.46    16.22    16.88    17.45    17.93    18.36    18.72    19.04    19.31    19.55    19.76    19.94    20.09    20.23    20.35    20.46    20.56    20.64    20.72    20.79    20.85    20.91    20.96    21.01    21.06    21.1    21.15    21.19    
MO96    5.15e-006    0.002567    0.02201    0.06585    0.1338    0.223    0.3306    0.4536    0.7348    0.8901    1.053    1.222    1.396    1.574    1.755    1.938    2.123    2.309    2.495    2.681    2.868    3.054    3.239    3.424    3.607    3.79    3.971    4.151    4.329    4.506    4.681    4.855    5.027    5.197    5.366    5.533    
MO97    0.05967    2.706    5.063    7.091    8.837    10.34    11.63    12.75    14.53    15.23    15.84    16.37    16.82    17.21    17.54    17.83    18.08    18.29    18.48    18.64    18.78    18.9    19.01    19.11    19.19    19.26    19.33    19.39    19.45    19.5    19.54    19.59    19.63    19.67    19.7    19.74    
MO98    0.08839    2.747    5.119    7.168    8.938    10.47    11.79    12.94    14.79    15.53    16.18    16.74    17.24    17.67    18.04    18.37    18.66    18.92    19.15    19.35    19.54    19.7    19.85    19.99    20.12    20.24    20.35    20.45    20.55    20.64    20.73    20.82    20.9    20.98    21.06    21.13    
MO99    0.06421    0.1047    0.09035    0.07799    0.06733    0.05815    0.05023    0.04342    0.03248    0.02815    0.02441    0.0212    0.01844    0.01608    0.01405    0.01231    0.01082    0.009544    0.008456    0.007528    0.00677    0.006097    0.005524    0.005039    0.004628    0.00428    0.003986    0.003739    0.003531    0.003357    0.00321    0.003088    0.002986    0.002901    0.00283    0.002771    
TC99    0.0252    2.7    5.074    7.059    8.71    10.07    11.19    12.1    13.41    13.85    14.18    14.42    14.58    14.67    14.7    14.69    14.63    14.55    14.43    14.29    14.14    13.97    13.79    13.6    13.4    13.2    12.99    12.78    12.57    12.37    12.16    11.95    11.75    11.55    11.35    11.15    
MO100    0.09712    3.015    5.614    7.855    9.786    11.45    12.89    14.12    16.11    16.9    17.59    18.18    18.69    19.13    19.52    19.85    20.14    20.39    20.61    20.81    20.98    21.13    21.27    21.39    21.5    21.6    21.69    21.77    21.85    21.92    21.99    22.06    22.12    22.18    22.23    22.29    
RU100    6.744e-006    0.03326    0.1282    0.2748    0.4643    0.6892    0.9431    1.221    1.828    2.151    2.482    2.819    3.16    3.504    3.848    4.192    4.534    4.874    5.21    5.543    5.872    6.196    6.515    6.829    7.138    7.441    7.739    8.031    8.318    8.599    8.875    9.145    9.41    9.67    9.924    10.17    
RU101    0.07842    2.449    4.545    6.335    7.862    9.162    10.27    11.21    12.67    13.23    13.71    14.1    14.43    14.7    14.92    15.1    15.24    15.36    15.45    15.51    15.56    15.6    15.62    15.63    15.63    15.62    15.61    15.6    15.57    15.55    15.52    15.49    15.46    15.43    15.4    15.37    
RU102    0.06646    2.08    3.891    5.471    6.85    8.057    9.115    10.04    11.59    12.23    12.8    13.31    13.77    14.18    14.56    14.9    15.22    15.51    15.78    16.03    16.27    16.49    16.71    16.91    17.11    17.3    17.48    17.66    17.84    18.01    18.18    18.35    18.52    18.68    18.84    19    
RU103    0.04873    0.7137    0.7015    0.6159    0.5332    0.4609    0.3985    0.3448    0.2739    0.2266    0.1958    0.1706    0.1491    0.1308    0.1152    0.1019    0.09058    0.081    0.07291    0.06608    0.06182    0.05722    0.05327    0.04998    0.04726    0.04503    0.04321    0.04174    0.04056    0.03962    0.03888    0.03831    0.03788    0.03756    0.03733    0.03717    
RH103    0.00128    0.8063    2.004    2.979    3.708    4.228    4.577    4.789    4.897    4.859    4.759    4.619    4.451    4.264    4.065    3.861    3.654    3.449    3.248    3.054    2.869    2.694    2.529    2.373    2.227    2.091    1.965    1.848    1.74    1.641    1.55    1.467    1.391    1.322    1.259    1.202    
RU104    0.03012    0.9443    1.76    2.464    3.072    3.595    4.047    4.437    5.065    5.317    5.535    5.724    5.889    6.034    6.16    6.271    6.37    6.458    6.537    6.608    6.677    6.741    6.8    6.856    6.909    6.961    7.01    7.059    7.106    7.153    7.199    7.244    7.29    7.335    7.381    7.426    
PD104    1.33e-006    0.0322    0.1864    0.4533    0.8065    1.222    1.681    2.168    3.17    3.672    4.166    4.646    5.108    5.552    5.974    6.375    6.753    7.11    7.445    7.759    8.052    8.327    8.583    8.822    9.046    9.254    9.448    9.63    9.799    9.958    10.11    10.25    10.38    10.5    10.62    10.73    
PD105    0.006884    0.47    0.8821    1.234    1.534    1.789    2.007    2.192    2.484    2.598    2.695    2.778    2.849    2.911    2.964    3.01    3.05    3.086    3.118    3.148    3.178    3.206    3.233    3.26    3.285    3.311    3.336    3.361    3.386    3.411    3.437    3.463    3.489    3.516    3.543    3.57    
RU106    0.006804    0.1927    0.3198    0.3984    0.4414    0.4589    0.4583    0.4454    0.412    0.3814    0.3507    0.3208    0.2927    0.2666    0.2429    0.2218    0.2031    0.1868    0.1729    0.1612    0.1542    0.1485    0.1441    0.1408    0.1385    0.1372    0.1366    0.1367    0.1373    0.1385    0.14    0.1418    0.1438    0.146    0.1482    0.1506    
PD106    0.0005954    0.06133    0.158    0.2771    0.4093    0.5477    0.6875    0.8253    1.074    1.198    1.315    1.425    1.528    1.625    1.716    1.802    1.883    1.961    2.034    2.105    2.175    2.242    2.309    2.375    2.441    2.506    2.572    2.637    2.703    2.769    2.836    2.903    2.971    3.039    3.109    3.179    
PD107    0.003157    0.09856    0.183    0.2552    0.3169    0.3698    0.4149    0.4536    0.5154    0.5402    0.5619    0.581    0.598    0.6135    0.6278    0.6412    0.654    0.6665    0.6789    0.6913    0.7063    0.7216    0.7373    0.7536    0.7704    0.7878    0.8058    0.8244    0.8436    0.8634    0.8837    0.9046    0.926    0.9479    0.9703    0.993    
PD108    0.001522    0.04726    0.08786    0.1227    0.1527    0.1784    0.2005    0.2196    0.2506    0.2634    0.2747    0.2849    0.2943    0.3031    0.3115    0.3196    0.3277    0.3357    0.344    0.3524    0.3628    0.3737    0.3849    0.3966    0.4087    0.4213    0.4344    0.4479    0.4619    0.4763    0.4911    0.5063    0.5218    0.5377    0.5539    0.5703    
AG109    0.0005514    0.02233    0.04035    0.0546    0.06576    0.07438    0.08094    0.08585    0.09205    0.0939    0.0952    0.09613    0.09685    0.09747    0.09809    0.0988    0.09966    0.1007    0.102    0.1035    0.1064    0.1095    0.1128    0.1163    0.1201    0.1241    0.1282    0.1325    0.137    0.1417    0.1464    0.1513    0.1562    0.1612    0.1662    0.1713    
PD110    0.0005527    0.01716    0.03195    0.04471    0.05571    0.06521    0.07343    0.08055    0.09221    0.09702    0.1013    0.1052    0.1088    0.1121    0.1152    0.1183    0.1213    0.1242    0.1272    0.1302    0.1338    0.1375    0.1413    0.1453    0.1494    0.1537    0.1582    0.1628    0.1675    0.1724    0.1775    0.1827    0.188    0.1935    0.1991    0.2048    
CD110    6.862e-007    0.001177    0.004418    0.009313    0.01551    0.02273    0.03071    0.03928    0.05748    0.06695    0.07655    0.08621    0.09591    0.1056    0.1154    0.1251    0.1349    0.1447    0.1546    0.1646    0.1747    0.1851    0.1958    0.2067    0.218    0.2296    0.2416    0.254    0.2667    0.2799    0.2935    0.3075    0.3219    0.3368    0.3521    0.3679    
CD111    5.696e-005    0.01252    0.02461    0.03496    0.04383    0.05143    0.05795    0.06358    0.07267    0.07637    0.07963    0.08255    0.08519    0.08761    0.08987    0.09202    0.09409    0.09612    0.09814    0.1002    0.1024    0.1048    0.1072    0.1097    0.1122    0.1149    0.1177    0.1206    0.1237    0.1268    0.1301    0.1334    0.1369    0.1406    0.1443    0.1481    
CD112    0.0002068    0.0102    0.01922    0.0271    0.034    0.04005    0.04538    0.05009    0.05798    0.06131    0.06431    0.06704    0.06954    0.07185    0.07401    0.07604    0.07797    0.07983    0.08163    0.08339    0.08522    0.08703    0.08885    0.09068    0.09253    0.0944    0.09631    0.09825    0.1002    0.1023    0.1043    0.1064    0.1086    0.1108    0.1131    0.1154    
CD114    0.000344    0.01838    0.03512    0.04954    0.06196    0.07265    0.08187    0.08982    0.1026    0.1077    0.1121    0.116    0.1194    0.1223    0.1249    0.1272    0.1293    0.1311    0.1328    0.1344    0.1359    0.1373    0.1387    0.1401    0.1414    0.1426    0.1439    0.1452    0.1464    0.1477    0.149    0.1502    0.1515    0.1528    0.1541    0.1555    
CD116    0.0003011    0.009359    0.01743    0.02439    0.03039    0.03556    0.04002    0.04387    0.05006    0.05254    0.05469    0.05655    0.05817    0.05957    0.0608    0.06188    0.06283    0.06367    0.06442    0.06509    0.06571    0.06628    0.06681    0.06729    0.06775    0.06818    0.06859    0.06899    0.06937    0.06974    0.0701    0.07046    0.07081    0.07116    0.0715    0.07185    
SN116    3.942e-007    0.001558    0.005395    0.01035    0.01569    0.021    0.02602    0.03066    0.03862    0.04196    0.04493    0.04755    0.04986    0.05191    0.05371    0.05532    0.05675    0.05803    0.05919    0.06024    0.0612    0.06209    0.06292    0.0637    0.06445    0.06515    0.06583    0.06649    0.06713    0.06776    0.06838    0.06899    0.06959    0.0702    0.0708    0.0714    
SN117    0.0002683    0.009184    0.01712    0.02395    0.02984    0.03492    0.03929    0.04307    0.04914    0.05158    0.05369    0.05552    0.05711    0.05849    0.0597    0.06077    0.06171    0.06254    0.06328    0.06394    0.06456    0.06513    0.06565    0.06614    0.0666    0.06703    0.06744    0.06783    0.06822    0.06859    0.06895    0.06931    0.06966    0.07001    0.07036    0.0707    
SN118    0.0003244    0.01024    0.01909    0.02673    0.03332    0.03902    0.04394    0.0482    0.05507    0.05784    0.06024    0.06234    0.06417    0.06577    0.06717    0.06841    0.06951    0.07049    0.07137    0.07216    0.0729    0.07358    0.07421    0.07479    0.07534    0.07587    0.07637    0.07685    0.07731    0.07776    0.07821    0.07864    0.07907    0.07949    0.07991    0.08033    
SN119    0.0003094    0.009691    0.01808    0.02535    0.03163    0.03707    0.04177    0.04584    0.0524    0.05505    0.05734    0.05934    0.06108    0.0626    0.06394    0.06511    0.06615    0.06707    0.0679    0.06864    0.06933    0.06997    0.07056    0.0711    0.07162    0.07211    0.07257    0.07302    0.07345    0.07387    0.07428    0.07469    0.07509    0.07548    0.07587    0.07626    
SN120    0.0003307    0.01028    0.01914    0.0268    0.0334    0.03911    0.04404    0.0483    0.05518    0.05795    0.06035    0.06244    0.06427    0.06587    0.06727    0.0685    0.0696    0.07057    0.07145    0.07224    0.07297    0.07364    0.07427    0.07485    0.0754    0.07592    0.07642    0.07689    0.07735    0.0778    0.07824    0.07868    0.0791    0.07952    0.07994    0.08036    
SB121    0.0001919    0.01066    0.01986    0.02764    0.03421    0.03973    0.04436    0.04821    0.05401    0.05614    0.05786    0.05922    0.06028    0.06108    0.06166    0.06207    0.06231    0.06242    0.06243    0.06234    0.0622    0.062    0.06174    0.06145    0.06112    0.06076    0.06039    0.06    0.0596    0.05919    0.05877    0.05836    0.05794    0.05752    0.05711    0.05669    
SN122    0.0003712    0.01153    0.02147    0.03005    0.03745    0.04384    0.04936    0.05412    0.06179    0.06487    0.06754    0.06986    0.07187    0.07363    0.07517    0.07653    0.07772    0.07878    0.07972    0.08056    0.08134    0.08206    0.08272    0.08332    0.08389    0.08443    0.08494    0.08542    0.08589    0.08634    0.08678    0.08721    0.08764    0.08805    0.08847    0.08887    
SB123    0.0003334    0.01119    0.02196    0.03178    0.04047    0.04804    0.05454    0.0601    0.06864    0.07204    0.07485    0.07718    0.07909    0.08065    0.08191    0.08291    0.0837    0.08431    0.08476    0.08508    0.08531    0.08546    0.08552    0.08553    0.08548    0.08539    0.08526    0.08511    0.08493    0.08473    0.08452    0.0843    0.08406    0.08383    0.08358    0.08334    
SN124    0.0005828    0.01809    0.03367    0.04709    0.05864    0.06859    0.07716    0.08453    0.09635    0.1011    0.1051    0.1086    0.1117    0.1143    0.1166    0.1185    0.1203    0.1218    0.1231    0.1242    0.1253    0.1263    0.1271    0.1279    0.1286    0.1293    0.1299    0.1305    0.131    0.1316    0.1321    0.1326    0.133    0.1335    0.1339    0.1344    
SB125    0.0004951    0.02176    0.03991    0.05388    0.06437    0.072    0.07728    0.08063    0.08402    0.0835    0.08221    0.08033    0.07801    0.07538    0.07253    0.06954    0.0665    0.06344    0.06041    0.05744    0.05464    0.05195    0.04937    0.04692    0.04459    0.0424    0.04034    0.03841    0.03662    0.03494    0.03338    0.03194    0.03061    0.02938    0.02824    0.02719    
TE125    4.101e-007    0.0006513    0.002888    0.006465    0.01109    0.01649    0.02245    0.02879    0.04097    0.04772    0.05441    0.06097    0.06735    0.07352    0.07945    0.08514    0.09057    0.09575    0.1007    0.1053    0.1097    0.1139    0.1179    0.1216    0.1251    0.1285    0.1316    0.1346    0.1374    0.1401    0.1426    0.145    0.1473    0.1495    0.1516    0.1536    
SN126    0.001405    0.04362    0.08123    0.1137    0.1416    0.1657    0.1866    0.2045    0.2334    0.245    0.2551    0.2638    0.2714    0.2781    0.2839    0.289    0.2935    0.2975    0.3011    0.3044    0.3074    0.3102    0.3128    0.3153    0.3176    0.3197    0.3218    0.3238    0.3258    0.3277    0.3295    0.3313    0.3331    0.3349    0.3367    0.3385    
I127    0.0004242    0.08166    0.1612    0.2311    0.2914    0.3429    0.3864    0.4229    0.4783    0.4994    0.5166    0.5305    0.5416    0.5503    0.557    0.562    0.5655    0.5679    0.5693    0.5699    0.57    0.5697    0.5688    0.5676    0.5662    0.5645    0.5626    0.5605    0.5584    0.5562    0.5539    0.5516    0.5493    0.547    0.5447    0.5425    
TE128    0.007651    0.2444    0.4554    0.6374    0.7944    0.9298    1.047    1.147    1.31    1.375    1.431    1.48    1.523    1.56    1.592    1.62    1.645    1.667    1.687    1.704    1.72    1.735    1.748    1.76    1.772    1.783    1.793    1.802    1.812    1.82    1.829    1.837    1.846    1.854    1.862    1.869    
XE128    2.82e-007    0.0005001    0.001993    0.00437    0.007512    0.01131    0.01566    0.02047    0.03118    0.03695    0.04294    0.0491    0.0554    0.0618    0.06828    0.07481    0.08139    0.08798    0.09459    0.1012    0.1078    0.1144    0.1209    0.1275    0.134    0.1405    0.1469    0.1533    0.1597    0.166    0.1723    0.1786    0.1848    0.191    0.1972    0.2033    
I129    0.01093    0.412    0.7866    1.106    1.376    1.603    1.793    1.952    2.192    2.281    2.353    2.41    2.455    2.489    2.514    2.532    2.543    2.549    2.551    2.548    2.543    2.536    2.526    2.515    2.502    2.488    2.474    2.458    2.442    2.426    2.409    2.393    2.376    2.359    2.342    2.325    
TE130    0.03016    0.9405    1.752    2.451    3.054    3.574    4.023    4.41    5.033    5.282    5.498    5.685    5.847    5.988    6.111    6.218    6.312    6.395    6.467    6.532    6.591    6.644    6.692    6.736    6.776    6.814    6.849    6.882    6.913    6.943    6.971    6.999    7.026    7.052    7.078    7.103    
XE130    5.211e-006    0.002992    0.0115    0.02476    0.04203    0.06269    0.08616    0.112    0.1691    0.1998    0.2315    0.264    0.2971    0.3308    0.3648    0.399    0.4333    0.4677    0.5021    0.5364    0.5707    0.6047    0.6386    0.6723    0.7058    0.739    0.772    0.8047    0.8371    0.8693    0.9012    0.9328    0.9641    0.9951    1.026    1.056    
I131    0.04756    0.1948    0.168    0.1449    0.125    0.1078    0.09302    0.0803    0.05988    0.05181    0.04485    0.03886    0.03373    0.02933    0.02556    0.02233    0.01958    0.01722    0.01521    0.01351    0.01221    0.01098    0.00994    0.009059    0.008315    0.007689    0.007162    0.006721    0.006352    0.006045    0.005788    0.005575    0.005399    0.005253    0.005132    0.005031    
XE131    0.006228    1.542    2.942    4.027    4.85    5.455    5.881    6.16    6.379    6.363    6.284    6.158    5.994    5.804    5.593    5.37    5.138    4.903    4.667    4.434    4.207    3.985    3.771    3.565    3.369    3.181    3.003    2.835    2.675    2.526    2.385    2.253    2.13    2.015    1.907    1.807    
TE132    0.06438    0.1183    0.1021    0.08802    0.07591    0.06548    0.0565    0.04876    0.03635    0.03143    0.0272    0.02356    0.02043    0.01775    0.01545    0.01349    0.0118    0.01037    0.009142    0.008098    0.007285    0.006531    0.005891    0.005349    0.004891    0.004505    0.00418    0.003907    0.003678    0.003487    0.003327    0.003194    0.003083    0.002991    0.002915    0.002851    
XE132    0.02237    2.662    5.212    7.533    9.648    11.58    13.34    14.95    17.76    18.99    20.12    21.16    22.11    22.98    23.79    24.53    25.21    25.84    26.43    26.97    27.47    27.94    28.37    28.78    29.16    29.51    29.84    30.16    30.45    30.73    30.99    31.23    31.47    31.69    31.9    32.1    
XE133    0.07175    0.3003    0.2591    0.2235    0.1928    0.1664    0.1436    0.124    0.09255    0.0801    0.06936    0.06012    0.05219    0.04539    0.03955    0.03455    0.03028    0.02662    0.02349    0.02083    0.01866    0.01673    0.01509    0.01369    0.01251    0.01151    0.01067    0.009963    0.009366    0.008865    0.008446    0.008095    0.007802    0.007557    0.007353    0.007183    
CS133    0.01152    3.859    7.426    10.38    12.81    14.79    16.38    17.65    19.39    19.94    20.33    20.57    20.69    20.71    20.64    20.51    20.32    20.08    19.8    19.5    19.17    18.83    18.47    18.1    17.73    17.35    16.97    16.6    16.22    15.86    15.49    15.13    14.78    14.44    14.1    13.77    
XE134    0.1541    4.944    9.21    12.89    16.06    18.8    21.16    23.19    26.46    27.77    28.9    29.88    30.73    31.46    32.1    32.65    33.14    33.56    33.93    34.25    34.54    34.79    35.02    35.23    35.41    35.58    35.73    35.87    36    36.12    36.24    36.35    36.45    36.55    36.65    36.74    
CS134    3.782e-006    0.05836    0.2184    0.4455    0.7132    1.001    1.294    1.582    2.142    2.372    2.579    2.762    2.921    3.057    3.171    3.265    3.339    3.395    3.435    3.46    3.472    3.473    3.463    3.445    3.419    3.386    3.347    3.304    3.257    3.206    3.153    3.098    3.042    2.984    2.925    2.867    
BA134    3.592e-009    0.001841    0.01501    0.04894    0.1096    0.2005    0.323    0.477    0.8441    1.087    1.353    1.641    1.946    2.267    2.601    2.946    3.3    3.66    4.024    4.391    4.76    5.128    5.496    5.86    6.222    6.58    6.932    7.28    7.622    7.958    8.287    8.61    8.925    9.234    9.536    9.83    
CS135    0.02544    0.9435    1.778    2.505    3.143    3.709    4.215    4.673    5.47    5.827    6.16    6.473    6.768    7.049    7.316    7.572    7.817    8.053    8.281    8.5    8.712    8.917    9.115    9.306    9.491    9.67    9.843    10.01    10.17    10.33    10.48    10.63    10.77    10.9    11.03    11.16    
BA135    1.055e-008    1.563e-006    2.032e-005    9.686e-005    0.0002888    0.0006638    0.001294    0.002252    0.005353    0.007632    0.0105    0.014    0.01817    0.02306    0.02868    0.03505    0.04219    0.05012    0.05884    0.06834    0.07863    0.08969    0.1015    0.1141    0.1275    0.1416    0.1563    0.1718    0.188    0.2048    0.2222    0.2403    0.259    0.2782    0.298    0.3183    
XE136    0.2234    7.48    13.93    19.49    24.29    28.43    32    35.08    40.04    42.03    43.75    45.23    46.52    47.64    48.61    49.45    50.19    50.84    51.41    51.91    52.36    52.76    53.12    53.44    53.74    54.01    54.25    54.48    54.7    54.9    55.1    55.28    55.46    55.63    55.79    55.95    
BA136    1.183e-005    0.005989    0.01779    0.03399    0.05404    0.0775    0.104    0.1332    0.1994    0.2357    0.2739    0.3141    0.3561    0.3998    0.4452    0.4923    0.5409    0.5911    0.6428    0.6959    0.7505    0.8066    0.8639    0.9227    0.9827    1.044    1.106    1.17    1.235    1.301    1.368    1.436    1.506    1.576    1.647    1.72    
CS137    0.1291    4.002    7.423    10.34    12.83    14.95    16.75    18.27    20.66    21.57    22.32    22.95    23.46    23.88    24.22    24.49    24.7    24.86    24.98    25.06    25.11    25.13    25.13    25.11    25.08    25.03    24.98    24.91    24.84    24.75    24.67    24.58    24.49    24.39    24.3    24.2    
BA137    2.315e-005    0.01332    0.05503    0.121    0.2075    0.3115    0.4305    0.5619    0.8303    0.9888    1.153    1.323    1.497    1.674    1.854    2.036    2.22    2.405    2.59    2.776    2.963    3.149    3.335    3.521    3.707    3.892    4.076    4.26    4.443    4.625    4.806    4.986    5.165    5.344    5.521    5.698    
BA138    0.1427    4.496    8.374    11.72    14.6    17.09    19.24    21.09    24.07    25.26    26.29    27.19    27.96    28.63    29.21    29.72    30.16    30.55    30.89    31.19    31.45    31.68    31.89    32.08    32.25    32.41    32.55    32.68    32.8    32.92    33.02    33.13    33.23    33.32    33.41    33.5    
LA139    0.1342    4.29    7.981    11.15    13.88    16.22    18.23    19.95    22.68    23.76    24.68    25.47    26.14    26.71    27.2    27.61    27.96    28.25    28.5    28.71    28.89    29.03    29.15    29.26    29.34    29.41    29.46    29.51    29.54    29.57    29.6    29.61    29.62    29.63    29.64    29.64    
BA140    0.1238    0.7291    0.6299    0.5432    0.4685    0.4041    0.3486    0.3008    0.2192    0.1937    0.1675    0.1449    0.1255    0.1089    0.09456    0.0823    0.0718    0.0628    0.05511    0.04853    0.04295    0.03816    0.03408    0.03061    0.02766    0.02516    0.02304    0.02124    0.01973    0.01845    0.01738    0.01647    0.01571    0.01507    0.01454    0.01409    
LA140    0.007161    0.09592    0.08315    0.07199    0.06237    0.05408    0.04693    0.04078    0.03024    0.02697    0.02359    0.02068    0.01819    0.01604    0.0142    0.01261    0.01126    0.0101    0.009107    0.008258    0.007538    0.006919    0.006392    0.005943    0.005562    0.005239    0.004964    0.004732    0.004536    0.00437    0.004231    0.004113    0.004014    0.003931    0.003861    0.003803    
CE140    0.003316    3.442    7.245    10.54    13.39    15.86    18    19.85    22.81    24.03    25.1    26.03    26.85    27.57    28.21    28.77    29.27    29.72    30.12    30.48    30.81    31.11    31.38    31.64    31.87    32.1    32.3    32.5    32.69    32.87    33.05    33.22    33.38    33.54    33.7    33.86    
CE141    0.1137    1.6    1.503    1.306    1.128    0.9731    0.8398    0.7249    0.5666    0.4695    0.4046    0.3502    0.3036    0.2635    0.2292    0.1997    0.1744    0.1528    0.1343    0.1184    0.105    0.09343    0.08359    0.07522    0.06811    0.06207    0.05696    0.05263    0.04897    0.04588    0.04327    0.04108    0.03924    0.03769    0.03639    0.0353    
PR141    0.003679    2.364    5.867    8.983    11.66    13.95    15.91    17.58    20.19    21.24    22.11    22.85    23.46    23.98    24.41    24.77    25.07    25.31    25.51    25.66    25.78    25.88    25.95    26    26.03    26.04    26.05    26.04    26.03    26    25.97    25.94    25.9    25.86    25.81    25.76    
CE142    0.1244    4.004    7.463    10.45    13.02    15.23    17.14    18.79    21.44    22.5    23.41    24.2    24.88    25.47    25.98    26.42    26.81    27.14    27.44    27.69    27.92    28.12    28.29    28.45    28.59    28.71    28.83    28.93    29.03    29.11    29.2    29.27    29.35    29.41    29.48    29.54    
ND142    7.901e-008    0.004577    0.02612    0.06418    0.1164    0.1808    0.2554    0.3386    0.5253    0.627    0.7329    0.8424    0.9547    1.069    1.186    1.303    1.422    1.542    1.662    1.783    1.904    2.024    2.145    2.265    2.385    2.505    2.624    2.742    2.86    2.977    3.094    3.21    3.325    3.439    3.553    3.666    
CE143    0.06691    0.07459    0.06434    0.05551    0.0479    0.04134    0.03568    0.03081    0.02299    0.01989    0.01722    0.01492    0.01294    0.01124    0.009777    0.008524    0.007449    0.006529    0.00574    0.005066    0.004481    0.003988    0.003567    0.003208    0.002903    0.002643    0.002423    0.002235    0.002077    0.001942    0.001829    0.001733    0.001652    0.001584    0.001526    0.001478    
PR143    0.0595    0.7336    0.6349    0.5477    0.4726    0.4079    0.3521    0.304    0.2254    0.1962    0.1698    0.1471    0.1275    0.1107    0.09633    0.08396    0.07334    0.06425    0.05646    0.04979    0.04398    0.0391    0.03494    0.0314    0.02838    0.02581    0.02363    0.02177    0.0202    0.01887    0.01775    0.0168    0.016    0.01532    0.01475    0.01427    
ND143    0.003435    3.129    6.357    8.881    10.82    12.26    13.3    14    14.61    14.63    14.51    14.27    13.94    13.55    13.11    12.63    12.13    11.61    11.09    10.57    10.06    9.556    9.067    8.594    8.139    7.704    7.287    6.891    6.516    6.16    5.824    5.508    5.21    4.931    4.668    4.423    
CE144    0.1199    3.305    5.316    6.424    6.912    6.985    6.789    6.425    5.688    5.119    4.575    4.068    3.601    3.177    2.795    2.455    2.153    1.887    1.653    1.448    1.269    1.113    0.9774    0.8603    0.7593    0.6722    0.5973    0.533    0.4778    0.4305    0.3901    0.3557    0.3262    0.3012    0.2798    0.2617    
ND144    0.000482    0.5538    2.15    4.414    7.074    9.94    12.88    15.8    21.15    23.78    26.25    28.54    30.67    32.65    34.47    36.15    37.7    39.12    40.44    41.65    42.76    43.79    44.73    45.61    46.41    47.15    47.84    48.48    49.06    49.61    50.12    50.59    51.02    51.43    51.81    52.17    
ND145    0.07685    2.673    4.926    6.81    8.377    9.673    10.74    11.61    12.86    13.29    13.62    13.86    14.03    14.13    14.18    14.18    14.15    14.09    14    13.89    13.76    13.62    13.47    13.31    13.15    12.98    12.81    12.63    12.45    12.28    12.1    11.93    11.76    11.59    11.42    11.26    
ND146    0.06621    2.114    4    5.689    7.207    8.574    9.811    10.93    12.9    13.76    14.56    15.29    15.98    16.63    17.23    17.8    18.34    18.85    19.33    19.8    20.24    20.67    21.08    21.48    21.87    22.24    22.61    22.96    23.31    23.64    23.97    24.3    24.61    24.92    25.23    25.52    
ND147    0.04691    0.2411    0.2083    0.1798    0.1553    0.1342    0.116    0.1004    0.07364    0.06529    0.05671    0.04934    0.04301    0.03758    0.03292    0.02894    0.02553    0.02262    0.02013    0.01801    0.01623    0.01469    0.01339    0.01229    0.01136    0.01057    0.009914    0.009362    0.0089    0.008516    0.008197    0.007934    0.007717    0.00754    0.007396    0.00728    
PM147    0.004538    1.181    2.044    2.502    2.69    2.703    2.608    2.45    2.063    1.855    1.658    1.474    1.305    1.152    1.016    0.8946    0.7879    0.6945    0.613    0.5422    0.4808    0.4279    0.3823    0.3431    0.3096    0.281    0.2565    0.2358    0.2182    0.2033    0.1907    0.1801    0.1712    0.1638    0.1576    0.1525    
SM147    3.359e-006    0.03896    0.1713    0.3517    0.5488    0.7427    0.9217    1.079    1.296    1.383    1.448    1.493    1.52    1.533    1.532    1.52    1.5    1.472    1.439    1.401    1.36    1.316    1.271    1.225    1.179    1.133    1.088    1.043    0.9995    0.9571    0.9161    0.8766    0.8387    0.8024    0.7676    0.7345    
ND148    0.0386    1.208    2.249    3.143    3.911    4.572    5.139    5.625    6.4    6.707    6.969    7.193    7.385    7.549    7.688    7.808    7.909    7.996    8.069    8.132    8.186    8.231    8.27    8.303    8.331    8.355    8.375    8.392    8.407    8.42    8.431    8.441    8.45    8.457    8.464    8.469    
PM148    6.73e-006    0.01203    0.02102    0.02581    0.02778    0.02794    0.02698    0.02535    0.02129    0.01921    0.01717    0.01526    0.01351    0.01193    0.01052    0.009265    0.008161    0.007193    0.006348    0.005615    0.004979    0.004431    0.003958    0.003553    0.003205    0.002909    0.002656    0.00244    0.002258    0.002104    0.001973    0.001864    0.001772    0.001695    0.001631    0.001577    
PM148M    3.626e-006    0.01071    0.01886    0.0232    0.025    0.02516    0.0243    0.02284    0.01914    0.01732    0.01548    0.01376    0.01218    0.01076    0.009484    0.008354    0.007358    0.006485    0.005724    0.005063    0.004489    0.003994    0.003568    0.003203    0.002889    0.002622    0.002393    0.002199    0.002035    0.001896    0.001778    0.001679    0.001596    0.001527    0.001469    0.001421    
SM148    7.308e-007    0.07589    0.3276    0.6885    1.109    1.556    2.007    2.447    3.268    3.639    3.984    4.301    4.594    4.862    5.108    5.333    5.539    5.728    5.901    6.06    6.205    6.339    6.463    6.577    6.682    6.779    6.869    6.952    7.03    7.102    7.169    7.232    7.291    7.346    7.398    7.446    
SM149    0.006978    0.04414    0.0438    0.04198    0.03931    0.03622    0.03299    0.0298    0.02393    0.0214    0.01907    0.01699    0.01515    0.01354    0.01212    0.01089    0.009828    0.008906    0.008112    0.00743    0.006868    0.006369    0.005943    0.005582    0.005276    0.005018    0.0048    0.004617    0.004464    0.004336    0.00423    0.004143    0.004071    0.004012    0.003964    0.003925    
ND150    0.01505    0.4669    0.8687    1.214    1.512    1.768    1.988    2.177    2.479    2.598    2.701    2.79    2.866    2.931    2.988    3.036    3.078    3.114    3.146    3.173    3.197    3.218    3.237    3.254    3.269    3.283    3.295    3.307    3.317    3.327    3.336    3.345    3.353    3.362    3.37    3.377    
SM150    0.0016    0.7524    1.55    2.294    2.964    3.553    4.059    4.485    5.135    5.357    5.524    5.644    5.723    5.767    5.78    5.769    5.737    5.688    5.625    5.551    5.468    5.379    5.284    5.186    5.085    4.983    4.881    4.779    4.678    4.578    4.48    4.384    4.29    4.198    4.11    4.023    
SM151    0.005058    0.1405    0.1593    0.1605    0.1599    0.1594    0.1591    0.1587    0.1574    0.1562    0.1547    0.1529    0.1509    0.1486    0.1462    0.1437    0.141    0.1383    0.1355    0.1327    0.1301    0.1274    0.1246    0.1219    0.1193    0.1167    0.1141    0.1117    0.1093    0.1069    0.1047    0.1025    0.1004    0.09835    0.09638    0.09448    
SM152    0.006504    0.3442    0.707    0.9951    1.213    1.374    1.493    1.577    1.672    1.694    1.703    1.702    1.693    1.677    1.657    1.633    1.606    1.578    1.548    1.516    1.485    1.454    1.423    1.392    1.361    1.33    1.301    1.271    1.243    1.215    1.189    1.163    1.137    1.113    1.09    1.067    
SM153    0.002413    0.005049    0.00662    0.00784    0.008723    0.00934    0.009754    0.01002    0.01021    0.01021    0.01014    0.01004    0.009909    0.009755    0.009584    0.009402    0.009212    0.009017    0.00882    0.008623    0.008437    0.008247    0.008059    0.007875    0.007695    0.007519    0.007348    0.007182    0.007021    0.006865    0.006715    0.00657    0.006429    0.006294    0.006164    0.006038    
EU153    0.001513    0.1362    0.3037    0.4881    0.675    0.8542    1.019    1.167    1.407    1.499    1.575    1.635    1.681    1.714    1.737    1.75    1.754    1.752    1.744    1.73    1.713    1.693    1.669    1.644    1.617    1.589    1.56    1.531    1.501    1.471    1.442    1.412    1.383    1.354    1.326    1.299    
SM154    0.001825    0.05727    0.1069    0.15    0.1874    0.2199    0.2481    0.2726    0.3125    0.3287    0.3428    0.3551    0.366    0.3756    0.384    0.3915    0.3982    0.4043    0.4098    0.4148    0.4196    0.4241    0.4283    0.4323    0.4361    0.4398    0.4433    0.4467    0.45    0.4533    0.4565    0.4597    0.4628    0.466    0.469    0.4721    
EU154    3.101e-006    0.01105    0.04321    0.09378    0.1586    0.2328    0.3117    0.3915    0.543    0.6093    0.6687    0.7208    0.7653    0.8025    0.8328    0.8567    0.8747    0.8873    0.8953    0.8991    0.8993    0.8964    0.8909    0.8833    0.8738    0.8628    0.8507    0.8376    0.8238    0.8094    0.7947    0.7797    0.7647    0.7496    0.7346    0.7198    
GD154    5.523e-010    8.161e-005    0.0006812    0.002301    0.005338    0.01006    0.0166    0.02497    0.0449    0.05815    0.0726    0.088    0.1041    0.1208    0.1378    0.1549    0.172    0.1888    0.2054    0.2216    0.2373    0.2524    0.2669    0.2807    0.2938    0.3062    0.3179    0.3289    0.3391    0.3487    0.3575    0.3656    0.3731    0.3799    0.3861    0.3917    
EU155    0.000846    0.01795    0.02743    0.03825    0.05325    0.07246    0.09484    0.1191    0.1691    0.192    0.2132    0.2323    0.2492    0.2637    0.2758    0.2857    0.2936    0.2995    0.3036    0.3062    0.3076    0.3077    0.3067    0.3049    0.3024    0.2992    0.2955    0.2915    0.2871    0.2825    0.2777    0.2727    0.2677    0.2627    0.2576    0.2526    
EU156    0.0002875    0.005263    0.007013    0.00879    0.01137    0.01484    0.01902    0.02364    0.03545    0.03794    0.04216    0.046    0.0494    0.05233    0.05481    0.05685    0.05847    0.0597    0.06059    0.06116    0.0615    0.06156    0.06141    0.06108    0.0606    0.06    0.05929    0.0585    0.05765    0.05674    0.0558    0.05482    0.05383    0.05283    0.05183    0.05084    
GD156    2.252e-005    0.01564    0.04509    0.08228    0.1296    0.1912    0.271    0.3715    0.6583    0.8275    1.015    1.22    1.442    1.677    1.923    2.179    2.441    2.709    2.979    3.251    3.524    3.795    4.063    4.328    4.59    4.846    5.098    5.343    5.583    5.816    6.044    6.264    6.478    6.685    6.886    7.08    
GD158    0.000132    0.009282    0.01828    0.02682    0.03521    0.04386    0.0532    0.0636    0.09057    0.1063    0.1242    0.1445    0.1671    0.1924    0.2202    0.2507    0.2839    0.3197    0.3582    0.3993    0.443    0.4893    0.538    0.5892    0.6426    0.6983    0.7561    0.816    0.8779    0.9418    1.007    1.075    1.144    1.215    1.287    1.361    
