TIME    3   100   220   340   460   580   700   820   1040   1160   1280   1400   1520   1640   1760   1880   2000   2120   2240   2360   2480   2600   2720   2840   2960   3080   3200   3320   3440   3560   3680   3800   3920   4040   4160   4280   
NEUT_PROD    0.758   2.17   3.18   3.91   4.45   4.87   5.2   5.46   5.85   5.98   6.09   6.18   6.24   6.3   6.34   6.37   6.39   6.4   6.42   6.42   6.43   6.43   6.43   6.43   6.43   6.43   6.43   6.43   6.43   6.42   6.42   6.42   6.41   6.41   6.41   6.41   
NEUT_DEST    2.58   3.43   4.11   4.65   5.08   5.44   5.75   6   6.41   6.57   6.71   6.83   6.93   7.03   7.11   7.18   7.25   7.31   7.37   7.42   7.47   7.51   7.55   7.59   7.63   7.66   7.7   7.73   7.76   7.79   7.81   7.84   7.87   7.89   7.91   7.93   
BUd    0.00752    0.504    0.957    1.26    1.48    1.65    1.78    1.88    4    2.09    2.13    2.16    2.19    2.21    2.22    2.24    2.24    2.25    2.25    2.26    2.26    2.26    2.26    2.26    2.26    2.26    2.26    2.26    2.25    2.25    2.25    2.25    2.25    2.25    2.24    2.24    
U238    999.9    997.4    994.8    992.2    989.6    987    984.4    981.9    976.8    974.2    971.7    969.1    966.6    964.1    961.6    959.1    956.6    954.1    951.6    949.1    946.6    944.1    941.7    939.2    936.8    934.3    931.9    929.5    927    924.6    922.2    919.8    917.4    915    912.6    910.2    
NP237    5.95e-005    0.01221    0.02465    0.03606    0.0465    0.05607    0.06483    0.07286    0.08691    0.09306    0.09868    0.1038    0.1085    0.1128    0.1167    0.1203    0.1235    0.1265    0.1292    0.1316    0.1338    0.1358    0.1376    0.1393    0.1407    0.1421    0.1432    0.1443    0.1452    0.1461    0.1468    0.1475    0.148    0.1485    0.149    0.1493    
NP239    0.0464    0.07948    0.07927    0.07906    0.07886    0.07865    0.07845    0.07824    0.07783    0.07763    0.07743    0.07723    0.07702    0.07682    0.07662    0.07642    0.07622    0.07602    0.07583    0.07563    0.07543    0.07523    0.07504    0.07484    0.07465    0.07445    0.07426    0.07406    0.07387    0.07368    0.07349    0.07329    0.0731    0.07291    0.07272    0.07253    
PU238    1.125e-008    0.0004828    0.001948    0.004265    0.00739    0.01136    0.01628    0.02224    0.03705    0.04635    0.05658    0.0677    0.07958    0.09205    0.1049    0.118    0.1312    0.1443    0.1571    0.1695    0.1816    0.1931    0.204    0.2144    0.2242    0.2334    0.2419    0.2499    0.2573    0.2641    0.2704    0.2762    0.2815    0.2864    0.2909    0.295    
PU239    0.02335    1.841    3.089    3.899    4.422    4.759    4.974    5.11    5.246    5.274    5.289    5.294    5.294    5.29    5.283    5.275    5.266    5.256    5.246    5.236    5.225    5.215    5.204    5.193    5.182    5.171    5.159    5.148    5.137    5.125    5.113    5.102    5.09    5.078    5.066    5.054    
PU240    6.72e-005    0.1399    0.453    0.8258    1.197    1.536    1.83    2.078    2.443    2.574    2.676    2.755    2.816    2.862    2.897    2.923    2.942    2.955    2.965    2.971    2.975    2.977    2.978    2.978    2.977    2.975    2.973    2.971    2.968    2.966    2.963    2.96    2.957    2.954    2.951    2.948    
PU241    1.645e-007    0.01214    0.07423    0.1927    0.3534    0.5374    0.7277    0.9121    1.236    1.367    1.478    1.57    1.646    1.708    1.757    1.796    1.826    1.849    1.867    1.881    1.891    1.898    1.903    1.906    1.908    1.909    1.91    1.909    1.909    1.908    1.906    1.905    1.903    1.902    1.9    1.898    
PU242    1.161e-010    0.0003204    0.004041    0.01633    0.04139    0.08141    0.1367    0.2059    0.3779    0.4753    0.577    0.6806    0.7843    0.8867    0.9864    1.083    1.174    1.262    1.344    1.422    1.494    1.562    1.624    1.683    1.736    1.786    1.832    1.874    1.913    1.949    1.981    2.011    2.038    2.064    2.086    2.107    
AM241    1.518e-011    3.999e-005    0.000504    0.002009    0.004949    0.009385    0.01512    0.02182    0.03449    0.04242    0.04983    0.05663    0.06272    0.06811    0.07279    0.0768    0.0802    0.08305    0.08542    0.08736    0.08893    0.0902    0.09121    0.09201    0.09263    0.0931    0.09346    0.09372    0.09391    0.09403    0.09411    0.09415    0.09416    0.09414    0.09411    0.09406    
AM243    4.928e-014    5.415e-006    0.0001383    0.0008512    0.00292    0.007274    0.01482    0.02633    0.06306    0.08862    0.1188    0.1534    0.1918    0.2335    0.278    0.3247    0.373    0.4223    0.4722    0.5223    0.572    0.6211    0.6693    0.7163    0.7618    0.8059    0.8482    0.8888    0.9276    0.9645    0.9996    1.033    1.064    1.094    1.122    1.148    
CM242    6.787e-015    1.762e-006    4.586e-005    0.000265    0.0008329    0.001888    0.003494    0.005631    0.01114    0.01393    0.01702    0.02016    0.02321    0.02607    0.0287    0.03104    0.03311    0.03491    0.03645    0.03776    0.03885    0.03975    0.04049    0.0411    0.04158    0.04197    0.04227    0.0425    0.04268    0.04282    0.04291    0.04298    0.04303    0.04305    0.04306    0.04306    
CM244    2.955e-017    1.203e-007    6.271e-006    5.919e-005    0.0002767    0.0008809    0.002201    0.004655    0.01493    0.02375    0.03566    0.05108    0.07036    0.09376    0.1215    0.1536    0.1901    0.231    0.2761    0.3254    0.3785    0.4353    0.4954    0.5585    0.6244    0.6926    0.763    0.8351    0.9087    0.9834    1.059    1.135    1.212    1.288    1.365    1.441    
BR81    6.101e-006    0.0003555    0.0009484    0.001698    0.002552    0.003477    0.004448    0.005451    0.007511    0.008556    0.009604    0.01065    0.0117    0.01274    0.01378    0.01481    0.01583    0.01685    0.01786    0.01886    0.01985    0.02084    0.02181    0.02278    0.02374    0.02469    0.02563    0.02657    0.02749    0.02841    0.02932    0.03022    0.03111    0.032    0.03288    0.03375    
SE82    9.34e-006    0.0005003    0.001301    0.002307    0.003456    0.004706    0.006032    0.007414    0.01029    0.01178    0.01328    0.01479    0.01632    0.01785    0.01939    0.02093    0.02248    0.02403    0.02558    0.02712    0.02867    0.03022    0.03177    0.03331    0.03486    0.0364    0.03795    0.03949    0.04103    0.04257    0.0441    0.04564    0.04718    0.04871    0.05024    0.05177    
KR83    1.302e-005    0.0007425    0.001891    0.003283    0.004816    0.006425    0.008065    0.009708    0.01293    0.01448    0.01598    0.01743    0.01882    0.02015    0.02143    0.02265    0.02381    0.02491    0.02596    0.02696    0.02791    0.02881    0.02967    0.03048    0.03126    0.03199    0.03269    0.03335    0.03398    0.03457    0.03514    0.03568    0.0362    0.03669    0.03715    0.0376    
KR84    2.408e-005    0.001299    0.003402    0.006092    0.00923    0.01272    0.01651    0.02054    0.02921    0.03379    0.03852    0.04337    0.04833    0.05339    0.05854    0.06378    0.06908    0.07446    0.07989    0.08538    0.09093    0.09652    0.1022    0.1078    0.1136    0.1193    0.1251    0.1309    0.1368    0.1427    0.1486    0.1545    0.1605    0.1664    0.1724    0.1784    
RB85    1.679e-005    0.001047    0.002791    0.005019    0.00759    0.01042    0.01344    0.01661    0.02326    0.02673    0.03025    0.03383    0.03746    0.04112    0.04481    0.04852    0.05226    0.05601    0.05978    0.06357    0.06737    0.07118    0.075    0.07884    0.08268    0.08653    0.09039    0.09426    0.09814    0.102    0.1059    0.1098    0.1137    0.1176    0.1215    0.1255    
KR86    3.667e-005    0.001994    0.00522    0.0093    0.01399    0.01913    0.02461    0.03035    0.04242    0.04866    0.05501    0.06143    0.06791    0.07444    0.081    0.08759    0.0942    0.1008    0.1074    0.1141    0.1207    0.1273    0.134    0.1406    0.1472    0.1538    0.1605    0.1671    0.1737    0.1803    0.1869    0.1935    0.2    0.2066    0.2132    0.2198    
RB87    4.468e-005    0.002496    0.006542    0.01166    0.01753    0.02397    0.03083    0.03802    0.0531    0.0609    0.06882    0.07684    0.08493    0.09307    0.1013    0.1095    0.1177    0.1259    0.1342    0.1425    0.1507    0.159    0.1672    0.1755    0.1837    0.1919    0.2002    0.2084    0.2166    0.2248    0.233    0.2412    0.2494    0.2575    0.2657    0.2738    
SR88    6.193e-005    0.00356    0.009303    0.01654    0.02485    0.03393    0.04359    0.0537    0.07488    0.08582    0.09692    0.1082    0.1195    0.1309    0.1423    0.1538    0.1654    0.1769    0.1885    0.2    0.2116    0.2232    0.2347    0.2463    0.2579    0.2694    0.281    0.2925    0.304    0.3156    0.3271    0.3386    0.3501    0.3616    0.373    0.3845    
Y89    1.686e-006    0.001867    0.007201    0.01501    0.02455    0.03533    0.04701    0.05937    0.08499    0.09899    0.1129    0.1269    0.1411    0.1553    0.1696    0.184    0.1984    0.2128    0.2273    0.2418    0.2562    0.2707    0.2851    0.2995    0.314    0.3284    0.3428    0.3572    0.3715    0.3859    0.4002    0.4145    0.4288    0.4431    0.4573    0.4716    
SR90    9.346e-005    0.005268    0.01394    0.0249    0.03746    0.05113    0.06561    0.08067    0.1121    0.128    0.1442    0.1603    0.1765    0.1927    0.2088    0.2249    0.2409    0.2568    0.2725    0.2882    0.3037    0.3191    0.3344    0.3496    0.3646    0.3795    0.3942    0.4088    0.4233    0.4377    0.4519    0.466    0.48    0.4938    0.5076    0.5212    
Y91    8.971e-005    0.003958    0.007231    0.00962    0.01133    0.01258    0.01351    0.01422    0.01615    0.01576    0.01584    0.016    0.01615    0.01626    0.01635    0.01642    0.01646    0.0165    0.01652    0.01653    0.01654    0.01654    0.01654    0.01654    0.01653    0.01653    0.01652    0.01651    0.0165    0.01649    0.01648    0.01647    0.01645    0.01644    0.01643    0.01642    
ZR91    1.364e-006    0.002337    0.009504    0.02039    0.03395    0.04944    0.06634    0.08431    0.1215    0.1421    0.1625    0.1831    0.2039    0.2248    0.2459    0.267    0.2882    0.3094    0.3307    0.3519    0.3732    0.3944    0.4157    0.4369    0.4581    0.4792    0.5004    0.5215    0.5426    0.5637    0.5847    0.6057    0.6267    0.6476    0.6686    0.6895    
ZR92    0.000109    0.007306    0.01972    0.03564    0.05405    0.0743    0.09594    0.1186    0.1664    0.1911    0.2162    0.2416    0.2673    0.2932    0.3192    0.3453    0.3715    0.3978    0.4241    0.4504    0.4768    0.5032    0.5295    0.5559    0.5823    0.6086    0.635    0.6613    0.6877    0.714    0.7404    0.7667    0.793    0.8193    0.8456    0.8719    
ZR93    0.0001167    0.008987    0.02464    0.04484    0.06826    0.09403    0.1215    0.1504    0.2109    0.2421    0.2738    0.3058    0.3381    0.3705    0.403    0.4355    0.4681    0.5006    0.5332    0.5656    0.598    0.6303    0.6625    0.6946    0.7266    0.7585    0.7903    0.822    0.8536    0.8851    0.9165    0.9478    0.979    1.01    1.041    1.072    
ZR94    0.0001273    0.008943    0.02537    0.04698    0.0723    0.1004    0.1305    0.1623    0.2294    0.2644    0.3    0.3361    0.3726    0.4095    0.4467    0.4841    0.5217    0.5595    0.5974    0.6354    0.6735    0.7117    0.75    0.7883    0.8268    0.8653    0.9038    0.9424    0.9811    1.02    1.059    1.097    1.136    1.175    1.214    1.253    
ZR95    0.0001615    0.00712    0.01405    0.01941    0.02336    0.02628    0.02849    0.03018    0.03459    0.03392    0.03416    0.03455    0.03491    0.0352    0.03543    0.0356    0.03572    0.03581    0.03587    0.03591    0.03593    0.03594    0.03594    0.03594    0.03593    0.03591    0.03589    0.03587    0.03585    0.03583    0.0358    0.03578    0.03575    0.03572    0.0357    0.03567    
NB95    2.563e-006    0.002132    0.005733    0.008854    0.01122    0.01298    0.01429    0.01529    0.01817    0.01773    0.01769    0.01786    0.01805    0.01822    0.01835    0.01845    0.01853    0.01858    0.01862    0.01865    0.01866    0.01867    0.01867    0.01867    0.01867    0.01866    0.01865    0.01864    0.01863    0.01862    0.0186    0.01859    0.01858    0.01857    0.01855    0.01854    
MO95    5.082e-008    0.001527    0.01019    0.02661    0.04916    0.07618    0.1064    0.1389    0.205    0.2437    0.2813    0.3188    0.3562    0.3937    0.4311    0.4683    0.5054    0.5422    0.5787    0.6149    0.6507    0.6862    0.7213    0.756    0.7903    0.8243    0.8578    0.891    0.9238    0.9562    0.9882    1.02    1.051    1.082    1.113    1.143    
ZR96    0.0001638    0.01106    0.03108    0.05731    0.08801    0.122    0.1586    0.1971    0.2785    0.3208    0.3639    0.4076    0.4517    0.4961    0.5408    0.5857    0.6307    0.6758    0.721    0.7662    0.8114    0.8565    0.9017    0.9468    0.9919    1.037    1.082    1.127    1.172    1.217    1.261    1.306    1.351    1.395    1.44    1.485    
MO96    1.613e-009    1.068e-005    9.555e-005    0.0003407    0.0008194    0.001586    0.002678    0.004125    0.008099    0.01068    0.01369    0.0171    0.02092    0.02515    0.02979    0.03483    0.04028    0.04612    0.05236    0.05899    0.066    0.0734    0.08117    0.08932    0.09783    0.1067    0.1159    0.1255    0.1354    0.1457    0.1563    0.1673    0.1785    0.1901    0.202    0.2143    
MO97    0.0001154    0.01166    0.03315    0.06138    0.09445    0.1311    0.1705    0.212    0.2995    0.345    0.3913    0.4381    0.4854    0.533    0.5809    0.629    0.6771    0.7253    0.7735    0.8218    0.87    0.9181    0.9662    1.014    1.062    1.11    1.158    1.206    1.253    1.301    1.348    1.396    1.443    1.49    1.538    1.585    
MO98    0.0001782    0.01247    0.03543    0.06569    0.1012    0.1408    0.1834    0.2284    0.3238    0.3735    0.4242    0.4758    0.5279    0.5805    0.6335    0.6869    0.7404    0.7942    0.8481    0.9021    0.9562    1.01    1.065    1.119    1.173    1.227    1.282    1.336    1.391    1.445    1.499    1.554    1.608    1.663    1.717    1.772    
TC99    5.221e-005    0.01256    0.03613    0.06689    0.1026    0.1417    0.1833    0.2265    0.3159    0.3613    0.4068    0.452    0.4969    0.5413    0.5851    0.6282    0.6705    0.712    0.7527    0.7926    0.8316    0.8697    0.907    0.9434    0.979    1.014    1.048    1.081    1.113    1.145    1.176    1.206    1.235    1.264    1.292    1.32    
MO100    0.0001926    0.01431    0.04125    0.07697    0.119    0.1658    0.2162    0.2695    0.3822    0.4409    0.5007    0.5614    0.6227    0.6845    0.7468    0.8093    0.872    0.9348    0.9977    1.061    1.124    1.187    1.25    1.312    1.375    1.438    1.501    1.564    1.626    1.689    1.751    1.814    1.876    1.938    2.001    2.063    
RU100    1.331e-008    0.0001265    0.0007036    0.001939    0.003973    0.006901    0.01079    0.01569    0.02862    0.03669    0.04582    0.05602    0.06728    0.07958    0.09291    0.1072    0.1226    0.1389    0.1561    0.1743    0.1934    0.2134    0.2342    0.2559    0.2784    0.3016    0.3257    0.3505    0.3761    0.4023    0.4293    0.4569    0.4852    0.5141    0.5436    0.5738    
RU101    0.0002024    0.01366    0.03826    0.07041    0.108    0.1496    0.1942    0.2412    0.3401    0.3913    0.4433    0.4957    0.5485    0.6015    0.6544    0.7074    0.7602    0.8128    0.8652    0.9173    0.9692    1.021    1.072    1.123    1.173    1.223    1.273    1.323    1.372    1.421    1.469    1.518    1.565    1.613    1.66    1.707    
RU102    0.0002082    0.01408    0.03969    0.07351    0.1134    0.1581    0.2066    0.2583    0.3689    0.4271    0.4869    0.548    0.6101    0.6732    0.737    0.8016    0.8667    0.9324    0.9986    1.065    1.132    1.2    1.267    1.336    1.404    1.473    1.542    1.611    1.681    1.751    1.821    1.891    1.962    2.033    2.105    2.176    
RU103    0.0001792    0.007696    0.01441    0.01928    0.02282    0.02547    0.02752    0.02912    0.03292    0.03242    0.03291    0.03341    0.03381    0.03413    0.03438    0.03457    0.03472    0.03483    0.03492    0.03498    0.03503    0.03507    0.03509    0.03511    0.03513    0.03514    0.03514    0.03515    0.03515    0.03516    0.03516    0.03516    0.03516    0.03516    0.03516    0.03516    
RH103    4.675e-006    0.00636    0.02534    0.05275    0.08492    0.1194    0.1547    0.1898    0.2557    0.2884    0.3181    0.3458    0.3715    0.3954    0.4175    0.4378    0.4564    0.4735    0.489    0.5032    0.5161    0.5278    0.5384    0.548    0.5567    0.5645    0.5717    0.5781    0.5839    0.5892    0.5939    0.5982    0.6021    0.6056    0.6087    0.6115    
RU104    0.0001694    0.01284    0.03723    0.06979    0.1084    0.1517    0.1986    0.2486    0.3552    0.4111    0.4683    0.5264    0.5853    0.6448    0.7048    0.7651    0.8256    0.8863    0.9471    1.008    1.069    1.13    1.191    1.252    1.312    1.373    1.434    1.494    1.555    1.615    1.676    1.736    1.796    1.856    1.916    1.976    
PD104    4.846e-009    0.0002151    0.00185    0.005988    0.01327    0.02405    0.03844    0.05648    0.1027    0.1311    0.1625    0.1969    0.234    0.2736    0.3156    0.3596    0.4056    0.4533    0.5027    0.5535    0.6056    0.6589    0.7132    0.7685    0.8247    0.8816    0.9392    0.9974    1.056    1.115    1.175    1.235    1.295    1.356    1.417    1.478    
PD105    5.467e-005    0.009829    0.02928    0.05536    0.08624    0.1207    0.158    0.1974    0.2808    0.3242    0.3683    0.4129    0.4578    0.5029    0.548    0.5932    0.6382    0.683    0.7277    0.7721    0.8162    0.8601    0.9037    0.9469    0.9899    1.033    1.075    1.117    1.159    1.2    1.241    1.282    1.323    1.363    1.403    1.442    
RU106    9.075e-005    0.007661    0.02143    0.03794    0.05532    0.07252    0.08898    0.1044    0.1349    0.1457    0.1553    0.1638    0.1712    0.1777    0.1832    0.1879    0.1919    0.1953    0.1981    0.2004    0.2024    0.2039    0.2052    0.2062    0.207    0.2077    0.2082    0.2086    0.2088    0.209    0.2092    0.2092    0.2093    0.2093    0.2092    0.2092    
PD106    4.831e-006    0.001461    0.006209    0.0151    0.02844    0.04628    0.06847    0.09478    0.1551    0.1928    0.2332    0.2762    0.3214    0.3687    0.4177    0.4684    0.5204    0.5737    0.6281    0.6836    0.7399    0.797    0.8548    0.9133    0.9724    1.032    1.092    1.153    1.214    1.275    1.337    1.4    1.462    1.525    1.589    1.652    
PD107    5.392e-005    0.005729    0.0178    0.03446    0.05464    0.07762    0.1029    0.1301    0.1888    0.2198    0.2516    0.2839    0.3167    0.3498    0.3831    0.4164    0.4498    0.4832    0.5165    0.5497    0.5827    0.6156    0.6483    0.6808    0.7132    0.7453    0.7772    0.809    0.8405    0.8719    0.903    0.9339    0.9646    0.9951    1.025    1.056    
PD108    3.591e-005    0.003947    0.01235    0.02399    0.03814    0.05431    0.07213    0.09133    0.1329    0.1549    0.1774    0.2003    0.2235    0.2469    0.2704    0.2939    0.3174    0.3409    0.3642    0.3875    0.4106    0.4335    0.4563    0.4789    0.5013    0.5236    0.5457    0.5675    0.5892    0.6107    0.632    0.6532    0.6741    0.6949    0.7155    0.7359    
AG109    2.047e-005    0.002624    0.007872    0.01479    0.02281    0.03156    0.04079    0.0503    0.06959    0.07918    0.08862    0.09784    0.1068    0.1155    0.1239    0.132    0.1399    0.1474    0.1546    0.1616    0.1683    0.1747    0.1809    0.1869    0.1928    0.1984    0.2038    0.2091    0.2142    0.2192    0.2241    0.2288    0.2334    0.238    0.2424    0.2467    
PD110    2.229e-005    0.001532    0.004355    0.008138    0.01268    0.01786    0.02358    0.02976    0.04322    0.05039    0.05778    0.06535    0.07306    0.08089    0.08881    0.09679    0.1048    0.1129    0.121    0.1291    0.1372    0.1454    0.1535    0.1616    0.1697    0.1779    0.186    0.1941    0.2022    0.2102    0.2183    0.2264    0.2344    0.2425    0.2505    0.2585    
CD110    2.533e-008    0.0001066    0.000627    0.001777    0.003697    0.006482    0.01019    0.01486    0.02713    0.03475    0.04333    0.05284    0.06327    0.07457    0.08672    0.09967    0.1134    0.1279    0.143    0.1588    0.1753    0.1924    0.21    0.2282    0.2469    0.2661    0.2858    0.306    0.3265    0.3475    0.3689    0.3907    0.4129    0.4354    0.4583    0.4815    
CD111    2.617e-006    0.0009416    0.002565    0.004639    0.007076    0.009821    0.01283    0.01608    0.02317    0.02696    0.03088    0.03493    0.03909    0.04334    0.04768    0.05209    0.05659    0.06116    0.0658    0.07051    0.07528    0.08013    0.08505    0.09004    0.0951    0.1002    0.1054    0.1107    0.1161    0.1215    0.1271    0.1327    0.1384    0.1441    0.15    0.1559    
CD112    1.193e-005    0.0007861    0.001841    0.003099    0.004529    0.006111    0.00783    0.009671    0.01368    0.01582    0.01804    0.02033    0.02269    0.02511    0.02758    0.0301    0.03266    0.03527    0.03792    0.04062    0.04335    0.04612    0.04893    0.05178    0.05466    0.05759    0.06055    0.06356    0.0666    0.06968    0.07281    0.07598    0.07919    0.08244    0.08573    0.08907    
CD114    1.701e-005    0.001197    0.002746    0.004511    0.00645    0.008532    0.01074    0.01305    0.01792    0.02045    0.02304    0.02566    0.02832    0.031    0.0337    0.03641    0.03913    0.04186    0.0446    0.04733    0.05007    0.05281    0.05555    0.05828    0.06101    0.06374    0.06647    0.06919    0.07191    0.07463    0.07734    0.08005    0.08276    0.08546    0.08817    0.09086    
SB123    1.412e-005    0.0005504    0.001226    0.001987    0.002807    0.003666    0.004552    0.005456    0.007276    0.008209    0.009138    0.01006    0.01098    0.0119    0.01281    0.01371    0.0146    0.01549    0.01637    0.01724    0.0181    0.01896    0.0198    0.02064    0.02146    0.02228    0.02309    0.0239    0.02469    0.02548    0.02625    0.02702    0.02778    0.02854    0.02928    0.03002    
SN124    1.915e-005    0.0007243    0.001585    0.002537    0.003554    0.004616    0.005711    0.00683    0.009117    0.01028    0.01144    0.01262    0.01379    0.01497    0.01614    0.01732    0.01849    0.01966    0.02084    0.022    0.02317    0.02434    0.0255    0.02665    0.02781    0.02896    0.03011    0.03126    0.0324    0.03354    0.03468    0.03582    0.03695    0.03808    0.0392    0.04032    
SB125    1.538e-005    0.0008813    0.002022    0.003269    0.00455    0.005821    0.007056    0.008239    0.01054    0.01152    0.01243    0.01328    0.01407    0.01481    0.01548    0.01611    0.01668    0.01721    0.0177    0.01814    0.01855    0.01893    0.01928    0.01959    0.01988    0.02015    0.02039    0.02061    0.02081    0.021    0.02117    0.02132    0.02146    0.02159    0.02171    0.02182    
SN126    2.57e-005    0.001147    0.002756    0.004677    0.00681    0.009093    0.01148    0.01395    0.01904    0.02164    0.02426    0.0269    0.02955    0.0322    0.03487    0.03753    0.0402    0.04287    0.04554    0.0482    0.05087    0.05353    0.05619    0.05885    0.0615    0.06415    0.0668    0.06944    0.07208    0.07472    0.07735    0.07999    0.08261    0.08524    0.08786    0.09048    
I127    5.02e-006    0.001643    0.004488    0.008119    0.01229    0.01683    0.02162    0.02657    0.03669    0.04189    0.04707    0.05224    0.05738    0.06248    0.06754    0.07255    0.07751    0.08242    0.08726    0.09205    0.09678    0.1014    0.106    0.1106    0.1151    0.1195    0.1239    0.1282    0.1324    0.1366    0.1407    0.1448    0.1488    0.1528    0.1567    0.1606    
TE128    5.343e-005    0.003059    0.008075    0.01441    0.02166    0.02955    0.0379    0.0466    0.06467    0.07395    0.08333    0.0928    0.1023    0.1119    0.1215    0.1311    0.1407    0.1504    0.16    0.1697    0.1793    0.189    0.1986    0.2082    0.2179    0.2275    0.2371    0.2467    0.2563    0.2659    0.2754    0.285    0.2946    0.3041    0.3137    0.3232    
I129    5.463e-005    0.004197    0.01189    0.02191    0.03349    0.04611    0.05944    0.07324    0.1016    0.116    0.1305    0.1449    0.1592    0.1734    0.1875    0.2015    0.2153    0.2289    0.2424    0.2557    0.2688    0.2818    0.2946    0.3072    0.3196    0.3318    0.3439    0.3558    0.3675    0.3791    0.3904    0.4017    0.4127    0.4236    0.4344    0.445    
TE130    0.0001108    0.007368    0.02058    0.0378    0.05786    0.07997    0.1036    0.1285    0.1806    0.2076    0.235    0.2628    0.2908    0.319    0.3473    0.3757    0.4042    0.4327    0.4613    0.4899    0.5185    0.5471    0.5757    0.6042    0.6328    0.6613    0.6898    0.7183    0.7468    0.7752    0.8036    0.832    0.8604    0.8887    0.9171    0.9454    
XE130    9.475e-009    3.252e-005    0.0001624    0.0004242    0.0008411    0.001428    0.002196    0.003152    0.00564    0.007178    0.008912    0.01084    0.01297    0.01529    0.0178    0.02049    0.02338    0.02645    0.0297    0.03313    0.03674    0.04052    0.04447    0.04859    0.05287    0.05732    0.06193    0.06669    0.07161    0.07668    0.08191    0.08727    0.09279    0.09844    0.1042    0.1102    
XE131    1.706e-005    0.009368    0.02757    0.0506    0.07633    0.1034    0.131    0.1584    0.2114    0.2364    0.2604    0.2831    0.3045    0.3247    0.3436    0.3613    0.3778    0.3932    0.4075    0.4207    0.433    0.4443    0.4548    0.4645    0.4735    0.4818    0.4894    0.4964    0.5029    0.5089    0.5144    0.5195    0.5241    0.5284    0.5323    0.5359    
XE132    5.731e-005    0.01485    0.04417    0.08415    0.1326    0.1879    0.2492    0.3156    0.461    0.5392    0.6205    0.7045    0.791    0.8796    0.9702    1.063    1.156    1.252    1.348    1.446    1.545    1.644    1.745    1.846    1.948    2.05    2.153    2.257    2.361    2.466    2.571    2.676    2.781    2.887    2.993    3.1    
CS133    2.306e-005    0.01786    0.05313    0.09928    0.1527    0.2111    0.2728    0.3367    0.4673    0.5332    0.5987    0.6635    0.7273    0.7901    0.8516    0.9117    0.9703    1.027    1.083    1.137    1.19    1.241    1.29    1.338    1.385    1.43    1.474    1.516    1.557    1.597    1.636    1.673    1.709    1.744    1.778    1.811    
XE134    0.0002977    0.02157    0.06137    0.114    0.1761    0.2454    0.3205    0.4001    0.5697    0.6584    0.749    0.8412    0.9345    1.029    1.124    1.219    1.315    1.411    1.508    1.604    1.701    1.797    1.894    1.991    2.087    2.184    2.28    2.376    2.473    2.569    2.665    2.761    2.857    2.953    3.049    3.145    
CS134    6.61e-009    0.0002207    0.001226    0.003271    0.006441    0.01073    0.01608    0.02239    0.03796    0.04646    0.05551    0.06502    0.07488    0.08501    0.09533    0.1058    0.1163    0.1268    0.1373    0.1477    0.158    0.1682    0.1782    0.1881    0.1977    0.2072    0.2165    0.2255    0.2343    0.2429    0.2513    0.2594    0.2674    0.2751    0.2826    0.2899    
BA134    4.441e-012    6.136e-006    6.993e-005    0.0002902    0.0007851    0.001677    0.003085    0.00512    0.01096    0.01547    0.02093    0.02738    0.03488    0.04344    0.05311    0.06388    0.07578    0.0888    0.1029    0.1182    0.1345    0.1519    0.1704    0.19    0.2105    0.2321    0.2546    0.2781    0.3025    0.3278    0.354    0.381    0.4088    0.4374    0.4668    0.4969    
CS135    5.046e-005    0.004575    0.01341    0.02522    0.03924    0.055    0.0722    0.09063    0.1303    0.1517    0.1738    0.1967    0.2202    0.2444    0.2692    0.2945    0.3205    0.3469    0.3738    0.4013    0.4291    0.4575    0.4862    0.5154    0.545    0.5749    0.6052    0.6359    0.6669    0.6982    0.7297    0.7616    0.7938    0.8262    0.8588    0.8917    
XE136    0.000447    0.03546    0.1021    0.1906    0.2952    0.4119    0.5382    0.6721    0.9572    1.106    1.258    1.413    1.569    1.727    1.886    2.046    2.207    2.368    2.53    2.691    2.853    3.015    3.177    3.339    3.501    3.663    3.824    3.986    4.147    4.309    4.47    4.631    4.793    4.954    5.114    5.275    
BA136    4.616e-008    0.0001457    0.0006108    0.001331    0.002259    0.003363    0.004625    0.006037    0.00936    0.01121    0.01319    0.01531    0.01758    0.02001    0.02258    0.02532    0.02821    0.03127    0.03449    0.03788    0.04145    0.04519    0.04912    0.05322    0.05751    0.06199    0.06666    0.07152    0.07658    0.08183    0.08729    0.09295    0.09881    0.1049    0.1112    0.1177    
CS137    0.0002473    0.01845    0.05314    0.09905    0.153    0.2128    0.2772    0.3449    0.4881    0.562    0.6368    0.7124    0.7884    0.8645    0.9407    1.017    1.093    1.168    1.243    1.318    1.392    1.465    1.538    1.611    1.683    1.754    1.825    1.895    1.965    2.034    2.102    2.17    2.237    2.304    2.37    2.436    
BA137    3.277e-008    5.328e-005    0.0003087    0.0008695    0.001808    0.003175    0.005011    0.007344    0.01307    0.01701    0.02151    0.02658    0.03221    0.03842    0.04519    0.05253    0.06044    0.06891    0.07793    0.08752    0.09765    0.1083    0.1196    0.1313    0.1436    0.1564    0.1698    0.1836    0.198    0.2129    0.2283    0.2441    0.2605    0.2774    0.2947    0.3125    
BA138    0.0002468    0.01747    0.04965    0.09218    0.1424    0.1984    0.259    0.3234    0.4605    0.5323    0.6056    0.6802    0.7557    0.832    0.9089    0.9863    1.064    1.142    1.22    1.298    1.377    1.455    1.533    1.612    1.69    1.769    1.847    1.925    2.004    2.082    2.16    2.238    2.316    2.395    2.473    2.551    
LA139    0.000248    0.01743    0.04919    0.09099    0.1401    0.1949    0.2539    0.3165    0.4492    0.5185    0.589    0.6606    0.7329    0.8058    0.8791    0.9525    1.026    1.1    1.173    1.247    1.32    1.394    1.467    1.54    1.612    1.685    1.757    1.829    1.901    1.972    2.044    2.115    2.185    2.256    2.326    2.396    
BA140    0.0002149    0.003984    0.006274    0.007916    0.009137    0.01008    0.01082    0.01142    0.01241    0.0126    0.01284    0.01304    0.01319    0.01331    0.0134    0.01347    0.01351    0.01355    0.01357    0.01359    0.0136    0.0136    0.01361    0.0136    0.0136    0.01359    0.01358    0.01358    0.01357    0.01356    0.01355    0.01354    0.01353    0.01352    0.01351    0.0135    
CE140    5.671e-006    0.01262    0.04172    0.08183    0.13    0.1843    0.2435    0.3065    0.4424    0.5134    0.586    0.6601    0.7353    0.8114    0.8883    0.9658    1.044    1.122    1.201    1.28    1.359    1.439    1.519    1.599    1.679    1.759    1.84    1.92    2.001    2.082    2.163    2.244    2.325    2.406    2.488    2.57    
CE141    0.0001966    0.0077    0.01363    0.01784    0.0209    0.02319    0.02495    0.02634    0.02942    0.02911    0.02958    0.03    0.03034    0.03061    0.03081    0.03096    0.03107    0.03115    0.03121    0.03125    0.03127    0.03129    0.03129    0.03129    0.03129    0.03128    0.03127    0.03126    0.03124    0.03123    0.03121    0.0312    0.03118    0.03116    0.03114    0.03113    
PR141    6.325e-006    0.008271    0.03209    0.06711    0.1101    0.1587    0.2117    0.2679    0.3862    0.4493    0.5126    0.5766    0.6412    0.7061    0.7712    0.8363    0.9015    0.9665    1.031    1.096    1.16    1.225    1.288    1.352    1.415    1.478    1.541    1.603    1.665    1.726    1.787    1.848    1.909    1.969    2.029    2.088    
CE142    0.0002119    0.0154    0.04382    0.08132    0.1254    0.1744    0.2273    0.2832    0.4017    0.4635    0.5265    0.5904    0.6551    0.7203    0.786    0.8519    0.9181    0.9845    1.051    1.117    1.184    1.251    1.317    1.384    1.45    1.516    1.583    1.649    1.715    1.782    1.848    1.914    1.98    2.046    2.111    2.177    
ND142    1.341e-010    1.367e-005    0.0001134    0.0003647    0.0008132    0.001491    0.002422    0.003624    0.006867    0.008942    0.01132    0.01401    0.01701    0.02032    0.02394    0.02787    0.03211    0.03665    0.0415    0.04665    0.0521    0.05784    0.06389    0.07022    0.07684    0.08374    0.09093    0.0984    0.1061    0.1142    0.1224    0.131    0.1398    0.1489    0.1583    0.1679    
PR143    9.222e-005    0.003486    0.005488    0.006913    0.007966    0.008771    0.009403    0.009905    0.01089    0.01089    0.0111    0.01126    0.01139    0.01149    0.01157    0.01162    0.01167    0.0117    0.01172    0.01174    0.01175    0.01175    0.01176    0.01176    0.01176    0.01176    0.01175    0.01175    0.01174    0.01174    0.01174    0.01173    0.01173    0.01172    0.01171    0.01171    
ND143    5.309e-006    0.01009    0.03243    0.06174    0.09513    0.1308    0.1675    0.2044    0.2787    0.3136    0.3468    0.3786    0.4089    0.4376    0.4647    0.4902    0.5141    0.5366    0.5576    0.5772    0.5955    0.6125    0.6284    0.6432    0.6569    0.6697    0.6816    0.6926    0.7029    0.7125    0.7214    0.7296    0.7373    0.7444    0.7511    0.7572    
CE144    0.0001929    0.0115    0.02895    0.04822    0.0672    0.08488    0.1008    0.115    0.1427    0.1506    0.1574    0.1632    0.1682    0.1723    0.1757    0.1785    0.1808    0.1826    0.1841    0.1853    0.1862    0.1869    0.1874    0.1878    0.1881    0.1883    0.1884    0.1884    0.1884    0.1884    0.1884    0.1883    0.1882    0.1881    0.188    0.1878    
ND144    7.367e-007    0.001561    0.008616    0.02295    0.04517    0.07528    0.1129    0.1577    0.2622    0.3263    0.3949    0.4677    0.5443    0.6243    0.7075    0.7933    0.8817    0.9723    1.065    1.159    1.255    1.353    1.451    1.551    1.652    1.754    1.857    1.96    2.064    2.169    2.274    2.38    2.486    2.593    2.7    2.807    
ND145    0.0001492    0.0106    0.02904    0.05272    0.08    0.1098    0.1415    0.1743    0.2423    0.2769    0.3115    0.346    0.3803    0.4142    0.4478    0.4808    0.5134    0.5453    0.5767    0.6076    0.6378    0.6675    0.6965    0.725    0.7529    0.7802    0.807    0.8332    0.8589    0.8841    0.9088    0.933    0.9567    0.9799    1.003    1.025    
ND146    0.0001499    0.009374    0.02588    0.04765    0.07354    0.1028    0.1349    0.1694    0.2446    0.2849    0.3267    0.3699    0.4143    0.4598    0.5065    0.554    0.6025    0.6519    0.7021    0.753    0.8047    0.8571    0.9102    0.964    1.018    1.073    1.129    1.185    1.242    1.299    1.357    1.416    1.474    1.534    1.594    1.654    
PM147    1.012e-005    0.005146    0.01409    0.02399    0.03366    0.04257    0.0505    0.05744    0.06948    0.07357    0.07703    0.07994    0.08237    0.08439    0.08606    0.08743    0.08855    0.08945    0.09018    0.09077    0.09124    0.09162    0.09192    0.09217    0.09236    0.09252    0.09265    0.09276    0.09285    0.09292    0.09299    0.09305    0.0931    0.09315    0.0932    0.09324    
SM147    7.427e-009    0.0001425    0.0008866    0.002383    0.004617    0.0075    0.01092    0.01477    0.02269    0.02731    0.03197    0.03662    0.04121    0.04572    0.05011    0.05437    0.05847    0.06242    0.06619    0.0698    0.07323    0.07649    0.07959    0.08252    0.08529    0.08791    0.09039    0.09273    0.09493    0.09701    0.09898    0.1008    0.1026    0.1042    0.1058    0.1072    
ND148    9.976e-005    0.006232    0.0171    0.03123    0.04776    0.06612    0.08592    0.1069    0.1513    0.1745    0.1981    0.2221    0.2464    0.2708    0.2953    0.32    0.3447    0.3694    0.3941    0.4188    0.4435    0.4681    0.4927    0.5172    0.5417    0.566    0.5903    0.6146    0.6388    0.6629    0.6869    0.7108    0.7347    0.7585    0.7823    0.8059    
SM148    1.583e-009    0.0002768    0.001691    0.004613    0.009136    0.01522    0.02276    0.03164    0.05316    0.06537    0.07841    0.09219    0.1066    0.1216    0.1372    0.1531    0.1695    0.1863    0.2033    0.2206    0.2382    0.256    0.274    0.2922    0.3105    0.329    0.3476    0.3663    0.3851    0.4041    0.423    0.4421    0.4612    0.4804    0.4996    0.5189    
ND150    6.1e-005    0.003735    0.01021    0.01862    0.02847    0.03942    0.05125    0.06378    0.09043    0.1044    0.1186    0.133    0.1476    0.1624    0.1772    0.1921    0.207    0.222    0.237    0.2519    0.2669    0.2818    0.2967    0.3116    0.3265    0.3413    0.3561    0.3709    0.3856    0.4003    0.4149    0.4295    0.4441    0.4587    0.4732    0.4876    
SM150    4.878e-006    0.004483    0.01325    0.02513    0.03938    0.05546    0.07293    0.09141    0.1309    0.1509    0.1709    0.1909    0.2108    0.2303    0.2495    0.2683    0.2867    0.3047    0.3221    0.3391    0.3556    0.3717    0.3872    0.4023    0.4169    0.431    0.4448    0.4581    0.4709    0.4834    0.4955    0.5073    0.5187    0.5297    0.5404    0.5508    
SM152    2.846e-005    0.003122    0.009632    0.01807    0.02749    0.03732    0.04723    0.05701    0.07573    0.08459    0.09303    0.1011    0.1087    0.1159    0.1227    0.1292    0.1353    0.1411    0.1465    0.1517    0.1567    0.1614    0.1658    0.1701    0.1742    0.1781    0.1818    0.1854    0.1888    0.1921    0.1953    0.1984    0.2013    0.2042    0.2069    0.2096    
EU153    7.861e-006    0.001425    0.004484    0.00908    0.01504    0.02213    0.03013    0.03883    0.0575    0.06715    0.07684    0.08646    0.09593    0.1052    0.1142    0.1229    0.1312    0.1393    0.147    0.1543    0.1613    0.168    0.1744    0.1805    0.1863    0.1918    0.1971    0.2021    0.2069    0.2115    0.2158    0.22    0.2241    0.2279    0.2316    0.2351    
SM154    1.206e-005    0.0009054    0.002621    0.004919    0.007655    0.01074    0.0141    0.01768    0.02539    0.02944    0.03358    0.0378    0.04208    0.0464    0.05076    0.05513    0.05952    0.06392    0.06832    0.07271    0.0771    0.08149    0.08586    0.09022    0.09457    0.09891    0.1032    0.1075    0.1118    0.1161    0.1204    0.1246    0.1288    0.133    0.1372    0.1414    
EU154    1.591e-008    9.875e-005    0.0005344    0.001455    0.002943    0.005022    0.007675    0.01085    0.01854    0.02284    0.02738    0.03207    0.03685    0.04166    0.04646    0.05121    0.05586    0.0604    0.06481    0.06908    0.07318    0.07713    0.08092    0.08454    0.088    0.09131    0.09447    0.09748    0.1004    0.1031    0.1057    0.1082    0.1106    0.1129    0.1151    0.1172    
EU155    7.206e-006    0.0003936    0.0009136    0.001486    0.002139    0.002912    0.003829    0.004897    0.007478    0.008917    0.01045    0.01204    0.01368    0.01534    0.017    0.01866    0.02029    0.02189    0.02345    0.02497    0.02643    0.02784    0.02919    0.03049    0.03173    0.03292    0.03406    0.03514    0.03618    0.03717    0.03812    0.03902    0.03989    0.04071    0.0415    0.04226    
GD156    2.192e-007    0.0003713    0.001531    0.003456    0.006131    0.009597    0.01394    0.01928    0.03431    0.04341    0.05379    0.06562    0.07893    0.09374    0.1101    0.1279    0.1471    0.1678    0.1899    0.2133    0.2379    0.2638    0.2907    0.3188    0.3479    0.3779    0.4088    0.4406    0.4731    0.5064    0.5403    0.5749    0.6101    0.6457    0.6819    0.7186    
GD158    2.139e-006    0.0003885    0.001186    0.002296    0.003666    0.005264    0.007073    0.009085    0.01377    0.01639    0.01919    0.0222    0.02541    0.02884    0.03249    0.03637    0.04049    0.04485    0.04947    0.05435    0.05951    0.06494    0.07066    0.07667    0.08299    0.08961    0.09654    0.1038    0.1114    0.1192    0.1275    0.136    0.1449    0.1541    0.1637    0.1736    
