TIME    3   50   100   150   200   250   300   350   400   450   500   550   600   650   700   750   800   850   900   950   1000   1050   1100   1150   1200   1250   1300   1350   1400   1450   1500   1550   1600   
NEUT_PROD    146   141   136   131   126   121   117   112   108   104   100   96.5   92.9   89.4   86.1   82.9   79.8   76.8   74   71.2   68.6   66.1   63.6   61.3   59   56.8   54.7   52.7   50.8   48.9   47.2   45.4   43.8   
NEUT_DEST    75.5   77   74.9   72.9   70.9   69   67.1   65.3   63.6   61.9   60.2   58.6   57.1   55.6   54.1   52.8   51.4   50.1   48.8   47.6   46.4   45.3   44.2   43.1   42   41   40.1   39.1   38.2   37.3   36.5   35.6   34.9   
BUd    5.86e-14    27.1    27.8    26.7    25.7    24.8    23.8    22.9    22.1    21.3    20.5    19.7    19    18.3    17.6    16.9    16.3    15.7    15.1    14.6    14    13.5    13    12.5    12.1    11.6    11.2    10.8    10.4    9.99    9.62    9.27    8.93    
U234    1.104e-17    0.005037    0.01007    0.01478    0.01919    0.02333    0.0272    0.03083    0.03425    0.03746    0.0405    0.04339    0.04614    0.04877    0.05131    0.05377    0.05617    0.05853    0.06087    0.0632    0.06554    0.06791    0.07032    0.07278    0.07531    0.07792    0.08062    0.08342    0.08634    0.08938    0.09255    0.09587    0.09933    
U235    1000    964.8    928.6    893.9    860.4    828.2    797.1    767.3    738.6    710.9    684.3    658.7    634    610.2    587.4    565.4    544.2    523.8    504.2    485.4    467.2    449.7    432.8    416.6    401    386    371.6    357.7    344.3    331.4    319    307    295.5    
U236    1.532e-14    7.051    14.23    21.08    27.63    33.88    39.84    45.53    50.96    56.13    61.06    65.75    70.22    74.48    78.52    82.37    86.02    89.49    92.78    95.9    98.86    101.7    104.3    106.8    109.2    111.4    113.5    115.5    117.4    119.1    120.7    122.3    123.7    
U237    0    0.007323    0.01672    0.02571    0.0343    0.0425    0.05032    0.05778    0.0649    0.07169    0.07816    0.08432    0.09018    0.09576    0.1011    0.1061    0.1109    0.1155    0.1198    0.1239    0.1278    0.1315    0.1349    0.1382    0.1413    0.1443    0.147    0.1496    0.1521    0.1544    0.1566    0.1586    0.1605    
U238    0    0.000144    0.000737    0.001782    0.003258    0.005145    0.007424    0.01008    0.01308    0.01643    0.0201    0.02407    0.02834    0.03288    0.03769    0.04274    0.04803    0.05355    0.05927    0.0652    0.07132    0.07761    0.08408    0.0907    0.09747    0.1044    0.1114    0.1186    0.1259    0.1333    0.1408    0.1484    0.156    
NP237    0    0.01487    0.07526    0.1798    0.325    0.5072    0.7233    0.9702    1.245    1.545    1.868    2.211    2.571    2.948    3.339    3.742    4.155    4.577    5.007    5.442    5.881    6.324    6.77    7.216    7.662    8.108    8.552    8.994    9.432    9.867    10.3    10.72    11.14    
PU238    0    0.0001346    0.001524    0.005735    0.01418    0.02813    0.04868    0.07681    0.1133    0.159    0.2145    0.2802    0.3566    0.444    0.5426    0.6528    0.7744    0.9077    1.053    1.209    1.377    1.556    1.746    1.947    2.159    2.381    2.614    2.856    3.107    3.368    3.637    3.914    4.2    
PU239    0    7.728e-07    1.662e-05    9.08e-05    0.0002918    0.0007069    0.001437    0.002593    0.00429    0.006645    0.009778    0.0138    0.01883    0.02497    0.03231    0.04096    0.05099    0.06248    0.0755    0.0901    0.1064    0.1243    0.1439    0.1653    0.1884    0.2133    0.24    0.2685    0.2987    0.3306    0.3643    0.3996    0.4367    
SE78    4.173e-18    0.001978    0.004019    0.005987    0.007887    0.00972    0.01149    0.0132    0.01484    0.01644    0.01797    0.01945    0.02089    0.02227    0.0236    0.02489    0.02614    0.02734    0.02851    0.02963    0.03072    0.03177    0.03278    0.03376    0.03471    0.03563    0.03652    0.03738    0.03821    0.03901    0.03979    0.04054    0.04127    
SE79    1.092e-17    0.005055    0.01024    0.01523    0.02003    0.02465    0.02909    0.03337    0.03749    0.04145    0.04527    0.04894    0.05247    0.05587    0.05914    0.06229    0.06532    0.06824    0.07105    0.07375    0.07635    0.07885    0.08126    0.08358    0.08581    0.08796    0.09002    0.09201    0.09393    0.09577    0.09755    0.09925    0.1009    
SE80    2.626e-17    0.01212    0.02456    0.03652    0.04805    0.05914    0.06982    0.0801    0.09    0.09953    0.1087    0.1175    0.126    0.1342    0.1421    0.1497    0.157    0.1641    0.1708    0.1774    0.1837    0.1897    0.1955    0.2012    0.2066    0.2118    0.2168    0.2216    0.2263    0.2308    0.2351    0.2392    0.2433    
BR81    4.493e-17    0.02071    0.04187    0.06215    0.08159    0.1002    0.1181    0.1351    0.1515    0.1672    0.1822    0.1966    0.2103    0.2234    0.236    0.248    0.2595    0.2705    0.281    0.291    0.3006    0.3097    0.3184    0.3267    0.3347    0.3422    0.3494    0.3563    0.3628    0.369    0.3749    0.3805    0.3858    
SE82    7.086e-17    0.03271    0.06625    0.09853    0.1296    0.1595    0.1883    0.2161    0.2427    0.2684    0.2932    0.317    0.3399    0.362    0.3832    0.4037    0.4234    0.4423    0.4606    0.4781    0.4951    0.5113    0.527    0.5421    0.5567    0.5707    0.5842    0.5972    0.6097    0.6217    0.6333    0.6445    0.6552    
KR83    1.104e-16    0.05278    0.1058    0.1556    0.2021    0.2456    0.2862    0.3241    0.3594    0.3921    0.4226    0.4507    0.4768    0.5008    0.523    0.5433    0.5618    0.5788    0.5942    0.6081    0.6206    0.6318    0.6418    0.6506    0.6583    0.665    0.6706    0.6753    0.6792    0.6822    0.6844    0.686    0.6868    
KR84    2.251e-16    0.1046    0.2132    0.3191    0.4224    0.5232    0.6214    0.7172    0.8106    0.9017    0.9905    1.077    1.162    1.244    1.324    1.403    1.479    1.553    1.626    1.697    1.766    1.833    1.899    1.963    2.025    2.086    2.146    2.204    2.26    2.315    2.369    2.421    2.473    
KR85    5.978e-17    0.02737    0.05536    0.08207    0.1075    0.1318    0.155    0.177    0.198    0.218    0.237    0.2551    0.2723    0.2886    0.3041    0.3188    0.3328    0.346    0.3585    0.3704    0.3816    0.3922    0.4022    0.4116    0.4205    0.4289    0.4367    0.4441    0.451    0.4575    0.4636    0.4693    0.4745    
RB85    2.217e-16    0.102    0.2074    0.3091    0.4072    0.5019    0.5932    0.6814    0.7664    0.8485    0.9278    1.004    1.078    1.149    1.218    1.285    1.349    1.411    1.471    1.529    1.585    1.639    1.691    1.741    1.79    1.837    1.883    1.927    1.969    2.01    2.05    2.089    2.126    
KR86    4.496e-16    0.2076    0.4204    0.6253    0.8225    1.012    1.195    1.371    1.54    1.704    1.861    2.012    2.157    2.297    2.432    2.562    2.687    2.807    2.923    3.035    3.142    3.246    3.345    3.441    3.534    3.623    3.708    3.791    3.87    3.947    4.02    4.091    4.16    
RB87    5.824e-16    0.2685    0.5441    0.8095    1.065    1.311    1.547    1.775    1.994    2.206    2.409    2.604    2.792    2.974    3.148    3.316    3.477    3.633    3.783    3.927    4.066    4.199    4.328    4.452    4.571    4.686    4.796    4.902    5.005    5.103    5.198    5.29    5.378    
SR88    7.924e-16    0.3862    0.7838    1.167    1.535    1.89    2.232    2.56    2.877    3.182    3.475    3.758    4.03    4.292    4.544    4.787    5.021    5.246    5.463    5.672    5.873    6.066    6.253    6.432    6.605    6.772    6.932    7.087    7.235    7.379    7.517    7.65    7.778    
SR89    1.085e-15    0.3761    0.568    0.6504    0.6783    0.6792    0.6671    0.6489    0.628    0.6063    0.5845    0.5631    0.5423    0.5222    0.5028    0.4841    0.4661    0.4488    0.4321    0.416    0.4005    0.3857    0.3713    0.3576    0.3443    0.3315    0.3193    0.3074    0.2961    0.2851    0.2746    0.2645    0.2547    
Y89    2.248e-17    0.1353    0.4678    0.8902    1.348    1.815    2.277    2.729    3.166    3.589    3.997    4.391    4.769    5.134    5.485    5.822    6.147    6.46    6.761    7.051    7.33    7.599    7.857    8.106    8.346    8.576    8.798    9.012    9.217    9.415    9.606    9.789    9.966    
SR90    1.339e-15    0.6173    1.248    1.853    2.433    2.99    3.523    4.035    4.525    4.994    5.444    5.875    6.288    6.684    7.062    7.425    7.771    8.103    8.42    8.724    9.014    9.291    9.556    9.809    10.05    10.28    10.5    10.71    10.91    11.1    11.28    11.46    11.62    
ZR90    2.162e-18    0.001882    0.005923    0.01201    0.02006    0.03001    0.04178    0.0553    0.07049    0.0873    0.1056    0.1255    0.1467    0.1693    0.1932    0.2183    0.2446    0.272    0.3006    0.3301    0.3607    0.3922    0.4247    0.458    0.4921    0.527    0.5627    0.5991    0.6362    0.6739    0.7123    0.7512    0.7908    
Y91    1.104e-15    0.4826    0.7585    0.8927    0.9493    0.9637    0.9553    0.9349    0.9085    0.8794    0.8493    0.8191    0.7895    0.7606    0.7326    0.7056    0.6795    0.6543    0.6301    0.6068    0.5844    0.5628    0.542    0.522    0.5027    0.4842    0.4664    0.4492    0.4327    0.4168    0.4015    0.3868    0.3727    
ZR91    1.681e-17    0.1478    0.5266    1.023    1.572    2.142    2.712    3.273    3.819    4.349    4.861    5.355    5.831    6.289    6.73    7.155    7.564    7.957    8.336    8.7    9.051    9.388    9.713    10.03    10.33    10.62    10.89    11.16    11.42    11.67    11.91    12.14    12.36    
ZR92    1.356e-15    0.6566    1.336    1.989    2.619    3.225    3.808    4.371    4.912    5.433    5.935    6.419    6.884    7.333    7.765    8.181    8.582    8.968    9.34    9.698    10.04    10.38    10.7    11.01    11.3    11.59    11.87    12.13    12.39    12.64    12.87    13.1    13.33    
ZR93    1.248e-15    0.7114    1.45    2.159    2.842    3.497    4.128    4.733    5.316    5.875    6.413    6.929    7.425    7.902    8.36    8.8    9.223    9.629    10.02    10.39    10.75    11.1    11.43    11.75    12.05    12.35    12.63    12.9    13.16    13.41    13.64    13.87    14.09    
ZR94    1.526e-15    0.7047    1.429    2.127    2.799    3.448    4.074    4.677    5.259    5.82    6.361    6.883    7.387    7.873    8.342    8.794    9.231    9.652    10.06    10.45    10.83    11.2    11.55    11.89    12.22    12.54    12.85    13.14    13.43    13.71    13.98    14.24    14.49    
ZR95    1.556e-15    0.571    0.9089    1.084    1.165    1.192    1.189    1.168    1.139    1.104    1.068    1.031    0.994    0.9579    0.9228    0.8888    0.8559    0.8242    0.7937    0.7642    0.7359    0.7086    0.6824    0.6571    0.6328    0.6095    0.587    0.5653    0.5445    0.5245    0.5052    0.4867    0.4688    
NB95    2.479e-17    0.1176    0.3139    0.4682    0.5658    0.6184    0.6408    0.6443    0.6366    0.6224    0.6049    0.5856    0.5657    0.5458    0.5261    0.5069    0.4883    0.4702    0.4528    0.4361    0.4199    0.4043    0.3894    0.3749    0.3611    0.3477    0.3349    0.3225    0.3106    0.2992    0.2882    0.2776    0.2674    
MO95    4.925e-19    0.04095    0.2543    0.6431    1.154    1.735    2.35    2.974    3.593    4.198    4.785    5.351    5.896    6.419    6.92    7.4    7.86    8.299    8.72    9.122    9.505    9.872    10.22    10.56    10.88    11.18    11.47    11.75    12.01    12.26    12.5    12.73    12.94    
ZR96    1.569e-15    0.7243    1.467    2.182    2.87    3.532    4.169    4.782    5.373    5.941    6.487    7.013    7.519    8.007    8.475    8.927    9.361    9.779    10.18    10.57    10.94    11.3    11.64    11.98    12.3    12.6    12.9    13.18    13.46    13.72    13.98    14.22    14.46    
MO96    8.635e-20    0.0001554    0.001017    0.003344    0.007693    0.01439    0.02361    0.0354    0.04975    0.0666    0.08589    0.1075    0.1314    0.1574    0.1855    0.2156    0.2476    0.2814    0.3169    0.3541    0.3928    0.433    0.4747    0.5177    0.562    0.6075    0.6542    0.702    0.7509    0.8008    0.8516    0.9033    0.9559    
MO97    1.007e-15    0.6702    1.373    2.05    2.701    3.327    3.929    4.508    5.065    5.601    6.117    6.613    7.089    7.548    7.989    8.414    8.822    9.214    9.592    9.955    10.3    10.64    10.96    11.27    11.57    11.86    12.14    12.4    12.66    12.9    13.14    13.37    13.58    
MO98    1.49e-15    0.688    1.394    2.074    2.729    3.36    3.967    4.553    5.117    5.661    6.184    6.689    7.175    7.644    8.095    8.53    8.95    9.354    9.743    10.12    10.48    10.83    11.17    11.49    11.8    12.11    12.4    12.68    12.95    13.21    13.46    13.71    13.94    
MO99    1.082e-15    0.05906    0.05687    0.05477    0.05274    0.05079    0.04891    0.04711    0.04537    0.0437    0.04209    0.04054    0.03904    0.03761    0.03623    0.0349    0.03362    0.03239    0.0312    0.03007    0.02897    0.02792    0.0269    0.02592    0.02499    0.02408    0.02321    0.02238    0.02158    0.0208    0.02006    0.01935    0.01866    
TC99    4.246e-16    0.6445    1.364    2.048    2.697    3.313    3.898    4.452    4.977    5.474    5.944    6.388    6.808    7.204    7.577    7.929    8.26    8.571    8.863    9.137    9.394    9.633    9.857    10.07    10.26    10.44    10.61    10.76    10.9    11.03    11.15    11.26    11.36    
MO100    1.636e-15    0.7554    1.53    2.275    2.992    3.682    4.347    4.986    5.602    6.194    6.764    7.312    7.84    8.349    8.838    9.308    9.761    10.2    10.62    11.02    11.41    11.78    12.14    12.49    12.82    13.15    13.46    13.75    14.04    14.32    14.58    14.84    15.08    
RU100    5.925e-21    0.003878    0.01707    0.03913    0.06961    0.1081    0.1541    0.2073    0.2673    0.3337    0.4062    0.4844    0.5679    0.6566    0.7501    0.848    0.9502    1.056    1.166    1.28    1.396    1.516    1.638    1.763    1.891    2.02    2.152    2.286    2.421    2.558    2.697    2.837    2.978    
RU101    1.328e-15    0.6147    1.243    1.846    2.423    2.977    3.507    4.016    4.503    4.97    5.417    5.845    6.256    6.648    7.024    7.383    7.728    8.057    8.371    8.672    8.96    9.235    9.498    9.749    9.989    10.22    10.44    10.64    10.84    11.03    11.21    11.39    11.55    
RU102    1.123e-15    0.5212    1.058    1.577    2.079    2.565    3.035    3.49    3.931    4.357    4.77    5.169    5.556    5.931    6.294    6.646    6.988    7.318    7.639    7.95    8.252    8.545    8.829    9.105    9.373    9.634    9.887    10.13    10.37    10.6    10.83    11.05    11.26    
RU103    8.22e-16    0.2639    0.3734    0.4088    0.414    0.4071    0.3956    0.3824    0.369    0.3557    0.3427    0.3302    0.3182    0.3065    0.2954    0.2846    0.2742    0.2643    0.2547    0.2455    0.2366    0.2281    0.2199    0.2121    0.2045    0.1972    0.1902    0.1835    0.177    0.1708    0.1649    0.1591    0.1536    
RH103    2.159e-17    0.1232    0.3995    0.7194    1.039    1.341    1.619    1.873    2.103    2.31    2.495    2.66    2.806    2.935    3.048    3.145    3.229    3.299    3.358    3.406    3.443    3.471    3.491    3.503    3.507    3.505    3.497    3.483    3.465    3.442    3.414    3.383    3.349    
RU104    5.11e-16    0.2364    0.4795    0.7137    0.9394    1.157    1.366    1.567    1.761    1.947    2.127    2.3    2.466    2.626    2.781    2.929    3.072    3.209    3.342    3.469    3.592    3.71    3.824    3.934    4.039    4.141    4.238    4.333    4.423    4.511    4.595    4.676    4.754    
PD104    2.041e-23    0.002131    0.01522    0.04391    0.08912    0.1503    0.2263    0.316    0.418    0.5312    0.6543    0.7863    0.9261    1.073    1.226    1.384    1.547    1.713    1.883    2.055    2.229    2.405    2.582    2.759    2.937    3.115    3.292    3.468    3.644    3.818    3.991    4.162    4.332    
PD105    1.283e-16    0.116    0.2405    0.3598    0.4742    0.5838    0.6888    0.7895    0.886    0.9784    1.067    1.152    1.233    1.311    1.386    1.457    1.526    1.592    1.655    1.715    1.773    1.829    1.882    1.933    1.982    2.029    2.074    2.117    2.158    2.198    2.236    2.272    2.307    
RU106    1.154e-16    0.05114    0.09882    0.1403    0.1761    0.2069    0.2332    0.2554    0.2741    0.2895    0.302    0.312    0.3197    0.3254    0.3293    0.3316    0.3325    0.3323    0.331    0.3287    0.3257    0.322    0.3177    0.3129    0.3077    0.3021    0.2963    0.2903    0.2842    0.2779    0.2715    0.2651    0.2587    
PD106    3.265e-19    0.01148    0.02909    0.05113    0.07703    0.1063    0.1384    0.173    0.2098    0.2483    0.2882    0.3294    0.3716    0.4145    0.458    0.5019    0.5461    0.5904    0.6348    0.6791    0.7232    0.7671    0.8107    0.854    0.8968    0.9393    0.9812    1.023    1.064    1.104    1.144    1.183    1.222    
PD107    5.441e-17    0.02511    0.05078    0.07541    0.09904    0.1217    0.1434    0.1643    0.1843    0.2035    0.2219    0.2395    0.2565    0.2727    0.2882    0.3032    0.3175    0.3312    0.3444    0.357    0.3691    0.3807    0.3919    0.4026    0.4129    0.4228    0.4323    0.4414    0.4502    0.4587    0.4668    0.4747    0.4823    
PD108    2.628e-17    0.01214    0.02456    0.03649    0.04795    0.05896    0.06954    0.07969    0.08944    0.09881    0.1078    0.1164    0.1247    0.1327    0.1403    0.1477    0.1547    0.1615    0.168    0.1743    0.1803    0.1861    0.1916    0.197    0.2021    0.2071    0.2119    0.2165    0.221    0.2253    0.2294    0.2334    0.2373    
AG109    9.62e-18    0.00583    0.01171    0.01716    0.02221    0.02688    0.03121    0.03521    0.0389    0.04231    0.04545    0.04834    0.051    0.05344    0.05568    0.05773    0.05961    0.06132    0.06289    0.06432    0.06562    0.0668    0.06787    0.06885    0.06973    0.07053    0.07126    0.07192    0.07252    0.07306    0.07355    0.074    0.07442    
PD110    9.632e-18    0.004447    0.009005    0.01339    0.01761    0.02168    0.02559    0.02935    0.03297    0.03646    0.03982    0.04305    0.04616    0.04915    0.05204    0.05481    0.05749    0.06007    0.06255    0.06495    0.06725    0.06948    0.07163    0.0737    0.07571    0.07764    0.07951    0.08132    0.08308    0.08477    0.08642    0.08802    0.08957    
CD110    0    0.0001468    0.0006167    0.001388    0.002439    0.00375    0.005302    0.007077    0.009057    0.01123    0.01357    0.01608    0.01873    0.02151    0.02442    0.02744    0.03057    0.03378    0.03708    0.04045    0.0439    0.0474    0.05096    0.05456    0.05821    0.06189    0.06561    0.06936    0.07314    0.07693    0.08075    0.08458    0.08843    
CD111    9.894e-19    0.0028    0.006507    0.01007    0.01349    0.01678    0.01993    0.02295    0.02586    0.02865    0.03133    0.03391    0.03638    0.03877    0.04106    0.04326    0.04538    0.04743    0.04939    0.05129    0.05312    0.05488    0.05659    0.05823    0.05982    0.06136    0.06285    0.06429    0.06569    0.06705    0.06837    0.06965    0.07089    
CD112    3.618e-18    0.002596    0.005353    0.00802    0.0106    0.0131    0.01551    0.01785    0.02012    0.02231    0.02444    0.0265    0.02849    0.03043    0.0323    0.03412    0.03588    0.0376    0.03926    0.04087    0.04244    0.04396    0.04544    0.04688    0.04827    0.04964    0.05096    0.05225    0.05351    0.05473    0.05593    0.0571    0.05824    
CD114    5.307e-18    0.004426    0.009585    0.01456    0.01934    0.02394    0.02837    0.03263    0.03673    0.04067    0.04446    0.04811    0.05163    0.055    0.05825    0.06138    0.06439    0.06728    0.07007    0.07275    0.07533    0.07781    0.08019    0.08249    0.08471    0.08683    0.08888    0.09086    0.09276    0.09459    0.09635    0.09805    0.09969    
CD116    5.289e-18    0.002443    0.004948    0.00736    0.009681    0.01192    0.01407    0.01614    0.01813    0.02005    0.02189    0.02367    0.02538    0.02703    0.02861    0.03014    0.03161    0.03302    0.03438    0.03569    0.03695    0.03816    0.03933    0.04046    0.04154    0.04259    0.04359    0.04456    0.04549    0.04639    0.04726    0.04809    0.04889    
SN116    1.29e-23    0.0001884    0.0007827    0.0017    0.002865    0.004217    0.005704    0.007285    0.008929    0.01061    0.01231    0.01401    0.01569    0.01736    0.019    0.02061    0.02218    0.02371    0.0252    0.02665    0.02806    0.02942    0.03075    0.03203    0.03327    0.03447    0.03564    0.03676    0.03785    0.0389    0.03992    0.04091    0.04186    
SN117    4.83e-18    0.002387    0.004847    0.007214    0.009492    0.01168    0.01379    0.01582    0.01777    0.01965    0.02146    0.0232    0.02488    0.02649    0.02805    0.02954    0.03098    0.03237    0.0337    0.03499    0.03623    0.03742    0.03857    0.03967    0.04074    0.04176    0.04275    0.0437    0.04462    0.0455    0.04635    0.04717    0.04796    
SN118    5.672e-18    0.002661    0.005393    0.008024    0.01056    0.013    0.01535    0.01761    0.01979    0.02189    0.02391    0.02586    0.02774    0.02955    0.03129    0.03297    0.03458    0.03614    0.03764    0.03909    0.04048    0.04183    0.04312    0.04437    0.04557    0.04673    0.04785    0.04893    0.04997    0.05097    0.05194    0.05288    0.05378    
SN119    5.446e-18    0.002521    0.005112    0.00761    0.01002    0.01234    0.01458    0.01674    0.01882    0.02082    0.02275    0.02461    0.02641    0.02813    0.0298    0.0314    0.03295    0.03444    0.03587    0.03726    0.03859    0.03987    0.04111    0.0423    0.04345    0.04456    0.04563    0.04666    0.04765    0.04861    0.04953    0.05043    0.05128    
SN120    5.789e-18    0.002674    0.005416    0.008056    0.0106    0.01305    0.0154    0.01768    0.01986    0.02197    0.024    0.02595    0.02783    0.02964    0.03139    0.03307    0.03469    0.03625    0.03775    0.0392    0.0406    0.04194    0.04324    0.04449    0.04569    0.04685    0.04797    0.04905    0.05009    0.05109    0.05206    0.05299    0.05389    
SB121    3.358e-18    0.00273    0.005609    0.008358    0.01098    0.01349    0.01588    0.01816    0.02033    0.0224    0.02437    0.02625    0.02804    0.02974    0.03136    0.0329    0.03436    0.03574    0.03706    0.0383    0.03948    0.0406    0.04166    0.04266    0.04361    0.0445    0.04534    0.04613    0.04688    0.04758    0.04823    0.04885    0.04942    
SN122    6.512e-18    0.003006    0.006089    0.009057    0.01191    0.01467    0.01731    0.01986    0.02232    0.02468    0.02696    0.02915    0.03126    0.03329    0.03525    0.03714    0.03895    0.0407    0.04238    0.044    0.04556    0.04707    0.04852    0.04991    0.05126    0.05255    0.0538    0.055    0.05616    0.05728    0.05836    0.05939    0.06039    
SB123    5.905e-18    0.002812    0.005867    0.00894    0.012    0.01501    0.01795    0.02082    0.02361    0.0263    0.0289    0.03141    0.03381    0.03612    0.03834    0.04046    0.0425    0.04444    0.0463    0.04807    0.04977    0.05139    0.05293    0.0544    0.0558    0.05714    0.05841    0.05961    0.06076    0.06186    0.06289    0.06388    0.06481    
SN124    1.012e-17    0.004669    0.009453    0.01406    0.01849    0.02275    0.02685    0.03079    0.03458    0.03823    0.04174    0.04512    0.04837    0.05149    0.0545    0.05739    0.06017    0.06285    0.06542    0.0679    0.07028    0.07257    0.07478    0.0769    0.07894    0.0809    0.08278    0.0846    0.08635    0.08803    0.08964    0.0912    0.0927    
SB125    8.663e-18    0.005367    0.01135    0.01692    0.02207    0.02684    0.03123    0.03528    0.039    0.04241    0.04552    0.04836    0.05094    0.05328    0.05538    0.05727    0.05895    0.06044    0.06175    0.0629    0.06388    0.06472    0.06542    0.06599    0.06643    0.06677    0.067    0.06713    0.06717    0.06713    0.06701    0.06682    0.06656    
SN126    2.425e-17    0.01119    0.02267    0.03372    0.04435    0.05459    0.06444    0.07393    0.08306    0.09185    0.1003    0.1085    0.1163    0.1238    0.1311    0.1381    0.1448    0.1513    0.1576    0.1636    0.1694    0.175    0.1803    0.1855    0.1905    0.1953    0.1999    0.2044    0.2086    0.2128    0.2168    0.2206    0.2243    
I127    7.483e-18    0.01893    0.04199    0.06468    0.08684    0.1083    0.1291    0.1492    0.1684    0.1869    0.2046    0.2215    0.2377    0.2531    0.2678    0.2819    0.2952    0.308    0.3201    0.3316    0.3425    0.3529    0.3627    0.3721    0.3809    0.3893    0.3972    0.4048    0.4118    0.4185    0.4248    0.4308    0.4364    
TE128    1.309e-16    0.06192    0.1255    0.1868    0.2457    0.3025    0.3571    0.4097    0.4603    0.5091    0.556    0.6012    0.6447    0.6865    0.7268    0.7657    0.803    0.839    0.8737    0.907    0.9392    0.9701    0.9999    1.029    1.056    1.083    1.108    1.133    1.157    1.18    1.202    1.223    1.244    
TE129M    3.338e-17    0.0101    0.01372    0.01463    0.0146    0.01423    0.01377    0.01327    0.01279    0.01231    0.01186    0.01142    0.01099    0.01058    0.01019    0.009809    0.009445    0.009095    0.008758    0.008433    0.008121    0.007821    0.007533    0.007255    0.006989    0.006732    0.006486    0.006248    0.00602    0.005801    0.005591    0.005388    0.005194    
I129    1.906e-16    0.1005    0.2104    0.3181    0.4219    0.5215    0.6168    0.7079    0.7949    0.878    0.9573    1.033    1.105    1.174    1.24    1.302    1.362    1.418    1.472    1.523    1.572    1.618    1.662    1.704    1.743    1.781    1.816    1.85    1.882    1.912    1.94    1.967    1.992    
TE130    5.12e-16    0.2365    0.479    0.7125    0.9372    1.154    1.362    1.562    1.755    1.941    2.12    2.292    2.458    2.617    2.771    2.918    3.061    3.198    3.33    3.457    3.579    3.697    3.81    3.919    4.025    4.126    4.223    4.317    4.408    4.495    4.579    4.66    4.738    
XE130    6.303e-20    0.0003307    0.001359    0.003081    0.005477    0.008519    0.01218    0.01643    0.02124    0.0266    0.03246    0.03881    0.04563    0.05289    0.06057    0.06865    0.07711    0.08594    0.0951    0.1046    0.1144    0.1245    0.1349    0.1455    0.1564    0.1675    0.1789    0.1904    0.2022    0.2141    0.2262    0.2385    0.2509    
I131    8.098e-16    0.1085    0.1064    0.1025    0.09863    0.09495    0.09141    0.08801    0.08473    0.08157    0.07854    0.07562    0.0728    0.0701    0.06749    0.06499    0.06258    0.06026    0.05802    0.05588    0.05381    0.05182    0.04991    0.04807    0.0463    0.0446    0.04297    0.04139    0.03988    0.03842    0.03703    0.03568    0.03439    
XE131    1.06e-16    0.3375    0.7876    1.209    1.6    1.963    2.299    2.61    2.897    3.161    3.404    3.626    3.83    4.015    4.183    4.334    4.471    4.593    4.702    4.798    4.882    4.955    5.017    5.069    5.112    5.146    5.172    5.19    5.201    5.206    5.204    5.197    5.184    
TE132    1.086e-15    0.06672    0.06423    0.06183    0.05952    0.0573    0.05516    0.0531    0.05112    0.04921    0.04738    0.04561    0.04391    0.04228    0.0407    0.03919    0.03773    0.03633    0.03498    0.03368    0.03243    0.03123    0.03008    0.02896    0.02789    0.02687    0.02588    0.02493    0.02401    0.02313    0.02229    0.02147    0.02069    
XE132    3.775e-16    0.617    1.336    2.043    2.738    3.421    4.091    4.749    5.395    6.028    6.65    7.26    7.858    8.444    9.019    9.582    10.13    10.67    11.2    11.72    12.23    12.73    13.21    13.69    14.15    14.61    15.06    15.49    15.92    16.34    16.74    17.14    17.53    
I133    8.807e-16    0.02807    0.02703    0.02602    0.02505    0.02411    0.02321    0.02235    0.02151    0.02071    0.01994    0.01919    0.01848    0.01779    0.01713    0.01649    0.01588    0.01529    0.01472    0.01418    0.01365    0.01315    0.01266    0.01219    0.01174    0.01131    0.01089    0.01049    0.01011    0.009735    0.009379    0.009036    0.008707    
XE133    1.219e-15    0.165    0.1595    0.1536    0.1479    0.1424    0.1371    0.132    0.1271    0.1223    0.1178    0.1134    0.1092    0.1052    0.1013    0.09753    0.09392    0.09045    0.08711    0.0839    0.08081    0.07784    0.07498    0.07223    0.06958    0.06704    0.06459    0.06223    0.05997    0.05779    0.0557    0.05368    0.05174    
CS133    1.956e-16    0.8695    1.959    2.99    3.966    4.888    5.759    6.58    7.355    8.085    8.773    9.419    10.03    10.59    11.13    11.63    12.09    12.53    12.93    13.31    13.66    13.98    14.28    14.55    14.8    15.03    15.24    15.43    15.6    15.75    15.89    16.01    16.11    
XE134    2.643e-15    1.237    2.509    3.733    4.912    6.046    7.138    8.189    9.201    10.17    11.11    12.01    12.88    13.72    14.52    15.3    16.05    16.76    17.46    18.12    18.76    19.38    19.97    20.55    21.1    21.63    22.14    22.63    23.1    23.56    24    24.42    24.83    
CS134    1.447e-20    0.005627    0.02747    0.06415    0.1137    0.1745    0.2448    0.3232    0.4084    0.4992    0.5946    0.6935    0.7952    0.8987    1.003    1.109    1.214    1.319    1.423    1.526    1.627    1.726    1.823    1.917    2.009    2.098    2.184    2.267    2.347    2.424    2.498    2.569    2.636    
BA134    2e-23    7.268e-05    0.000774    0.002828    0.006871    0.01345    0.02304    0.03605    0.05281    0.0736    0.09865    0.1281    0.1622    0.201    0.2444    0.2927    0.3458    0.4036    0.4662    0.5334    0.6052    0.6816    0.7624    0.8474    0.9367    1.03    1.127    1.228    1.333    1.441    1.552    1.667    1.785    
CS135    1.841e-15    0.2661    0.5416    0.8068    1.062    1.309    1.548    1.779    2.003    2.221    2.433    2.639    2.84    3.036    3.227    3.415    3.598    3.778    3.954    4.127    4.296    4.463    4.627    4.789    4.947    5.104    5.258    5.409    5.559    5.706    5.852    5.995    6.137    
XE136    2.272e-15    1.836    3.727    5.548    7.301    8.988    10.61    12.18    13.68    15.13    16.53    17.87    19.16    20.41    21.61    22.76    23.87    24.94    25.97    26.96    27.92    28.84    29.72    30.58    31.4    32.19    32.95    33.68    34.39    35.07    35.73    36.36    36.97    
BA136    2.032e-19    0.0009687    0.003148    0.006161    0.009953    0.01449    0.01976    0.02572    0.03237    0.03967    0.04761    0.05617    0.06534    0.0751    0.08545    0.09635    0.1078    0.1198    0.1324    0.1454    0.159    0.1731    0.1877    0.2027    0.2183    0.2343    0.2508    0.2678    0.2852    0.3031    0.3215    0.3402    0.3595    
CS137    2.176e-15    1.003    2.029    3.012    3.956    4.861    5.729    6.561    7.359    8.124    8.857    9.56    10.23    10.88    11.5    12.09    12.65    13.19    13.71    14.21    14.68    15.14    15.57    15.99    16.38    16.76    17.12    17.47    17.8    18.11    18.41    18.7    18.97    
BA137    3.908e-19    0.001586    0.006477    0.01454    0.02564    0.03965    0.05645    0.07593    0.09797    0.1225    0.1493    0.1784    0.2097    0.243    0.2783    0.3154    0.3544    0.3951    0.4374    0.4814    0.5268    0.5737    0.6219    0.6715    0.7223    0.7743    0.8274    0.8816    0.9369    0.9931    1.05    1.108    1.167    
BA138    2.43e-15    1.126    2.281    3.393    4.463    5.493    6.485    7.44    8.36    9.244    10.1    10.92    11.71    12.47    13.2    13.9    14.58    15.23    15.86    16.47    17.05    17.61    18.15    18.67    19.18    19.66    20.12    20.57    21    21.42    21.82    22.21    22.58    
LA139    2.324e-15    1.074    2.176    3.235    4.254    5.233    6.174    7.078    7.948    8.783    9.587    10.36    11.1    11.81    12.5    13.16    13.79    14.39    14.98    15.54    16.08    16.59    17.09    17.57    18.02    18.46    18.88    19.29    19.68    20.05    20.41    20.75    21.08    
BA140    2.083e-15    0.3743    0.3899    0.3773    0.3634    0.3498    0.3368    0.3242    0.3121    0.3004    0.2892    0.2785    0.2681    0.2581    0.2485    0.2392    0.2303    0.2218    0.2135    0.2056    0.198    0.1906    0.1836    0.1768    0.1702    0.1639    0.1579    0.1521    0.1465    0.1411    0.1359    0.1309    0.1261    
LA140    1.204e-16    0.04916    0.05177    0.0502    0.04841    0.04668    0.04501    0.0434    0.04185    0.04036    0.03892    0.03754    0.03621    0.03493    0.0337    0.03251    0.03137    0.03028    0.02922    0.0282    0.02723    0.02628    0.02538    0.02451    0.02367    0.02286    0.02209    0.02134    0.02062    0.01993    0.01927    0.01863    0.01802    
CE140    5.573e-17    0.6603    1.753    2.838    3.886    4.897    5.871    6.81    7.716    8.589    9.43    10.24    11.02    11.78    12.51    13.21    13.89    14.54    15.17    15.78    16.37    16.94    17.48    18.01    18.52    19.01    19.49    19.95    20.39    20.82    21.24    21.64    22.02    
CE141    2.081e-15    0.6245    0.8397    0.8902    0.8852    0.8618    0.8331    0.8032    0.7737    0.7451    0.7174    0.6908    0.6651    0.6404    0.6167    0.5938    0.5718    0.5506    0.5302    0.5106    0.4918    0.4736    0.4561    0.4393    0.4232    0.4076    0.3927    0.3783    0.3644    0.3511    0.3383    0.326    0.3142    
PR141    6.727e-17    0.3671    1.172    2.1    3.045    3.971    4.867    5.729    6.557    7.352    8.115    8.848    9.551    10.23    10.87    11.49    12.09    12.66    13.21    13.73    14.23    14.72    15.18    15.62    16.05    16.45    16.84    17.21    17.57    17.91    18.24    18.55    18.85    
CE142    2.16e-15    0.9996    2.028    3.018    3.972    4.89    5.773    6.623    7.442    8.229    8.987    9.717    10.42    11.1    11.75    12.37    12.98    13.56    14.12    14.65    15.17    15.67    16.15    16.61    17.06    17.48    17.9    18.29    18.67    19.04    19.4    19.74    20.07    
ND142    2.061e-23    0.0002832    0.002011    0.005779    0.01172    0.01984    0.03004    0.04227    0.05644    0.07246    0.09026    0.1098    0.1309    0.1536    0.1777    0.2033    0.2303    0.2585    0.288    0.3186    0.3504    0.3833    0.4172    0.4521    0.4879    0.5246    0.5622    0.6005    0.6396    0.6795    0.72    0.7612    0.8031    
CE143    1.131e-15    0.04199    0.04043    0.03892    0.03748    0.03608    0.03474    0.03345    0.03221    0.03101    0.02986    0.02876    0.02769    0.02666    0.02568    0.02473    0.02381    0.02293    0.02209    0.02127    0.02049    0.01973    0.01901    0.01831    0.01764    0.01699    0.01637    0.01577    0.0152    0.01464    0.01411    0.0136    0.01311    
PR143    1.005e-15    0.3635    0.3874    0.3758    0.362    0.3486    0.3356    0.3232    0.3112    0.2996    0.2885    0.2778    0.2675    0.2576    0.2481    0.2389    0.23    0.2215    0.2134    0.2055    0.1979    0.1906    0.1836    0.1769    0.1704    0.1641    0.1581    0.1524    0.1468    0.1415    0.1363    0.1314    0.1266    
ND143    5.802e-17    0.5962    1.575    2.518    3.396    4.21    4.963    5.658    6.299    6.888    7.429    7.923    8.374    8.784    9.156    9.491    9.791    10.06    10.3    10.51    10.69    10.85    10.98    11.09    11.18    11.25    11.31    11.34    11.36    11.37    11.36    11.34    11.3    
CE144    2.021e-15    0.8845    1.686    2.362    2.928    3.398    3.783    4.095    4.344    4.537    4.682    4.785    4.853    4.89    4.9    4.888    4.857    4.81    4.749    4.677    4.595    4.506    4.411    4.311    4.208    4.102    3.994    3.885    3.776    3.667    3.558    3.451    3.345    
ND144    7.727e-18    0.06301    0.2637    0.5865    1.015    1.534    2.131    2.794    3.512    4.277    5.082    5.917    6.779    7.66    8.557    9.464    10.38    11.3    12.22    13.14    14.05    14.96    15.86    16.76    17.64    18.52    19.38    20.23    21.07    21.89    22.7    23.5    24.28    
ND145    1.471e-15    0.6721    1.361    2.017    2.644    3.241    3.81    4.351    4.868    5.359    5.827    6.271    6.694    7.096    7.478    7.841    8.185    8.511    8.821    9.114    9.391    9.654    9.902    10.14    10.36    10.57    10.76    10.95    11.12    11.28    11.44    11.58    11.71    
ND146    1.125e-15    0.5241    1.068    1.598    2.114    2.617    3.108    3.586    4.052    4.507    4.951    5.384    5.807    6.22    6.623    7.017    7.401    7.777    8.145    8.504    8.855    9.199    9.535    9.864    10.19    10.5    10.81    11.11    11.41    11.7    11.98    12.26    12.54    
ND147    7.942e-16    0.1275    0.1294    0.1249    0.1203    0.1159    0.1116    0.1075    0.1035    0.09972    0.09606    0.09254    0.08915    0.08589    0.08275    0.07973    0.07683    0.07403    0.07134    0.06876    0.06627    0.06388    0.06158    0.05936    0.05723    0.05519    0.05322    0.05132    0.0495    0.04775    0.04607    0.04445    0.04289    
PM147    7.694e-17    0.2631    0.6283    0.9521    1.233    1.475    1.683    1.859    2.007    2.131    2.232    2.313    2.377    2.425    2.459    2.481    2.492    2.493    2.487    2.473    2.452    2.426    2.396    2.361    2.323    2.283    2.239    2.194    2.148    2.1    2.052    2.003    1.953    
SM147    5.696e-20    0.003583    0.01947    0.04717    0.08476    0.1305    0.1828    0.2403    0.3017    0.3661    0.4325    0.5001    0.5681    0.6361    0.7033    0.7695    0.8342    0.8971    0.958    1.017    1.073    1.126    1.177    1.226    1.271    1.314    1.353    1.39    1.425    1.456    1.485    1.511    1.535    
ND148    6.503e-16    0.3025    0.6134    0.9124    1.2    1.477    1.742    1.998    2.244    2.48    2.708    2.926    3.136    3.338    3.532    3.718    3.898    4.07    4.236    4.395    4.548    4.695    4.836    4.972    5.102    5.227    5.348    5.463    5.575    5.681    5.784    5.882    5.977    
PM148    1.609e-21    0.001326    0.003184    0.004839    0.006276    0.007514    0.008575    0.009477    0.01024    0.01087    0.01138    0.0118    0.01213    0.01237    0.01255    0.01266    0.01272    0.01273    0.01269    0.01262    0.01252    0.01239    0.01223    0.01205    0.01186    0.01165    0.01143    0.0112    0.01097    0.01072    0.01047    0.01022    0.009972    
PM148M    2.85e-22    0.0008276    0.002488    0.004021    0.005356    0.006508    0.007496    0.008337    0.009048    0.00964    0.01013    0.01052    0.01083    0.01107    0.01124    0.01135    0.01142    0.01143    0.01141    0.01135    0.01127    0.01116    0.01102    0.01087    0.0107    0.01051    0.01032    0.01011    0.0099    0.009683    0.009461    0.009237    0.00901    
SM148    3.331e-22    0.003057    0.01858    0.04747    0.08847    0.1404    0.202    0.2724    0.3505    0.4356    0.5267    0.6232    0.7244    0.8296    0.9384    1.05    1.165    1.281    1.399    1.519    1.639    1.76    1.882    2.004    2.126    2.248    2.369    2.49    2.61    2.729    2.847    2.964    3.08    
PM149    2.73e-16    0.01316    0.01321    0.01324    0.01322    0.01316    0.01307    0.01295    0.0128    0.01263    0.01244    0.01223    0.01201    0.01178    0.01154    0.0113    0.01105    0.01079    0.01053    0.01027    0.01002    0.009758    0.009502    0.009248    0.008997    0.008749    0.008505    0.008265    0.00803    0.0078    0.007574    0.007354    0.007139    
SM149    1.481e-16    0.05162    0.05424    0.05449    0.0545    0.05434    0.05403    0.0536    0.05305    0.05241    0.05169    0.05091    0.05006    0.04917    0.04824    0.04729    0.04631    0.04531    0.0443    0.04329    0.04228    0.04126    0.04026    0.03926    0.03827    0.0373    0.03634    0.0354    0.03448    0.03357    0.03269    0.03182    0.03098    
ND150    2.536e-16    0.117    0.2369    0.3522    0.4631    0.5698    0.6723    0.771    0.8658    0.957    1.045    1.129    1.21    1.288    1.363    1.435    1.504    1.571    1.635    1.696    1.755    1.812    1.867    1.919    1.97    2.018    2.065    2.11    2.153    2.194    2.234    2.272    2.309    
SM150    1.95e-19    0.1317    0.3418    0.5541    0.7656    0.9755    1.183    1.388    1.59    1.787    1.981    2.17    2.355    2.535    2.709    2.879    3.043    3.202    3.356    3.505    3.648    3.786    3.919    4.047    4.169    4.287    4.4    4.508    4.611    4.71    4.805    4.895    4.98    
SM151    8.758e-17    0.05105    0.07582    0.08589    0.08965    0.09075    0.09074    0.09031    0.08973    0.08913    0.08855    0.08801    0.08751    0.08706    0.08664    0.08626    0.0859    0.08558    0.08527    0.08499    0.08472    0.08447    0.08423    0.084    0.08378    0.08356    0.08335    0.08315    0.08295    0.08275    0.08256    0.08237    0.08218    
SM152    1.082e-16    0.07018    0.1656    0.2628    0.3537    0.4356    0.5082    0.5717    0.6271    0.675    0.7163    0.7516    0.7818    0.8073    0.8287    0.8465    0.8611    0.873    0.8823    0.8895    0.8948    0.8984    0.9005    0.9014    0.9012    0.9001    0.8981    0.8954    0.8922    0.8884    0.8841    0.8795    0.8746    
EU153    2.574e-17    0.03058    0.06958    0.1139    0.1629    0.2154    0.2703    0.3264    0.3829    0.4389    0.4939    0.5473    0.5987    0.6479    0.6945    0.7386    0.7799    0.8184    0.8542    0.8872    0.9175    0.9451    0.9702    0.9929    1.013    1.031    1.047    1.061    1.073    1.083    1.092    1.099    1.105    
SM154    3.068e-17    0.01436    0.02913    0.04339    0.05716    0.07045    0.08328    0.09566    0.1076    0.1191    0.1302    0.1409    0.1513    0.1612    0.1708    0.18    0.1889    0.1975    0.2057    0.2137    0.2213    0.2287    0.2358    0.2426    0.2492    0.2555    0.2616    0.2674    0.273    0.2785    0.2837    0.2887    0.2935    
EU154    6.963e-22    0.001175    0.005117    0.01182    0.02127    0.03334    0.04788    0.06463    0.0833    0.1036    0.1252    0.1478    0.1711    0.1947    0.2186    0.2423    0.2658    0.2888    0.3112    0.3329    0.3537    0.3736    0.3924    0.4103    0.4271    0.4428    0.4574    0.4709    0.4833    0.4947    0.5051    0.5144    0.5229    
EU155    1.466e-17    0.005597    0.009631    0.01274    0.01561    0.01869    0.02224    0.0264    0.03122    0.0367    0.04279    0.04944    0.05655    0.06403    0.07179    0.07974    0.08778    0.09585    0.1039    0.1118    0.1195    0.127    0.1342    0.1411    0.1477    0.154    0.1599    0.1654    0.1706    0.1753    0.1797    0.1838    0.1875    
GD156    3.827e-19    0.00222    0.007405    0.01423    0.02228    0.03144    0.04181    0.05358    0.06701    0.08236    0.09991    0.1199    0.1426    0.1682    0.1968    0.2285    0.2634    0.3016    0.343    0.3876    0.4353    0.4861    0.5398    0.5964    0.6556    0.7174    0.7816    0.848    0.9164    0.9868    1.059    1.132    1.207    
GD158    1.627e-18    0.001592    0.003975    0.006479    0.008999    0.01152    0.01406    0.01662    0.01923    0.0219    0.02466    0.02754    0.03055    0.03373    0.0371    0.04068    0.04448    0.04854    0.05288    0.0575    0.06242    0.06767    0.07325    0.07918    0.08546    0.09211    0.09913    0.1065    0.1143    0.1225    0.1311    0.1401    0.1495    
