TIME    3   50   100   150   200   250   300   350   400   450   500   550   600   650   700   750   800   850   900   950   1000   1050   1100   1150   1200   1250   1300   1350   1400   1450   1500   1550   1600   
NEUT_PROD    0.821   1.19   1.56   1.9   2.21   2.48   2.73   2.96   3.17   3.37   3.55   3.72   3.87   4.01   4.15   4.27   4.39   4.5   4.6   4.69   4.78   4.86   4.93   5   5.07   5.12   5.18   5.23   5.28   5.32   5.36   5.4   5.43   
NEUT_DEST    2.29   2.53   2.77   3   3.21   3.41   3.6   3.77   3.94   4.1   4.25   4.39   4.52   4.65   4.77   4.88   4.99   5.09   5.18   5.27   5.36   5.44   5.51   5.58   5.65   5.72   5.78   5.83   5.89   5.94   5.99   6.04   6.08   
BUd    2.77e-16    0.163    0.237    0.3    0.356    0.408    0.454    0.496    0.535    0.571    0.603    0.634    0.662    0.688    0.712    0.735    0.756    0.776    0.794    0.811    0.826    0.841    0.854    0.867    0.879    0.889    0.899    0.908    0.917    0.925    0.932    0.938    0.945    
U238    1000    998.9    997.7    996.6    995.4    994.2    993    991.9    990.7    989.6    988.4    987.2    986.1    984.9    983.8    982.6    981.4    980.3    979.1    978    976.8    975.7    974.6    973.4    972.3    971.1    970    968.8    967.7    966.6    965.4    964.3    963.2    
NP237    1.884e-18    0.004938    0.01132    0.01747    0.02339    0.0291    0.03459    0.03988    0.04497    0.04987    0.05459    0.05914    0.06351    0.06772    0.07177    0.07568    0.07943    0.08305    0.08653    0.08987    0.0931    0.0962    0.09918    0.1021    0.1048    0.1075    0.11    0.1125    0.1148    0.1171    0.1193    0.1214    0.1234    
NP239    1.364e-15    0.06964    0.06956    0.06947    0.06939    0.06931    0.06923    0.06915    0.06907    0.06899    0.06891    0.06882    0.06874    0.06866    0.06858    0.0685    0.06842    0.06834    0.06826    0.06818    0.0681    0.06802    0.06794    0.06786    0.06778    0.0677    0.06762    0.06754    0.06746    0.06738    0.06731    0.06723    0.06715    
PU238    0    6.619e-05    0.0003474    0.000844    0.001543    0.002435    0.00351    0.004762    0.006189    0.00779    0.009567    0.01152    0.01367    0.01601    0.01855    0.02131    0.02429    0.02751    0.03097    0.03468    0.03865    0.04288    0.04738    0.05216    0.05721    0.06254    0.06814    0.07401    0.08014    0.08653    0.09318    0.1001    0.1072    
PU239    6.898e-16    0.8441    1.707    2.47    3.143    3.737    4.262    4.725    5.134    5.494    5.812    6.092    6.339    6.556    6.747    6.915    7.062    7.192    7.305    7.405    7.491    7.567    7.633    7.691    7.74    7.783    7.821    7.852    7.88    7.903    7.922    7.938    7.952    
PU240    0    0.01838    0.07248    0.1528    0.2518    0.3632    0.4823    0.6053    0.7291    0.8515    0.9708    1.086    1.196    1.3    1.397    1.489    1.574    1.653    1.726    1.794    1.855    1.912    1.963    2.01    2.052    2.091    2.125    2.157    2.185    2.21    2.233    2.253    2.271    
PU241    0    0.0008903    0.007044    0.02228    0.0488    0.08758    0.1387    0.2017    0.2755    0.3589    0.4506    0.5492    0.6532    0.7612    0.8719    0.9842    1.097    1.209    1.32    1.429    1.536    1.639    1.739    1.835    1.927    2.015    2.099    2.178    2.253    2.324    2.39    2.452    2.51    
PU242    0    5.912e-06    9.542e-05    0.0004612    0.001367    0.003109    0.005983    0.01027    0.01621    0.02403    0.03387    0.04586    0.06009    0.07658    0.09534    0.1163    0.1395    0.1647    0.1919    0.221    0.2518    0.2841    0.3179    0.3529    0.389    0.426    0.4639    0.5024    0.5414    0.5808    0.6204    0.6601    0.6998    
KR84    9.011e-19    0.000481    0.001121    0.00188    0.002749    0.003718    0.00478    0.005928    0.007156    0.008458    0.009832    0.01127    0.01277    0.01433    0.01595    0.01761    0.01933    0.0211    0.02291    0.02476    0.02665    0.02858    0.03055    0.03255    0.03459    0.03666    0.03875    0.04088    0.04303    0.04522    0.04742    0.04965    0.0519    
KR86    1.358e-18    0.0007269    0.001696    0.002846    0.004156    0.005612    0.007199    0.008904    0.01072    0.01263    0.01463    0.01672    0.01888    0.02111    0.02341    0.02576    0.02818    0.03064    0.03315    0.0357    0.03829    0.04092    0.04359    0.04628    0.04901    0.05176    0.05453    0.05733    0.06015    0.06299    0.06584    0.06871    0.07159    
RB87    1.697e-18    0.0009081    0.002122    0.003562    0.005204    0.007029    0.009018    0.01116    0.01343    0.01582    0.01833    0.02095    0.02365    0.02645    0.02932    0.03227    0.03529    0.03837    0.04151    0.0447    0.04794    0.05123    0.05456    0.05793    0.06133    0.06477    0.06823    0.07172    0.07524    0.07878    0.08235    0.08593    0.08953    
SR88    2.307e-18    0.001302    0.003039    0.005095    0.007435    0.01003    0.01286    0.0159    0.01912    0.02252    0.02607    0.02977    0.0336    0.03756    0.04162    0.04579    0.05005    0.05439    0.05882    0.06332    0.06789    0.07252    0.07721    0.08195    0.08674    0.09157    0.09645    0.1014    0.1063    0.1113    0.1163    0.1213    0.1264    
Y89    6.291e-20    0.0004204    0.001627    0.003441    0.00575    0.008476    0.01156    0.01497    0.01866    0.02261    0.02678    0.03117    0.03575    0.0405    0.04541    0.05046    0.05565    0.06097    0.06639    0.07192    0.07755    0.08326    0.08905    0.09491    0.1008    0.1068    0.1129    0.119    0.1252    0.1313    0.1376    0.1438    0.1502    
SR90    3.462e-18    0.001874    0.004411    0.007444    0.01092    0.01479    0.01901    0.02354    0.02836    0.03343    0.03874    0.04425    0.04996    0.05583    0.06186    0.06803    0.07433    0.08075    0.08726    0.09387    0.1006    0.1073    0.1142    0.1211    0.128    0.135    0.142    0.1491    0.1562    0.1633    0.1705    0.1776    0.1848    
Y91    3.325e-18    0.001727    0.003271    0.004576    0.0057    0.006683    0.007553    0.00833    0.009028    0.009658    0.01023    0.01075    0.01122    0.01166    0.01206    0.01242    0.01276    0.01307    0.01335    0.01362    0.01386    0.01408    0.01428    0.01447    0.01465    0.01481    0.01495    0.01509    0.01521    0.01532    0.01543    0.01552    0.01561    
ZR91    5.064e-20    0.0004988    0.002005    0.004352    0.007418    0.01111    0.01534    0.02007    0.02523    0.03078    0.03668    0.04291    0.04943    0.05622    0.06325    0.07051    0.07797    0.08562    0.09345    0.1014    0.1096    0.1178    0.1262    0.1347    0.1433    0.152    0.1608    0.1697    0.1786    0.1877    0.1967    0.2059    0.215    
ZR92    4.356e-18    0.002511    0.006009    0.01025    0.01516    0.02066    0.02671    0.03324    0.04022    0.0476    0.05535    0.06345    0.07185    0.08054    0.0895    0.09869    0.1081    0.1177    0.1276    0.1376    0.1477    0.158    0.1685    0.1791    0.1897    0.2005    0.2114    0.2224    0.2335    0.2447    0.2559    0.2672    0.2785    
ZR93    4.331e-18    0.002986    0.007252    0.01249    0.01858    0.02545    0.03302    0.04122    0.04999    0.05928    0.06904    0.07923    0.08982    0.1008    0.112    0.1236    0.1355    0.1476    0.1599    0.1725    0.1853    0.1982    0.2113    0.2246    0.238    0.2515    0.2651    0.2788    0.2926    0.3065    0.3205    0.3345    0.3486    
ZR94    4.724e-18    0.00276    0.006887    0.01211    0.01832    0.02541    0.0333    0.04192    0.0512    0.06108    0.07152    0.08246    0.09388    0.1057    0.118    0.1306    0.1436    0.1568    0.1704    0.1843    0.1984    0.2127    0.2272    0.242    0.2569    0.2721    0.2873    0.3028    0.3183    0.334    0.3498    0.3658    0.3818    
ZR95    5.984e-18    0.002757    0.005535    0.008101    0.01045    0.01258    0.01451    0.01626    0.01785    0.0193    0.02062    0.02183    0.02294    0.02396    0.02489    0.02575    0.02655    0.02728    0.02796    0.02858    0.02916    0.02969    0.03019    0.03064    0.03106    0.03145    0.03181    0.03213    0.03244    0.03271    0.03297    0.0332    0.03342    
NB95    9.53e-20    0.0005326    0.001712    0.003066    0.00441    0.005675    0.006839    0.007902    0.008869    0.009748    0.01055    0.01128    0.01195    0.01256    0.01312    0.01364    0.01411    0.01455    0.01496    0.01533    0.01567    0.01599    0.01629    0.01656    0.01681    0.01704    0.01725    0.01745    0.01763    0.0178    0.01795    0.01809    0.01822    
MO95    1.893e-21    0.0001775    0.001255    0.003598    0.007268    0.01221    0.01833    0.02552    0.03368    0.04271    0.05253    0.06306    0.07424    0.086    0.09829    0.1111    0.1243    0.1379    0.1518    0.1661    0.1807    0.1956    0.2106    0.2259    0.2414    0.2571    0.273    0.2889    0.305    0.3212    0.3375    0.3538    0.3703    
ZR96    6.05e-18    0.003488    0.008623    0.01507    0.02268    0.03135    0.04098    0.05147    0.06275    0.07475    0.08742    0.1007    0.1145    0.1289    0.1437    0.159    0.1747    0.1907    0.2072    0.2239    0.2409    0.2582    0.2758    0.2936    0.3116    0.3298    0.3482    0.3668    0.3855    0.4044    0.4234    0.4425    0.4617    
MO97    4.267e-18    0.00358    0.009008    0.01586    0.02398    0.03325    0.04355    0.05479    0.06688    0.07976    0.09335    0.1076    0.1224    0.1379    0.1538    0.1702    0.187    0.2042    0.2218    0.2398    0.258    0.2766    0.2954    0.3145    0.3338    0.3533    0.373    0.3929    0.4129    0.4331    0.4534    0.4738    0.4944    
MO98    6.572e-18    0.003842    0.009593    0.01687    0.02553    0.03542    0.04644    0.05848    0.07145    0.08529    0.09991    0.1153    0.1313    0.1479    0.1652    0.1829    0.2012    0.2199    0.239    0.2586    0.2785    0.2988    0.3194    0.3402    0.3614    0.3828    0.4044    0.4263    0.4484    0.4706    0.493    0.5156    0.5383    
TC99    1.934e-18    0.003702    0.009646    0.01713    0.02596    0.03599    0.04708    0.05911    0.07199    0.08562    0.09993    0.1148    0.1303    0.1462    0.1625    0.1793    0.1963    0.2137    0.2313    0.2491    0.2671    0.2852    0.3035    0.3219    0.3403    0.3588    0.3774    0.3959    0.4144    0.4329    0.4514    0.4698    0.4881    
MO100    7.093e-18    0.004243    0.01076    0.01913    0.02915    0.04066    0.05352    0.0676    0.0828    0.09903    0.1162    0.1342    0.1531    0.1726    0.1929    0.2138    0.2353    0.2573    0.2798    0.3028    0.3262    0.35    0.3741    0.3987    0.4235    0.4486    0.474    0.4996    0.5254    0.5515    0.5777    0.6042    0.6307    
RU101    7.506e-18    0.00433    0.01067    0.01861    0.02796    0.03859    0.05037    0.06318    0.07695    0.09158    0.107    0.1232    0.14    0.1574    0.1754    0.1939    0.2129    0.2323    0.2521    0.2723    0.2928    0.3136    0.3347    0.356    0.3776    0.3993    0.4212    0.4433    0.4656    0.488    0.5104    0.533    0.5556    
RU102    7.695e-18    0.004452    0.01101    0.01925    0.02902    0.04017    0.05259    0.06618    0.08084    0.09651    0.1131    0.1306    0.1488    0.1679    0.1877    0.2081    0.2292    0.2508    0.2731    0.2958    0.3191    0.3428    0.367    0.3916    0.4166    0.4419    0.4676    0.4937    0.52    0.5467    0.5736    0.6008    0.6282    
RU103    6.596e-18    0.002886    0.005569    0.007934    0.01004    0.01192    0.01363    0.01517    0.01657    0.01786    0.01903    0.02012    0.02112    0.02204    0.0229    0.02369    0.02442    0.0251    0.02574    0.02632    0.02687    0.02737    0.02784    0.02828    0.02868    0.02905    0.0294    0.02972    0.03001    0.03028    0.03053    0.03077    0.03098    
RH103    1.732e-19    0.001214    0.004836    0.01044    0.01769    0.02629    0.036    0.04662    0.05797    0.06992    0.08233    0.09509    0.1081    0.1213    0.1346    0.148    0.1613    0.1746    0.1878    0.2008    0.2137    0.2264    0.2389    0.2511    0.2631    0.2748    0.2863    0.2975    0.3083    0.3189    0.3292    0.3392    0.3488    
RU104    6.287e-18    0.003783    0.009637    0.01718    0.02624    0.03667    0.04835    0.06119    0.07508    0.08995    0.1057    0.1223    0.1397    0.1579    0.1767    0.1961    0.2162    0.2368    0.2579    0.2795    0.3015    0.324    0.3469    0.3701    0.3936    0.4175    0.4417    0.4661    0.4908    0.5156    0.5407    0.566    0.5915    
PD104    0    1.995e-05    0.0001662    0.0005511    0.001267    0.002391    0.003986    0.006102    0.008782    0.01206    0.01596    0.0205    0.02571    0.03158    0.03813    0.04535    0.05326    0.06185    0.0711    0.08103    0.09161    0.1028    0.1147    0.1272    0.1403    0.154    0.1683    0.1831    0.1986    0.2145    0.231    0.2479    0.2654    
PD105    2.23e-18    0.002707    0.007202    0.01308    0.02021    0.02844    0.03769    0.04785    0.05885    0.07062    0.08309    0.09622    0.1099    0.1242    0.139    0.1543    0.17    0.186    0.2025    0.2193    0.2364    0.2538    0.2715    0.2894    0.3075    0.3258    0.3443    0.3629    0.3817    0.4006    0.4196    0.4387    0.4578    
RU106    3.329e-18    0.002085    0.005375    0.009539    0.01439    0.01976    0.02554    0.03162    0.03791    0.04435    0.05087    0.05743    0.06399    0.0705    0.07695    0.08331    0.08956    0.09568    0.1017    0.1075    0.1131    0.1186    0.1239    0.1291    0.134    0.1388    0.1433    0.1477    0.1519    0.1559    0.1597    0.1633    0.1668    
PD106    9.439e-21    0.0002985    0.001014    0.002216    0.003973    0.006339    0.009354    0.01305    0.01745    0.02256    0.0284    0.03497    0.04228    0.05031    0.05907    0.06855    0.07872    0.0896    0.1011    0.1134    0.1262    0.1397    0.1538    0.1686    0.1839    0.1997    0.2161    0.233    0.2504    0.2684    0.2867    0.3056    0.3248    
PD107    1.984e-18    0.001382    0.003845    0.007223    0.01143    0.01639    0.02204    0.02834    0.03523    0.04268    0.05065    0.05911    0.06803    0.07739    0.08716    0.09731    0.1078    0.1187    0.1298    0.1413    0.153    0.165    0.1773    0.1897    0.2024    0.2152    0.2283    0.2414    0.2547    0.2682    0.2818    0.2954    0.3092    
PD108    1.309e-18    0.0009316    0.00262    0.004951    0.007864    0.01131    0.01524    0.01963    0.02444    0.02964    0.03522    0.04114    0.0474    0.05396    0.06082    0.06795    0.07534    0.08297    0.09082    0.09889    0.1072    0.1156    0.1242    0.133    0.1419    0.1509    0.1601    0.1694    0.1787    0.1882    0.1977    0.2073    0.217    
AG109    7.525e-19    0.0006634    0.001798    0.003303    0.005126    0.007223    0.009559    0.0121    0.01483    0.01771    0.02073    0.02387    0.02712    0.03045    0.03387    0.03735    0.04089    0.04447    0.04808    0.05172    0.05538    0.05906    0.06273    0.06641    0.07008    0.07373    0.07737    0.08098    0.08457    0.08813    0.09165    0.09514    0.0986    
PD110    8.196e-19    0.0004758    0.001183    0.002076    0.003139    0.004359    0.005724    0.007225    0.008855    0.01061    0.01247    0.01445    0.01653    0.01871    0.02099    0.02336    0.02581    0.02834    0.03096    0.03364    0.0364    0.03922    0.0421    0.04504    0.04803    0.05108    0.05417    0.05731    0.06049    0.0637    0.06695    0.07024    0.07355    
I127    1.919e-19    0.000556    0.001408    0.002428    0.003598    0.004902    0.006323    0.00785    0.009469    0.01117    0.01295    0.01479    0.01669    0.01864    0.02063    0.02266    0.02473    0.02683    0.02896    0.0311    0.03327    0.03545    0.03765    0.03985    0.04207    0.04429    0.04652    0.04875    0.05098    0.05321    0.05543    0.05766    0.05988    
TE128    1.979e-18    0.001094    0.002572    0.004336    0.006356    0.008604    0.01106    0.01369    0.01649    0.01944    0.02252    0.02573    0.02904    0.03246    0.03597    0.03955    0.04322    0.04695    0.05075    0.0546    0.0585    0.06245    0.06645    0.07048    0.07455    0.07865    0.08278    0.08693    0.09112    0.09532    0.09954    0.1038    0.108    
I129    2.067e-18    0.00133    0.003337    0.005861    0.008837    0.01221    0.01594    0.01997    0.02429    0.02885    0.03362    0.0386    0.04375    0.04905    0.05449    0.06005    0.06572    0.07149    0.07734    0.08326    0.08924    0.09528    0.1014    0.1075    0.1136    0.1198    0.126    0.1322    0.1385    0.1447    0.1509    0.1572    0.1634    
TE130    4.103e-18    0.002351    0.005784    0.01007    0.01512    0.02085    0.02721    0.03412    0.04153    0.04941    0.0577    0.06638    0.07541    0.08476    0.09441    0.1043    0.1145    0.1249    0.1355    0.1463    0.1573    0.1684    0.1797    0.1912    0.2027    0.2144    0.2262    0.2381    0.2501    0.2621    0.2742    0.2864    0.2987    
XE131    6.376e-19    0.002439    0.006993    0.01275    0.01952    0.02714    0.0355    0.04448    0.05397    0.0639    0.0742    0.08478    0.0956    0.1066    0.1178    0.129    0.1403    0.1516    0.163    0.1743    0.1856    0.1967    0.2078    0.2188    0.2297    0.2404    0.251    0.2615    0.2717    0.2818    0.2917    0.3014    0.311    
XE132    2.13e-18    0.004259    0.01134    0.02045    0.03145    0.04419    0.05855    0.07444    0.09176    0.1104    0.1304    0.1515    0.1738    0.1973    0.2217    0.2472    0.2736    0.3009    0.3291    0.3581    0.3879    0.4185    0.4498    0.4818    0.5145    0.5478    0.5817    0.6162    0.6513    0.6869    0.723    0.7596    0.7966    
CS133    8.617e-19    0.004747    0.01329    0.0242    0.03719    0.05199    0.0684    0.08621    0.1053    0.1254    0.1466    0.1686    0.1913    0.2148    0.2388    0.2633    0.2882    0.3135    0.3391    0.365    0.3911    0.4173    0.4436    0.47    0.4965    0.5229    0.5493    0.5757    0.602    0.6281    0.6542    0.6801    0.7058    
XE134    1.118e-17    0.006625    0.01656    0.02914    0.0441    0.06122    0.0803    0.1012    0.1237    0.1477    0.1732    0.2    0.2279    0.257    0.2872    0.3183    0.3504    0.3833    0.417    0.4515    0.4867    0.5225    0.5589    0.5958    0.6333    0.6712    0.7096    0.7484    0.7876    0.8271    0.867    0.9071    0.9475    
CS135    8.014e-18    0.001512    0.003875    0.006921    0.01058    0.0148    0.01953    0.02473    0.03036    0.03639    0.04281    0.04958    0.05668    0.06411    0.07184    0.07986    0.08815    0.09671    0.1055    0.1146    0.1239    0.1334    0.1431    0.1531    0.1632    0.1736    0.1841    0.1948    0.2057    0.2168    0.228    0.2394    0.251    
XE136    1.001e-17    0.01038    0.02633    0.04675    0.0712    0.09928    0.1307    0.1651    0.2022    0.242    0.2841    0.3283    0.3746    0.4228    0.4727    0.5242    0.5773    0.6317    0.6875    0.7445    0.8026    0.8618    0.922    0.9831    1.045    1.108    1.171    1.235    1.3    1.365    1.431    1.497    1.564    
CS137    9.133e-18    0.005465    0.01386    0.02463    0.03751    0.05229    0.0688    0.08685    0.1063    0.1271    0.149    0.1721    0.1961    0.2211    0.2469    0.2734    0.3007    0.3286    0.3572    0.3863    0.4159    0.4459    0.4764    0.5072    0.5384    0.5699    0.6017    0.6337    0.666    0.6984    0.731    0.7638    0.7967    
BA138    9.202e-18    0.005391    0.01345    0.02366    0.03579    0.04966    0.06512    0.08203    0.1003    0.1198    0.1404    0.1621    0.1847    0.2083    0.2327    0.258    0.284    0.3106    0.338    0.3659    0.3944    0.4234    0.4529    0.4829    0.5132    0.544    0.5751    0.6066    0.6384    0.6704    0.7027    0.7353    0.7681    
LA139    9.429e-18    0.005463    0.01355    0.02373    0.03578    0.04952    0.0648    0.08148    0.09945    0.1186    0.1388    0.1601    0.1823    0.2053    0.2292    0.2538    0.2791    0.3051    0.3317    0.3588    0.3864    0.4145    0.4431    0.472    0.5013    0.531    0.561    0.5913    0.6218    0.6526    0.6836    0.7148    0.7462    
CE140    2.102e-19    0.003051    0.009938    0.01917    0.03043    0.04353    0.05828    0.07456    0.09222    0.1112    0.1313    0.1526    0.1749    0.1981    0.2222    0.2472    0.2729    0.2994    0.3265    0.3543    0.3827    0.4117    0.4411    0.4711    0.5015    0.5323    0.5635    0.5951    0.6271    0.6593    0.6919    0.7247    0.7578    
CE141    7.885e-18    0.003143    0.005694    0.007801    0.009629    0.01125    0.01271    0.01404    0.01524    0.01634    0.01735    0.01828    0.01914    0.01993    0.02067    0.02135    0.02198    0.02256    0.0231    0.0236    0.02407    0.0245    0.0249    0.02527    0.02561    0.02592    0.02622    0.02649    0.02673    0.02696    0.02717    0.02736    0.02754    
PR141    2.549e-19    0.001673    0.006456    0.01369    0.023    0.03412    0.04686    0.06105    0.07656    0.09326    0.1111    0.1298    0.1495    0.1701    0.1913    0.2133    0.236    0.2592    0.283    0.3073    0.332    0.3572    0.3828    0.4087    0.4349    0.4614    0.4882    0.5152    0.5424    0.5698    0.5974    0.6252    0.653    
CE142    8.064e-18    0.004731    0.01184    0.02085    0.03157    0.04383    0.05748    0.07241    0.08849    0.1056    0.1238    0.1428    0.1627    0.1834    0.2047    0.2268    0.2494    0.2727    0.2964    0.3207    0.3454    0.3705    0.3961    0.422    0.4482    0.4747    0.5016    0.5287    0.556    0.5836    0.6114    0.6393    0.6674    
ND143    1.985e-19    0.002458    0.007956    0.01515    0.0237    0.03342    0.04412    0.05566    0.06791    0.08075    0.09409    0.1078    0.1219    0.1363    0.1508    0.1655    0.1804    0.1952    0.2101    0.225    0.2398    0.2546    0.2692    0.2837    0.2981    0.3123    0.3263    0.3401    0.3537    0.3671    0.3803    0.3932    0.4058    
CE144    7.123e-18    0.003868    0.00902    0.01496    0.02145    0.02832    0.03542    0.04263    0.04988    0.05708    0.06419    0.07115    0.07795    0.08455    0.09094    0.0971    0.103    0.1087    0.1142    0.1194    0.1243    0.1291    0.1336    0.1378    0.1419    0.1457    0.1493    0.1527    0.1559    0.159    0.1618    0.1645    0.167    
ND144    2.597e-20    0.0002557    0.001237    0.003121    0.006038    0.01008    0.01533    0.02183    0.02961    0.03869    0.04908    0.06078    0.07379    0.08808    0.1036    0.1205    0.1385    0.1577    0.1781    0.1997    0.2223    0.2461    0.2708    0.2966    0.3234    0.3511    0.3797    0.4091    0.4395    0.4706    0.5026    0.5352    0.5686    
ND145    6.265e-18    0.003492    0.008487    0.01462    0.02177    0.02982    0.03868    0.04826    0.05849    0.06931    0.08067    0.09251    0.1048    0.1174    0.1305    0.1438    0.1575    0.1714    0.1855    0.1999    0.2144    0.2291    0.2439    0.2589    0.274    0.2891    0.3044    0.3196    0.335    0.3503    0.3657    0.3811    0.3965    
ND146    5.581e-18    0.003131    0.007573    0.01305    0.01947    0.02676    0.03486    0.0437    0.05325    0.06345    0.07427    0.08568    0.09764    0.1101    0.1231    0.1366    0.1505    0.1649    0.1797    0.1949    0.2104    0.2264    0.2426    0.2592    0.2762    0.2934    0.311    0.3288    0.3469    0.3652    0.3838    0.4027    0.4217    
PM147    3.778e-19    0.00152    0.004359    0.007764    0.01158    0.0157    0.02004    0.02452    0.0291    0.03372    0.03835    0.04295    0.0475    0.05199    0.05638    0.06068    0.06486    0.06893    0.07287    0.07668    0.08036    0.08391    0.08732    0.09059    0.09372    0.09672    0.09959    0.1023    0.1049    0.1074    0.1098    0.112    0.1141    
ND148    3.687e-18    0.002076    0.005023    0.008645    0.01288    0.01765    0.02293    0.02867    0.03482    0.04136    0.04826    0.05549    0.06303    0.07085    0.07894    0.08727    0.09584    0.1046    0.1136    0.1228    0.1321    0.1416    0.1513    0.161    0.1709    0.181    0.1911    0.2013    0.2116    0.222    0.2325    0.2431    0.2537    
ND150    2.252e-18    0.001255    0.003022    0.005188    0.007712    0.01056    0.01371    0.01712    0.02079    0.02468    0.02879    0.0331    0.03759    0.04226    0.04708    0.05205    0.05717    0.06241    0.06778    0.07326    0.07884    0.08452    0.09029    0.09615    0.1021    0.1081    0.1142    0.1203    0.1265    0.1327    0.139    0.1453    0.1517    
SM150    1.715e-22    0.001038    0.00318    0.005928    0.009224    0.01303    0.01731    0.02202    0.02715    0.03267    0.03855    0.04477    0.05131    0.05815    0.06527    0.07265    0.08028    0.08813    0.0962    0.1045    0.1129    0.1215    0.1303    0.1392    0.1482    0.1574    0.1666    0.176    0.1855    0.195    0.2046    0.2142    0.2239    
SM152    1.031e-18    0.0008278    0.002349    0.004357    0.006726    0.009366    0.01221    0.01519    0.01828    0.02144    0.02464    0.02786    0.03107    0.03427    0.03744    0.04057    0.04365    0.04668    0.04966    0.05257    0.05542    0.0582    0.06091    0.06356    0.06613    0.06864    0.07107    0.07343    0.07573    0.07796    0.08012    0.08222    0.08426    
EU153    2.921e-19    0.0004212    0.00113    0.002105    0.00335    0.004864    0.006637    0.008656    0.01091    0.01337    0.01603    0.01887    0.02186    0.02499    0.02825    0.03161    0.03506    0.03858    0.04215    0.04577    0.04942    0.05309    0.05677    0.06045    0.06411    0.06776    0.07137    0.07495    0.0785    0.08199    0.08544    0.08883    0.09217    
