TIME    3   50   100   150   200   250   300   350   400   450   500   550   600   650   700   750   800   850   900   950   1000   1050   1100   1150   1200   1250   1300   1350   1400   1450   1500   1550   1600   
NEUT_PROD    214   203   192   182   172   163   154   146   138   131   124   117   111   105   99.7   94.4   89.4   84.7   80.2   76   72   68.2   64.6   61.2   58   55   52.2   49.5   46.9   44.5   42.2   40.1   38   
NEUT_DEST    109   109   104   99.3   95.1   91   87.1   83.4   79.9   76.6   73.5   70.5   67.6   64.9   62.4   59.9   57.6   55.4   53.3   51.4   49.5   47.7   46   44.4   42.9   41.4   40.1   38.8   37.5   36.3   35.2   34.2   33.2   
BUd    8.57e-14    39.3    39.6    37.5    35.5    33.6    31.8    30.1    28.5    27    25.6    24.2    22.9    21.7    20.5    19.5    18.4    17.4    16.5    15.7    14.8    14    13.3    12.6    11.9    11.3    10.7    10.2    9.64    9.15    8.67    8.23    7.81    
U234    1.033e-17    0.004675    0.00927    0.0135    0.0174    0.021    0.02432    0.02741    0.03028    0.03296    0.0355    0.03791    0.04023    0.04248    0.04468    0.04687    0.04906    0.05129    0.05356    0.0559    0.05833    0.06087    0.06353    0.06632    0.06926    0.07236    0.07563    0.07908    0.08272    0.08656    0.09059    0.09483    0.09929    
U235    1000    949.7    899    851    805.6    762.5    721.8    683.3    646.8    612.2    579.6    548.6    519.3    491.6    465.3    440.5    417    394.7    373.6    353.7    334.8    316.9    300    284    268.8    254.5    240.9    228    215.8    204.3    193.4    183.1    173.3    
U236    2.057e-14    9.386    18.77    27.58    35.83    43.56    50.8    57.58    63.91    69.83    75.36    80.52    85.32    89.79    93.95    97.82    101.4    104.7    107.8    110.6    113.2    115.6    117.8    119.9    121.7    123.4    124.9    126.3    127.5    128.6    129.6    130.4    131.2    
U237    0    0.01149    0.02602    0.03967    0.05246    0.06445    0.07568    0.08619    0.09602    0.1052    0.1138    0.1218    0.1292    0.1362    0.1426    0.1486    0.1542    0.1594    0.1641    0.1686    0.1726    0.1764    0.1798    0.1829    0.1858    0.1884    0.1908    0.1929    0.1949    0.1966    0.1981    0.1995    0.2007    
U238    0    0.0001695    0.0008626    0.002074    0.003771    0.005922    0.008498    0.01147    0.01481    0.0185    0.02252    0.02683    0.03142    0.03627    0.04136    0.04668    0.0522    0.05791    0.06379    0.06984    0.07604    0.08237    0.08883    0.0954    0.1021    0.1088    0.1157    0.1226    0.1296    0.1367    0.1438    0.1509    0.1581    
NP237    0    0.02335    0.1173    0.2784    0.4994    0.7738    1.095    1.459    1.858    2.29    2.748    3.23    3.731    4.248    4.778    5.317    5.864    6.416    6.97    7.525    8.079    8.63    9.177    9.718    10.25    10.78    11.3    11.81    12.3    12.79    13.27    13.73    14.18    
PU238    0    0.0002399    0.002695    0.01006    0.02466    0.0485    0.08323    0.1302    0.1906    0.2651    0.3546    0.4593    0.5797    0.7158    0.8677    1.035    1.218    1.416    1.629    1.856    2.096    2.35    2.616    2.894    3.183    3.483    3.792    4.111    4.438    4.772    5.114    5.461    5.814    
PU239    0    1.777e-06    4.096e-05    0.0002267    0.0007277    0.001751    0.003528    0.006296    0.01029    0.01575    0.02289    0.03191    0.04298    0.05627    0.0719    0.08999    0.1106    0.1339    0.1598    0.1884    0.2196    0.2535    0.2901    0.3293    0.371    0.4151    0.4617    0.5106    0.5616    0.6148    0.6699    0.7269    0.7857    
SE77    1.189e-18    0.001321    0.002726    0.004049    0.005293    0.006464    0.007565    0.008599    0.009572    0.01048    0.01134    0.01215    0.0129    0.01361    0.01427    0.01489    0.01547    0.01602    0.01652    0.017    0.01744    0.01785    0.01823    0.01859    0.01892    0.01923    0.01951    0.01978    0.02002    0.02024    0.02045    0.02064    0.02081    
SE78    6.1e-18    0.002869    0.005782    0.008545    0.01117    0.01366    0.01602    0.01826    0.02039    0.02242    0.02434    0.02616    0.0279    0.02955    0.03111    0.0326    0.03402    0.03537    0.03665    0.03787    0.03903    0.04014    0.04119    0.0422    0.04315    0.04407    0.04494    0.04577    0.04656    0.04732    0.04804    0.04873    0.04939    
SE79    1.596e-17    0.007332    0.01473    0.02173    0.02836    0.03463    0.04056    0.04618    0.05149    0.05652    0.06129    0.06579    0.07006    0.07409    0.07791    0.08153    0.08495    0.08819    0.09126    0.09416    0.0969    0.0995    0.102    0.1043    0.1065    0.1086    0.1106    0.1124    0.1142    0.1159    0.1175    0.119    0.1204    
SE80    3.839e-17    0.01759    0.03533    0.05212    0.06802    0.08308    0.09733    0.1108    0.1236    0.1357    0.1472    0.158    0.1683    0.178    0.1872    0.1959    0.2042    0.212    0.2194    0.2264    0.2331    0.2394    0.2453    0.251    0.2563    0.2614    0.2662    0.2708    0.2751    0.2792    0.2831    0.2868    0.2903    
BR81    6.568e-17    0.03004    0.06023    0.08869    0.1155    0.1408    0.1645    0.1869    0.208    0.2278    0.2465    0.264    0.2805    0.296    0.3105    0.3242    0.337    0.349    0.3602    0.3707    0.3806    0.3898    0.3984    0.4065    0.414    0.4209    0.4275    0.4335    0.4391    0.4444    0.4492    0.4537    0.4578    
SE82    1.036e-16    0.04745    0.09531    0.1406    0.1835    0.2241    0.2626    0.299    0.3334    0.366    0.3969    0.4261    0.4538    0.48    0.5048    0.5283    0.5506    0.5717    0.5916    0.6105    0.6284    0.6453    0.6614    0.6766    0.691    0.7046    0.7175    0.7298    0.7414    0.7524    0.7628    0.7727    0.7821    
KR83    1.614e-16    0.07675    0.1531    0.2237    0.2891    0.3495    0.4052    0.4565    0.5037    0.5469    0.5865    0.6227    0.6557    0.6856    0.7127    0.7371    0.7591    0.7787    0.7961    0.8115    0.825    0.8367    0.8468    0.8552    0.8623    0.868    0.8724    0.8757    0.8778    0.879    0.8792    0.8786    0.8771    
KR84    3.29e-16    0.1515    0.306    0.4538    0.5953    0.7308    0.8605    0.9848    1.104    1.218    1.327    1.432    1.533    1.63    1.722    1.811    1.897    1.979    2.058    2.134    2.207    2.277    2.345    2.41    2.473    2.533    2.592    2.648    2.702    2.754    2.805    2.853    2.9    
KR85    8.738e-17    0.03969    0.07961    0.117    0.1521    0.1849    0.2157    0.2444    0.2713    0.2963    0.3197    0.3416    0.3619    0.3808    0.3983    0.4146    0.4298    0.4438    0.4567    0.4686    0.4796    0.4897    0.4989    0.5074    0.5151    0.5221    0.5285    0.5342    0.5394    0.544    0.548    0.5516    0.5547    
RB85    3.241e-16    0.1479    0.2984    0.4411    0.5766    0.7051    0.8271    0.9429    1.053    1.157    1.256    1.35    1.44    1.525    1.605    1.682    1.755    1.824    1.89    1.953    2.012    2.069    2.123    2.174    2.223    2.27    2.314    2.356    2.397    2.435    2.472    2.507    2.54    
KR86    6.572e-16    0.3011    0.6048    0.8924    1.165    1.422    1.666    1.897    2.116    2.323    2.519    2.705    2.88    3.047    3.204    3.354    3.495    3.629    3.755    3.875    3.989    4.097    4.199    4.295    4.387    4.473    4.555    4.633    4.707    4.777    4.843    4.906    4.965    
RB87    8.513e-16    0.3894    0.7828    1.155    1.508    1.841    2.157    2.456    2.739    3.007    3.261    3.501    3.728    3.943    4.147    4.34    4.522    4.695    4.859    5.014    5.16    5.299    5.43    5.555    5.673    5.784    5.89    5.99    6.085    6.175    6.26    6.34    6.416    
SR88    1.158e-15    0.5602    1.128    1.665    2.174    2.655    3.111    3.543    3.952    4.339    4.705    5.052    5.381    5.692    5.987    6.266    6.53    6.78    7.017    7.242    7.455    7.656    7.847    8.028    8.199    8.361    8.515    8.661    8.799    8.93    9.054    9.172    9.283    
SR89    1.585e-15    0.5451    0.8142    0.921    0.9474    0.935    0.9043    0.8658    0.8245    0.7831    0.7426    0.7037    0.6666    0.6313    0.5978    0.5661    0.536    0.5076    0.4806    0.4551    0.431    0.4082    0.3866    0.3662    0.3468    0.3285    0.3112    0.2948    0.2793    0.2647    0.2508    0.2377    0.2252    
Y89    3.287e-17    0.1966    0.676    1.278    1.922    2.569    3.201    3.808    4.388    4.939    5.462    5.957    6.427    6.871    7.292    7.691    8.068    8.425    8.763    9.083    9.386    9.673    9.944    10.2    10.44    10.68    10.89    11.1    11.3    11.48    11.66    11.82    11.98    
SR90    1.957e-15    0.8953    1.796    2.645    3.446    4.201    4.913    5.584    6.216    6.811    7.372    7.899    8.396    8.864    9.303    9.716    10.1    10.47    10.81    11.13    11.43    11.72    11.98    12.23    12.46    12.68    12.88    13.07    13.25    13.41    13.56    13.71    13.84    
ZR90    3.161e-18    0.00273    0.008531    0.01718    0.02852    0.0424    0.05869    0.07726    0.09796    0.1207    0.1453    0.1717    0.1998    0.2294    0.2606    0.2931    0.327    0.3621    0.3984    0.4357    0.4741    0.5135    0.5537    0.5948    0.6366    0.6792    0.7225    0.7665    0.811    0.8561    0.9017    0.9478    0.9943    
Y91    1.614e-15    0.6995    1.088    1.265    1.328    1.329    1.298    1.251    1.196    1.139    1.082    1.027    0.9734    0.9223    0.8736    0.8273    0.7835    0.7419    0.7026    0.6654    0.6301    0.5967    0.5652    0.5353    0.507    0.4803    0.455    0.431    0.4084    0.387    0.3667    0.3475    0.3294    
ZR91    2.458e-17    0.2149    0.761    1.468    2.242    3.033    3.813    4.57    5.295    5.987    6.645    7.269    7.86    8.42    8.951    9.452    9.927    10.38    10.8    11.2    11.58    11.94    12.29    12.61    12.91    13.2    13.47    13.73    13.98    14.21    14.43    14.63    14.83    
ZR92    1.982e-15    0.9525    1.921    2.839    3.708    4.531    5.31    6.048    6.747    7.409    8.036    8.63    9.193    9.726    10.23    10.71    11.16    11.59    12    12.39    12.75    13.1    13.43    13.74    14.03    14.31    14.58    14.83    15.07    15.3    15.51    15.72    15.91    
ZR93    1.825e-15    1.032    2.086    3.083    4.025    4.915    5.757    6.552    7.304    8.015    8.686    9.321    9.92    10.49    11.02    11.53    12    12.45    12.88    13.28    13.66    14.02    14.35    14.67    14.97    15.26    15.52    15.77    16.01    16.23    16.45    16.64    16.83    
ZR94    2.23e-15    1.022    2.055    3.034    3.963    4.843    5.678    6.47    7.221    7.933    8.609    9.25    9.858    10.44    10.98    11.5    12    12.47    12.91    13.34    13.74    14.12    14.49    14.83    15.16    15.47    15.77    16.06    16.33    16.58    16.83    17.06    17.29    
ZR95    2.274e-15    0.8277    1.304    1.537    1.631    1.647    1.619    1.567    1.504    1.435    1.366    1.297    1.231    1.166    1.105    1.047    0.9918    0.9394    0.8897    0.8427    0.7982    0.7561    0.7162    0.6785    0.6428    0.609    0.5771    0.5469    0.5184    0.4914    0.4658    0.4417    0.4189    
NB95    3.624e-17    0.171    0.4527    0.6692    0.8002    0.8645    0.8843    0.8769    0.8538    0.8222    0.7866    0.7496    0.7125    0.6762    0.6413    0.6077    0.5758    0.5455    0.5166    0.4894    0.4635    0.439    0.4158    0.3939    0.3732    0.3536    0.335    0.3174    0.3008    0.2851    0.2703    0.2562    0.2429    
MO95    7.199e-19    0.0596    0.3682    0.9257    1.651    2.466    3.317    4.168    5    5.8    6.563    7.286    7.969    8.613    9.218    9.787    10.32    10.82    11.29    11.73    12.14    12.52    12.88    13.21    13.53    13.82    14.09    14.34    14.57    14.79    14.99    15.17    15.34    
ZR96    2.294e-15    1.051    2.11    3.114    4.063    4.962    5.812    6.617    7.379    8.1    8.783    9.428    10.04    10.62    11.17    11.68    12.17    12.64    13.08    13.49    13.89    14.26    14.61    14.94    15.26    15.56    15.84    16.11    16.36    16.6    16.83    17.05    17.25    
MO96    1.262e-19    0.0002393    0.001656    0.005565    0.01292    0.02427    0.03986    0.05972    0.08376    0.1119    0.1438    0.1794    0.2185    0.2608    0.3061    0.3543    0.4052    0.4586    0.5144    0.5723    0.6323    0.6942    0.7578    0.8231    0.89    0.9583    1.028    1.099    1.171    1.244    1.318    1.392    1.468    
ZR97    6.943e-16    0.02088    0.01977    0.01872    0.01773    0.01679    0.0159    0.01506    0.01426    0.01351    0.0128    0.01212    0.01148    0.01088    0.01031    0.009765    0.009253    0.008769    0.00831    0.007876    0.007466    0.007078    0.006711    0.006364    0.006036    0.005725    0.005432    0.005154    0.004892    0.004644    0.004409    0.004188    0.003978    
MO97    1.472e-15    0.9723    1.976    2.926    3.824    4.674    5.478    6.239    6.958    7.638    8.282    8.89    9.466    10.01    10.53    11.01    11.47    11.91    12.32    12.71    13.08    13.43    13.76    14.07    14.36    14.64    14.9    15.15    15.39    15.61    15.82    16.02    16.21    
MO98    2.178e-15    0.9979    2.005    2.96    3.864    4.72    5.531    6.3    7.029    7.719    8.374    8.994    9.581    10.14    10.67    11.17    11.64    12.09    12.52    12.92    13.31    13.67    14.02    14.35    14.66    14.96    15.24    15.5    15.76    16    16.23    16.45    16.66    
MO99    1.582e-15    0.08499    0.08048    0.07622    0.07219    0.06837    0.06475    0.06133    0.05809    0.05503    0.05213    0.04938    0.04678    0.04433    0.042    0.0398    0.03772    0.03575    0.03389    0.03212    0.03046    0.02888    0.02739    0.02598    0.02464    0.02338    0.02219    0.02106    0.02    0.01899    0.01804    0.01714    0.01629    
TC99    6.206e-16    0.9369    1.97    2.939    3.847    4.697    5.493    6.237    6.933    7.582    8.188    8.754    9.28    9.77    10.23    10.65    11.04    11.4    11.74    12.05    12.33    12.59    12.84    13.06    13.26    13.44    13.6    13.75    13.89    14.01    14.11    14.21    14.29    
MO100    2.392e-15    1.096    2.201    3.247    4.237    5.173    6.06    6.899    7.694    8.446    9.157    9.831    10.47    11.07    11.64    12.18    12.69    13.18    13.64    14.07    14.48    14.87    15.24    15.59    15.92    16.23    16.53    16.81    17.07    17.33    17.56    17.79    18    
RU100    8.662e-21    0.00408    0.01787    0.0408    0.07227    0.1118    0.1587    0.2127    0.2732    0.3397    0.412    0.4895    0.5719    0.6589    0.7502    0.8453    0.9441    1.046    1.151    1.26    1.37    1.483    1.599    1.716    1.835    1.956    2.078    2.201    2.326    2.452    2.578    2.706    2.834    
RU101    1.941e-15    0.8915    1.788    2.632    3.428    4.178    4.884    5.549    6.175    6.764    7.318    7.839    8.329    8.789    9.222    9.628    10.01    10.37    10.7    11.02    11.31    11.58    11.84    12.08    12.31    12.52    12.71    12.9    13.07    13.23    13.37    13.51    13.64    
RU102    1.641e-15    0.7561    1.523    2.252    2.947    3.608    4.238    4.837    5.409    5.954    6.473    6.969    7.442    7.893    8.324    8.735    9.129    9.505    9.865    10.21    10.54    10.85    11.16    11.45    11.73    11.99    12.25    12.5    12.73    12.96    13.18    13.39    13.6    
RU103    1.202e-15    0.3825    0.535    0.5779    0.5768    0.5585    0.5341    0.508    0.4821    0.4571    0.4333    0.4106    0.3891    0.3688    0.3496    0.3314    0.3142    0.2979    0.2825    0.268    0.2542    0.2412    0.229    0.2174    0.2064    0.1961    0.1863    0.1771    0.1684    0.1601    0.1524    0.1451    0.1382    
RH103    3.156e-17    0.1797    0.5814    1.044    1.504    1.935    2.33    2.688    3.008    3.294    3.547    3.77    3.965    4.134    4.279    4.402    4.505    4.59    4.657    4.709    4.746    4.771    4.783    4.785    4.777    4.76    4.734    4.702    4.663    4.619    4.569    4.515    4.457    
RU104    7.469e-16    0.3428    0.6895    1.018    1.329    1.624    1.903    2.167    2.417    2.653    2.877    3.089    3.29    3.48    3.66    3.83    3.992    4.144    4.289    4.426    4.556    4.679    4.795    4.906    5.01    5.11    5.204    5.293    5.378    5.459    5.535    5.608    5.677    
PD104    2.983e-23    0.002482    0.0177    0.05096    0.1032    0.1738    0.2612    0.364    0.4806    0.6096    0.7494    0.8989    1.057    1.222    1.394    1.57    1.752    1.937    2.125    2.315    2.507    2.7    2.893    3.087    3.28    3.473    3.665    3.855    4.044    4.231    4.415    4.598    4.778    
PD105    1.876e-16    0.1683    0.3458    0.513    0.6704    0.8185    0.9579    1.089    1.212    1.328    1.437    1.54    1.636    1.727    1.812    1.892    1.967    2.038    2.104    2.166    2.225    2.279    2.331    2.379    2.425    2.467    2.507    2.545    2.58    2.613    2.644    2.674    2.701    
RU106    1.688e-16    0.07416    0.1421    0.1999    0.2488    0.2897    0.3236    0.3512    0.3734    0.3907    0.4037    0.413    0.4191    0.4224    0.4232    0.422    0.4189    0.4143    0.4085    0.4016    0.3938    0.3853    0.3762    0.3668    0.357    0.347    0.337    0.3268    0.3167    0.3067    0.2969    0.2872    0.2777    
PD106    4.773e-19    0.01673    0.04222    0.07389    0.1108    0.1522    0.1972    0.2454    0.296    0.3487    0.4029    0.4583    0.5145    0.5713    0.6284    0.6855    0.7425    0.7992    0.8554    0.9112    0.9662    1.021    1.074    1.127    1.179    1.23    1.28    1.329    1.377    1.424    1.471    1.516    1.561    
PD107    7.953e-17    0.03641    0.07305    0.1076    0.1402    0.171    0.2    0.2273    0.2531    0.2774    0.3003    0.3219    0.3423    0.3615    0.3796    0.3967    0.4128    0.4281    0.4424    0.456    0.4688    0.481    0.4925    0.5034    0.5137    0.5235    0.5328    0.5417    0.5502    0.5583    0.5661    0.5735    0.5807    
PD108    3.841e-17    0.01761    0.03533    0.05208    0.0679    0.08283    0.09694    0.1103    0.1228    0.1347    0.1459    0.1565    0.1665    0.176    0.1849    0.1934    0.2014    0.2089    0.2161    0.2229    0.2293    0.2354    0.2413    0.2468    0.2521    0.2572    0.262    0.2666    0.2711    0.2754    0.2796    0.2836    0.2875    
AG109    1.406e-17    0.008496    0.017    0.02482    0.03202    0.03863    0.04469    0.05024    0.05532    0.05997    0.0642    0.06807    0.07158    0.07477    0.07767    0.08029    0.08267    0.08481    0.08675    0.08851    0.09008    0.09151    0.09279    0.09396    0.09501    0.09596    0.09683    0.09762    0.09836    0.09903    0.09967    0.1003    0.1008    
PD110    1.408e-17    0.006449    0.01295    0.01911    0.02494    0.03045    0.03567    0.04061    0.04529    0.04972    0.05391    0.05788    0.06164    0.0652    0.06858    0.07179    0.07483    0.07771    0.08046    0.08307    0.08555    0.08792    0.09017    0.09233    0.09439    0.09637    0.09826    0.1001    0.1018    0.1035    0.1052    0.1068    0.1083    
CD110    0    0.0001768    0.0007408    0.001663    0.002917    0.004474    0.006312    0.008405    0.01073    0.01328    0.01601    0.01893    0.02201    0.02523    0.02858    0.03206    0.03564    0.03931    0.04307    0.04691    0.05081    0.05477    0.05879    0.06285    0.06696    0.0711    0.07527    0.07947    0.08369    0.08794    0.0922    0.09648    0.1008    
CD111    1.446e-18    0.004066    0.009375    0.0144    0.01913    0.0236    0.02782    0.03179    0.03555    0.03909    0.04244    0.0456    0.04858    0.05141    0.05407    0.0566    0.05899    0.06125    0.0634    0.06543    0.06736    0.0692    0.07095    0.07262    0.07421    0.07572    0.07718    0.07857    0.07991    0.0812    0.08244    0.08365    0.08481    
CD112    5.289e-18    0.003767    0.007703    0.01145    0.01501    0.01841    0.02164    0.02472    0.02765    0.03045    0.03312    0.03566    0.03809    0.04041    0.04262    0.04474    0.04676    0.0487    0.05055    0.05233    0.05403    0.05567    0.05724    0.05875    0.0602    0.0616    0.06295    0.06425    0.06551    0.06672    0.0679    0.06904    0.07015    
CD114    7.758e-18    0.006194    0.01355    0.02056    0.02718    0.03345    0.03939    0.045    0.05031    0.05533    0.06008    0.06458    0.06884    0.07286    0.07667    0.08027    0.08368    0.08691    0.08997    0.09286    0.0956    0.09819    0.1006    0.103    0.1052    0.1073    0.1093    0.1111    0.1129    0.1146    0.1162    0.1178    0.1192    
CD116    7.732e-18    0.003543    0.007118    0.0105    0.01371    0.01674    0.01961    0.02233    0.0249    0.02734    0.02964    0.03182    0.03389    0.03584    0.0377    0.03945    0.04111    0.04268    0.04417    0.04558    0.04691    0.04817    0.04937    0.05051    0.05158    0.0526    0.05357    0.05448    0.05535    0.05618    0.05696    0.0577    0.05841    
SN116    1.886e-23    0.0002741    0.001132    0.002444    0.004096    0.005992    0.008056    0.01023    0.01246    0.01472    0.01697    0.01919    0.02137    0.0235    0.02556    0.02756    0.02948    0.03133    0.03311    0.03481    0.03644    0.038    0.03949    0.04091    0.04227    0.04356    0.0448    0.04598    0.0471    0.04817    0.0492    0.05018    0.05111    
SN117    7.06e-18    0.003462    0.006974    0.0103    0.01344    0.01641    0.01923    0.02189    0.02441    0.0268    0.02906    0.0312    0.03322    0.03514    0.03695    0.03867    0.0403    0.04184    0.0433    0.04468    0.04599    0.04723    0.04841    0.04952    0.05058    0.05158    0.05253    0.05344    0.05429    0.0551    0.05588    0.05661    0.05731    
SN118    8.291e-18    0.003859    0.007759    0.01145    0.01495    0.01826    0.0214    0.02437    0.02719    0.02985    0.03238    0.03477    0.03704    0.03919    0.04123    0.04316    0.04499    0.04672    0.04837    0.04993    0.05141    0.05281    0.05414    0.0554    0.0566    0.05774    0.05882    0.05985    0.06083    0.06176    0.06264    0.06348    0.06428    
SN119    7.961e-18    0.003657    0.007355    0.01086    0.01419    0.01734    0.02033    0.02316    0.02585    0.02839    0.03081    0.0331    0.03527    0.03732    0.03927    0.04112    0.04287    0.04453    0.0461    0.0476    0.04901    0.05035    0.05163    0.05284    0.05398    0.05507    0.05611    0.05709    0.05802    0.05891    0.05975    0.06055    0.06131    
SN120    8.462e-18    0.003878    0.007791    0.0115    0.01501    0.01833    0.02148    0.02446    0.02728    0.02996    0.03249    0.03489    0.03716    0.03932    0.04136    0.04329    0.04512    0.04686    0.04851    0.05007    0.05155    0.05295    0.05428    0.05555    0.05675    0.05789    0.05897    0.05999    0.06097    0.0619    0.06278    0.06361    0.06441    
SB121    4.908e-18    0.00396    0.00807    0.01193    0.01555    0.01895    0.02213    0.02512    0.02791    0.03053    0.03297    0.03526    0.03739    0.03938    0.04124    0.04297    0.04458    0.04607    0.04746    0.04875    0.04994    0.05104    0.05206    0.053    0.05386    0.05465    0.05537    0.05603    0.05663    0.05717    0.05767    0.05811    0.0585    
SN122    9.519e-18    0.004361    0.00876    0.01293    0.01687    0.0206    0.02414    0.02749    0.03066    0.03366    0.0365    0.03919    0.04174    0.04416    0.04644    0.04861    0.05066    0.05261    0.05445    0.05619    0.05785    0.05942    0.0609    0.06231    0.06365    0.06492    0.06612    0.06726    0.06835    0.06937    0.07035    0.07128    0.07216    
SB123    8.632e-18    0.004078    0.008444    0.01277    0.017    0.02111    0.02507    0.02886    0.03249    0.03594    0.03922    0.04233    0.04526    0.04803    0.05064    0.05309    0.0554    0.05757    0.05961    0.06151    0.0633    0.06497    0.06653    0.06799    0.06935    0.07062    0.0718    0.07289    0.07391    0.07486    0.07574    0.07655    0.0773    
SN124    1.479e-17    0.006772    0.0136    0.02006    0.02617    0.03196    0.03743    0.0426    0.0475    0.05213    0.05651    0.06066    0.06458    0.06828    0.07179    0.07511    0.07825    0.08122    0.08403    0.08669    0.0892    0.09158    0.09383    0.09596    0.09797    0.09988    0.1017    0.1034    0.105    0.1065    0.108    0.1094    0.1107    
SB125    1.266e-17    0.007788    0.01633    0.02415    0.03125    0.03769    0.04351    0.04875    0.05345    0.05765    0.06139    0.0647    0.06761    0.07015    0.07235    0.07423    0.07582    0.07714    0.07821    0.07905    0.07968    0.08011    0.08037    0.08047    0.08042    0.08023    0.07993    0.07951    0.07899    0.07838    0.0777    0.07694    0.07611    
TE125    1.052e-20    9.664e-05    0.0004478    0.001059    0.001919    0.00301    0.004313    0.005809    0.007481    0.00931    0.01128    0.01337    0.01558    0.01788    0.02026    0.02271    0.02523    0.0278    0.03041    0.03305    0.03572    0.0384    0.0411    0.04381    0.04651    0.04921    0.0519    0.05457    0.05723    0.05987    0.06249    0.06507    0.06763    
SN126    3.545e-17    0.01624    0.03262    0.04812    0.0628    0.07669    0.08985    0.1023    0.1141    0.1252    0.1358    0.1458    0.1553    0.1643    0.1727    0.1808    0.1884    0.1956    0.2024    0.2089    0.2151    0.2209    0.2264    0.2316    0.2366    0.2412    0.2457    0.2499    0.2539    0.2578    0.2614    0.2648    0.2681    
TE127M    2.509e-18    0.003821    0.007062    0.009186    0.01051    0.01127    0.01162    0.0117    0.01158    0.01133    0.01099    0.0106    0.01018    0.009736    0.009294    0.008855    0.008425    0.008008    0.007606    0.00722    0.006852    0.006501    0.006167    0.005849    0.005549    0.005264    0.004994    0.004739    0.004498    0.004271    0.004056    0.003853    0.003661    
I127    1.094e-17    0.02749    0.0605    0.09248    0.1232    0.1526    0.1806    0.2071    0.2322    0.2559    0.2782    0.2991    0.3188    0.3373    0.3546    0.3708    0.386    0.4001    0.4134    0.4257    0.4372    0.4479    0.4578    0.467    0.4756    0.4835    0.4908    0.4976    0.5038    0.5096    0.5148    0.5197    0.5241    
TE128    1.914e-16    0.08981    0.1806    0.2665    0.3479    0.4249    0.4978    0.5669    0.6322    0.6941    0.7527    0.8082    0.8607    0.9104    0.9575    1.002    1.044    1.084    1.122    1.158    1.192    1.224    1.255    1.284    1.311    1.337    1.362    1.385    1.408    1.429    1.449    1.468    1.486    
XE128    5.771e-21    7.649e-05    0.0003417    0.0007915    0.001419    0.002217    0.003177    0.004291    0.005551    0.006948    0.008474    0.01012    0.01188    0.01375    0.01572    0.01778    0.01993    0.02216    0.02447    0.02685    0.02929    0.03179    0.03435    0.03696    0.03962    0.04233    0.04507    0.04785    0.05067    0.05352    0.0564    0.0593    0.06223    
TE129M    4.879e-17    0.01464    0.01964    0.02066    0.02029    0.01947    0.01853    0.01758    0.01665    0.01577    0.01493    0.01414    0.01339    0.01268    0.01201    0.01137    0.01077    0.0102    0.009663    0.009155    0.008674    0.008219    0.00779    0.007384    0.007    0.006638    0.006296    0.005972    0.005667    0.005378    0.005106    0.004849    0.004607    
I129    2.786e-16    0.146    0.3037    0.4562    0.6013    0.7387    0.8684    0.9907    1.106    1.215    1.317    1.413    1.504    1.59    1.67    1.746    1.817    1.884    1.947    2.006    2.061    2.113    2.162    2.208    2.251    2.291    2.328    2.364    2.397    2.427    2.456    2.483    2.508    
TE130    7.485e-16    0.343    0.6891    1.017    1.327    1.621    1.899    2.162    2.411    2.647    2.87    3.081    3.281    3.471    3.65    3.82    3.981    4.133    4.277    4.414    4.544    4.666    4.782    4.892    4.997    5.096    5.189    5.278    5.362    5.442    5.518    5.59    5.658    
XE130    9.214e-20    0.0002711    0.001054    0.002337    0.004099    0.006315    0.008959    0.01201    0.01543    0.01922    0.02334    0.02778    0.03251    0.03753    0.04281    0.04833    0.05408    0.06005    0.06623    0.07259    0.07913    0.08584    0.09271    0.09972    0.1069    0.1141    0.1215    0.129    0.1366    0.1444    0.1521    0.16    0.168    
I131    1.184e-15    0.1567    0.1512    0.1431    0.1355    0.1283    0.1215    0.115    0.1089    0.1031    0.09761    0.09242    0.08752    0.08287    0.07848    0.07432    0.07039    0.06667    0.06315    0.05982    0.05667    0.0537    0.05088    0.04822    0.0457    0.04332    0.04108    0.03895    0.03694    0.03505    0.03325    0.03156    0.02996    
XE131    1.55e-16    0.4893    1.13    1.716    2.248    2.729    3.163    3.553    3.902    4.214    4.49    4.734    4.947    5.133    5.292    5.428    5.542    5.635    5.71    5.767    5.808    5.835    5.849    5.851    5.841    5.822    5.793    5.756    5.711    5.66    5.603    5.54    5.473    
TE132    1.588e-15    0.09606    0.09094    0.0861    0.08151    0.07716    0.07305    0.06916    0.06548    0.06199    0.05869    0.05557    0.05262    0.04982    0.04718    0.04468    0.04231    0.04007    0.03795    0.03595    0.03405    0.03226    0.03057    0.02897    0.02745    0.02602    0.02466    0.02338    0.02218    0.02103    0.01995    0.01893    0.01797    
XE132    5.518e-16    0.8965    1.929    2.93    3.901    4.843    5.756    6.641    7.499    8.331    9.137    9.918    10.67    11.41    12.12    12.81    13.47    14.12    14.74    15.35    15.93    16.5    17.05    17.58    18.1    18.6    19.08    19.55    20    20.44    20.86    21.27    21.67    
I133    1.287e-15    0.0404    0.03825    0.03621    0.03428    0.03245    0.03072    0.02908    0.02754    0.02607    0.02468    0.02337    0.02213    0.02095    0.01984    0.01879    0.01779    0.01685    0.01596    0.01511    0.01432    0.01356    0.01285    0.01217    0.01154    0.01093    0.01036    0.009824    0.009315    0.008833    0.008378    0.007947    0.007541    
XE133    1.782e-15    0.2381    0.2263    0.2143    0.2029    0.1921    0.1819    0.1722    0.1631    0.1544    0.1462    0.1385    0.1311    0.1242    0.1176    0.1114    0.1055    0.09996    0.09469    0.08972    0.08501    0.08055    0.07634    0.07236    0.06859    0.06503    0.06167    0.05848    0.05548    0.05263    0.04995    0.04741    0.04501    
CS133    2.859e-16    1.264    2.829    4.291    5.655    6.926    8.11    9.21    10.23    11.18    12.06    12.88    13.63    14.33    14.97    15.56    16.1    16.59    17.04    17.45    17.83    18.16    18.47    18.74    18.98    19.19    19.38    19.55    19.68    19.8    19.9    19.98    20.04    
XE134    3.864e-15    1.795    3.61    5.328    6.954    8.494    9.952    11.33    12.64    13.87    15.05    16.15    17.2    18.2    19.14    20.03    20.87    21.67    22.42    23.14    23.82    24.46    25.07    25.64    26.19    26.71    27.2    27.66    28.1    28.52    28.91    29.29    29.65    
CS134    2.115e-20    0.006594    0.0322    0.07522    0.1334    0.2048    0.2874    0.3796    0.4799    0.5868    0.6991    0.8157    0.9355    1.058    1.181    1.305    1.43    1.554    1.676    1.798    1.917    2.034    2.148    2.26    2.368    2.474    2.576    2.674    2.769    2.86    2.947    3.03    3.11    
BA134    4.634e-23    8.518e-05    0.000907    0.003315    0.008056    0.01578    0.02704    0.04231    0.062    0.08643    0.1159    0.1506    0.1906    0.2362    0.2874    0.3442    0.4067    0.4748    0.5485    0.6277    0.7124    0.8024    0.8976    0.9978    1.103    1.213    1.328    1.447    1.57    1.698    1.829    1.964    2.103    
CS135    2.692e-15    0.5292    1.068    1.578    2.059    2.514    2.945    3.352    3.737    4.102    4.447    4.775    5.085    5.379    5.659    5.924    6.175    6.415    6.642    6.858    7.064    7.261    7.447    7.626    7.796    7.958    8.113    8.261    8.403    8.539    8.669    8.793    8.912    
XE136    3.321e-15    2.517    5.069    7.484    9.772    11.94    13.99    15.93    17.76    19.5    21.15    22.71    24.19    25.59    26.91    28.16    29.35    30.47    31.54    32.55    33.5    34.41    35.27    36.08    36.85    37.58    38.27    38.93    39.55    40.14    40.7    41.23    41.73    
BA136    2.97e-19    0.001468    0.0049    0.009749    0.0159    0.02329    0.03184    0.0415    0.05219    0.06387    0.07649    0.08998    0.1043    0.1195    0.1353    0.1519    0.1692    0.1871    0.2057    0.2248    0.2445    0.2647    0.2855    0.3067    0.3284    0.3505    0.373    0.396    0.4193    0.443    0.4671    0.4916    0.5163    
CS137    3.181e-15    1.455    2.918    4.299    5.601    6.828    7.986    9.077    10.11    11.07    11.99    12.85    13.65    14.41    15.13    15.8    16.44    17.03    17.59    18.11    18.61    19.07    19.5    19.91    20.29    20.64    20.97    21.29    21.58    21.85    22.1    22.33    22.55    
BA137    5.712e-19    0.002307    0.009373    0.02092    0.03671    0.05647    0.07999    0.1071    0.1374    0.171    0.2074    0.2467    0.2885    0.3329    0.3795    0.4283    0.4791    0.5318    0.5863    0.6425    0.7002    0.7595    0.8201    0.882    0.9451    1.009    1.075    1.141    1.208    1.276    1.345    1.414    1.484    
BA138    3.552e-15    1.633    3.281    4.842    6.319    7.718    9.042    10.3    11.48    12.61    13.67    14.68    15.63    16.53    17.39    18.2    18.97    19.69    20.38    21.03    21.65    22.23    22.79    23.31    23.81    24.28    24.73    25.15    25.55    25.93    26.29    26.63    26.96    
LA139    3.398e-15    1.558    3.13    4.617    6.022    7.351    8.607    9.793    10.91    11.97    12.98    13.92    14.82    15.66    16.46    17.21    17.92    18.59    19.23    19.83    20.39    20.92    21.43    21.9    22.35    22.77    23.17    23.54    23.9    24.23    24.55    24.84    25.12    
BA140    3.045e-15    0.5413    0.5552    0.5284    0.5005    0.4738    0.4486    0.4247    0.402    0.3806    0.3604    0.3412    0.3231    0.3059    0.2896    0.2743    0.2597    0.246    0.2329    0.2206    0.209    0.1979    0.1875    0.1777    0.1683    0.1595    0.1512    0.1433    0.1358    0.1288    0.1221    0.1158    0.1099    
LA140    1.76e-16    0.07109    0.07372    0.07032    0.0667    0.06325    0.05998    0.05689    0.05396    0.05119    0.04856    0.04608    0.04373    0.04151    0.0394    0.03741    0.03553    0.03375    0.03206    0.03046    0.02895    0.02753    0.02618    0.0249    0.02369    0.02255    0.02147    0.02044    0.01948    0.01856    0.0177    0.01688    0.01611    
CE140    8.147e-17    0.9594    2.528    4.061    5.518    6.899    8.208    9.449    10.63    11.74    12.8    13.81    14.76    15.67    16.52    17.34    18.11    18.85    19.54    20.21    20.84    21.43    22    22.54    23.06    23.55    24.01    24.45    24.88    25.28    25.66    26.02    26.37    
CE141    3.042e-15    0.9047    1.202    1.256    1.23    1.179    1.121    1.063    1.007    0.9536    0.903    0.8551    0.8098    0.7669    0.7262    0.6878    0.6515    0.617    0.5845    0.5537    0.5246    0.497    0.4709    0.4463    0.423    0.4009    0.3801    0.3604    0.3417    0.3241    0.3074    0.2917    0.2768    
PR141    9.833e-17    0.5337    1.693    3.014    4.341    5.621    6.84    7.995    9.087    10.12    11.1    12.02    12.89    13.71    14.49    15.22    15.91    16.56    17.18    17.76    18.31    18.83    19.32    19.78    20.21    20.62    21.01    21.37    21.71    22.03    22.34    22.62    22.89    
CE142    3.157e-15    1.45    2.918    4.308    5.624    6.869    8.049    9.165    10.22    11.22    12.17    13.06    13.91    14.72    15.48    16.19    16.88    17.52    18.13    18.71    19.26    19.77    20.27    20.73    21.17    21.59    21.98    22.36    22.71    23.05    23.36    23.66    23.95    
ND142    3.013e-23    0.0002709    0.001915    0.005476    0.01106    0.01862    0.02808    0.03933    0.05227    0.06681    0.08286    0.1003    0.1191    0.1392    0.1604    0.1828    0.2062    0.2306    0.2559    0.2821    0.3091    0.3369    0.3654    0.3946    0.4244    0.4548    0.4857    0.5172    0.5492    0.5816    0.6144    0.6477    0.6813    
CE143    1.653e-15    0.06043    0.05721    0.05417    0.05129    0.04857    0.04599    0.04355    0.04124    0.03905    0.03698    0.03502    0.03317    0.03141    0.02975    0.02818    0.02669    0.02529    0.02396    0.0227    0.02151    0.02038    0.01931    0.0183    0.01735    0.01645    0.0156    0.01479    0.01403    0.01331    0.01262    0.01198    0.01137    
PR143    1.469e-15    0.5258    0.5519    0.5267    0.499    0.4725    0.4474    0.4237    0.4012    0.3799    0.3598    0.3407    0.3227    0.3056    0.2894    0.2741    0.2597    0.246    0.233    0.2208    0.2092    0.1982    0.1879    0.178    0.1688    0.16    0.1517    0.1438    0.1364    0.1294    0.1228    0.1165    0.1105    
ND143    8.482e-17    0.8692    2.287    3.643    4.893    6.043    7.096    8.06    8.939    9.74    10.47    11.12    11.72    12.25    12.73    13.15    13.53    13.85    14.14    14.38    14.59    14.77    14.91    15.02    15.1    15.16    15.2    15.21    15.2    15.18    15.14    15.08    15    
CE144    2.954e-15    1.283    2.425    3.367    4.135    4.754    5.243    5.621    5.904    6.104    6.235    6.306    6.327    6.306    6.25    6.165    6.056    5.928    5.785    5.629    5.465    5.293    5.118    4.94    4.76    4.581    4.404    4.228    4.055    3.886    3.721    3.56    3.404    
ND144    1.129e-17    0.08899    0.3658    0.804    1.378    2.066    2.848    3.708    4.629    5.601    6.61    7.649    8.708    9.78    10.86    11.94    13.02    14.09    15.15    16.2    17.24    18.26    19.26    20.24    21.2    22.15    23.07    23.97    24.84    25.7    26.53    27.34    28.13    
ND145    2.151e-15    0.9744    1.955    2.874    3.733    4.537    5.289    5.991    6.646    7.257    7.827    8.357    8.851    9.309    9.734    10.13    10.49    10.83    11.14    11.43    11.69    11.93    12.16    12.36    12.54    12.71    12.86    13    13.12    13.22    13.32    13.4    13.48    
ND146    1.644e-15    0.7607    1.539    2.286    3.003    3.692    4.355    4.992    5.605    6.195    6.763    7.31    7.838    8.347    8.838    9.312    9.77    10.21    10.64    11.06    11.46    11.84    12.22    12.59    12.94    13.28    13.62    13.94    14.26    14.56    14.86    15.15    15.44    
ND147    1.161e-15    0.1845    0.1843    0.1749    0.1657    0.1569    0.1486    0.1408    0.1334    0.1263    0.1197    0.1134    0.1074    0.1018    0.09646    0.09141    0.08664    0.08213    0.07786    0.07382    0.07    0.06639    0.06297    0.05974    0.05668    0.0538    0.05107    0.04849    0.04605    0.04374    0.04157    0.03951    0.03757    
PM147    1.125e-16    0.3822    0.9052    1.359    1.744    2.067    2.335    2.554    2.73    2.869    2.975    3.051    3.103    3.132    3.143    3.136    3.116    3.084    3.042    2.991    2.933    2.869    2.8    2.728    2.653    2.576    2.498    2.419    2.339    2.26    2.181    2.103    2.027    
SM147    8.326e-20    0.005216    0.02819    0.06789    0.1213    0.1855    0.2583    0.3375    0.4212    0.5079    0.5963    0.6851    0.7735    0.8605    0.9456    1.028    1.107    1.184    1.256    1.324    1.389    1.449    1.505    1.556    1.604    1.647    1.686    1.722    1.753    1.78    1.804    1.824    1.841    
ND148    9.506e-16    0.4382    0.8813    1.3    1.696    2.071    2.425    2.76    3.077    3.376    3.659    3.926    4.179    4.418    4.644    4.857    5.058    5.249    5.429    5.598    5.759    5.91    6.054    6.189    6.316    6.437    6.551    6.658    6.759    6.855    6.945    7.031    7.111    
PM148    2.351e-21    0.00194    0.004621    0.00696    0.008942    0.01061    0.01199    0.01312    0.01403    0.01474    0.01529    0.01568    0.01595    0.0161    0.01616    0.01613    0.01602    0.01586    0.01564    0.01538    0.01508    0.01475    0.0144    0.01403    0.01365    0.01325    0.01285    0.01244    0.01203    0.01162    0.01122    0.01082    0.01042    
PM148M    4.166e-22    0.001235    0.003685    0.005902    0.007789    0.009375    0.0107    0.01178    0.01266    0.01335    0.01388    0.01428    0.01455    0.01471    0.01478    0.01477    0.01469    0.01455    0.01436    0.01413    0.01387    0.01357    0.01325    0.01292    0.01257    0.01221    0.01184    0.01147    0.0111    0.01072    0.01035    0.009984    0.009621    
SM148    4.869e-22    0.0045    0.02718    0.06902    0.1279    0.2017    0.2886    0.3869    0.495    0.6115    0.7353    0.8651    1    1.139    1.281    1.426    1.573    1.721    1.87    2.02    2.169    2.318    2.466    2.612    2.758    2.902    3.044    3.185    3.323    3.459    3.593    3.724    3.853    
PM149    3.99e-16    0.01901    0.01883    0.01862    0.01836    0.01804    0.01769    0.0173    0.01688    0.01645    0.01599    0.01553    0.01506    0.01459    0.01411    0.01364    0.01316    0.0127    0.01224    0.01179    0.01135    0.01092    0.0105    0.01009    0.009695    0.009311    0.00894    0.008581    0.008235    0.007902    0.007581    0.007272    0.006976    
SM149    2.165e-16    0.04565    0.04561    0.04512    0.04451    0.04378    0.04295    0.04204    0.04107    0.04005    0.03899    0.0379    0.03679    0.03568    0.03456    0.03345    0.03234    0.03125    0.03017    0.02911    0.02808    0.02707    0.02609    0.02513    0.0242    0.0233    0.02243    0.0216    0.02079    0.02001    0.01926    0.01854    0.01785    
ND150    3.707e-16    0.1698    0.3409    0.5028    0.6559    0.8007    0.9376    1.067    1.19    1.306    1.415    1.519    1.617    1.709    1.797    1.88    1.958    2.032    2.102    2.168    2.23    2.289    2.345    2.398    2.448    2.495    2.54    2.582    2.622    2.66    2.695    2.729    2.761    
SM150    2.851e-19    0.2203    0.5314    0.8391    1.142    1.439    1.729    2.011    2.285    2.549    2.805    3.05    3.286    3.512    3.728    3.933    4.129    4.315    4.491    4.658    4.815    4.963    5.103    5.234    5.356    5.471    5.577    5.677    5.769    5.854    5.932    6.005    6.071    
SM151    1.28e-16    0.07935    0.1236    0.1445    0.1537    0.1572    0.1578    0.1572    0.156    0.1547    0.1534    0.1521    0.1509    0.1498    0.1488    0.1479    0.1471    0.1464    0.1457    0.145    0.1444    0.1439    0.1433    0.1428    0.1423    0.1418    0.1413    0.1408    0.1403    0.1398    0.1393    0.1389    0.1384    
SM152    1.582e-16    0.09702    0.2264    0.3592    0.4845    0.5977    0.6977    0.7846    0.8594    0.9232    0.9772    1.023    1.06    1.091    1.117    1.137    1.152    1.164    1.173    1.179    1.182    1.183    1.183    1.181    1.177    1.173    1.167    1.161    1.154    1.147    1.139    1.131    1.123    
EU153    3.763e-17    0.04463    0.1011    0.165    0.2357    0.3119    0.392    0.4746    0.5582    0.6418    0.7244    0.8051    0.8834    0.9588    1.031    1.099    1.164    1.225    1.282    1.335    1.384    1.429    1.471    1.509    1.543    1.574    1.602    1.627    1.649    1.669    1.686    1.7    1.712    
SM154    4.484e-17    0.02083    0.04191    0.06191    0.08091    0.09896    0.1161    0.1324    0.1478    0.1625    0.1764    0.1896    0.2021    0.2139    0.2252    0.2359    0.246    0.2556    0.2647    0.2734    0.2815    0.2893    0.2967    0.3037    0.3103    0.3166    0.3225    0.3282    0.3336    0.3387    0.3435    0.3481    0.3525    
EU154    1.018e-21    0.0013    0.005515    0.01244    0.02191    0.03373    0.04766    0.06342    0.08071    0.09921    0.1186    0.1387    0.159    0.1795    0.1999    0.2201    0.2397    0.2588    0.2772    0.2948    0.3116    0.3275    0.3425    0.3566    0.3697    0.3819    0.3931    0.4035    0.413    0.4216    0.4294    0.4364    0.4426    
EU155    2.143e-17    0.005778    0.007706    0.008766    0.009953    0.01152    0.0135    0.01588    0.0186    0.02161    0.02486    0.02827    0.03181    0.03542    0.03905    0.04267    0.04624    0.04973    0.05312    0.05639    0.05952    0.0625    0.06532    0.06797    0.07046    0.07278    0.07493    0.07692    0.07874    0.0804    0.08191    0.08327    0.08449    
EU156    6.883e-18    0.003703    0.005398    0.006058    0.00658    0.00725    0.008138    0.009245    0.01055    0.01203    0.01364    0.01537    0.01717    0.01903    0.02092    0.0228    0.02467    0.02651    0.02831    0.03004    0.03171    0.0333    0.03481    0.03623    0.03757    0.03882    0.03998    0.04106    0.04204    0.04295    0.04377    0.04451    0.04517    
GD156    5.595e-19    0.004402    0.01529    0.02858    0.04307    0.05884    0.07633    0.09605    0.1185    0.144    0.173    0.2057    0.2424    0.2832    0.3281    0.3771    0.4303    0.4876    0.5488    0.6138    0.6824    0.7545    0.8299    0.9083    0.9896    1.073    1.16    1.248    1.339    1.431    1.525    1.62    1.717    
GD158    2.378e-18    0.003136    0.006938    0.01073    0.01448    0.01819    0.0219    0.02566    0.0295    0.03347    0.0376    0.04194    0.04651    0.05135    0.05649    0.06196    0.06778    0.07398    0.08058    0.08759    0.09503    0.1029    0.1113    0.1201    0.1294    0.1391    0.1494    0.1602    0.1714    0.1832    0.1955    0.2083    0.2215    
