TIME    3   50   100   150   200   250   300   350   400   450   500   550   600   650   700   750   800   850   900   950   1000   1050   1100   1150   1200   1250   1300   1350   1400   1450   1500   1550   1600   
NEUT_PROD    0.78   1.33   1.86   2.32   2.72   3.07   3.38   3.66   3.9   4.12   4.32   4.5   4.67   4.81   4.95   5.07   5.18   5.28   5.38   5.46   5.53   5.6   5.66   5.72   5.77   5.81   5.85   5.89   5.92   5.95   5.97   6   6.02   
NEUT_DEST    2.43   2.77   3.11   3.41   3.68   3.93   4.17   4.38   4.57   4.75   4.92   5.07   5.22   5.35   5.47   5.58   5.69   5.79   5.88   5.96   6.04   6.11   6.18   6.24   6.3   6.36   6.41   6.46   6.51   6.55   6.59   6.63   6.66   
BUd    2.63e-16    0.174    0.276    0.364    0.44    0.506    0.564    0.615    0.661    0.701    0.738    0.771    0.801    0.828    0.853    0.876    0.896    0.915    0.931    0.947    0.96    0.973    0.984    0.994    1    1.01    1.02    1.03    1.03    1.04    1.04    1.04    1.05    
U238    1000    998.8    997.6    996.3    995.1    993.9    992.6    991.4    990.2    988.9    987.7    986.5    985.2    984    982.8    981.6    980.3    979.1    977.9    976.7    975.5    974.3    973    971.8    970.6    969.4    968.2    967    965.8    964.6    963.4    962.2    961    
NP237    1.778e-18    0.004659    0.01066    0.01641    0.02193    0.02722    0.03228    0.03714    0.04179    0.04624    0.05051    0.0546    0.05852    0.06228    0.06587    0.06932    0.07262    0.07578    0.0788    0.0817    0.08447    0.08713    0.08967    0.09211    0.09444    0.09667    0.0988    0.1008    0.1028    0.1047    0.1064    0.1082    0.1098    
NP239    1.469e-15    0.07494    0.07485    0.07476    0.07466    0.07457    0.07448    0.07439    0.07429    0.0742    0.07411    0.07402    0.07392    0.07383    0.07374    0.07365    0.07356    0.07346    0.07337    0.07328    0.07319    0.0731    0.07301    0.07292    0.07283    0.07274    0.07265    0.07256    0.07247    0.07238    0.07228    0.0722    0.07211    
PU238    0    7.066e-05    0.000369    0.0008921    0.001623    0.00255    0.003661    0.004952    0.006421    0.008067    0.009897    0.01192    0.01413    0.01655    0.01919    0.02205    0.02514    0.02847    0.03204    0.03585    0.03991    0.04421    0.04874    0.05351    0.0585    0.0637    0.06911    0.0747    0.08047    0.0864    0.09248    0.09868    0.105    
PU239    7.425e-16    0.8883    1.756    2.486    3.099    3.614    4.047    4.411    4.716    4.971    5.186    5.365    5.515    5.64    5.744    5.83    5.902    5.961    6.01    6.05    6.083    6.109    6.13    6.147    6.16    6.17    6.177    6.182    6.186    6.187    6.188    6.187    6.185    
PU240    0    0.02654    0.1035    0.2149    0.3485    0.4951    0.6475    0.8006    0.9505    1.095    1.232    1.36    1.479    1.588    1.688    1.78    1.862    1.936    2.003    2.062    2.115    2.162    2.204    2.24    2.273    2.301    2.325    2.347    2.365    2.382    2.395    2.407    2.418    
PU241    0    0.001313    0.01022    0.03163    0.06769    0.1187    0.1837    0.2611    0.3487    0.4444    0.5461    0.6515    0.759    0.8668    0.9735    1.078    1.179    1.277    1.369    1.457    1.54    1.618    1.69    1.757    1.819    1.876    1.928    1.976    2.019    2.059    2.094    2.126    2.155    
PU242    0    1.261e-05    0.0002015    0.000958    0.00279    0.006227    0.01176    0.01982    0.03073    0.04472    0.06194    0.08243    0.1062    0.1331    0.1629    0.1956    0.2309    0.2685    0.3082    0.3497    0.3927    0.437    0.4822    0.5282    0.5748    0.6216    0.6685    0.7153    0.7619    0.8081    0.8537    0.8986    0.9428    
AM241    0    2.078e-06    3.27e-05    0.000153    0.0004385    0.0009631    0.00179    0.002967    0.004525    0.006477    0.008823    0.01155    0.01462    0.01802    0.0217    0.02562    0.02974    0.034    0.03838    0.04282    0.04728    0.05174    0.05616    0.06051    0.06477    0.06891    0.07293    0.0768    0.08051    0.08406    0.08744    0.09065    0.09368    
KR84    8.561e-19    0.0004862    0.001185    0.002046    0.003048    0.004175    0.005414    0.006751    0.008179    0.009688    0.01127    0.01292    0.01464    0.01641    0.01824    0.02012    0.02204    0.02401    0.02602    0.02806    0.03015    0.03226    0.03441    0.03659    0.0388    0.04103    0.04329    0.04557    0.04787    0.0502    0.05255    0.05491    0.0573    
RB85    6.475e-19    0.0003775    0.0009421    0.001649    0.002477    0.003411    0.004436    0.005541    0.006717    0.007956    0.00925    0.01059    0.01198    0.01341    0.01487    0.01637    0.01789    0.01945    0.02102    0.02262    0.02424    0.02587    0.02752    0.02919    0.03087    0.03256    0.03427    0.03598    0.0377    0.03943    0.04117    0.04292    0.04467    
KR86    1.29e-18    0.0007394    0.001812    0.003135    0.004674    0.0064    0.008288    0.01032    0.01247    0.01474    0.01711    0.01956    0.02209    0.0247    0.02737    0.03009    0.03287    0.03569    0.03856    0.04146    0.0444    0.04737    0.05036    0.05338    0.05643    0.05949    0.06257    0.06566    0.06877    0.07189    0.07501    0.07815    0.0813    
RB87    1.613e-18    0.000924    0.002267    0.003926    0.005856    0.008019    0.01039    0.01293    0.01563    0.01847    0.02144    0.02451    0.02768    0.03094    0.03428    0.03769    0.04116    0.04469    0.04828    0.05191    0.05558    0.05928    0.06302    0.06679    0.07059    0.07441    0.07825    0.08211    0.08599    0.08988    0.09378    0.09769    0.1016    
SR88    2.192e-18    0.001323    0.003241    0.005603    0.008346    0.01142    0.01477    0.01838    0.0222    0.02622    0.0304    0.03474    0.03922    0.04381    0.04852    0.05332    0.05821    0.06318    0.06821    0.07332    0.07847    0.08368    0.08893    0.09422    0.09955    0.1049    0.1103    0.1157    0.1212    0.1266    0.1321    0.1376    0.1431    
Y89    5.976e-20    0.0004199    0.001697    0.003707    0.006342    0.009512    0.01314    0.01717    0.02154    0.02621    0.03115    0.03631    0.04169    0.04724    0.05296    0.05882    0.06481    0.07091    0.07712    0.08342    0.08981    0.09626    0.1028    0.1094    0.116    0.1227    0.1294    0.1362    0.1429    0.1498    0.1566    0.1635    0.1703    
SR90    3.289e-18    0.001917    0.004752    0.008281    0.0124    0.01703    0.02209    0.02752    0.03329    0.03934    0.04563    0.05215    0.05886    0.06573    0.07275    0.07991    0.08717    0.09454    0.102    0.1095    0.1171    0.1247    0.1324    0.1401    0.1479    0.1557    0.1635    0.1713    0.1791    0.1869    0.1947    0.2025    0.2103    
Y91    3.159e-18    0.001775    0.003572    0.005192    0.006624    0.007879    0.008976    0.009933    0.01077    0.01151    0.01216    0.01273    0.01324    0.01369    0.0141    0.01446    0.01478    0.01507    0.01533    0.01556    0.01577    0.01596    0.01612    0.01627    0.0164    0.01652    0.01663    0.01672    0.0168    0.01688    0.01694    0.017    0.01705    
ZR91    4.811e-20    0.0005006    0.002106    0.004727    0.008254    0.01258    0.0176    0.02322    0.02938    0.036    0.04303    0.05042    0.05813    0.06611    0.07436    0.08282    0.09149    0.1003    0.1093    0.1185    0.1278    0.1371    0.1466    0.1562    0.1659    0.1756    0.1854    0.1952    0.2051    0.2151    0.225    0.2351    0.2451    
ZR92    4.138e-18    0.002585    0.006531    0.01151    0.01739    0.02402    0.03133    0.03922    0.04762    0.05648    0.06574    0.07536    0.0853    0.09553    0.106    0.1167    0.1277    0.1388    0.1501    0.1615    0.1731    0.1848    0.1966    0.2085    0.2205    0.2326    0.2447    0.257    0.2692    0.2815    0.2939    0.3063    0.3187    
ZR93    4.114e-18    0.003097    0.007964    0.01418    0.02156    0.02993    0.03916    0.04915    0.0598    0.07103    0.08278    0.09498    0.1076    0.1206    0.1339    0.1475    0.1613    0.1754    0.1897    0.2041    0.2187    0.2335    0.2484    0.2634    0.2785    0.2937    0.3089    0.3242    0.3396    0.355    0.3704    0.3859    0.4014    
ZR94    4.488e-18    0.002916    0.007753    0.01412    0.02179    0.03059    0.04039    0.05104    0.06247    0.07457    0.08727    0.1005    0.1142    0.1284    0.143    0.1579    0.1731    0.1886    0.2044    0.2204    0.2367    0.2531    0.2697    0.2865    0.3034    0.3204    0.3376    0.3549    0.3722    0.3897    0.4072    0.4248    0.4425    
ZR95    5.685e-18    0.002903    0.006245    0.009512    0.01255    0.0153    0.01775    0.01993    0.02187    0.02358    0.0251    0.02645    0.02766    0.02874    0.0297    0.03057    0.03135    0.03206    0.03269    0.03326    0.03377    0.03423    0.03465    0.03502    0.03535    0.03565    0.03591    0.03615    0.03636    0.03655    0.03672    0.03686    0.03699    
NB95    9.054e-20    0.0005469    0.001875    0.003512    0.005204    0.006823    0.008314    0.009659    0.01086    0.01193    0.01288    0.01372    0.01447    0.01514    0.01574    0.01627    0.01675    0.01719    0.01758    0.01792    0.01824    0.01852    0.01878    0.01901    0.01921    0.0194    0.01956    0.01971    0.01984    0.01996    0.02006    0.02015    0.02023    
MO95    1.798e-21    0.0001789    0.00133    0.003962    0.008234    0.01412    0.02151    0.03026    0.04021    0.05124    0.0632    0.07597    0.08947    0.1036    0.1183    0.1334    0.149    0.165    0.1813    0.1979    0.2147    0.2317    0.2489    0.2663    0.2837    0.3013    0.319    0.3367    0.3545    0.3723    0.3902    0.408    0.4259    
ZR96    5.747e-18    0.003668    0.009644    0.01745    0.02682    0.03754    0.04945    0.06241    0.07628    0.09097    0.1064    0.1225    0.1391    0.1563    0.174    0.1921    0.2106    0.2294    0.2485    0.268    0.2876    0.3076    0.3277    0.348    0.3684    0.389    0.4098    0.4306    0.4516    0.4726    0.4937    0.5149    0.5362    
MO97    4.054e-18    0.003778    0.01012    0.01845    0.02849    0.03999    0.05279    0.06671    0.08162    0.09742    0.114    0.1313    0.1492    0.1677    0.1867    0.2061    0.226    0.2462    0.2668    0.2877    0.3088    0.3302    0.3518    0.3735    0.3955    0.4176    0.4398    0.4622    0.4846    0.5071    0.5297    0.5524    0.5751    
MO98    6.244e-18    0.004063    0.01081    0.01969    0.0304    0.04271    0.05642    0.07136    0.08739    0.1044    0.1223    0.1409    0.1603    0.1803    0.2009    0.222    0.2436    0.2657    0.2881    0.3109    0.334    0.3574    0.381    0.4049    0.4291    0.4534    0.4778    0.5025    0.5273    0.5522    0.5772    0.6023    0.6275    
TC99    1.837e-18    0.003919    0.0109    0.02007    0.03111    0.04374    0.05775    0.07295    0.08919    0.1063    0.1243    0.1429    0.1621    0.1819    0.2021    0.2227    0.2437    0.2649    0.2864    0.3081    0.33    0.352    0.3741    0.3963    0.4185    0.4407    0.4629    0.4851    0.5072    0.5293    0.5513    0.5732    0.595    
MO100    6.739e-18    0.00453    0.01227    0.02259    0.03512    0.04957    0.06569    0.08329    0.1022    0.1223    0.1434    0.1654    0.1883    0.2119    0.2362    0.2611    0.2866    0.3126    0.3391    0.3659    0.3931    0.4207    0.4485    0.4767    0.505    0.5336    0.5624    0.5913    0.6204    0.6496    0.6789    0.7083    0.7378    
RU101    7.131e-18    0.004549    0.01192    0.02152    0.03302    0.04616    0.06074    0.07657    0.09351    0.1114    0.1302    0.1498    0.1701    0.1909    0.2124    0.2343    0.2567    0.2795    0.3026    0.326    0.3497    0.3736    0.3977    0.4219    0.4464    0.4709    0.4955    0.5202    0.5449    0.5697    0.5945    0.6194    0.6442    
RU102    7.31e-18    0.004678    0.0123    0.02228    0.0343    0.04812    0.06352    0.08034    0.09845    0.1177    0.138    0.1593    0.1815    0.2045    0.2282    0.2527    0.2778    0.3034    0.3297    0.3564    0.3836    0.4112    0.4393    0.4677    0.4965    0.5256    0.5549    0.5846    0.6145    0.6447    0.675    0.7056    0.7364    
RU103    6.266e-18    0.003138    0.006559    0.00972    0.01253    0.015    0.01716    0.01906    0.02074    0.02223    0.02356    0.02476    0.02583    0.0268    0.02767    0.02846    0.02918    0.02983    0.03042    0.03095    0.03143    0.03187    0.03226    0.03262    0.03294    0.03322    0.03348    0.03371    0.03392    0.03411    0.03428    0.03442    0.03456    
RH103    1.646e-19    0.001275    0.005455    0.01233    0.02151    0.0326    0.04524    0.05914    0.07402    0.08968    0.1059    0.1226    0.1396    0.1568    0.1741    0.1915    0.2088    0.2259    0.243    0.2598    0.2764    0.2928    0.3088    0.3245    0.3399    0.355    0.3696    0.3839    0.3978    0.4114    0.4245    0.4373    0.4496    
RU104    5.973e-18    0.004045    0.01101    0.02033    0.03169    0.04482    0.05953    0.07564    0.093    0.1115    0.131    0.1515    0.1728    0.1948    0.2176    0.241    0.265    0.2896    0.3146    0.3401    0.366    0.3922    0.4188    0.4457    0.4728    0.5002    0.5278    0.5556    0.5836    0.6117    0.6399    0.6683    0.6967    
PD104    0    1.636e-05    0.0001447    0.0005007    0.001187    0.00229    0.003879    0.006012    0.008734    0.01208    0.01608    0.02075    0.02611    0.03216    0.03892    0.04638    0.05455    0.06341    0.07297    0.08322    0.09414    0.1057    0.118    0.1309    0.1444    0.1585    0.1732    0.1885    0.2044    0.2208    0.2377    0.2552    0.2732    
PD105    2.118e-18    0.002931    0.008355    0.01572    0.02474    0.0352    0.04693    0.05975    0.07356    0.08825    0.1037    0.1199    0.1367    0.154    0.1719    0.1902    0.2089    0.228    0.2474    0.267    0.287    0.3071    0.3274    0.3479    0.3684    0.3891    0.4099    0.4308    0.4517    0.4726    0.4936    0.5146    0.5355    
RU106    3.163e-18    0.0023    0.006379    0.01173    0.01802    0.02501    0.03249    0.04031    0.04835    0.0565    0.06469    0.07285    0.08093    0.08889    0.09669    0.1043    0.1117    0.1189    0.1258    0.1325    0.1389    0.145    0.1509    0.1564    0.1618    0.1668    0.1716    0.1761    0.1803    0.1843    0.1881    0.1916    0.1949    
PD106    8.967e-21    0.0003226    0.001172    0.002657    0.004871    0.007882    0.01174    0.01648    0.02212    0.02868    0.03616    0.04456    0.05387    0.06409    0.07518    0.08715    0.09996    0.1136    0.128    0.1433    0.1592    0.1759    0.1933    0.2114    0.2301    0.2494    0.2693    0.2898    0.3108    0.3323    0.3543    0.3768    0.3997    
PD107    1.885e-18    0.00156    0.004669    0.009061    0.01457    0.02107    0.02846    0.03664    0.04556    0.05514    0.06534    0.0761    0.08739    0.09916    0.1114    0.124    0.137    0.1503    0.1639    0.1779    0.192    0.2064    0.221    0.2358    0.2508    0.2659    0.2811    0.2964    0.3118    0.3272    0.3428    0.3584    0.374    
PD108    1.243e-18    0.001059    0.003203    0.00625    0.01009    0.01462    0.01978    0.02551    0.03176    0.03849    0.04566    0.05323    0.06118    0.06947    0.07809    0.08699    0.09617    0.1056    0.1152    0.1251    0.1351    0.1453    0.1556    0.166    0.1766    0.1872    0.198    0.2088    0.2196    0.2305    0.2414    0.2524    0.2634    
AG109    7.149e-19    0.0007433    0.002175    0.004149    0.006576    0.009386    0.01252    0.01594    0.0196    0.02346    0.02751    0.03172    0.03605    0.0405    0.04505    0.04967    0.05435    0.05908    0.06385    0.06864    0.07344    0.07824    0.08304    0.08781    0.09257    0.0973    0.102    0.1066    0.1112    0.1158    0.1203    0.1248    0.1291    
PD110    7.786e-19    0.0005018    0.001328    0.002417    0.003736    0.005262    0.006975    0.008861    0.01091    0.0131    0.01544    0.0179    0.02048    0.02318    0.02599    0.02889    0.03189    0.03497    0.03814    0.04137    0.04467    0.04804    0.05146    0.05493    0.05845    0.06201    0.06561    0.06924    0.0729    0.07659    0.08031    0.08405    0.0878    
I127    1.823e-19    0.0005633    0.001495    0.002657    0.004018    0.00555    0.007229    0.009034    0.01095    0.01295    0.01504    0.01719    0.01941    0.02167    0.02397    0.02631    0.02868    0.03107    0.03349    0.03592    0.03836    0.04081    0.04326    0.04572    0.04819    0.05065    0.05311    0.05556    0.05801    0.06046    0.06289    0.06532    0.06774    
TE128    1.881e-18    0.001117    0.002762    0.004806    0.007189    0.009863    0.01279    0.01593    0.01925    0.02274    0.02637    0.03012    0.03399    0.03794    0.04199    0.0461    0.05028    0.05452    0.05882    0.06315    0.06753    0.07194    0.07638    0.08085    0.08535    0.08986    0.0944    0.09895    0.1035    0.1081    0.1127    0.1173    0.1219    
I129    1.964e-18    0.001388    0.003699    0.006732    0.01038    0.01455    0.01917    0.02417    0.0295    0.03512    0.04098    0.04706    0.05333    0.05976    0.06633    0.07303    0.07983    0.08672    0.09369    0.1007    0.1078    0.115    0.1222    0.1294    0.1366    0.1439    0.1512    0.1585    0.1658    0.1731    0.1804    0.1877    0.1949    
TE130    3.898e-18    0.002465    0.006444    0.01161    0.0178    0.02486    0.03269    0.04118    0.05025    0.05984    0.06987    0.08032    0.09112    0.1022    0.1136    0.1253    0.1372    0.1493    0.1616    0.174    0.1866    0.1994    0.2122    0.2252    0.2382    0.2513    0.2645    0.2778    0.2911    0.3045    0.3179    0.3313    0.3448    
XE131    6.057e-19    0.002534    0.007756    0.01468    0.02295    0.03232    0.04257    0.0535    0.06498    0.07688    0.0891    0.1015    0.1141    0.1268    0.1395    0.1522    0.1648    0.1773    0.1897    0.202    0.2141    0.2259    0.2376    0.249    0.2602    0.2711    0.2818    0.2922    0.3024    0.3123    0.3219    0.3312    0.3403    
XE132    2.024e-18    0.004508    0.0128    0.02393    0.03761    0.05356    0.07158    0.09149    0.1131    0.1364    0.1612    0.1873    0.2148    0.2435    0.2734    0.3044    0.3364    0.3693    0.4032    0.438    0.4736    0.5099    0.547    0.5848    0.6233    0.6623    0.702    0.7422    0.783    0.8242    0.8659    0.9081    0.9507    
CS133    8.186e-19    0.004988    0.01498    0.02837    0.04463    0.0633    0.08405    0.1066    0.1306    0.1559    0.1824    0.2098    0.2381    0.2671    0.2966    0.3267    0.3572    0.388    0.4191    0.4504    0.4819    0.5134    0.545    0.5765    0.608    0.6395    0.6708    0.702    0.733    0.7638    0.7944    0.8248    0.855    
XE134    1.062e-17    0.007005    0.01866    0.03401    0.05255    0.07389    0.09768    0.1237    0.1516    0.1813    0.2125    0.2453    0.2793    0.3145    0.3508    0.3881    0.4263    0.4653    0.5051    0.5455    0.5866    0.6283    0.6704    0.713    0.756    0.7994    0.8431    0.8871    0.9313    0.9758    1.021    1.065    1.11    
CS135    7.613e-18    0.002219    0.006081    0.01124    0.01753    0.02478    0.03288    0.04173    0.05124    0.06134    0.07198    0.0831    0.09465    0.1066    0.1189    0.1315    0.1445    0.1577    0.1711    0.1848    0.1987    0.2127    0.227    0.2414    0.2559    0.2706    0.2854    0.3004    0.3154    0.3305    0.3457    0.361    0.3763    
XE136    9.509e-18    0.01045    0.02829    0.05202    0.08084    0.1141    0.1512    0.1918    0.2355    0.2819    0.3309    0.3821    0.4353    0.4904    0.5472    0.6055    0.6652    0.7262    0.7884    0.8516    0.9157    0.9807    1.046    1.113    1.18    1.248    1.316    1.385    1.454    1.523    1.593    1.663    1.733    
CS137    8.677e-18    0.005838    0.01582    0.02911    0.04525    0.06383    0.08456    0.1072    0.1314    0.1572    0.1842    0.2124    0.2417    0.2719    0.303    0.3348    0.3673    0.4004    0.434    0.468    0.5025    0.5374    0.5726    0.608    0.6437    0.6796    0.7156    0.7518    0.788    0.8244    0.8608    0.8973    0.9337    
BA138    8.742e-18    0.005698    0.01515    0.02759    0.04262    0.0599    0.07918    0.1002    0.1228    0.1469    0.1722    0.1987    0.2263    0.2548    0.2842    0.3144    0.3454    0.377    0.4092    0.442    0.4753    0.5091    0.5432    0.5778    0.6126    0.6478    0.6832    0.7189    0.7548    0.7909    0.8271    0.8636    0.9001    
LA139    8.958e-18    0.005754    0.01519    0.02755    0.04242    0.05948    0.07847    0.09916    0.1214    0.145    0.1698    0.1957    0.2226    0.2504    0.2791    0.3085    0.3386    0.3693    0.4005    0.4323    0.4645    0.4971    0.53    0.5633    0.5969    0.6307    0.6648    0.699    0.7334    0.768    0.8026    0.8374    0.8722    
CE140    1.997e-19    0.003178    0.01107    0.02224    0.03616    0.05249    0.07092    0.09121    0.1132    0.1366    0.1614    0.1875    0.2146    0.2428    0.2718    0.3018    0.3325    0.3639    0.396    0.4287    0.4619    0.4956    0.5297    0.5643    0.5992    0.6345    0.6701    0.706    0.7421    0.7785    0.815    0.8518    0.8888    
CE141    7.491e-18    0.003384    0.006637    0.009464    0.01191    0.01402    0.01587    0.01749    0.01892    0.02019    0.02132    0.02234    0.02326    0.02408    0.02483    0.0255    0.02611    0.02666    0.02716    0.02761    0.02802    0.02839    0.02872    0.02901    0.02928    0.02952    0.02974    0.02993    0.0301    0.03025    0.03039    0.0305    0.03061    
PR141    2.421e-19    0.001736    0.007149    0.0158    0.02724    0.04109    0.05704    0.0748    0.09417    0.1149    0.137    0.1601    0.1842    0.2093    0.2351    0.2616    0.2888    0.3166    0.3449    0.3736    0.4028    0.4323    0.4621    0.4923    0.5227    0.5533    0.5842    0.6151    0.6463    0.6776    0.7089    0.7404    0.7719    
CE142    7.661e-18    0.005006    0.01335    0.02435    0.03764    0.0529    0.06991    0.08845    0.1084    0.1295    0.1517    0.1749    0.199    0.2238    0.2494    0.2757    0.3026    0.33    0.3578    0.3862    0.4149    0.444    0.4734    0.5031    0.533    0.5632    0.5936    0.6242    0.6549    0.6858    0.7168    0.748    0.7792    
ND143    1.885e-19    0.00256    0.008892    0.01768    0.02845    0.04084    0.05459    0.06945    0.08525    0.1018    0.119    0.1367    0.1548    0.1733    0.1919    0.2108    0.2297    0.2488    0.2678    0.2868    0.3057    0.3245    0.3431    0.3616    0.3799    0.3979    0.4158    0.4333    0.4506    0.4677    0.4844    0.5009    0.517    
CE144    6.767e-18    0.004055    0.01007    0.01731    0.02539    0.03398    0.04287    0.05187    0.06084    0.0697    0.07836    0.08677    0.09489    0.1027    0.1102    0.1173    0.1241    0.1305    0.1366    0.1423    0.1477    0.1527    0.1574    0.1619    0.166    0.1698    0.1734    0.1767    0.1798    0.1826    0.1852    0.1877    0.1899    
ND144    2.467e-20    0.0002539    0.001279    0.003324    0.006565    0.01113    0.01709    0.02451    0.03342    0.04382    0.05572    0.0691    0.08393    0.1002    0.1178    0.1369    0.1572    0.1788    0.2016    0.2256    0.2508    0.277    0.3044    0.3327    0.362    0.3922    0.4233    0.4553    0.4881    0.5216    0.5559    0.5909    0.6266    
ND145    5.952e-18    0.003634    0.00936    0.01668    0.02536    0.0352    0.04604    0.05774    0.07018    0.08329    0.09696    0.1111    0.1257    0.1407    0.1561    0.1717    0.1875    0.2036    0.2198    0.2362    0.2526    0.2692    0.2858    0.3025    0.3192    0.3359    0.3525    0.3692    0.3858    0.4024    0.4189    0.4353    0.4516    
ND146    5.302e-18    0.003244    0.008304    0.01481    0.02258    0.03149    0.04141    0.05225    0.06394    0.07641    0.0896    0.1035    0.118    0.133    0.1487    0.1648    0.1814    0.1985    0.2161    0.234    0.2524    0.2711    0.2901    0.3095    0.3292    0.3492    0.3695    0.3901    0.4109    0.432    0.4533    0.4748    0.4966    
PM147    3.589e-19    0.001561    0.004764    0.008824    0.01349    0.01857    0.02394    0.02947    0.03509    0.04073    0.04633    0.05186    0.05727    0.06256    0.06768    0.07264    0.07742    0.08202    0.08642    0.09063    0.09465    0.09847    0.1021    0.1055    0.1088    0.1119    0.1147    0.1175    0.12    0.1224    0.1247    0.1268    0.1287    
ND148    3.503e-18    0.002152    0.005514    0.00982    0.01494    0.02077    0.02723    0.03424    0.04175    0.0497    0.05806    0.06678    0.07583    0.08519    0.09481    0.1047    0.1148    0.1251    0.1356    0.1463    0.1571    0.168    0.1791    0.1903    0.2015    0.2129    0.2243    0.2358    0.2474    0.259    0.2707    0.2824    0.2941    
ND150    2.14e-18    0.0013    0.003314    0.005886    0.00894    0.01242    0.01627    0.02045    0.02492    0.02967    0.03466    0.03987    0.04528    0.05087    0.05664    0.06255    0.06861    0.07479    0.08109    0.08749    0.09398    0.1006    0.1072    0.1139    0.1207    0.1276    0.1345    0.1414    0.1484    0.1554    0.1624    0.1695    0.1765    
SM150    1.629e-22    0.001238    0.00378    0.007161    0.01129    0.01609    0.02151    0.02748    0.03396    0.0409    0.04828    0.05605    0.06418    0.07263    0.08139    0.09043    0.09971    0.1092    0.1189    0.1288    0.1389    0.149    0.1594    0.1698    0.1803    0.1908    0.2015    0.2122    0.2229    0.2336    0.2444    0.2552    0.2659    
SM152    9.793e-19    0.0008306    0.002489    0.004802    0.00763    0.01085    0.01436    0.01807    0.02192    0.02586    0.02984    0.03384    0.03782    0.04176    0.04566    0.04948    0.05324    0.05692    0.0605    0.064    0.0674    0.07071    0.07393    0.07704    0.08006    0.08299    0.08582    0.08857    0.09122    0.09379    0.09628    0.09869    0.101    
EU153    2.775e-19    0.0004433    0.001266    0.002446    0.003993    0.005906    0.00818    0.0108    0.01375    0.01701    0.02056    0.02438    0.02843    0.03269    0.03715    0.04177    0.04654    0.05143    0.05641    0.06148    0.06661    0.07179    0.07699    0.08221    0.08743    0.09263    0.09781    0.103    0.1081    0.1131    0.1181    0.123    0.1279    
SM154    4.206e-19    0.000286    0.000776    0.001431    0.002229    0.003153    0.00419    0.005327    0.006556    0.007868    0.009255    0.01071    0.01223    0.01381    0.01544    0.01713    0.01885    0.02062    0.02243    0.02427    0.02614    0.02803    0.02996    0.0319    0.03387    0.03585    0.03785    0.03986    0.04189    0.04393    0.04597    0.04802    0.05008    
GD156    7.534e-21    9.146e-05    0.0003982    0.0009045    0.001593    0.002454    0.003483    0.004683    0.006058    0.007618    0.009373    0.01133    0.01351    0.01592    0.01857    0.02147    0.02463    0.02807    0.03179    0.0358    0.0401    0.0447    0.04961    0.05483    0.06035    0.06619    0.07234    0.07881    0.08558    0.09266    0.1001    0.1077    0.1157    
