TIME    3   50   100   150   200   250   300   350   400   450   500   550   600   650   700   750   800   850   900   950   1000   1050   1100   1150   1200   1250   1300   1350   1400   1450   1500   1550   1600   
NEUT_PROD    2.72   2.73   2.73   2.73   2.74   2.74   2.74   2.75   2.75   2.75   2.75   2.76   2.76   2.76   2.77   2.77   2.77   2.78   2.78   2.78   2.78   2.79   2.79   2.79   2.8   2.8   2.8   2.8   2.81   2.81   2.81   2.81   2.82   
NEUT_DEST    2.24   2.24   2.24   2.24   2.25   2.25   2.25   2.25   2.25   2.25   2.25   2.25   2.25   2.25   2.26   2.26   2.26   2.26   2.26   2.26   2.26   2.26   2.26   2.26   2.26   2.27   2.27   2.27   2.27   2.27   2.27   2.27   2.27   
BUd    1.03e-15    0.486    0.517    0.518    0.519    0.519    0.52    0.52    0.521    0.522    0.522    0.523    0.524    0.524    0.525    0.525    0.526    0.527    0.527    0.528    0.528    0.529    0.53    0.53    0.531    0.531    0.532    0.532    0.533    0.534    0.534    0.535    0.535    
U234    1000    998.9    997.8    996.7    995.6    994.4    993.3    992.2    991.1    990    988.8    987.7    986.6    985.5    984.4    983.3    982.2    981    979.9    978.8    977.7    976.6    975.5    974.4    973.3    972.2    971.1    970    968.9    967.8    966.7    965.7    964.6    
U235    1.19e-15    0.5582    1.15    1.739    2.326    2.911    3.493    4.073    4.651    5.227    5.8    6.371    6.94    7.507    8.071    8.634    9.194    9.751    10.31    10.86    11.41    11.96    12.51    13.05    13.59    14.14    14.67    15.21    15.74    16.28    16.8    17.33    17.86    
U236    0    0.0001531    0.0006511    0.001493    0.002677    0.004202    0.006067    0.008269    0.01081    0.01368    0.01688    0.02042    0.02429    0.02848    0.033    0.03785    0.04302    0.04851    0.05432    0.06046    0.0669    0.07367    0.08075    0.08814    0.09585    0.1039    0.1122    0.1208    0.1298    0.139    0.1485    0.1584    0.1685    
KR83    0    1.15e-06    4.905e-06    1.126e-05    2.02e-05    3.172e-05    4.58e-05    0.002161    0.004265    0.006349    0.008419    0.01048    0.01253    0.01457    0.0166    0.01863    0.02065    0.02266    0.02467    0.02668    0.02869    0.03069    0.03269    0.03468    0.03667    0.03866    0.04065    0.04263    0.04462    0.0466    0.04857    0.05055    0.05252    
KR84    0    2.164e-06    9.209e-06    2.113e-05    3.79e-05    5.95e-05    8.593e-05    0.003636    0.00715    0.01064    0.0141    0.01755    0.02099    0.02441    0.02783    0.03124    0.03465    0.03805    0.04144    0.04483    0.04822    0.05161    0.05499    0.05837    0.06175    0.06513    0.06851    0.07189    0.07526    0.07864    0.08202    0.08539    0.08877    
RB85    0    2.093e-06    8.936e-06    2.053e-05    3.687e-05    5.794e-05    8.373e-05    0.003489    0.006885    0.01026    0.01362    0.01697    0.02032    0.02366    0.027    0.03034    0.03368    0.03702    0.04036    0.04371    0.04705    0.0504    0.05375    0.05711    0.06047    0.06384    0.06721    0.07058    0.07396    0.07734    0.08073    0.08412    0.08752    
KR86    0    4.136e-06    1.759e-05    4.035e-05    7.238e-05    0.0001136    0.0001641    0.006307    0.01238    0.01841    0.0244    0.03037    0.03631    0.04223    0.04813    0.05402    0.0599    0.06578    0.07164    0.0775    0.08335    0.08919    0.09503    0.1009    0.1067    0.1125    0.1184    0.1242    0.13    0.1358    0.1417    0.1475    0.1533    
RB87    0    5.262e-06    2.24e-05    5.139e-05    9.219e-05    0.0001448    0.000209    0.008484    0.01668    0.02482    0.0329    0.04094    0.04895    0.05693    0.06489    0.07283    0.08076    0.08868    0.09658    0.1045    0.1124    0.1202    0.1281    0.136    0.1438    0.1517    0.1595    0.1674    0.1752    0.1831    0.1909    0.1987    0.2066    
SR88    0    7.735e-06    3.297e-05    7.568e-05    0.0001358    0.0002132    0.0003079    0.01158    0.02278    0.03388    0.04492    0.0559    0.06685    0.07775    0.08863    0.09949    0.1103    0.1211    0.1319    0.1427    0.1535    0.1643    0.1751    0.1858    0.1966    0.2073    0.2181    0.2288    0.2395    0.2503    0.261    0.2717    0.2825    
SR89    0    8.005e-06    2.805e-05    5.411e-05    8.315e-05    0.0001136    0.0001447    0.009605    0.01426    0.01652    0.0176    0.01809    0.0183    0.01837    0.01838    0.01837    0.01834    0.01832    0.01829    0.01827    0.01824    0.01823    0.01821    0.0182    0.01819    0.01818    0.01817    0.01816    0.01816    0.01816    0.01815    0.01815    0.01815    
Y89    0    1.81e-06    1.371e-05    4.167e-05    8.867e-05    0.0001561    0.0002448    0.003846    0.01212    0.02269    0.03436    0.04656    0.05899    0.07152    0.08408    0.09665    0.1092    0.1217    0.1343    0.1468    0.1592    0.1717    0.1842    0.1967    0.2091    0.2216    0.234    0.2464    0.2589    0.2713    0.2837    0.2962    0.3086    
SR90    0    1.188e-05    5.047e-05    0.0001156    0.0002072    0.0003249    0.0004687    0.01492    0.02918    0.04329    0.05726    0.07113    0.0849    0.09858    0.1122    0.1257    0.1392    0.1526    0.166    0.1793    0.1925    0.2057    0.2189    0.232    0.245    0.258    0.271    0.2839    0.2968    0.3096    0.3224    0.3352    0.3479    
Y91    0    1.026e-05    3.696e-05    7.271e-05    0.0001134    0.0001567    0.0002014    0.01073    0.01653    0.01965    0.02131    0.02218    0.02262    0.02283    0.02292    0.02295    0.02295    0.02293    0.02292    0.0229    0.02288    0.02287    0.02285    0.02284    0.02284    0.02283    0.02283    0.02283    0.02283    0.02283    0.02283    0.02283    0.02284    
ZR91    0    1.989e-06    1.548e-05    4.782e-05    0.000103    0.0001833    0.0002897    0.003729    0.01193    0.02271    0.03486    0.04775    0.06102    0.07447    0.08802    0.1016    0.1152    0.1288    0.1423    0.1559    0.1695    0.183    0.1966    0.2101    0.2236    0.2372    0.2507    0.2642    0.2777    0.2912    0.3048    0.3183    0.3318    
ZR92    0    1.285e-05    5.49e-05    0.0001261    0.0002263    0.0003555    0.0005134    0.01504    0.02954    0.04392    0.05823    0.07247    0.08666    0.1008    0.1149    0.129    0.1431    0.1572    0.1712    0.1853    0.1993    0.2134    0.2274    0.2414    0.2554    0.2695    0.2835    0.2975    0.3116    0.3256    0.3396    0.3537    0.3677    
ZR93    0    1.403e-05    6.009e-05    0.0001381    0.000248    0.0003896    0.0005628    0.01642    0.03232    0.0481    0.06379    0.07941    0.09497    0.1105    0.126    0.1414    0.1569    0.1723    0.1877    0.2031    0.2185    0.2338    0.2492    0.2646    0.2799    0.2953    0.3106    0.326    0.3414    0.3567    0.3721    0.3875    0.4029    
ZR94    0    1.372e-05    5.837e-05    0.0001339    0.0002402    0.0003771    0.0005445    0.0158    0.03091    0.04591    0.06082    0.07567    0.09047    0.1052    0.12    0.1347    0.1494    0.164    0.1787    0.1934    0.208    0.2227    0.2373    0.2519    0.2666    0.2812    0.2959    0.3105    0.3252    0.3398    0.3545    0.3692    0.3838    
ZR95    0    1.238e-05    4.496e-05    8.922e-05    0.0001402    0.0001949    0.0002518    0.01164    0.01813    0.02183    0.0239    0.02506    0.0257    0.02604    0.02621    0.02629    0.02633    0.02633    0.02633    0.02632    0.02631    0.0263    0.0263    0.02629    0.02629    0.02629    0.0263    0.0263    0.02631    0.02631    0.02632    0.02633    0.02635    
NB95    0    1.752e-06    1.101e-05    2.819e-05    5.129e-05    7.827e-05    0.0001076    0.002513    0.00629    0.009339    0.01141    0.0127    0.01347    0.01392    0.01417    0.0143    0.01437    0.01441    0.01442    0.01442    0.01442    0.01442    0.01442    0.01442    0.01442    0.01442    0.01442    0.01442    0.01442    0.01443    0.01443    0.01444    0.01445    
MO95    0    4.349e-07    6.023e-06    2.478e-05    6.357e-05    0.0001272    0.0002187    0.001208    0.005568    0.01336    0.02365    0.03559    0.04851    0.06202    0.07586    0.08989    0.104    0.1182    0.1323    0.1465    0.1607    0.1749    0.189    0.2032    0.2174    0.2315    0.2457    0.2598    0.274    0.2881    0.3023    0.3164    0.3306    
ZR96    0    1.433e-05    6.095e-05    0.0001398    0.0002508    0.0003937    0.0005685    0.01437    0.02804    0.04161    0.05511    0.06855    0.08196    0.09533    0.1087    0.122    0.1353    0.1486    0.1619    0.1752    0.1885    0.2018    0.2151    0.2284    0.2416    0.2549    0.2682    0.2815    0.2949    0.3082    0.3215    0.3348    0.3482    
MO97    0    1.357e-05    5.841e-05    0.0001345    0.0002416    0.0003798    0.0005487    0.01255    0.02472    0.03679    0.0488    0.06076    0.07268    0.08457    0.09644    0.1083    0.1201    0.132    0.1438    0.1556    0.1674    0.1792    0.191    0.2028    0.2147    0.2265    0.2383    0.2501    0.262    0.2738    0.2857    0.2975    0.3094    
MO98    0    1.401e-05    5.958e-05    0.0001367    0.0002452    0.0003849    0.0005558    0.01244    0.02422    0.03592    0.04757    0.05917    0.07075    0.0823    0.09384    0.1054    0.1169    0.1284    0.1399    0.1515    0.163    0.1745    0.186    0.1976    0.2091    0.2207    0.2323    0.2439    0.2554    0.2671    0.2787    0.2903    0.3019    
TC99    0    1.24e-05    5.548e-05    0.0001292    0.0002335    0.0003682    0.0005332    0.01154    0.02353    0.03542    0.04723    0.05899    0.0707    0.08237    0.09402    0.1056    0.1172    0.1288    0.1404    0.152    0.1636    0.1751    0.1867    0.1982    0.2098    0.2213    0.2329    0.2444    0.256    0.2676    0.2791    0.2907    0.3022    
MO100    0    1.512e-05    6.433e-05    0.0001476    0.0002646    0.0004155    0.0005999    0.01228    0.02385    0.03534    0.04678    0.05818    0.06956    0.08091    0.09224    0.1036    0.1149    0.1262    0.1375    0.1488    0.1602    0.1715    0.1828    0.1942    0.2055    0.2169    0.2282    0.2396    0.251    0.2624    0.2738    0.2852    0.2967    
RU101    0    1.31e-05    5.574e-05    0.0001278    0.0002292    0.0003598    0.0005195    0.009342    0.01809    0.02678    0.03542    0.04404    0.05263    0.0612    0.06977    0.07833    0.08688    0.09542    0.104    0.1125    0.1211    0.1296    0.1382    0.1467    0.1553    0.1639    0.1725    0.181    0.1896    0.1982    0.2068    0.2155    0.2241    
RU102    0    1.121e-05    4.772e-05    0.0001095    0.0001964    0.0003084    0.0004455    0.007011    0.01353    0.02002    0.02648    0.03294    0.03939    0.04584    0.0523    0.05876    0.06523    0.07171    0.07819    0.08469    0.09121    0.09774    0.1043    0.1108    0.1174    0.124    0.1306    0.1372    0.1439    0.1505    0.1572    0.1639    0.1706    
RH103    0    1.863e-06    1.363e-05    4.031e-05    8.393e-05    0.0001453    0.0002246    0.002081    0.00605    0.01087    0.01602    0.02129    0.0266    0.03193    0.03725    0.04257    0.04789    0.05321    0.05852    0.06383    0.06914    0.07446    0.07977    0.08509    0.09041    0.09574    0.1011    0.1064    0.1117    0.1171    0.1224    0.1278    0.1331    
RU104    0    5.715e-06    2.432e-05    5.578e-05    0.0001001    0.0001571    0.0002268    0.003351    0.006452    0.009537    0.01261    0.01568    0.01874    0.0218    0.02486    0.02793    0.03099    0.03405    0.03712    0.0402    0.04328    0.04636    0.04945    0.05254    0.05564    0.05874    0.06185    0.06497    0.06809    0.07122    0.07435    0.07749    0.08064    
I127    0    9.429e-07    4.386e-06    1.041e-05    1.907e-05    3.039e-05    4.439e-05    0.002817    0.006087    0.00941    0.01277    0.01615    0.01955    0.02295    0.02635    0.02976    0.03315    0.03655    0.03994    0.04332    0.0467    0.05007    0.05344    0.0568    0.06015    0.0635    0.06684    0.07017    0.0735    0.07682    0.08014    0.08346    0.08677    
TE128    0    2.335e-06    9.942e-06    2.281e-05    4.092e-05    6.425e-05    9.278e-05    0.005132    0.01013    0.01508    0.02001    0.0249    0.02977    0.03463    0.03947    0.04429    0.0491    0.05391    0.0587    0.06349    0.06826    0.07304    0.0778    0.08256    0.08731    0.09206    0.09681    0.1015    0.1063    0.111    0.1157    0.1205    0.1252    
I129    0    3.108e-06    1.363e-05    3.186e-05    5.786e-05    9.164e-05    0.0001332    0.006279    0.01292    0.01968    0.02646    0.03323    0.03997    0.04669    0.05339    0.06006    0.06672    0.07336    0.07999    0.08661    0.09321    0.09981    0.1064    0.113    0.1195    0.1261    0.1326    0.1392    0.1457    0.1523    0.1588    0.1653    0.1718    
TE130    0    6.178e-06    2.628e-05    6.029e-05    0.0001081    0.0001698    0.0002451    0.008987    0.01764    0.02622    0.03475    0.04324    0.0517    0.06013    0.06854    0.07693    0.08531    0.09367    0.102    0.1104    0.1187    0.127    0.1354    0.1437    0.152    0.1603    0.1686    0.1769    0.1852    0.1935    0.2018    0.2101    0.2184    
XE131    0    6.406e-06    3.458e-05    8.605e-05    0.0001607    0.0002585    0.0003793    0.009715    0.02206    0.03433    0.04653    0.05866    0.07074    0.08277    0.09478    0.1068    0.1187    0.1306    0.1426    0.1545    0.1664    0.1783    0.1901    0.202    0.2139    0.2257    0.2376    0.2494    0.2613    0.2731    0.285    0.2968    0.3087    
XE132    0    1.334e-05    6.005e-05    0.0001402    0.0002535    0.0004001    0.0005796    0.01429    0.02933    0.04424    0.05906    0.07381    0.08851    0.1032    0.1178    0.1324    0.147    0.1615    0.1761    0.1907    0.2052    0.2197    0.2343    0.2488    0.2634    0.2779    0.2925    0.307    0.3216    0.3362    0.3507    0.3653    0.3799    
CS133    0    1.482e-05    7.559e-05    0.0001838    0.0003391    0.0005414    0.0007905    0.01699    0.03678    0.05641    0.07591    0.09532    0.1146    0.1339    0.1531    0.1723    0.1915    0.2106    0.2297    0.2488    0.2679    0.2869    0.306    0.325    0.3441    0.3631    0.3822    0.4012    0.4203    0.4393    0.4584    0.4774    0.4965    
XE134    0    2.47e-05    0.0001052    0.0002412    0.0004328    0.0006795    0.0009812    0.02052    0.03991    0.05917    0.07834    0.09744    0.1165    0.1355    0.1545    0.1735    0.1924    0.2114    0.2303    0.2493    0.2682    0.2872    0.3062    0.3251    0.3441    0.3632    0.3822    0.4012    0.4203    0.4394    0.4585    0.4776    0.4967    
CS135    0    2.021e-05    8.687e-05    0.0001999    0.0003591    0.0005644    0.0008154    0.02114    0.04164    0.06199    0.08223    0.1024    0.1225    0.1425    0.1625    0.1825    0.2024    0.2223    0.2422    0.2621    0.282    0.3019    0.3218    0.3417    0.3616    0.3815    0.4014    0.4213    0.4413    0.4612    0.4811    0.5011    0.521    
XE136    0    2.096e-05    8.915e-05    0.0002045    0.0003668    0.0005758    0.0008315    0.02364    0.04622    0.06862    0.09091    0.1131    0.1352    0.1573    0.1793    0.2013    0.2232    0.2451    0.267    0.2889    0.3108    0.3327    0.3546    0.3764    0.3983    0.4202    0.4421    0.4639    0.4858    0.5077    0.5296    0.5515    0.5734    
CS137    0    1.993e-05    8.471e-05    0.0001941    0.0003478    0.0005454    0.0007867    0.02239    0.04372    0.06481    0.08572    0.1065    0.1271    0.1476    0.168    0.1883    0.2085    0.2286    0.2486    0.2686    0.2885    0.3083    0.3281    0.3477    0.3674    0.3869    0.4064    0.4259    0.4453    0.4646    0.4839    0.5031    0.5223    
BA138    0    2.172e-05    9.245e-05    0.0002121    0.0003804    0.0005973    0.0008625    0.02012    0.03922    0.05818    0.07705    0.09584    0.1146    0.1333    0.152    0.1706    0.1892    0.2079    0.2265    0.2451    0.2637    0.2823    0.301    0.3196    0.3382    0.3569    0.3756    0.3942    0.4129    0.4316    0.4503    0.469    0.4878    
LA139    0    2.115e-05    9.004e-05    0.0002066    0.0003706    0.0005819    0.0008403    0.02217    0.04332    0.06433    0.08521    0.106    0.1267    0.1474    0.1681    0.1887    0.2093    0.2298    0.2504    0.2709    0.2915    0.312    0.3325    0.3531    0.3736    0.3942    0.4147    0.4353    0.4558    0.4764    0.497    0.5175    0.5381    
CE140    0    9.974e-06    6.019e-05    0.0001572    0.0003013    0.0004922    0.0007299    0.01438    0.03574    0.05745    0.07905    0.1005    0.122    0.1433    0.1646    0.1858    0.2071    0.2283    0.2495    0.2706    0.2918    0.3129    0.3341    0.3552    0.3764    0.3975    0.4187    0.4399    0.461    0.4822    0.5034    0.5246    0.5458    
CE141    0    1.485e-05    4.806e-05    8.752e-05    0.000129    0.0001711    0.0002133    0.01457    0.01938    0.02091    0.02134    0.02141    0.02138    0.02132    0.02126    0.02121    0.02117    0.02114    0.02111    0.02108    0.02107    0.02105    0.02104    0.02103    0.02102    0.02102    0.02101    0.02101    0.02101    0.02101    0.02102    0.02102    0.02102    
PR141    0    5.346e-06    3.809e-05    0.0001103    0.0002259    0.0003862    0.0005915    0.009493    0.02782    0.04926    0.07166    0.09431    0.117    0.1396    0.1622    0.1847    0.2072    0.2297    0.2521    0.2745    0.2969    0.3193    0.3416    0.364    0.3863    0.4086    0.431    0.4533    0.4756    0.4979    0.5202    0.5426    0.5649    
CE142    0    1.9e-05    8.092e-05    0.0001857    0.0003331    0.000523    0.0007552    0.02246    0.04398    0.06535    0.08659    0.1077    0.1288    0.1498    0.1708    0.1917    0.2126    0.2335    0.2544    0.2752    0.296    0.3169    0.3377    0.3585    0.3793    0.4001    0.4209    0.4417    0.4625    0.4833    0.5041    0.525    0.5458    
ND143    0    9.051e-06    5.584e-05    0.0001464    0.0002811    0.0004597    0.000682    0.01273    0.03199    0.05164    0.0712    0.09065    0.11    0.1293    0.1486    0.1678    0.187    0.2061    0.2253    0.2444    0.2635    0.2826    0.3016    0.3207    0.3398    0.3588    0.3779    0.397    0.416    0.4351    0.4542    0.4732    0.4923    
CE144    0    1.75e-05    7.155e-05    0.0001579    0.0002726    0.0004124    0.0005741    0.0155    0.02857    0.04003    0.05011    0.05896    0.06676    0.07363    0.07969    0.08504    0.08976    0.09393    0.09762    0.1009    0.1038    0.1063    0.1086    0.1106    0.1124    0.114    0.1154    0.1167    0.1178    0.1188    0.1197    0.1205    0.1213    
ND144    0    6.787e-07    5.779e-06    1.951e-05    4.558e-05    8.726e-05    0.0001474    0.001129    0.003826    0.008024    0.01354    0.02022    0.02792    0.03651    0.04591    0.056    0.06671    0.07796    0.08971    0.1019    0.1144    0.1273    0.1405    0.1539    0.1676    0.1815    0.1956    0.2099    0.2243    0.2388    0.2535    0.2682    0.2831    
ND145    0    1.31e-05    5.594e-05    0.0001284    0.0002305    0.000362    0.0005228    0.01205    0.02355    0.03497    0.04632    0.05763    0.0689    0.08015    0.09137    0.1026    0.1138    0.125    0.1361    0.1473    0.1585    0.1696    0.1808    0.192    0.2032    0.2143    0.2255    0.2367    0.2479    0.2591    0.2703    0.2815    0.2927    
ND146    0    1.023e-05    4.356e-05    9.993e-05    0.0001793    0.0002815    0.0004065    0.009339    0.0182    0.027    0.03576    0.04449    0.05319    0.06189    0.07057    0.07925    0.08793    0.0966    0.1053    0.114    0.1226    0.1313    0.14    0.1487    0.1574    0.1661    0.1749    0.1836    0.1923    0.2011    0.2099    0.2186    0.2274    
PM147    0    4.443e-06    2.51e-05    6.326e-05    0.0001183    0.0001894    0.000276    0.004812    0.01108    0.01715    0.02295    0.0285    0.03383    0.03893    0.04383    0.04854    0.05307    0.05742    0.0616    0.06563    0.0695    0.07323    0.07682    0.08028    0.08361    0.08682    0.08991    0.09289    0.09576    0.09853    0.1012    0.1038    0.1063    
ND148    0    6.006e-06    2.555e-05    5.86e-05    0.0001051    0.000165    0.0002382    0.004955    0.009628    0.01427    0.01889    0.02349    0.02808    0.03266    0.03723    0.0418    0.04637    0.05093    0.05549    0.06005    0.06462    0.06918    0.07375    0.07832    0.08289    0.08746    0.09204    0.09662    0.1012    0.1058    0.1104    0.115    0.1196    
SM149    0    3.619e-06    1.598e-05    3.708e-05    6.685e-05    0.0001052    0.0001522    0.002805    0.005626    0.008423    0.0112    0.01396    0.01671    0.01945    0.02218    0.02491    0.02762    0.03034    0.03305    0.03575    0.03845    0.04115    0.04385    0.04654    0.04923    0.05192    0.05461    0.05729    0.05998    0.06266    0.06534    0.06802    0.0707    
