TIME    3   50   100   150   200   250   300   350   400   450   500   550   600   650   700   750   800   850   900   950   1000   1050   1100   1150   1200   1250   1300   1350   1400   1450   1500   1550   1600   
NEUT_PROD    11.1   11.1   11.1   11   11   11   10.9   10.9   10.9   10.8   10.8   10.8   10.7   10.7   10.7   10.7   10.6   10.6   10.6   10.5   10.5   10.5   10.4   10.4   10.4   10.4   10.3   10.3   10.3   10.2   10.2   10.2   10.2   
NEUT_DEST    5.73   5.72   5.7   5.69   5.68   5.66   5.65   5.64   5.62   5.61   5.6   5.58   5.57   5.56   5.54   5.53   5.52   5.5   5.49   5.48   5.46   5.45   5.44   5.42   5.41   5.4   5.38   5.37   5.36   5.35   5.33   5.32   5.31   
BUd    4.37e-15    2.05    2.18    2.17    2.16    2.16    2.15    2.15    2.14    2.13    2.13    2.12    2.12    2.11    2.1    2.1    2.09    2.09    2.08    2.07    2.07    2.06    2.06    2.05    2.04    2.04    2.03    2.03    2.02    2.02    2.01    2    2    
U234    3.422e-18    0.001605    0.003307    0.005001    0.006689    0.00837    0.01004    0.01171    0.01337    0.01503    0.01667    0.01831    0.01995    0.02158    0.0232    0.02481    0.02642    0.02802    0.02962    0.0312    0.03279    0.03436    0.03593    0.0375    0.03905    0.04061    0.04215    0.04369    0.04522    0.04675    0.04827    0.04978    0.05129    
U235    1000    997.3    994.4    991.5    988.6    985.8    982.9    980.1    977.3    974.4    971.6    968.8    966    963.2    960.4    957.6    954.9    952.1    949.3    946.6    943.8    941.1    938.4    935.7    933    930.3    927.6    924.9    922.2    919.5    916.9    914.2    911.6    
U236    1.244e-15    0.5837    1.202    1.819    2.433    3.045    3.655    4.262    4.867    5.47    6.071    6.669    7.266    7.86    8.452    9.041    9.629    10.21    10.8    11.38    11.96    12.53    13.11    13.68    14.25    14.82    15.39    15.95    16.51    17.07    17.63    18.18    18.74    
NP237    0    0.0001154    0.0005993    0.001469    0.002723    0.004358    0.006373    0.008765    0.01153    0.01467    0.01818    0.02206    0.02631    0.03092    0.03589    0.04122    0.04691    0.05295    0.05935    0.0661    0.0732    0.08064    0.08843    0.09657    0.105    0.1139    0.123    0.1325    0.1423    0.1525    0.1629    0.1737    0.1849    
SE80    2.298e-18    0.001079    0.002223    0.003364    0.004501    0.005636    0.006767    0.007894    0.009019    0.01014    0.01126    0.01237    0.01348    0.01459    0.0157    0.0168    0.0179    0.01899    0.02008    0.02117    0.02226    0.02334    0.02442    0.0255    0.02657    0.02764    0.02871    0.02977    0.03083    0.03189    0.03294    0.034    0.03504    
BR81    3.661e-18    0.001718    0.003541    0.005359    0.00717    0.008975    0.01077    0.01257    0.01436    0.01614    0.01791    0.01968    0.02145    0.02321    0.02496    0.02671    0.02845    0.03019    0.03192    0.03364    0.03536    0.03707    0.03878    0.04048    0.04218    0.04387    0.04556    0.04724    0.04891    0.05058    0.05224    0.0539    0.05556    
SE82    5.183e-18    0.002433    0.005014    0.007588    0.01015    0.01271    0.01526    0.01781    0.02035    0.02288    0.0254    0.02791    0.03042    0.03292    0.03542    0.0379    0.04038    0.04285    0.04532    0.04778    0.05023    0.05267    0.05511    0.05754    0.05996    0.06238    0.06479    0.06719    0.06959    0.07198    0.07436    0.07673    0.0791    
KR83    8.705e-18    0.004281    0.008845    0.01339    0.01793    0.02245    0.02695    0.03144    0.03591    0.04037    0.04481    0.04924    0.05365    0.05805    0.06243    0.0668    0.07116    0.0755    0.07982    0.08413    0.08842    0.0927    0.09697    0.1012    0.1055    0.1097    0.1139    0.1181    0.1223    0.1264    0.1306    0.1347    0.1388    
KR84    1.716e-17    0.008058    0.01661    0.02515    0.03366    0.04215    0.05062    0.05906    0.06748    0.07588    0.08426    0.09262    0.101    0.1093    0.1176    0.1258    0.1341    0.1423    0.1505    0.1587    0.1669    0.175    0.1831    0.1912    0.1993    0.2073    0.2154    0.2234    0.2314    0.2394    0.2473    0.2552    0.2632    
KR85    4.489e-18    0.002089    0.004299    0.006484    0.008643    0.01078    0.01289    0.01497    0.01703    0.01907    0.02108    0.02307    0.02504    0.02698    0.0289    0.0308    0.03267    0.03453    0.03636    0.03816    0.03995    0.04172    0.04346    0.04518    0.04689    0.04857    0.05023    0.05187    0.05349    0.05509    0.05667    0.05824    0.05978    
RB85    1.667e-17    0.007796    0.01613    0.02446    0.03279    0.0411    0.04941    0.05772    0.06602    0.07431    0.08259    0.09087    0.09913    0.1074    0.1156    0.1239    0.1321    0.1404    0.1486    0.1568    0.165    0.1732    0.1814    0.1896    0.1977    0.2059    0.2141    0.2222    0.2303    0.2385    0.2466    0.2547    0.2628    
KR86    3.282e-17    0.0154    0.03174    0.04804    0.06429    0.08049    0.09665    0.1128    0.1288    0.1448    0.1608    0.1767    0.1926    0.2085    0.2242    0.24    0.2557    0.2713    0.287    0.3025    0.318    0.3335    0.349    0.3644    0.3797    0.395    0.4103    0.4255    0.4406    0.4558    0.4709    0.4859    0.5009    
RB87    4.18e-17    0.01959    0.04041    0.06118    0.08188    0.1025    0.1231    0.1436    0.1641    0.1845    0.2048    0.2251    0.2454    0.2655    0.2857    0.3057    0.3257    0.3457    0.3656    0.3854    0.4052    0.4249    0.4445    0.4641    0.4837    0.5032    0.5226    0.542    0.5613    0.5806    0.5998    0.619    0.6381    
SR88    5.814e-17    0.02881    0.05949    0.09009    0.1206    0.151    0.1814    0.2116    0.2418    0.2719    0.3019    0.3318    0.3616    0.3913    0.421    0.4506    0.48    0.5095    0.5388    0.568    0.5972    0.6262    0.6552    0.6841    0.7129    0.7417    0.7703    0.7989    0.8274    0.8558    0.8842    0.9124    0.9406    
SR89    7.626e-17    0.02694    0.04162    0.04894    0.05254    0.05428    0.05507    0.05539    0.05547    0.05543    0.05534    0.05521    0.05507    0.05492    0.05477    0.05461    0.05446    0.0543    0.05415    0.05399    0.05384    0.05369    0.05353    0.05338    0.05323    0.05308    0.05293    0.05278    0.05263    0.05248    0.05233    0.05218    0.05203    
Y89    1.581e-18    0.009622    0.03373    0.0651    0.1001    0.1368    0.1744    0.2123    0.2503    0.2884    0.3264    0.3643    0.4022    0.4399    0.4775    0.5151    0.5525    0.5898    0.627    0.6641    0.7011    0.738    0.7748    0.8114    0.848    0.8845    0.9208    0.9571    0.9932    1.029    1.065    1.101    1.137    
SR90    9.434e-17    0.04422    0.09098    0.1375    0.1837    0.2296    0.2752    0.3205    0.3656    0.4104    0.4549    0.4991    0.5431    0.5868    0.6302    0.6733    0.7162    0.7588    0.8011    0.8432    0.885    0.9265    0.9678    1.009    1.05    1.09    1.13    1.17    1.21    1.25    1.289    1.328    1.366    
ZR90    9.558e-19    0.0005113    0.001203    0.002046    0.003039    0.004182    0.005474    0.006914    0.0085    0.01023    0.01211    0.01413    0.0163    0.01861    0.02106    0.02365    0.02637    0.02924    0.03225    0.03539    0.03867    0.04209    0.04564    0.04932    0.05314    0.05709    0.06117    0.06538    0.06972    0.07419    0.07878    0.0835    0.08835    
Y91    7.859e-17    0.03497    0.05621    0.06785    0.07418    0.07758    0.07935    0.08023    0.08061    0.08072    0.08068    0.08055    0.08038    0.08018    0.07997    0.07976    0.07954    0.07931    0.07909    0.07887    0.07864    0.07842    0.0782    0.07798    0.07776    0.07754    0.07732    0.0771    0.07688    0.07666    0.07644    0.07623    0.07601    
ZR91    1.197e-18    0.01064    0.03843    0.07567    0.1181    0.1633    0.21    0.2574    0.3052    0.3531    0.401    0.4489    0.4967    0.5444    0.5919    0.6393    0.6866    0.7337    0.7807    0.8276    0.8744    0.921    0.9674    1.014    1.06    1.106    1.152    1.198    1.243    1.289    1.334    1.38    1.425    
ZR92    9.727e-17    0.04788    0.09909    0.1502    0.2011    0.2518    0.3025    0.353    0.4033    0.4535    0.5036    0.5535    0.6033    0.6529    0.7024    0.7518    0.801    0.8501    0.8991    0.9479    0.9966    1.045    1.094    1.142    1.19    1.238    1.286    1.333    1.381    1.429    1.476    1.523    1.57    
ZR93    9.016e-17    0.05227    0.1084    0.1645    0.2203    0.276    0.3316    0.3869    0.4421    0.4972    0.5521    0.6068    0.6614    0.7158    0.7701    0.8242    0.8781    0.9319    0.9855    1.039    1.092    1.146    1.199    1.251    1.304    1.357    1.409    1.461    1.513    1.565    1.617    1.669    1.72    
ZR94    1.089e-16    0.0511    0.1053    0.1594    0.2134    0.2672    0.3208    0.3743    0.4276    0.4808    0.5339    0.5868    0.6395    0.6921    0.7446    0.7969    0.8491    0.9011    0.9529    1.005    1.056    1.108    1.159    1.21    1.261    1.312    1.363    1.413    1.464    1.514    1.564    1.614    1.664    
ZR95    1.138e-16    0.04254    0.06922    0.08462    0.09344    0.09845    0.1012    0.1027    0.1035    0.1038    0.1039    0.1038    0.1036    0.1034    0.1031    0.1028    0.1026    0.1023    0.102    0.1017    0.1014    0.1011    0.1009    0.1006    0.1003    0.1    0.09973    0.09944    0.09916    0.09888    0.0986    0.09833    0.09805    
NB95    1.813e-18    0.008718    0.02364    0.03597    0.04446    0.04984    0.0531    0.05499    0.05605    0.05661    0.05687    0.05696    0.05694    0.05687    0.05675    0.05662    0.05648    0.05633    0.05617    0.05602    0.05586    0.05571    0.05555    0.05539    0.05524    0.05508    0.05492    0.05477    0.05461    0.05446    0.05431    0.05415    0.054    
MO95    3.601e-20    0.003027    0.01902    0.04873    0.08867    0.1354    0.1862    0.2395    0.2943    0.3498    0.4057    0.4617    0.5177    0.5737    0.6295    0.6853    0.7408    0.7962    0.8515    0.9065    0.9614    1.016    1.071    1.125    1.179    1.233    1.287    1.341    1.394    1.448    1.501    1.554    1.607    
ZR96    1.137e-16    0.05338    0.11    0.1665    0.2228    0.279    0.335    0.3908    0.4465    0.502    0.5573    0.6125    0.6675    0.7224    0.7771    0.8316    0.886    0.9403    0.9943    1.048    1.102    1.156    1.209    1.262    1.316    1.368    1.421    1.474    1.527    1.579    1.631    1.683    1.735    
MO97    7.508e-17    0.05056    0.1054    0.1601    0.2147    0.2691    0.3233    0.3773    0.4312    0.4849    0.5384    0.5918    0.645    0.698    0.7509    0.8036    0.8562    0.9086    0.9608    1.013    1.065    1.117    1.168    1.22    1.271    1.322    1.373    1.424    1.474    1.525    1.575    1.625    1.675    
MO98    1.112e-16    0.05219    0.1076    0.1628    0.2179    0.2728    0.3276    0.3822    0.4367    0.4911    0.5453    0.5993    0.6533    0.707    0.7606    0.8141    0.8675    0.9207    0.9737    1.027    1.079    1.132    1.185    1.237    1.289    1.341    1.393    1.445    1.497    1.548    1.599    1.651    1.702    
TC99    2.982e-17    0.04621    0.1001    0.1539    0.2075    0.2609    0.3141    0.3672    0.4201    0.4728    0.5253    0.5777    0.6299    0.682    0.7339    0.7856    0.8371    0.8885    0.9397    0.9907    1.042    1.092    1.143    1.193    1.243    1.294    1.343    1.393    1.443    1.492    1.541    1.59    1.639    
MO100    1.201e-16    0.05635    0.1161    0.1757    0.2352    0.2944    0.3535    0.4124    0.4712    0.5297    0.5881    0.6463    0.7044    0.7623    0.82    0.8775    0.9349    0.9921    1.049    1.106    1.163    1.219    1.276    1.332    1.388    1.444    1.499    1.555    1.61    1.666    1.721    1.776    1.83    
RU101    1.036e-16    0.04882    0.1006    0.1523    0.2037    0.255    0.3061    0.3571    0.4079    0.4585    0.5089    0.5592    0.6093    0.6593    0.709    0.7587    0.8081    0.8574    0.9065    0.9555    1.004    1.053    1.101    1.15    1.198    1.246    1.294    1.341    1.389    1.436    1.483    1.53    1.577    
RU102    8.871e-17    0.0418    0.08617    0.1304    0.1746    0.2186    0.2626    0.3064    0.3502    0.3938    0.4373    0.4807    0.524    0.5672    0.6103    0.6534    0.6963    0.739    0.7817    0.8243    0.8668    0.9092    0.9515    0.9937    1.036    1.078    1.12    1.161    1.203    1.245    1.286    1.328    1.369    
RU103    6.336e-17    0.02076    0.03012    0.03393    0.03546    0.03603    0.03621    0.03623    0.03619    0.03611    0.03603    0.03594    0.03585    0.03576    0.03567    0.03557    0.03548    0.03539    0.0353    0.03521    0.03512    0.03503    0.03494    0.03485    0.03476    0.03467    0.03459    0.0345    0.03441    0.03432    0.03423    0.03415    0.03406    
RH103    1.664e-18    0.009779    0.03281    0.06129    0.09195    0.1234    0.1552    0.1871    0.2189    0.2506    0.2822    0.3137    0.3451    0.3764    0.4076    0.4386    0.4696    0.5005    0.5312    0.5619    0.5925    0.6229    0.6532    0.6835    0.7136    0.7436    0.7735    0.8034    0.8331    0.8627    0.8922    0.9216    0.9509    
RU104    4.537e-17    0.0213    0.04391    0.06646    0.08894    0.1113    0.1337    0.156    0.1782    0.2003    0.2224    0.2444    0.2664    0.2883    0.3101    0.3318    0.3535    0.3751    0.3967    0.4182    0.4396    0.461    0.4823    0.5035    0.5247    0.5458    0.5669    0.5878    0.6088    0.6296    0.6504    0.6711    0.6918    
PD105    1.081e-17    0.01066    0.02257    0.03444    0.04627    0.05805    0.0698    0.08151    0.09317    0.1048    0.1164    0.1279    0.1394    0.1509    0.1623    0.1737    0.1851    0.1964    0.2076    0.2189    0.2301    0.2412    0.2523    0.2634    0.2745    0.2855    0.2964    0.3074    0.3182    0.3291    0.3399    0.3507    0.3614    
RU106    1.249e-17    0.005624    0.01107    0.01601    0.02048    0.02454    0.02822    0.03155    0.03456    0.03728    0.03975    0.04197    0.04398    0.04579    0.04743    0.04889    0.05021    0.0514    0.05246    0.05341    0.05426    0.05502    0.05569    0.05629    0.05682    0.05728    0.05769    0.05804    0.05835    0.05861    0.05883    0.05902    0.05917    
PD106    3.532e-20    0.0002608    0.001069    0.002376    0.004136    0.006306    0.00885    0.01173    0.01492    0.01839    0.02212    0.02607    0.03023    0.03458    0.0391    0.04378    0.04859    0.05354    0.05859    0.06375    0.06901    0.07434    0.07976    0.08524    0.09078    0.09638    0.102    0.1077    0.1135    0.1192    0.125    0.1308    0.1367    
PD107    8.49e-18    0.003988    0.00822    0.01244    0.01664    0.02083    0.02501    0.02917    0.03332    0.03745    0.04158    0.04568    0.04978    0.05386    0.05793    0.06199    0.06603    0.07006    0.07407    0.07808    0.08207    0.08605    0.09001    0.09396    0.0979    0.1018    0.1057    0.1096    0.1135    0.1174    0.1213    0.1251    0.129    
PD108    5.23e-18    0.002459    0.00507    0.007675    0.01028    0.01287    0.01546    0.01804    0.02062    0.0232    0.02576    0.02833    0.03088    0.03344    0.03598    0.03852    0.04106    0.04359    0.04612    0.04864    0.05115    0.05366    0.05617    0.05867    0.06116    0.06365    0.06614    0.06862    0.07109    0.07356    0.07603    0.07849    0.08094    
AG109    2.71e-18    0.001698    0.00353    0.005356    0.007176    0.008991    0.0108    0.0126    0.0144    0.01619    0.01798    0.01976    0.02153    0.0233    0.02506    0.02682    0.02857    0.03032    0.03206    0.03379    0.03552    0.03724    0.03896    0.04067    0.04238    0.04408    0.04578    0.04747    0.04915    0.05083    0.05251    0.05417    0.05584    
PD110    2.802e-18    0.001315    0.00271    0.004101    0.005488    0.006871    0.008249    0.009624    0.01099    0.01236    0.01372    0.01508    0.01643    0.01778    0.01913    0.02047    0.02181    0.02314    0.02447    0.0258    0.02712    0.02844    0.02975    0.03106    0.03237    0.03367    0.03497    0.03626    0.03755    0.03884    0.04012    0.0414    0.04268    
CD111    2.881e-19    0.0008281    0.001961    0.003093    0.004221    0.005347    0.006468    0.007586    0.008701    0.009812    0.01092    0.01202    0.01313    0.01422    0.01532    0.01641    0.0175    0.01858    0.01966    0.02074    0.02181    0.02288    0.02395    0.02501    0.02607    0.02713    0.02819    0.02924    0.03028    0.03133    0.03237    0.03341    0.03444    
CD112    1.281e-18    0.0009225    0.00193    0.002936    0.003938    0.004938    0.005936    0.00693    0.007923    0.008912    0.009899    0.01088    0.01186    0.01284    0.01382    0.01479    0.01577    0.01673    0.0177    0.01866    0.01963    0.02058    0.02154    0.02249    0.02344    0.02439    0.02534    0.02628    0.02722    0.02816    0.0291    0.03003    0.03096    
CD113    2.009e-18    0.0009374    0.001938    0.002935    0.00393    0.004922    0.00591    0.006896    0.007879    0.008858    0.009835    0.01081    0.01178    0.01275    0.01371    0.01468    0.01564    0.01659    0.01755    0.0185    0.01945    0.02039    0.02133    0.02227    0.02321    0.02414    0.02508    0.026    0.02693    0.02785    0.02877    0.02969    0.0306    
CD114    1.997e-18    0.0009379    0.001933    0.002925    0.003915    0.004902    0.005886    0.006867    0.007846    0.008822    0.009795    0.01077    0.01173    0.0127    0.01366    0.01462    0.01558    0.01653    0.01748    0.01843    0.01938    0.02032    0.02127    0.02221    0.02314    0.02408    0.02501    0.02593    0.02686    0.02778    0.02871    0.02962    0.03054    
CD116    2.028e-18    0.0009521    0.001962    0.002969    0.003973    0.004974    0.005972    0.006967    0.007959    0.008949    0.009935    0.01092    0.0119    0.01288    0.01385    0.01482    0.01579    0.01676    0.01772    0.01868    0.01964    0.02059    0.02154    0.02249    0.02344    0.02438    0.02532    0.02626    0.02719    0.02813    0.02906    0.02998    0.03091    
SN117    1.847e-18    0.0009282    0.001919    0.002907    0.003892    0.004874    0.005853    0.006829    0.007802    0.008773    0.009741    0.01071    0.01167    0.01263    0.01358    0.01454    0.01549    0.01644    0.01738    0.01832    0.01926    0.0202    0.02113    0.02207    0.02299    0.02392    0.02484    0.02576    0.02668    0.0276    0.02851    0.02942    0.03033    
SN118    2.063e-18    0.0009839    0.002029    0.003071    0.00411    0.005146    0.00618    0.00721    0.008238    0.009263    0.01028    0.0113    0.01232    0.01333    0.01434    0.01535    0.01636    0.01736    0.01836    0.01935    0.02035    0.02134    0.02233    0.02331    0.0243    0.02528    0.02625    0.02723    0.0282    0.02917    0.03014    0.0311    0.03206    
SN119    2.04e-18    0.0009604    0.001982    0.003002    0.00402    0.005037    0.006052    0.007066    0.008077    0.009086    0.01009    0.0111    0.0121    0.0131    0.0141    0.01509    0.01609    0.01708    0.01806    0.01905    0.02003    0.02101    0.02199    0.02296    0.02393    0.0249    0.02587    0.02683    0.0278    0.02875    0.02971    0.03066    0.03162    
SN120    2.145e-18    0.001007    0.002075    0.00314    0.004202    0.005262    0.006318    0.007371    0.008421    0.009468    0.01051    0.01155    0.01259    0.01363    0.01466    0.01569    0.01672    0.01774    0.01876    0.01978    0.02079    0.0218    0.02281    0.02382    0.02482    0.02582    0.02682    0.02782    0.02881    0.0298    0.03078    0.03177    0.03275    
SB121    1.16e-18    0.0009617    0.002018    0.00307    0.00412    0.005165    0.006207    0.007246    0.008282    0.009313    0.01034    0.01137    0.01239    0.01341    0.01442    0.01543    0.01644    0.01745    0.01845    0.01945    0.02044    0.02143    0.02242    0.02341    0.02439    0.02537    0.02634    0.02731    0.02828    0.02925    0.03021    0.03117    0.03212    
SN122    2.321e-18    0.00109    0.002245    0.003398    0.004547    0.005693    0.006836    0.007975    0.009112    0.01024    0.01137    0.0125    0.01362    0.01474    0.01586    0.01697    0.01808    0.01919    0.0203    0.0214    0.02249    0.02359    0.02468    0.02577    0.02685    0.02794    0.02901    0.03009    0.03116    0.03223    0.0333    0.03436    0.03542    
SB123    1.983e-18    0.0009562    0.002024    0.003129    0.004263    0.005417    0.006587    0.007767    0.008954    0.01015    0.01134    0.01254    0.01373    0.01493    0.01612    0.01731    0.0185    0.01968    0.02087    0.02205    0.02322    0.0244    0.02557    0.02673    0.0279    0.02906    0.03021    0.03136    0.03251    0.03366    0.0348    0.03594    0.03707    
SN124    3e-18    0.001408    0.002902    0.004391    0.005877    0.007358    0.008834    0.01031    0.01177    0.01324    0.0147    0.01615    0.0176    0.01905    0.02049    0.02193    0.02337    0.0248    0.02622    0.02765    0.02906    0.03048    0.03189    0.03329    0.03469    0.03609    0.03749    0.03888    0.04026    0.04164    0.04302    0.04439    0.04576    
SB125    2.608e-18    0.001501    0.003181    0.004803    0.006366    0.007871    0.00932    0.01071    0.01206    0.01335    0.01459    0.01579    0.01694    0.01805    0.01911    0.02014    0.02112    0.02207    0.02298    0.02385    0.02469    0.0255    0.02627    0.02702    0.02773    0.02842    0.02907    0.0297    0.03031    0.03089    0.03144    0.03197    0.03248    
SN126    5.291e-18    0.002484    0.005118    0.007746    0.01037    0.01298    0.01558    0.01818    0.02077    0.02335    0.02593    0.02849    0.03105    0.03361    0.03615    0.03869    0.04122    0.04375    0.04626    0.04877    0.05128    0.05377    0.05626    0.05874    0.06121    0.06368    0.06614    0.06859    0.07104    0.07348    0.07591    0.07833    0.08075    
I127    1.379e-18    0.003532    0.007994    0.01256    0.01721    0.0219    0.02662    0.03136    0.03611    0.04087    0.04562    0.05036    0.05509    0.05982    0.06453    0.06922    0.07391    0.07857    0.08323    0.08787    0.09249    0.0971    0.1017    0.1063    0.1108    0.1154    0.1199    0.1244    0.1289    0.1334    0.1379    0.1423    0.1468    
TE128    1.801e-17    0.00869    0.01793    0.02714    0.03632    0.04548    0.05461    0.06372    0.07279    0.08184    0.09087    0.09986    0.1088    0.1178    0.1267    0.1356    0.1445    0.1533    0.1621    0.1709    0.1797    0.1884    0.1971    0.2058    0.2144    0.2231    0.2317    0.2403    0.2488    0.2574    0.2659    0.2743    0.2828    
I129    2.197e-17    0.01176    0.0251    0.0387    0.05237    0.06602    0.07965    0.09324    0.1068    0.1203    0.1338    0.1472    0.1605    0.1739    0.1872    0.2004    0.2136    0.2268    0.2399    0.253    0.266    0.279    0.292    0.3049    0.3178    0.3306    0.3434    0.3561    0.3688    0.3815    0.3941    0.4067    0.4192    
TE130    4.899e-17    0.02301    0.04742    0.07177    0.09604    0.1202    0.1444    0.1685    0.1925    0.2164    0.2402    0.264    0.2878    0.3114    0.335    0.3585    0.382    0.4054    0.4287    0.4519    0.4751    0.4982    0.5213    0.5443    0.5672    0.59    0.6128    0.6356    0.6582    0.6808    0.7033    0.7258    0.7482    
XE131    8.869e-18    0.02891    0.06967    0.1105    0.1512    0.1918    0.2322    0.2725    0.3127    0.3528    0.3928    0.4326    0.4723    0.5119    0.5513    0.5907    0.6299    0.669    0.708    0.7468    0.7855    0.8241    0.8626    0.901    0.9393    0.9774    1.015    1.053    1.091    1.129    1.166    1.204    1.241    
XE132    3.089e-17    0.04969    0.1084    0.1669    0.2253    0.2835    0.3415    0.3994    0.4571    0.5147    0.5721    0.6294    0.6865    0.7434    0.8002    0.8568    0.9133    0.9696    1.026    1.082    1.138    1.193    1.249    1.304    1.359    1.415    1.469    1.524    1.579    1.633    1.688    1.742    1.796    
XE133    8.693e-17    0.01215    0.01217    0.01213    0.0121    0.01206    0.01203    0.012    0.01196    0.01193    0.0119    0.01186    0.01183    0.0118    0.01176    0.01173    0.0117    0.01167    0.01163    0.0116    0.01157    0.01154    0.0115    0.01147    0.01144    0.01141    0.01138    0.01134    0.01131    0.01128    0.01125    0.01122    0.01119    
CS133    1.395e-17    0.06352    0.1467    0.2297    0.3124    0.3949    0.477    0.5589    0.6405    0.7218    0.8029    0.8837    0.9642    1.044    1.124    1.204    1.284    1.363    1.442    1.52    1.599    1.677    1.755    1.832    1.91    1.987    2.063    2.14    2.216    2.292    2.368    2.443    2.519    
XE134    1.942e-16    0.09202    0.1898    0.2874    0.3846    0.4816    0.5782    0.6746    0.7708    0.8666    0.9622    1.057    1.152    1.247    1.342    1.436    1.53    1.623    1.717    1.81    1.903    1.995    2.088    2.18    2.271    2.363    2.454    2.545    2.636    2.726    2.817    2.906    2.996    
CS135    1.314e-16    0.07531    0.1568    0.238    0.3191    0.3999    0.4804    0.5607    0.6408    0.7207    0.8003    0.8797    0.9589    1.038    1.117    1.195    1.273    1.351    1.429    1.507    1.584    1.661    1.738    1.815    1.892    1.968    2.044    2.12    2.195    2.271    2.346    2.421    2.496    
XE136    1.663e-16    0.07808    0.1609    0.2435    0.3259    0.408    0.4899    0.5715    0.653    0.7341    0.8151    0.8958    0.9763    1.057    1.137    1.216    1.296    1.375    1.455    1.533    1.612    1.691    1.769    1.847    1.925    2.002    2.079    2.157    2.233    2.31    2.387    2.463    2.539    
CS137    1.584e-16    0.07422    0.1527    0.2308    0.3083    0.3854    0.4621    0.5382    0.6139    0.6892    0.7639    0.8383    0.9121    0.9856    1.059    1.131    1.203    1.275    1.346    1.417    1.487    1.557    1.626    1.695    1.764    1.832    1.9    1.967    2.034    2.1    2.166    2.232    2.297    
BA137    3.992e-20    0.0001221    0.0004936    0.001113    0.001978    0.003087    0.00444    0.006034    0.007868    0.009941    0.01225    0.0148    0.01758    0.02059    0.02383    0.02731    0.03101    0.03494    0.03909    0.04347    0.04807    0.0529    0.05794    0.0632    0.06868    0.07438    0.08029    0.08641    0.09274    0.09929    0.106    0.113    0.1202    
BA138    1.718e-16    0.08093    0.1669    0.2526    0.338    0.4232    0.5082    0.5929    0.6774    0.7617    0.8457    0.9294    1.013    1.096    1.179    1.262    1.345    1.427    1.509    1.591    1.673    1.754    1.835    1.916    1.997    2.077    2.158    2.238    2.318    2.397    2.476    2.556    2.635    
LA139    1.676e-16    0.07878    0.1625    0.246    0.3293    0.4123    0.4951    0.5776    0.6599    0.742    0.8238    0.9054    0.9868    1.068    1.149    1.229    1.31    1.39    1.47    1.55    1.629    1.708    1.788    1.866    1.945    2.023    2.101    2.179    2.257    2.334    2.412    2.489    2.566    
BA140    1.479e-16    0.02719    0.02927    0.02933    0.02926    0.02918    0.02909    0.02901    0.02893    0.02884    0.02876    0.02868    0.0286    0.02852    0.02844    0.02836    0.02827    0.02819    0.02811    0.02803    0.02795    0.02787    0.02779    0.02772    0.02764    0.02756    0.02748    0.0274    0.02732    0.02724    0.02717    0.02709    0.02701    
CE140    3.996e-18    0.0475    0.1281    0.2107    0.2932    0.3756    0.4577    0.5395    0.6212    0.7026    0.7837    0.8647    0.9454    1.026    1.106    1.186    1.266    1.346    1.425    1.504    1.583    1.662    1.74    1.818    1.896    1.974    2.052    2.129    2.206    2.283    2.36    2.436    2.513    
CE141    1.552e-16    0.04751    0.06559    0.07168    0.07364    0.07417    0.07422    0.0741    0.07392    0.07372    0.07352    0.07331    0.0731    0.0729    0.07269    0.07248    0.07228    0.07207    0.07187    0.07167    0.07146    0.07126    0.07106    0.07086    0.07066    0.07046    0.07026    0.07006    0.06987    0.06967    0.06947    0.06927    0.06908    
PR141    5.015e-18    0.02773    0.08988    0.1638    0.2416    0.3206    0.3998    0.479    0.558    0.6368    0.7153    0.7936    0.8717    0.9496    1.027    1.105    1.182    1.259    1.335    1.412    1.488    1.564    1.64    1.715    1.791    1.866    1.941    2.015    2.09    2.164    2.238    2.312    2.385    
CE142    1.506e-16    0.07078    0.146    0.2211    0.2959    0.3705    0.4449    0.5191    0.5931    0.6668    0.7404    0.8137    0.8868    0.9597    1.032    1.105    1.177    1.249    1.321    1.393    1.464    1.535    1.606    1.677    1.748    1.818    1.889    1.959    2.028    2.098    2.167    2.237    2.306    
PR143    7.121e-17    0.02644    0.02913    0.02927    0.0292    0.02912    0.02904    0.02896    0.02888    0.02879    0.02871    0.02863    0.02855    0.02847    0.02839    0.02831    0.02823    0.02815    0.02807    0.02799    0.02792    0.02784    0.02776    0.02768    0.0276    0.02753    0.02745    0.02737    0.02729    0.02722    0.02714    0.02707    0.02699    
ND143    4.111e-18    0.04342    0.1185    0.1958    0.2731    0.3502    0.4271    0.5037    0.5801    0.6562    0.7321    0.8078    0.8832    0.9584    1.033    1.108    1.183    1.257    1.331    1.405    1.478    1.551    1.625    1.697    1.77    1.843    1.915    1.987    2.058    2.13    2.201    2.272    2.343    
CE144    1.437e-16    0.06398    0.1243    0.1774    0.2243    0.2656    0.302    0.334    0.3621    0.3868    0.4085    0.4275    0.4441    0.4587    0.4714    0.4824    0.492    0.5003    0.5075    0.5136    0.5189    0.5234    0.5271    0.5303    0.5329    0.5351    0.5368    0.5381    0.5391    0.5398    0.5403    0.5405    0.5405    
ND144    5.389e-19    0.003755    0.01535    0.03387    0.0585    0.08853    0.1233    0.1623    0.2049    0.2508    0.2995    0.3507    0.4041    0.4594    0.5164    0.5748    0.6345    0.6954    0.7571    0.8197    0.8831    0.947    1.011    1.076    1.142    1.207    1.273    1.339    1.405    1.471    1.538    1.604    1.671    
ND145    1.047e-16    0.0488    0.101    0.153    0.2048    0.2565    0.308    0.3594    0.4106    0.4616    0.5125    0.5632    0.6138    0.6642    0.7145    0.7646    0.8146    0.8644    0.914    0.9636    1.013    1.062    1.111    1.16    1.209    1.257    1.306    1.354    1.402    1.45    1.498    1.546    1.593    
ND146    8.091e-17    0.03813    0.07863    0.119    0.1593    0.1995    0.2396    0.2796    0.3194    0.3592    0.3989    0.4385    0.4779    0.5173    0.5566    0.5957    0.6348    0.6738    0.7127    0.7514    0.7901    0.8287    0.8672    0.9055    0.9438    0.982    1.02    1.058    1.096    1.134    1.171    1.209    1.247    
ND147    6.02e-17    0.009965    0.01047    0.01046    0.01043    0.01041    0.01038    0.01035    0.01032    0.0103    0.01027    0.01024    0.01021    0.01019    0.01016    0.01013    0.01011    0.01008    0.01005    0.01002    0.009998    0.009971    0.009945    0.009918    0.009892    0.009866    0.009839    0.009813    0.009787    0.009761    0.009735    0.009709    0.009683    
PM147    5.832e-18    0.02073    0.05171    0.0819    0.1109    0.1386    0.1653    0.1908    0.2152    0.2387    0.2611    0.2826    0.3032    0.3229    0.3418    0.3598    0.3771    0.3936    0.4095    0.4246    0.4391    0.4529    0.4661    0.4787    0.4908    0.5023    0.5133    0.5238    0.5338    0.5434    0.5525    0.5611    0.5694    
SM147    4.75e-21    0.0002817    0.001591    0.004009    0.007494    0.012    0.01749    0.02392    0.03124    0.03942    0.04843    0.05822    0.06876    0.08003    0.09198    0.1046    0.1178    0.1317    0.1461    0.161    0.1765    0.1925    0.209    0.2259    0.2432    0.261    0.2791    0.2976    0.3165    0.3357    0.3553    0.3751    0.3952    
ND148    4.767e-17    0.02238    0.04612    0.06979    0.09338    0.1169    0.1404    0.1637    0.187    0.2103    0.2334    0.2565    0.2796    0.3025    0.3254    0.3482    0.371    0.3936    0.4162    0.4388    0.4612    0.4836    0.506    0.5282    0.5504    0.5726    0.5946    0.6166    0.6385    0.6604    0.6822    0.7039    0.7255    
SM149    1.087e-17    0.01349    0.02886    0.04417    0.05942    0.07461    0.08974    0.1048    0.1198    0.1348    0.1497    0.1645    0.1793    0.194    0.2086    0.2232    0.2378    0.2523    0.2667    0.2811    0.2954    0.3096    0.3238    0.338    0.3521    0.3661    0.3801    0.394    0.4079    0.4217    0.4354    0.4491    0.4628    
ND150    1.942e-17    0.009112    0.01878    0.02841    0.03802    0.04759    0.05714    0.06666    0.07614    0.0856    0.09503    0.1044    0.1138    0.1231    0.1325    0.1417    0.151    0.1602    0.1694    0.1786    0.1877    0.1968    0.2059    0.215    0.224    0.233    0.242    0.2509    0.2598    0.2687    0.2776    0.2864    0.2952    
SM151    6.628e-18    0.005656    0.01187    0.01804    0.02418    0.03029    0.03636    0.0424    0.0484    0.05436    0.0603    0.0662    0.07206    0.07789    0.08369    0.08945    0.09518    0.1009    0.1065    0.1122    0.1178    0.1233    0.1289    0.1344    0.1398    0.1453    0.1507    0.1561    0.1614    0.1667    0.172    0.1773    0.1825    
SM152    8.521e-18    0.004018    0.008293    0.01257    0.01684    0.02111    0.02538    0.02966    0.03393    0.03819    0.04246    0.04673    0.05099    0.05526    0.05952    0.06378    0.06805    0.07231    0.07656    0.08082    0.08508    0.08933    0.09358    0.09784    0.1021    0.1063    0.1106    0.1148    0.1191    0.1233    0.1276    0.1318    0.136    
EU153    2.226e-18    0.002546    0.005416    0.008273    0.01112    0.01395    0.01677    0.01957    0.02237    0.02515    0.02792    0.03068    0.03342    0.03616    0.03888    0.04159    0.04429    0.04697    0.04964    0.05231    0.05496    0.05759    0.06022    0.06284    0.06544    0.06803    0.07061    0.07318    0.07574    0.07829    0.08082    0.08335    0.08586    
SM154    2.604e-18    0.001222    0.002519    0.003811    0.005099    0.006384    0.007664    0.008941    0.01021    0.01148    0.01275    0.01401    0.01527    0.01652    0.01777    0.01901    0.02026    0.02149    0.02273    0.02396    0.02518    0.02641    0.02763    0.02884    0.03005    0.03126    0.03246    0.03367    0.03486    0.03605    0.03724    0.03843    0.03961    
