TIME    3   50   100   150   200   250   300   350   400   450   500   550   600   650   700   750   800   850   900   950   1000   1050   1100   1150   1200   1250   1300   1350   1400   1450   1500   1550   1600   
NEUT_PROD    0.332   0.335   0.339   0.343   0.347   0.351   0.355   0.359   0.363   0.367   0.371   0.375   0.379   0.383   0.387   0.39   0.394   0.398   0.402   0.406   0.41   0.413   0.417   0.421   0.425   0.429   0.432   0.436   0.44   0.444   0.447   0.451   0.455   
NEUT_DEST    0.776   0.778   0.779   0.781   0.782   0.784   0.785   0.786   0.788   0.789   0.791   0.792   0.794   0.795   0.797   0.798   0.799   0.801   0.802   0.804   0.805   0.806   0.808   0.809   0.811   0.812   0.813   0.815   0.816   0.817   0.819   0.82   0.822   
BUd    1.12e-16    0.0528    0.0568    0.0575    0.0582    0.0589    0.0596    0.0602    0.0609    0.0616    0.0623    0.063    0.0636    0.0643    0.065    0.0656    0.0663    0.067    0.0676    0.0683    0.069    0.0696    0.0703    0.0709    0.0716    0.0722    0.0729    0.0735    0.0741    0.0748    0.0754    0.0761    0.0767    
U238    1000    999.6    999.2    998.8    998.4    998    997.6    997.2    996.8    996.5    996.1    995.7    995.3    994.9    994.5    994.1    993.7    993.3    992.9    992.5    992.1    991.7    991.3    990.9    990.5    990.1    989.7    989.3    989    988.6    988.2    987.8    987.4    
NP237    9.824e-19    0.002629    0.006136    0.00964    0.01314    0.01662    0.0201    0.02357    0.02703    0.03048    0.03392    0.03736    0.04078    0.0442    0.04761    0.05101    0.0544    0.05778    0.06116    0.06452    0.06788    0.07123    0.07457    0.0779    0.08123    0.08454    0.08785    0.09115    0.09444    0.09772    0.101    0.1043    0.1075    
NP239    4.474e-16    0.02288    0.02287    0.02286    0.02285    0.02284    0.02283    0.02283    0.02282    0.02281    0.0228    0.02279    0.02278    0.02277    0.02276    0.02275    0.02274    0.02273    0.02273    0.02272    0.02271    0.0227    0.02269    0.02268    0.02267    0.02266    0.02265    0.02264    0.02264    0.02263    0.02262    0.02261    0.0226    
PU239    2.262e-16    0.2931    0.6285    0.9629    1.296    1.629    1.96    2.29    2.62    2.948    3.275    3.602    3.927    4.251    4.575    4.897    5.218    5.539    5.858    6.177    6.494    6.811    7.127    7.441    7.755    8.068    8.379    8.69    9    9.309    9.617    9.924    10.23    
ZR92    1.763e-18    0.0008724    0.001816    0.002767    0.003727    0.004695    0.00567    0.006654    0.007646    0.008645    0.009653    0.01067    0.01169    0.01272    0.01376    0.01481    0.01586    0.01693    0.018    0.01907    0.02016    0.02125    0.02235    0.02346    0.02458    0.0257    0.02683    0.02797    0.02912    0.03027    0.03144    0.0326    0.03378    
ZR93    1.751e-18    0.00102    0.00213    0.003251    0.004381    0.005522    0.006673    0.007834    0.009006    0.01019    0.01138    0.01258    0.01379    0.01501    0.01625    0.01749    0.01874    0.02    0.02127    0.02255    0.02384    0.02514    0.02645    0.02777    0.0291    0.03044    0.03179    0.03315    0.03452    0.0359    0.03729    0.03868    0.04009    
ZR94    1.913e-18    0.000904    0.001878    0.002863    0.00386    0.004869    0.005889    0.006921    0.007965    0.00902    0.01009    0.01116    0.01225    0.01335    0.01447    0.01559    0.01672    0.01787    0.01903    0.0202    0.02137    0.02257    0.02377    0.02498    0.0262    0.02744    0.02868    0.02994    0.03121    0.03249    0.03377    0.03507    0.03639    
MO95    7.635e-22    6.438e-05    0.0004063    0.001046    0.001912    0.002934    0.004059    0.005251    0.006489    0.00776    0.009054    0.01037    0.0117    0.01304    0.0144    0.01577    0.01716    0.01856    0.01997    0.02139    0.02283    0.02427    0.02573    0.0272    0.02869    0.03018    0.03169    0.03321    0.03475    0.03629    0.03785    0.03941    0.04099    
ZR96    2.445e-18    0.001155    0.002397    0.003654    0.004924    0.006209    0.007507    0.008819    0.01015    0.01148    0.01284    0.0142    0.01559    0.01698    0.01839    0.01981    0.02124    0.02269    0.02415    0.02563    0.02711    0.02861    0.03013    0.03165    0.0332    0.03475    0.03632    0.03789    0.03949    0.04109    0.04271    0.04434    0.04598    
MO97    1.723e-18    0.001175    0.002469    0.003778    0.005101    0.006438    0.00779    0.009156    0.01054    0.01193    0.01334    0.01476    0.0162    0.01765    0.01912    0.0206    0.02209    0.0236    0.02512    0.02665    0.0282    0.02977    0.03134    0.03293    0.03453    0.03615    0.03778    0.03942    0.04108    0.04275    0.04444    0.04613    0.04784    
MO98    2.654e-18    0.001254    0.002605    0.003972    0.005355    0.006755    0.008171    0.009603    0.01105    0.01252    0.014    0.01549    0.01701    0.01853    0.02008    0.02164    0.02321    0.02481    0.02641    0.02804    0.02968    0.03133    0.033    0.03469    0.03639    0.03811    0.03984    0.04158    0.04335    0.04513    0.04692    0.04873    0.05055    
TC99    7.812e-19    0.001219    0.002661    0.00412    0.005595    0.007086    0.008594    0.01012    0.01166    0.01321    0.01479    0.01638    0.01798    0.0196    0.02124    0.02289    0.02456    0.02624    0.02794    0.02965    0.03138    0.03313    0.03489    0.03667    0.03846    0.04027    0.04209    0.04393    0.04578    0.04765    0.04953    0.05143    0.05334    
MO100    2.872e-18    0.001358    0.002821    0.004303    0.005804    0.007324    0.008864    0.01042    0.012    0.01359    0.01521    0.01684    0.01849    0.02016    0.02185    0.02356    0.02529    0.02703    0.02879    0.03057    0.03237    0.03419    0.03602    0.03787    0.03974    0.04163    0.04354    0.04546    0.04741    0.04936    0.05134    0.05334    0.05535    
RU101    3.04e-18    0.001443    0.002997    0.004569    0.00616    0.00777    0.009398    0.01104    0.01271    0.01439    0.01609    0.01781    0.01955    0.0213    0.02307    0.02486    0.02667    0.02849    0.03034    0.0322    0.03408    0.03597    0.03788    0.03981    0.04176    0.04372    0.0457    0.0477    0.04972    0.05175    0.0538    0.05586    0.05795    
RU102    3.12e-18    0.00148    0.003075    0.00469    0.006325    0.00798    0.009655    0.01135    0.01307    0.0148    0.01656    0.01833    0.02013    0.02194    0.02377    0.02563    0.0275    0.02939    0.03131    0.03324    0.03519    0.03716    0.03915    0.04116    0.04319    0.04523    0.0473    0.04939    0.05149    0.05361    0.05576    0.05792    0.0601    
RH103    7.068e-20    0.0004177    0.001411    0.002655    0.004015    0.005433    0.006887    0.008368    0.00987    0.01139    0.01294    0.0145    0.01608    0.01768    0.0193    0.02093    0.02259    0.02426    0.02596    0.02767    0.0294    0.03115    0.03291    0.0347    0.0365    0.03832    0.04016    0.04202    0.0439    0.04579    0.0477    0.04963    0.05157    
RU104    2.55e-18    0.001207    0.002511    0.003835    0.005178    0.006541    0.007923    0.009325    0.01075    0.01219    0.01365    0.01512    0.01662    0.01814    0.01967    0.02123    0.0228    0.02439    0.02601    0.02763    0.02928    0.03095    0.03264    0.03434    0.03606    0.0378    0.03956    0.04134    0.04313    0.04494    0.04678    0.04862    0.05049    
PD105    9.04e-19    0.0008989    0.001921    0.002958    0.00401    0.005077    0.006158    0.007254    0.008365    0.00949    0.01063    0.01178    0.01295    0.01414    0.01533    0.01655    0.01777    0.01901    0.02027    0.02153    0.02282    0.02411    0.02542    0.02675    0.02808    0.02944    0.0308    0.03218    0.03357    0.03498    0.0364    0.03783    0.03927    
XE131    2.549e-19    0.0008286    0.002011    0.003215    0.004433    0.005666    0.006914    0.008176    0.009454    0.01075    0.01205    0.01337    0.01471    0.01606    0.01742    0.0188    0.0202    0.02161    0.02303    0.02446    0.02591    0.02738    0.02886    0.03035    0.03186    0.03338    0.03491    0.03646    0.03802    0.0396    0.04119    0.04279    0.04441    
XE132    8.558e-19    0.001378    0.003029    0.004701    0.006393    0.008106    0.009839    0.01159    0.01337    0.01516    0.01698    0.01881    0.02067    0.02254    0.02444    0.02635    0.02829    0.03024    0.03222    0.03421    0.03623    0.03826    0.04031    0.04239    0.04448    0.04659    0.04872    0.05088    0.05305    0.05523    0.05744    0.05967    0.06192    
CS133    3.474e-19    0.001591    0.003705    0.005845    0.00801    0.0102    0.01242    0.01466    0.01693    0.01922    0.02153    0.02388    0.02624    0.02863    0.03105    0.03349    0.03595    0.03844    0.04096    0.04349    0.04605    0.04864    0.05125    0.05388    0.05654    0.05922    0.06192    0.06465    0.0674    0.07018    0.07297    0.07579    0.07864    
XE134    4.517e-18    0.002158    0.004486    0.006843    0.009227    0.01164    0.01408    0.01655    0.01905    0.02157    0.02412    0.0267    0.02931    0.03194    0.0346    0.03729    0.04001    0.04275    0.04552    0.04832    0.05114    0.05399    0.05687    0.05978    0.06271    0.06566    0.06865    0.07166    0.07469    0.07776    0.08084    0.08396    0.0871    
CS135    3.249e-18    0.001877    0.003943    0.006037    0.008161    0.01031    0.0125    0.01471    0.01695    0.01922    0.02151    0.02384    0.02619    0.02857    0.03099    0.03342    0.03589    0.03839    0.04091    0.04346    0.04604    0.04865    0.05128    0.05394    0.05663    0.05935    0.06209    0.06486    0.06766    0.07048    0.07333    0.07621    0.07912    
XE136    4.052e-18    0.001916    0.003981    0.006073    0.008193    0.01034    0.01252    0.01472    0.01695    0.0192    0.02148    0.02379    0.02613    0.02849    0.03088    0.0333    0.03574    0.03821    0.04071    0.04323    0.04577    0.04835    0.05095    0.05357    0.05622    0.0589    0.0616    0.06433    0.06709    0.06987    0.07267    0.0755    0.07836    
CS137    3.71e-18    0.001752    0.003635    0.005537    0.007459    0.0094    0.01136    0.01334    0.01534    0.01735    0.01939    0.02144    0.02351    0.0256    0.02771    0.02984    0.03198    0.03414    0.03632    0.03852    0.04073    0.04296    0.04521    0.04747    0.04975    0.05205    0.05437    0.0567    0.05904    0.06141    0.06378    0.06618    0.06859    
BA138    3.738e-18    0.001774    0.003687    0.005627    0.007592    0.009582    0.0116    0.01364    0.01571    0.0178    0.01991    0.02205    0.02422    0.02641    0.02863    0.03087    0.03313    0.03542    0.03774    0.04008    0.04244    0.04483    0.04724    0.04968    0.05214    0.05462    0.05713    0.05966    0.06221    0.06479    0.0674    0.07002    0.07267    
LA139    3.826e-18    0.00181    0.003762    0.005738    0.007737    0.009759    0.0118    0.01387    0.01597    0.01808    0.02022    0.02238    0.02456    0.02677    0.029    0.03125    0.03352    0.03582    0.03813    0.04047    0.04284    0.04522    0.04763    0.05006    0.05251    0.05498    0.05748    0.05999    0.06253    0.06509    0.06767    0.07028    0.0729    
CE140    8.532e-20    0.001037    0.002817    0.00467    0.006549    0.008451    0.01038    0.01232    0.01429    0.01628    0.0183    0.02034    0.02239    0.02448    0.02658    0.0287    0.03085    0.03302    0.03521    0.03743    0.03966    0.04192    0.04419    0.04649    0.04881    0.05116    0.05352    0.05591    0.05831    0.06074    0.06319    0.06566    0.06815    
PR141    1.033e-19    0.0005744    0.001875    0.003441    0.005114    0.006839    0.008596    0.01038    0.01219    0.01402    0.01587    0.01775    0.01964    0.02156    0.0235    0.02547    0.02745    0.02946    0.03149    0.03354    0.03562    0.03771    0.03983    0.04197    0.04413    0.04631    0.04851    0.05073    0.05298    0.05525    0.05753    0.05984    0.06217    
CE142    3.267e-18    0.001546    0.003214    0.004902    0.00661    0.008338    0.01009    0.01186    0.01364    0.01545    0.01728    0.01913    0.02099    0.02288    0.02479    0.02671    0.02866    0.03062    0.03261    0.03461    0.03663    0.03867    0.04073    0.04281    0.04491    0.04703    0.04916    0.05132    0.05349    0.05568    0.05789    0.06012    0.06237    
ND143    8.054e-20    0.0008549    0.002349    0.00391    0.005494    0.007096    0.008716    0.01035    0.01201    0.01368    0.01537    0.01708    0.01881    0.02055    0.02232    0.02409    0.02589    0.0277    0.02954    0.03138    0.03325    0.03513    0.03703    0.03895    0.04088    0.04283    0.0448    0.04678    0.04878    0.0508    0.05283    0.05488    0.05695    
ND145    2.544e-18    0.001193    0.002484    0.003787    0.005104    0.006432    0.007773    0.009126    0.01049    0.01187    0.01326    0.01466    0.01608    0.0175    0.01894    0.02039    0.02186    0.02333    0.02482    0.02632    0.02783    0.02935    0.03089    0.03243    0.03399    0.03556    0.03714    0.03873    0.04034    0.04195    0.04358    0.04522    0.04687    
ND146    2.269e-18    0.001075    0.002231    0.003398    0.004575    0.005764    0.006963    0.008173    0.009394    0.01063    0.01187    0.01312    0.01439    0.01566    0.01695    0.01824    0.01955    0.02087    0.02219    0.02353    0.02488    0.02624    0.02761    0.02899    0.03038    0.03178    0.03319    0.03461    0.03604    0.03748    0.03893    0.0404    0.04187    
