TIME    3   50   100   150   200   250   300   350   400   450   500   550   600   650   700   750   800   850   900   950   1000   1050   1100   1150   1200   1250   1300   1350   1400   1450   1500   1550   1600   
NEUT_PROD    3.1   3.1   3.11   3.11   3.12   3.12   3.13   3.13   3.14   3.14   3.15   3.15   3.16   3.16   3.17   3.17   3.17   3.18   3.18   3.19   3.19   3.2   3.2   3.2   3.21   3.21   3.21   3.22   3.22   3.23   3.23   3.23   3.24   
NEUT_DEST    2.07   2.07   2.07   2.07   2.07   2.07   2.08   2.08   2.08   2.08   2.08   2.08   2.08   2.09   2.09   2.09   2.09   2.09   2.09   2.09   2.1   2.1   2.1   2.1   2.1   2.1   2.1   2.11   2.11   2.11   2.11   2.11   2.11   
BUd    1.04e-15    0.489    0.521    0.522    0.523    0.524    0.525    0.526    0.526    0.527    0.528    0.529    0.53    0.531    0.531    0.532    0.533    0.534    0.534    0.535    0.536    0.536    0.537    0.538    0.538    0.539    0.54    0.54    0.541    0.542    0.542    0.543    0.543    
U236    0.0008564    0.01426    0.02849    0.0427    0.05688    0.07104    0.08517    0.09927    0.1133    0.1274    0.1414    0.1554    0.1694    0.1833    0.1972    0.2111    0.225    0.2389    0.2527    0.2665    0.2802    0.294    0.3077    0.3214    0.335    0.3487    0.3623    0.3758    0.3894    0.4029    0.4164    0.4299    0.4434    
PU240    1000    999    997.9    996.8    995.7    994.7    993.6    992.5    991.4    990.4    989.3    988.2    987.2    986.1    985    984    982.9    981.8    980.8    979.7    978.6    977.6    976.5    975.5    974.4    973.4    972.3    971.3    970.2    969.2    968.1    967.1    966    
PU241    1.083e-15    0.5063    1.039    1.566    2.087    2.603    3.113    3.617    4.116    4.609    5.097    5.579    6.056    6.528    6.995    7.456    7.913    8.364    8.81    9.251    9.688    10.12    10.55    10.97    11.38    11.8    12.2    12.61    13.01    13.4    13.79    14.18    14.56    
PU242    0    0.0001132    0.0004806    0.001101    0.001972    0.003091    0.004456    0.006066    0.007919    0.01001    0.01234    0.01491    0.01771    0.02074    0.02401    0.0275    0.03122    0.03517    0.03933    0.04372    0.04833    0.05316    0.0582    0.06345    0.06892    0.07459    0.08048    0.08657    0.09287    0.09937    0.1061    0.113    0.1201    
AM241    2.14e-19    0.00157    0.006657    0.01522    0.02722    0.0426    0.06133    0.08335    0.1086    0.1371    0.1688    0.2036    0.2414    0.2823    0.3262    0.3731    0.4229    0.4756    0.5311    0.5894    0.6505    0.7143    0.7807    0.8499    0.9216    0.996    1.073    1.152    1.234    1.318    1.405    1.494    1.585    
SR90    0    3.838e-06    1.627e-05    3.72e-05    6.649e-05    0.000104    0.0001497    0.0002034    0.000265    0.004763    0.00922    0.01364    0.01803    0.0224    0.02674    0.03106    0.03536    0.03963    0.04389    0.04813    0.05236    0.05656    0.06075    0.06493    0.06909    0.07324    0.07737    0.08148    0.08559    0.08968    0.09375    0.09781    0.1019    
ZR92    0    5.63e-06    2.399e-05    5.498e-05    9.844e-05    0.0001542    0.0002223    0.0003024    0.0003944    0.006888    0.01339    0.01987    0.02633    0.03276    0.03918    0.04559    0.05199    0.05838    0.06477    0.07115    0.07752    0.08389    0.09026    0.09663    0.103    0.1094    0.1157    0.1221    0.1284    0.1348    0.1412    0.1475    0.1539    
ZR93    0    7.494e-06    3.202e-05    7.343e-05    0.0001315    0.0002062    0.0002971    0.0004042    0.0005273    0.008815    0.01716    0.02547    0.03375    0.04201    0.05025    0.05847    0.06668    0.07488    0.08306    0.09125    0.09942    0.1076    0.1158    0.1239    0.1321    0.1403    0.1484    0.1566    0.1647    0.1729    0.181    0.1892    0.1974    
ZR94    0    8.533e-06    3.622e-05    8.289e-05    0.0001483    0.0002323    0.0003347    0.0004553    0.0005938    0.009932    0.01922    0.02847    0.03769    0.04689    0.05606    0.06522    0.07436    0.0835    0.09263    0.1017    0.1109    0.12    0.1291    0.1382    0.1473    0.1564    0.1655    0.1746    0.1837    0.1928    0.2019    0.211    0.2201    
ZR95    0    8.53e-06    3.088e-05    6.111e-05    9.574e-05    0.0001327    0.0001709    0.0002096    0.0002484    0.008436    0.01315    0.01585    0.01739    0.01827    0.01875    0.01902    0.01916    0.01924    0.01927    0.01928    0.01929    0.01928    0.01928    0.01927    0.01927    0.01926    0.01926    0.01926    0.01926    0.01926    0.01926    0.01926    0.01926    
ZR96    0    1.127e-05    4.783e-05    0.0001094    0.0001958    0.0003068    0.0004419    0.000601    0.0007839    0.01208    0.02332    0.03451    0.04567    0.05679    0.06789    0.07898    0.09005    0.1011    0.1122    0.1232    0.1342    0.1453    0.1563    0.1673    0.1783    0.1894    0.2004    0.2114    0.2224    0.2335    0.2445    0.2555    0.2666    
MO97    0    1.188e-05    5.105e-05    0.0001173    0.0002102    0.0003296    0.0004751    0.0006465    0.0008435    0.01256    0.02449    0.03635    0.04818    0.05997    0.07174    0.08348    0.0952    0.1069    0.1186    0.1303    0.142    0.1537    0.1653    0.177    0.1886    0.2003    0.212    0.2236    0.2353    0.2469    0.2586    0.2702    0.2819    
MO98    0    1.386e-05    5.884e-05    0.0001346    0.0002409    0.0003774    0.0005437    0.0007395    0.0009646    0.01401    0.027    0.03993    0.05282    0.06568    0.07852    0.09135    0.1042    0.117    0.1298    0.1426    0.1553    0.1681    0.1809    0.1937    0.2065    0.2193    0.2321    0.2449    0.2577    0.2705    0.2834    0.2962    0.309    
TC99    0    1.466e-05    6.541e-05    0.000152    0.0002741    0.0004312    0.0006229    0.0008489    0.001109    0.01373    0.0275    0.04121    0.05486    0.06847    0.08206    0.09561    0.1091    0.1227    0.1362    0.1497    0.1631    0.1766    0.1901    0.2036    0.217    0.2305    0.2439    0.2574    0.2709    0.2843    0.2978    0.3112    0.3247    
MO100    0    1.668e-05    7.078e-05    0.000162    0.0002898    0.0004539    0.0006539    0.0008894    0.00116    0.01664    0.03203    0.04736    0.06264    0.07789    0.0931    0.1083    0.1235    0.1386    0.1538    0.1689    0.184    0.1992    0.2143    0.2294    0.2446    0.2597    0.2748    0.29    0.3051    0.3202    0.3354    0.3505    0.3657    
RU101    0    1.678e-05    7.122e-05    0.000163    0.0002916    0.0004567    0.0006578    0.0008945    0.001166    0.01668    0.03212    0.04749    0.0628    0.07807    0.09331    0.1085    0.1237    0.1389    0.154    0.1691    0.1843    0.1994    0.2145    0.2296    0.2446    0.2597    0.2748    0.2899    0.305    0.32    0.3351    0.3502    0.3652    
RU102    0    1.787e-05    7.584e-05    0.0001736    0.0003106    0.0004866    0.0007011    0.0009536    0.001244    0.01715    0.03299    0.04876    0.0645    0.08021    0.09589    0.1116    0.1272    0.1429    0.1585    0.1742    0.1898    0.2055    0.2211    0.2368    0.2524    0.2681    0.2838    0.2995    0.3152    0.3309    0.3467    0.3624    0.3782    
RU103    0    1.383e-05    4.624e-05    8.608e-05    0.0001287    0.0001722    0.0002158    0.0002592    0.0003021    0.01114    0.01556    0.01734    0.01803    0.01829    0.01838    0.0184    0.01839    0.01838    0.01837    0.01836    0.01835    0.01834    0.01834    0.01834    0.01834    0.01835    0.01835    0.01836    0.01836    0.01837    0.01838    0.01839    0.0184    
RH103    0    4.072e-06    2.973e-05    8.774e-05    0.0001823    0.0003148    0.0004857    0.0006949    0.0009419    0.006539    0.01847    0.03297    0.04848    0.06439    0.08043    0.09651    0.1126    0.1286    0.1447    0.1607    0.1767    0.1927    0.2086    0.2246    0.2405    0.2565    0.2724    0.2883    0.3042    0.3201    0.336    0.3519    0.3678    
RU104    0    2.03e-05    8.616e-05    0.0001972    0.0003528    0.0005527    0.0007961    0.001083    0.001412    0.01736    0.03325    0.04907    0.06485    0.0806    0.09632    0.112    0.1277    0.1434    0.1591    0.1747    0.1904    0.2061    0.2218    0.2374    0.2531    0.2688    0.2845    0.3002    0.3159    0.3316    0.3474    0.3631    0.3788    
PD105    0    1.612e-05    7.029e-05    0.0001622    0.0002914    0.0004575    0.00066    0.0008985    0.001173    0.01318    0.02575    0.03827    0.05074    0.06317    0.07558    0.08797    0.1003    0.1127    0.125    0.1374    0.1497    0.162    0.1744    0.1867    0.199    0.2113    0.2236    0.236    0.2483    0.2606    0.2729    0.2852    0.2976    
RU106    0    1.753e-05    7.212e-05    0.0001601    0.000278    0.0004228    0.0005916    0.0007819    0.0009913    0.0118    0.0216    0.03048    0.03854    0.04586    0.05251    0.05856    0.06407    0.06908    0.07364    0.0778    0.08159    0.08505    0.08821    0.09109    0.09373    0.09614    0.09834    0.1004    0.1022    0.1039    0.1055    0.1069    0.1082    
PD107    0    1.677e-05    7.119e-05    0.0001629    0.0002915    0.0004565    0.0006575    0.0008941    0.001166    0.009064    0.01694    0.0248    0.03265    0.04049    0.04833    0.05617    0.06402    0.07188    0.07974    0.08761    0.09549    0.1034    0.1113    0.1192    0.1271    0.1351    0.143    0.151    0.159    0.167    0.175    0.183    0.191    
PD108    0    1.256e-05    5.333e-05    0.0001221    0.0002185    0.0003423    0.0004932    0.0006709    0.0008752    0.006646    0.0124    0.01816    0.02391    0.02966    0.03542    0.04119    0.04697    0.05276    0.05856    0.06438    0.07021    0.07605    0.08191    0.08778    0.09367    0.09958    0.1055    0.1114    0.1174    0.1234    0.1293    0.1353    0.1414    
AG109    0    8.431e-06    3.61e-05    8.284e-05    0.0001484    0.0002327    0.0003353    0.0004562    0.0005951    0.004804    0.009069    0.01332    0.01757    0.02181    0.02606    0.0303    0.03454    0.03879    0.04304    0.04729    0.05155    0.05581    0.06008    0.06436    0.06864    0.07292    0.07721    0.08151    0.08582    0.09013    0.09445    0.09877    0.1031    
I129    0    4.213e-06    1.84e-05    4.285e-05    7.756e-05    0.0001225    0.0001775    0.0002425    0.0003174    0.004262    0.008465    0.01274    0.01703    0.02132    0.0256    0.02988    0.03415    0.03842    0.04268    0.04694    0.0512    0.05545    0.0597    0.06395    0.0682    0.07244    0.07669    0.08094    0.08518    0.08943    0.09367    0.09792    0.1022    
TE130    0    8.124e-06    3.448e-05    7.891e-05    0.0001412    0.0002212    0.0003186    0.0004334    0.0005652    0.007732    0.01486    0.02197    0.02905    0.03612    0.04317    0.05021    0.05725    0.06428    0.07131    0.07834    0.08536    0.09238    0.09941    0.1064    0.1135    0.1205    0.1275    0.1345    0.1416    0.1486    0.1557    0.1627    0.1697    
XE131    0    8.099e-06    4.36e-05    0.0001082    0.0002017    0.0003236    0.0004738    0.0006518    0.0008574    0.01017    0.02237    0.03455    0.04668    0.05878    0.07086    0.0829    0.09494    0.107    0.119    0.131    0.1429    0.1549    0.1669    0.1789    0.1908    0.2028    0.2148    0.2267    0.2387    0.2507    0.2626    0.2746    0.2866    
XE132    0    1.663e-05    7.471e-05    0.000174    0.000314    0.0004944    0.0007146    0.0009743    0.001273    0.01628    0.03284    0.04933    0.06576    0.08214    0.09849    0.1148    0.1311    0.1474    0.1637    0.18    0.1962    0.2125    0.2288    0.245    0.2613    0.2776    0.2939    0.3101    0.3264    0.3427    0.359    0.3753    0.3917    
CS133    0    1.684e-05    8.568e-05    0.0002078    0.0003825    0.0006093    0.0008876    0.001217    0.001596    0.01913    0.04054    0.06184    0.08306    0.1042    0.1253    0.1464    0.1674    0.1884    0.2094    0.2303    0.2512    0.2722    0.2931    0.3139    0.3348    0.3557    0.3766    0.3974    0.4183    0.4392    0.46    0.4809    0.5017    
XE134    0    2.981e-05    0.0001266    0.0002898    0.0005187    0.0008125    0.001171    0.001592    0.002077    0.02499    0.04783    0.07058    0.09328    0.1159    0.1385    0.1611    0.1837    0.2063    0.2289    0.2514    0.274    0.2966    0.3191    0.3417    0.3643    0.3869    0.4095    0.4322    0.4548    0.4775    0.5002    0.5228    0.5456    
CS135    0    2.51e-05    0.0001076    0.0002471    0.0004429    0.0006943    0.001001    0.001362    0.001777    0.02487    0.04829    0.0716    0.09485    0.118    0.1412    0.1643    0.1874    0.2104    0.2334    0.2565    0.2795    0.3025    0.3255    0.3485    0.3716    0.3946    0.4176    0.4406    0.4637    0.4867    0.5098    0.5328    0.5559    
XE136    0    2.791e-05    0.0001184    0.000271    0.0004849    0.0007596    0.001094    0.001488    0.001941    0.02413    0.04621    0.06821    0.09015    0.112    0.1339    0.1557    0.1776    0.1994    0.2212    0.243    0.2648    0.2866    0.3084    0.3302    0.3521    0.3739    0.3958    0.4176    0.4395    0.4614    0.4833    0.5052    0.5271    
CS137    0    2.431e-05    0.0001031    0.0002356    0.0004211    0.0006589    0.0009482    0.001288    0.001678    0.02217    0.0425    0.06268    0.08275    0.1027    0.1226    0.1423    0.162    0.1816    0.2012    0.2207    0.2401    0.2594    0.2787    0.298    0.3172    0.3363    0.3554    0.3744    0.3934    0.4123    0.4311    0.45    0.4687    
BA138    0    2.346e-05    9.96e-05    0.0002279    0.0004079    0.000639    0.0009205    0.001252    0.001633    0.02221    0.04269    0.0631    0.08345    0.1037    0.124    0.1443    0.1645    0.1847    0.2049    0.2251    0.2452    0.2654    0.2856    0.3058    0.326    0.3462    0.3664    0.3866    0.4068    0.427    0.4473    0.4675    0.4878    
LA139    0    2.321e-05    9.86e-05    0.0002257    0.0004039    0.0006327    0.0009116    0.00124    0.001617    0.02055    0.03942    0.05822    0.07697    0.09568    0.1144    0.133    0.1517    0.1703    0.1889    0.2075    0.2262    0.2448    0.2634    0.282    0.3007    0.3193    0.338    0.3566    0.3753    0.394    0.4127    0.4313    0.4501    
CE140    0    1.063e-05    6.405e-05    0.0001669    0.0003191    0.0005202    0.0007697    0.001067    0.001411    0.01292    0.03082    0.04907    0.0673    0.08548    0.1036    0.1217    0.1398    0.1579    0.176    0.1941    0.2122    0.2302    0.2483    0.2664    0.2845    0.3025    0.3206    0.3388    0.3569    0.375    0.3931    0.4113    0.4294    
CE141    0    1.399e-05    4.513e-05    8.193e-05    0.0001204    0.0001591    0.0001977    0.0002359    0.0002738    0.01155    0.01539    0.01666    0.01705    0.01715    0.01716    0.01714    0.01711    0.01709    0.01707    0.01706    0.01704    0.01704    0.01703    0.01702    0.01702    0.01702    0.01702    0.01702    0.01702    0.01702    0.01702    0.01703    0.01703    
PR141    0    5.038e-06    3.582e-05    0.0001035    0.0002115    0.0003609    0.0005515    0.0007831    0.001055    0.008219    0.02281    0.0399    0.05781    0.07596    0.09416    0.1124    0.1305    0.1487    0.1668    0.185    0.2031    0.2212    0.2393    0.2573    0.2754    0.2935    0.3116    0.3296    0.3477    0.3658    0.3839    0.402    0.42    
CE142    0    1.761e-05    7.481e-05    0.0001712    0.0003065    0.0004801    0.0006917    0.0009408    0.001227    0.01751    0.03374    0.0499    0.06601    0.08209    0.09813    0.1141    0.1301    0.1461    0.1621    0.1781    0.194    0.21    0.226    0.2419    0.2579    0.2738    0.2898    0.3058    0.3217    0.3377    0.3537    0.3697    0.3857    
ND143    0    7.814e-06    4.81e-05    0.0001259    0.000241    0.0003933    0.0005821    0.0008072    0.001068    0.01019    0.02467    0.03951    0.05432    0.06908    0.08381    0.09851    0.1132    0.1278    0.1425    0.1571    0.1717    0.1864    0.201    0.2156    0.2302    0.2448    0.2594    0.274    0.2886    0.3032    0.3178    0.3324    0.347    
CE144    0    1.522e-05    6.21e-05    0.0001367    0.0002355    0.0003552    0.0004933    0.0006472    0.0008147    0.01248    0.02276    0.0318    0.03978    0.04682    0.05303    0.05852    0.06336    0.06765    0.07144    0.07479    0.07776    0.08039    0.08272    0.08478    0.08662    0.08824    0.08969    0.09098    0.09213    0.09315    0.09406    0.09487    0.0956    
ND145    0    1.216e-05    5.181e-05    0.0001187    0.0002125    0.000333    0.0004797    0.0006526    0.0008511    0.01122    0.02162    0.03197    0.04229    0.05259    0.06286    0.07312    0.08337    0.09361    0.1038    0.1141    0.1243    0.1345    0.1447    0.1549    0.1652    0.1754    0.1856    0.1958    0.206    0.2163    0.2265    0.2367    0.247    
ND146    0    1.07e-05    4.545e-05    0.000104    0.0001862    0.0002916    0.0004202    0.0005715    0.0007455    0.009463    0.01815    0.0268    0.03543    0.04405    0.05265    0.06125    0.06984    0.07843    0.08702    0.09561    0.1042    0.1128    0.1214    0.13    0.1386    0.1472    0.1558    0.1645    0.1731    0.1818    0.1904    0.1991    0.2077    
PM147    0    5.041e-06    2.842e-05    7.146e-05    0.0001333    0.0002129    0.0003095    0.0004222    0.0005501    0.005451    0.0122    0.01876    0.02505    0.03108    0.03687    0.04243    0.04778    0.05291    0.05785    0.0626    0.06717    0.07157    0.0758    0.07987    0.08379    0.08756    0.0912    0.0947    0.09807    0.1013    0.1044    0.1075    0.1104    
ND148    0    8.13e-06    3.45e-05    7.895e-05    0.0001413    0.0002213    0.0003187    0.0004335    0.0005653    0.006551    0.01251    0.01844    0.02436    0.03027    0.03617    0.04207    0.04795    0.05384    0.05972    0.06561    0.07149    0.07738    0.08326    0.08915    0.09504    0.1009    0.1068    0.1127    0.1186    0.1245    0.1304    0.1364    0.1423    
SM149    0    5.569e-06    2.454e-05    5.681e-05    0.0001022    0.0001606    0.0002318    0.0003156    0.000412    0.004786    0.009454    0.0141    0.01872    0.02333    0.02792    0.0325    0.03708    0.04164    0.0462    0.05076    0.0553    0.05985    0.06439    0.06892    0.07345    0.07798    0.08251    0.08703    0.09155    0.09607    0.1006    0.1051    0.1096    
ND150    0    4.922e-06    2.089e-05    4.779e-05    8.551e-05    0.0001339    0.0001929    0.0002624    0.0003422    0.00398    0.0076    0.01121    0.0148    0.01839    0.02198    0.02556    0.02913    0.03271    0.03628    0.03986    0.04343    0.047    0.05058    0.05415    0.05773    0.06131    0.06489    0.06847    0.07205    0.07564    0.07922    0.08281    0.08641    
