TIME    3   50   100   150   200   250   300   350   400   450   500   550   600   650   700   750   800   850   900   950   1000   1050   1100   1150   1200   1250   1300   1350   1400   1450   1500   1550   1600   
NEUT_PROD    16.3   16.2   16   15.9   15.8   15.6   15.5   15.4   15.2   15.1   15   14.9   14.7   14.6   14.5   14.4   14.3   14.1   14   13.9   13.8   13.7   13.6   13.5   13.3   13.2   13.1   13   12.9   12.8   12.7   12.6   12.5   
NEUT_DEST    6.39   6.36   6.32   6.29   6.26   6.22   6.19   6.16   6.12   6.09   6.06   6.03   6   5.96   5.93   5.9   5.87   5.84   5.81   5.78   5.75   5.73   5.7   5.67   5.64   5.61   5.58   5.56   5.53   5.5   5.48   5.45   5.42   
BUd    5.57e-15    2.61    2.75    2.72    2.7    2.68    2.66    2.63    2.61    2.59    2.57    2.54    2.52    2.5    2.48    2.46    2.44    2.42    2.4    2.38    2.36    2.34    2.32    2.3    2.28    2.26    2.24    2.22    2.2    2.19    2.17    2.15    2.13    
NP237    3.888e-06    0.0008355    0.003103    0.006751    0.01176    0.01811    0.02579    0.03477    0.04503    0.05656    0.06935    0.08336    0.09858    0.115    0.1326    0.1513    0.1712    0.1923    0.2144    0.2376    0.2619    0.2873    0.3137    0.3411    0.3696    0.399    0.4294    0.4608    0.4931    0.5264    0.5606    0.5957    0.6317    
PU238    9.047e-22    0.0002506    0.001942    0.006242    0.01407    0.02615    0.04305    0.0652    0.09294    0.1265    0.1661    0.2118    0.2637    0.3218    0.3863    0.457    0.534    0.6171    0.7065    0.8019    0.9034    1.011    1.124    1.243    1.368    1.499    1.635    1.776    1.923    2.076    2.233    2.396    2.564    
PU240    8.88e-18    0.004152    0.008525    0.01285    0.01713    0.02137    0.02556    0.02971    0.03381    0.03787    0.04189    0.04586    0.0498    0.05369    0.05754    0.06135    0.06512    0.06885    0.07254    0.07619    0.07981    0.08338    0.08692    0.09042    0.09389    0.09732    0.1007    0.1041    0.1074    0.1107    0.1139    0.1172    0.1203    
PU241    999.6    990.3    980.6    970.9    961.3    951.9    942.5    933.2    924    914.9    905.9    897    888.1    879.4    870.7    862.1    853.6    845.2    836.9    828.6    820.5    812.4    804.4    796.4    788.6    780.8    773.1    765.5    758    750.5    743.1    735.8    728.5    
PU242    9.486e-16    0.4443    0.9136    1.379    1.842    2.301    2.757    3.21    3.659    4.105    4.548    4.988    5.425    5.858    6.289    6.716    7.14    7.561    7.98    8.395    8.808    9.217    9.624    10.03    10.43    10.83    11.22    11.61    12    12.39    12.78    13.16    13.54    
AM241    0.3953    6.551    13.02    19.42    25.74    31.98    38.15    44.24    50.25    56.2    62.07    67.87    73.6    79.26    84.85    90.37    95.83    101.2    106.5    111.8    117    122.1    127.2    132.2    137.1    142    146.8    151.5    156.2    160.8    165.4    169.9    174.4    
AM243    0    9.246e-05    0.0003939    0.000903    0.001618    0.002536    0.003657    0.004978    0.006497    0.008213    0.01012    0.01223    0.01452    0.01701    0.01968    0.02254    0.02558    0.02881    0.03222    0.03581    0.03957    0.04352    0.04763    0.05192    0.05639    0.06102    0.06582    0.07079    0.07592    0.08122    0.08668    0.0923    0.09808    
CM242    2.6e-19    0.003554    0.0134    0.02824    0.04703    0.06893    0.09326    0.1195    0.1471    0.1759    0.2054    0.2356    0.2661    0.2968    0.3277    0.3586    0.3894    0.4201    0.4507    0.481    0.5111    0.5409    0.5705    0.5998    0.6287    0.6574    0.6857    0.7137    0.7414    0.7688    0.7958    0.8225    0.8489    
SE82    2.696e-18    0.001261    0.00259    0.003905    0.005208    0.006498    0.007775    0.009052    0.01032    0.01157    0.01282    0.01405    0.01528    0.01649    0.0177    0.01889    0.02008    0.02125    0.02241    0.02357    0.02471    0.02585    0.02698    0.02809    0.0292    0.0303    0.03139    0.03247    0.03354    0.0346    0.03566    0.0367    0.03774    
KR83    4.423e-18    0.002255    0.004643    0.007006    0.009344    0.01166    0.01395    0.01624    0.01852    0.02078    0.02302    0.02524    0.02744    0.02962    0.03179    0.03393    0.03606    0.03817    0.04026    0.04234    0.04439    0.04643    0.04846    0.05046    0.05245    0.05442    0.05638    0.05832    0.06024    0.06215    0.06404    0.06592    0.06778    
KR84    7.885e-18    0.003729    0.007662    0.01156    0.01542    0.01924    0.02302    0.02681    0.03058    0.03432    0.03803    0.04171    0.04536    0.04898    0.05257    0.05614    0.05968    0.06319    0.06668    0.07014    0.07357    0.07698    0.08036    0.08372    0.08705    0.09035    0.09363    0.09689    0.1001    0.1033    0.1065    0.1097    0.1128    
RB85    5.305e-18    0.002716    0.0056    0.008463    0.0113    0.01412    0.01692    0.01974    0.02254    0.02533    0.0281    0.03086    0.0336    0.03633    0.03904    0.04173    0.04442    0.04709    0.04974    0.05238    0.055    0.05761    0.06021    0.06279    0.06536    0.06791    0.07045    0.07298    0.07549    0.07799    0.08047    0.08295    0.08541    
KR86    1.351e-17    0.006319    0.01298    0.01957    0.0261    0.03256    0.03896    0.04537    0.05173    0.05804    0.0643    0.07051    0.07666    0.08277    0.08883    0.09484    0.1008    0.1067    0.1126    0.1184    0.1242    0.1299    0.1356    0.1412    0.1468    0.1524    0.1579    0.1633    0.1687    0.1741    0.1794    0.1847    0.19    
RB87    1.566e-17    0.007504    0.01542    0.02326    0.03103    0.03872    0.04633    0.05396    0.06154    0.06905    0.07651    0.08391    0.09125    0.09853    0.1058    0.1129    0.12    0.1271    0.1341    0.141    0.1479    0.1547    0.1615    0.1683    0.1749    0.1815    0.1881    0.1946    0.2011    0.2075    0.2139    0.2202    0.2265    
SR88    2.02e-17    0.01004    0.02066    0.03117    0.04158    0.05189    0.0621    0.07233    0.08248    0.09255    0.1025    0.1124    0.1223    0.132    0.1417    0.1513    0.1608    0.1703    0.1796    0.1889    0.1981    0.2073    0.2164    0.2254    0.2343    0.2431    0.2519    0.2607    0.2693    0.2779    0.2864    0.2949    0.3033    
SR89    2.499e-17    0.00884    0.0136    0.0159    0.01697    0.01742    0.01756    0.01767    0.01765    0.01758    0.01747    0.01735    0.01723    0.01709    0.01696    0.01683    0.0167    0.01657    0.01644    0.01631    0.01619    0.01606    0.01594    0.01582    0.0157    0.01557    0.01546    0.01534    0.01522    0.01511    0.01499    0.01488    0.01477    
Y89    5.182e-19    0.003162    0.01105    0.02127    0.03261    0.04443    0.05645    0.06855    0.08067    0.09276    0.1048    0.1167    0.1286    0.1404    0.152    0.1636    0.1751    0.1865    0.1979    0.2091    0.2202    0.2313    0.2423    0.2532    0.264    0.2747    0.2853    0.2959    0.3064    0.3168    0.3271    0.3373    0.3475    
SR90    3.217e-17    0.01504    0.03084    0.04644    0.06182    0.07701    0.09199    0.107    0.1218    0.1364    0.1509    0.1652    0.1794    0.1933    0.2072    0.2208    0.2343    0.2477    0.2609    0.2739    0.2868    0.2995    0.3121    0.3246    0.3369    0.349    0.3611    0.3729    0.3847    0.3963    0.4077    0.419    0.4302    
Y91    3.062e-17    0.01358    0.02173    0.0261    0.02837    0.0295    0.02998    0.03029    0.03035    0.03028    0.03014    0.02995    0.02974    0.02952    0.0293    0.02907    0.02884    0.02862    0.02839    0.02817    0.02795    0.02773    0.02751    0.0273    0.02708    0.02687    0.02667    0.02646    0.02625    0.02605    0.02585    0.02565    0.02546    
ZR91    4.668e-19    0.004138    0.0149    0.02927    0.04553    0.06277    0.08046    0.09838    0.1164    0.1344    0.1523    0.1702    0.1879    0.2055    0.223    0.2403    0.2575    0.2745    0.2914    0.3082    0.3248    0.3414    0.3577    0.374    0.3901    0.4061    0.422    0.4377    0.4534    0.4689    0.4842    0.4995    0.5146    
ZR92    4.162e-17    0.02208    0.04553    0.06874    0.09173    0.1145    0.137    0.1596    0.1821    0.2043    0.2264    0.2483    0.27    0.2916    0.313    0.3342    0.3552    0.3761    0.3968    0.4174    0.4378    0.458    0.4781    0.498    0.5177    0.5373    0.5568    0.5761    0.5953    0.6143    0.6332    0.6519    0.6705    
ZR93    5.074e-17    0.02938    0.06076    0.09182    0.1226    0.153    0.1832    0.2134    0.2433    0.2731    0.3026    0.3318    0.3608    0.3896    0.4182    0.4465    0.4746    0.5024    0.5301    0.5575    0.5847    0.6117    0.6384    0.665    0.6913    0.7175    0.7434    0.7691    0.7946    0.8199    0.845    0.87    0.8947    
ZR94    7.108e-17    0.03346    0.06873    0.1037    0.1382    0.1725    0.2064    0.2404    0.2741    0.3075    0.3407    0.3736    0.4063    0.4387    0.4708    0.5027    0.5343    0.5657    0.5968    0.6277    0.6583    0.6887    0.7188    0.7487    0.7784    0.8079    0.8371    0.8661    0.8948    0.9234    0.9517    0.9798    1.008    
ZR95    8.253e-17    0.03083    0.04995    0.06075    0.06673    0.06989    0.07143    0.07238    0.07269    0.07263    0.07235    0.07194    0.07146    0.07095    0.07041    0.06986    0.06931    0.06876    0.06821    0.06766    0.06712    0.06658    0.06605    0.06552    0.065    0.06449    0.06398    0.06347    0.06297    0.06248    0.06198    0.0615    0.06102    
NB95    1.315e-18    0.006325    0.0171    0.02591    0.03188    0.03556    0.03767    0.03886    0.03949    0.03975    0.03978    0.03967    0.03947    0.03922    0.03895    0.03866    0.03836    0.03806    0.03776    0.03745    0.03716    0.03686    0.03656    0.03627    0.03598    0.0357    0.03541    0.03513    0.03486    0.03458    0.03431    0.03404    0.03377    
MO95    2.611e-20    0.002197    0.01378    0.03523    0.06393    0.09733    0.1335    0.1713    0.2099    0.2489    0.2881    0.3272    0.3661    0.4048    0.4432    0.4813    0.5192    0.5567    0.5939    0.6308    0.6674    0.7037    0.7397    0.7754    0.8108    0.8459    0.8807    0.9152    0.9495    0.9834    1.017    1.051    1.084    
ZR96    9.441e-17    0.04419    0.09076    0.1369    0.1825    0.2277    0.2725    0.3173    0.3617    0.4058    0.4495    0.4929    0.5358    0.5785    0.6208    0.6627    0.7043    0.7455    0.7865    0.827    0.8673    0.9072    0.9468    0.9861    1.025    1.064    1.102    1.14    1.178    1.215    1.252    1.289    1.325    
MO97    6.9e-17    0.0466    0.09687    0.1466    0.1959    0.2446    0.2929    0.3412    0.3891    0.4365    0.4836    0.5303    0.5766    0.6225    0.668    0.7131    0.7579    0.8022    0.8462    0.8898    0.9331    0.9759    1.018    1.061    1.102    1.144    1.185    1.226    1.266    1.306    1.346    1.385    1.425    
MO98    1.162e-16    0.05437    0.1117    0.1684    0.2246    0.2802    0.3353    0.3904    0.4451    0.4994    0.5532    0.6065    0.6595    0.712    0.764    0.8157    0.8669    0.9177    0.9681    1.018    1.068    1.117    1.166    1.214    1.262    1.31    1.357    1.404    1.45    1.496    1.542    1.588    1.633    
TC99    3.72e-17    0.05748    0.1241    0.1901    0.2553    0.32    0.3839    0.4477    0.5111    0.5738    0.6361    0.6977    0.7588    0.8194    0.8795    0.939    0.9979    1.056    1.114    1.172    1.229    1.285    1.341    1.396    1.451    1.506    1.56    1.613    1.666    1.719    1.771    1.823    1.874    
MO100    1.398e-16    0.06541    0.1343    0.2025    0.2701    0.337    0.4032    0.4694    0.5351    0.6002    0.6648    0.7288    0.7923    0.8553    0.9177    0.9796    1.041    1.102    1.162    1.222    1.281    1.34    1.399    1.457    1.514    1.571    1.627    1.683    1.739    1.794    1.849    1.903    1.957    
RU101    1.394e-16    0.0658    0.1351    0.2038    0.2717    0.3389    0.4054    0.4719    0.5378    0.6032    0.668    0.7322    0.7958    0.8589    0.9214    0.9833    1.045    1.106    1.166    1.226    1.285    1.344    1.402    1.46    1.517    1.574    1.63    1.686    1.741    1.796    1.85    1.904    1.957    
RU102    1.492e-16    0.07007    0.1439    0.2171    0.2896    0.3614    0.4324    0.5035    0.5741    0.6441    0.7135    0.7823    0.8506    0.9184    0.9856    1.052    1.118    1.184    1.249    1.314    1.378    1.441    1.504    1.567    1.629    1.69    1.751    1.812    1.872    1.932    1.991    2.05    2.108    
RU103    1.461e-16    0.04769    0.06886    0.07714    0.08009    0.08085    0.0807    0.08067    0.08028    0.07974    0.07914    0.07852    0.07789    0.07726    0.07664    0.07601    0.0754    0.07479    0.07418    0.07359    0.07299    0.07241    0.07183    0.07125    0.07068    0.07012    0.06956    0.06901    0.06846    0.06792    0.06739    0.06686    0.06633    
RH103    3.839e-18    0.0225    0.0753    0.1402    0.2097    0.2806    0.3517    0.4226    0.4932    0.5634    0.633    0.702    0.7704    0.8381    0.9053    0.9719    1.038    1.103    1.168    1.232    1.296    1.359    1.421    1.483    1.544    1.605    1.665    1.725    1.784    1.843    1.901    1.959    2.016    
RU104    1.691e-16    0.07961    0.1635    0.2466    0.3289    0.4103    0.4909    0.5714    0.6512    0.7304    0.8088    0.8865    0.9636    1.04    1.116    1.191    1.265    1.339    1.412    1.485    1.557    1.628    1.698    1.768    1.838    1.907    1.975    2.043    2.11    2.176    2.242    2.307    2.372    
PD105    6.007e-17    0.06321    0.1334    0.2028    0.2715    0.3394    0.4067    0.4737    0.5402    0.606    0.6713    0.7359    0.7999    0.8633    0.9261    0.9883    1.05    1.111    1.172    1.231    1.291    1.35    1.408    1.466    1.523    1.579    1.636    1.691    1.746    1.801    1.855    1.908    1.961    
RU106    1.509e-16    0.06774    0.1328    0.1914    0.2439    0.2911    0.3333    0.3716    0.4058    0.4363    0.4635    0.4876    0.5091    0.528    0.5446    0.5592    0.5719    0.5829    0.5924    0.6005    0.6073    0.613    0.6176    0.6213    0.6241    0.6262    0.6276    0.6284    0.6285    0.6282    0.6275    0.6263    0.6247    
PD106    4.289e-19    0.003095    0.0127    0.02818    0.04893    0.07443    0.1042    0.1378    0.1748    0.215    0.2579    0.3032    0.3508    0.4003    0.4515    0.5043    0.5583    0.6135    0.6697    0.7268    0.7847    0.8431    0.9021    0.9615    1.021    1.081    1.142    1.202    1.262    1.323    1.383    1.444    1.504    
PD107    1.395e-16    0.06579    0.1351    0.2037    0.2716    0.3388    0.4053    0.4715    0.537    0.6019    0.6662    0.7298    0.7929    0.8553    0.9172    0.9785    1.039    1.099    1.159    1.218    1.276    1.334    1.391    1.448    1.504    1.56    1.615    1.669    1.724    1.777    1.83    1.883    1.935    
PD108    1.052e-16    0.04929    0.1013    0.1527    0.2038    0.2543    0.3044    0.3542    0.4037    0.4527    0.5013    0.5495    0.5973    0.6447    0.6916    0.7382    0.7844    0.8302    0.8757    0.9207    0.9654    1.01    1.054    1.097    1.14    1.183    1.226    1.268    1.31    1.351    1.392    1.433    1.473    
AG109    5.294e-17    0.03307    0.06852    0.1036    0.1383    0.1727    0.2067    0.2406    0.2741    0.3074    0.3403    0.3729    0.4052    0.4372    0.4689    0.5003    0.5314    0.5622    0.5927    0.6229    0.6528    0.6825    0.7119    0.741    0.7698    0.7984    0.8267    0.8547    0.8825    0.91    0.9373    0.9643    0.991    
PD110    3.588e-17    0.01678    0.03446    0.05197    0.0693    0.08645    0.1034    0.1203    0.1371    0.1536    0.1701    0.1863    0.2024    0.2184    0.2342    0.2499    0.2654    0.2808    0.296    0.3111    0.3261    0.3409    0.3556    0.3701    0.3845    0.3988    0.4129    0.4269    0.4408    0.4546    0.4682    0.4817    0.495    
CD111    2.923e-18    0.008387    0.01979    0.03111    0.04232    0.05341    0.06439    0.07529    0.0861    0.09681    0.1074    0.1179    0.1283    0.1386    0.1488    0.1589    0.1689    0.1789    0.1887    0.1984    0.2081    0.2176    0.2271    0.2364    0.2457    0.2549    0.264    0.273    0.282    0.2908    0.2996    0.3082    0.3168    
CD112    9.409e-18    0.006886    0.01437    0.02178    0.02912    0.03639    0.04359    0.05074    0.05784    0.06486    0.07183    0.07873    0.08557    0.09235    0.09906    0.1057    0.1123    0.1189    0.1253    0.1318    0.1381    0.1444    0.1507    0.1569    0.163    0.1691    0.1751    0.1811    0.187    0.1929    0.1987    0.2045    0.2102    
CD113    9.178e-18    0.004721    0.009726    0.01468    0.01959    0.02445    0.02926    0.03404    0.03877    0.04346    0.0481    0.0527    0.05726    0.06177    0.06624    0.07067    0.07506    0.07941    0.08372    0.08798    0.09221    0.09639    0.1005    0.1046    0.1087    0.1127    0.1167    0.1207    0.1246    0.1285    0.1323    0.1362    0.1399    
CD114    7.062e-18    0.003306    0.00679    0.01024    0.01366    0.01704    0.0204    0.02373    0.02703    0.0303    0.03354    0.03675    0.03993    0.04308    0.04621    0.04931    0.05237    0.05541    0.05843    0.06141    0.06437    0.0673    0.07021    0.07308    0.07594    0.07876    0.08156    0.08434    0.08709    0.08982    0.09252    0.0952    0.09785    
IN115    2.074e-18    0.002799    0.006085    0.009382    0.01266    0.0159    0.0191    0.02226    0.02538    0.02845    0.03149    0.03448    0.03742    0.04032    0.04319    0.046    0.04878    0.05152    0.05422    0.05688    0.05949    0.06207    0.06462    0.06712    0.06958    0.07201    0.07441    0.07676    0.07908    0.08137    0.08362    0.08583    0.08801    
CD116    4.788e-18    0.002241    0.004601    0.006939    0.009253    0.01154    0.01381    0.01606    0.01829    0.0205    0.02269    0.02486    0.02701    0.02914    0.03124    0.03333    0.0354    0.03744    0.03947    0.04148    0.04347    0.04544    0.04739    0.04932    0.05124    0.05313    0.05501    0.05687    0.05872    0.06054    0.06235    0.06414    0.06592    
SN117    3.477e-18    0.001788    0.003684    0.005561    0.007419    0.009259    0.01108    0.01289    0.01469    0.01646    0.01822    0.01997    0.0217    0.02341    0.0251    0.02678    0.02845    0.0301    0.03173    0.03335    0.03495    0.03654    0.03811    0.03967    0.04122    0.04275    0.04426    0.04577    0.04726    0.04873    0.05019    0.05164    0.05307    
SN118    4.951e-18    0.002353    0.004835    0.007292    0.009726    0.01214    0.01452    0.01689    0.01924    0.02156    0.02387    0.02615    0.02841    0.03065    0.03287    0.03506    0.03724    0.0394    0.04153    0.04365    0.04575    0.04782    0.04988    0.05192    0.05394    0.05594    0.05792    0.05989    0.06183    0.06376    0.06567    0.06756    0.06944    
SN119    5.141e-18    0.002422    0.004981    0.007518    0.01003    0.01253    0.015    0.01746    0.0199    0.02231    0.02471    0.02708    0.02943    0.03176    0.03408    0.03637    0.03863    0.04088    0.04311    0.04532    0.04751    0.04967    0.05182    0.05395    0.05606    0.05815    0.06022    0.06227    0.0643    0.06632    0.06831    0.07029    0.07225    
SN120    4.981e-18    0.002331    0.004787    0.007218    0.009626    0.01201    0.01437    0.01672    0.01904    0.02134    0.02362    0.02588    0.02811    0.03033    0.03252    0.0347    0.03685    0.03899    0.0411    0.04319    0.04527    0.04732    0.04936    0.05138    0.05337    0.05535    0.05731    0.05926    0.06118    0.06309    0.06498    0.06685    0.0687    
SB121    2.371e-18    0.001961    0.0041    0.006216    0.008311    0.01038    0.01244    0.01447    0.01649    0.01849    0.02047    0.02243    0.02437    0.0263    0.0282    0.03008    0.03195    0.0338    0.03563    0.03744    0.03923    0.04101    0.04277    0.04451    0.04624    0.04795    0.04964    0.05131    0.05297    0.05462    0.05624    0.05785    0.05945    
SN122    3.835e-18    0.001794    0.003684    0.005555    0.007408    0.009243    0.01106    0.01287    0.01466    0.01643    0.01819    0.01993    0.02165    0.02336    0.02506    0.02674    0.0284    0.03005    0.03168    0.0333    0.0349    0.03649    0.03806    0.03962    0.04117    0.0427    0.04422    0.04572    0.04721    0.04869    0.05015    0.0516    0.05304    
SB123    3.297e-18    0.0016    0.003362    0.005166    0.006998    0.008847    0.0107    0.01257    0.01443    0.01629    0.01815    0.01999    0.02182    0.02364    0.02544    0.02723    0.029    0.03076    0.0325    0.03423    0.03595    0.03764    0.03933    0.04099    0.04264    0.04428    0.0459    0.04751    0.0491    0.05068    0.05224    0.05379    0.05532    
SN124    4.186e-18    0.001958    0.004021    0.006064    0.008086    0.01009    0.01207    0.01405    0.01601    0.01795    0.01987    0.02178    0.02367    0.02554    0.0274    0.02924    0.03107    0.03287    0.03466    0.03644    0.0382    0.03995    0.04167    0.04339    0.04509    0.04677    0.04844    0.0501    0.05174    0.05336    0.05497    0.05657    0.05816    
SB125    3.687e-18    0.002014    0.004213    0.006319    0.008332    0.01025    0.01209    0.01386    0.01556    0.01718    0.01873    0.02021    0.02162    0.02297    0.02425    0.02547    0.02664    0.02775    0.0288    0.0298    0.03076    0.03166    0.03252    0.03333    0.0341    0.03483    0.03552    0.03617    0.03678    0.03736    0.0379    0.03841    0.03889    
SN126    6.972e-18    0.003261    0.006697    0.0101    0.01347    0.0168    0.02011    0.02341    0.02669    0.02993    0.03316    0.03635    0.03952    0.04266    0.04578    0.04887    0.05194    0.05497    0.05799    0.06098    0.06394    0.06688    0.0698    0.07269    0.07556    0.0784    0.08122    0.08402    0.0868    0.08955    0.09228    0.09499    0.09768    
I127    1.976e-18    0.005253    0.01185    0.01856    0.02534    0.03213    0.03893    0.04576    0.05258    0.05936    0.0661    0.0728    0.07945    0.08605    0.09259    0.09908    0.1055    0.1119    0.1182    0.1245    0.1307    0.1369    0.143    0.149    0.155    0.161    0.1669    0.1727    0.1785    0.1842    0.1899    0.1956    0.2012    
TE128    2.226e-17    0.01067    0.02193    0.03308    0.04412    0.05505    0.06587    0.07669    0.08741    0.09805    0.1086    0.1191    0.1294    0.1397    0.1499    0.16    0.17    0.18    0.1898    0.1996    0.2093    0.2189    0.2284    0.2379    0.2472    0.2565    0.2657    0.2749    0.2839    0.2929    0.3018    0.3107    0.3194    
I129    3.057e-17    0.01677    0.03559    0.05462    0.0736    0.09243    0.1111    0.1297    0.1482    0.1666    0.1847    0.2028    0.2206    0.2384    0.2559    0.2733    0.2906    0.3077    0.3246    0.3414    0.3581    0.3746    0.391    0.4072    0.4233    0.4393    0.4551    0.4708    0.4863    0.5017    0.517    0.5322    0.5472    
TE130    6.783e-17    0.03186    0.06544    0.09869    0.1316    0.1642    0.1965    0.2287    0.2607    0.2925    0.3239    0.3551    0.3861    0.4167    0.4471    0.4773    0.5072    0.5369    0.5663    0.5954    0.6244    0.653    0.6815    0.7097    0.7376    0.7654    0.7929    0.8202    0.8472    0.874    0.9006    0.927    0.9532    
I131    9.016e-17    0.01234    0.01244    0.01232    0.0122    0.01208    0.01196    0.01198    0.01188    0.01178    0.01169    0.01159    0.01149    0.0114    0.0113    0.01121    0.01112    0.01103    0.01094    0.01085    0.01076    0.01067    0.01058    0.01049    0.01041    0.01032    0.01024    0.01016    0.01007    0.009992    0.009912    0.009832    0.009753    
XE131    1.183e-17    0.03849    0.0924    0.146    0.1991    0.2517    0.3037    0.3556    0.4071    0.4582    0.5089    0.5592    0.609    0.6584    0.7074    0.7559    0.8041    0.8518    0.8991    0.9461    0.9926    1.039    1.084    1.13    1.175    1.219    1.264    1.307    1.351    1.394    1.437    1.479    1.521    
XE132    4.015e-17    0.06522    0.1418    0.2176    0.2927    0.367    0.4406    0.5142    0.5872    0.6596    0.7315    0.8027    0.8733    0.9434    1.013    1.082    1.15    1.218    1.285    1.352    1.418    1.483    1.548    1.613    1.677    1.74    1.803    1.866    1.928    1.989    2.05    2.111    2.17    
XE133    1.035e-16    0.01449    0.01441    0.01427    0.01413    0.01399    0.01386    0.01387    0.01376    0.01365    0.01354    0.01343    0.01331    0.0132    0.01309    0.01299    0.01288    0.01277    0.01267    0.01256    0.01246    0.01236    0.01225    0.01215    0.01205    0.01196    0.01186    0.01176    0.01167    0.01157    0.01148    0.01139    0.0113    
CS133    1.661e-17    0.07597    0.1749    0.2728    0.3698    0.4657    0.5607    0.6554    0.7494    0.8426    0.935    1.027    1.117    1.207    1.296    1.385    1.472    1.559    1.645    1.73    1.815    1.898    1.981    2.064    2.145    2.226    2.306    2.385    2.464    2.542    2.619    2.696    2.772    
XE134    2.431e-16    0.1169    0.2403    0.3625    0.4835    0.6033    0.7219    0.8403    0.9577    1.074    1.189    1.304    1.417    1.53    1.641    1.752    1.861    1.97    2.077    2.184    2.29    2.395    2.499    2.602    2.704    2.806    2.906    3.006    3.105    3.203    3.3    3.396    3.492    
CS135    1.531e-16    0.09842    0.2042    0.309    0.4127    0.5155    0.6171    0.7188    0.8197    0.9197    1.019    1.117    1.215    1.312    1.407    1.503    1.597    1.69    1.783    1.875    1.966    2.057    2.147    2.236    2.324    2.411    2.498    2.584    2.67    2.754    2.838    2.922    3.004    
XE136    2.339e-16    0.1094    0.2248    0.3389    0.452    0.5639    0.6748    0.7855    0.8952    1.004    1.112    1.219    1.325    1.43    1.534    1.638    1.74    1.842    1.943    2.043    2.142    2.24    2.337    2.434    2.529    2.624    2.718    2.812    2.904    2.996    3.087    3.177    3.267    
CS137    2.038e-16    0.09529    0.1954    0.2942    0.3917    0.4879    0.5829    0.6775    0.7709    0.8633    0.9546    1.045    1.134    1.222    1.309    1.395    1.48    1.564    1.647    1.729    1.81    1.889    1.968    2.046    2.123    2.2    2.275    2.349    2.422    2.495    2.566    2.637    2.707    
BA137    3.081e-20    0.0001473    0.000613    0.001393    0.002484    0.003881    0.00558    0.007578    0.009875    0.01246    0.01535    0.01851    0.02196    0.02569    0.0297    0.03398    0.03853    0.04335    0.04843    0.05377    0.05937    0.06523    0.07133    0.07768    0.08428    0.09112    0.09819    0.1055    0.1131    0.1208    0.1288    0.1371    0.1455    
BA138    1.939e-16    0.09199    0.189    0.2851    0.3802    0.4744    0.5677    0.6609    0.7533    0.845    0.9359    1.026    1.115    1.204    1.292    1.379    1.466    1.551    1.636    1.721    1.804    1.887    1.969    2.051    2.132    2.212    2.291    2.37    2.448    2.526    2.603    2.679    2.755    
LA139    1.89e-16    0.09103    0.1871    0.2823    0.3765    0.4698    0.5621    0.6544    0.7459    0.8366    0.9265    1.016    1.104    1.192    1.279    1.365    1.45    1.535    1.619    1.702    1.785    1.866    1.948    2.028    2.108    2.187    2.265    2.343    2.42    2.497    2.573    2.648    2.723    
BA140    1.666e-16    0.0305    0.03261    0.03245    0.03214    0.03183    0.03151    0.03149    0.03124    0.03098    0.03072    0.03046    0.0302    0.02994    0.02969    0.02944    0.02919    0.02894    0.02869    0.02845    0.02821    0.02797    0.02774    0.0275    0.02727    0.02705    0.02682    0.0266    0.02637    0.02615    0.02594    0.02572    0.02551    
CE140    4.46e-18    0.05333    0.1433    0.235    0.326    0.4161    0.5053    0.5942    0.6825    0.7701    0.8569    0.943    1.028    1.113    1.197    1.28    1.363    1.445    1.526    1.606    1.686    1.765    1.844    1.921    1.998    2.075    2.151    2.226    2.301    2.375    2.448    2.521    2.593    
CE141    1.421e-16    0.04708    0.06467    0.07025    0.0717    0.07173    0.07128    0.07118    0.07076    0.07024    0.06969    0.06912    0.06856    0.068    0.06744    0.06688    0.06633    0.06579    0.06525    0.06472    0.06419    0.06367    0.06315    0.06264    0.06213    0.06163    0.06113    0.06064    0.06015    0.05967    0.05919    0.05872    0.05825    
PR141    4.595e-18    0.02752    0.08895    0.1616    0.2376    0.3143    0.3906    0.4667    0.5424    0.6177    0.6923    0.7663    0.8397    0.9125    0.9847    1.056    1.127    1.198    1.267    1.337    1.405    1.473    1.541    1.608    1.674    1.74    1.805    1.87    1.934    1.998    2.061    2.124    2.186    
CE142    1.428e-16    0.06905    0.142    0.2142    0.2857    0.3564    0.4265    0.4966    0.5661    0.635    0.7034    0.7712    0.8384    0.9051    0.9711    1.037    1.102    1.166    1.23    1.293    1.356    1.419    1.48    1.542    1.603    1.663    1.723    1.782    1.841    1.899    1.957    2.014    2.071    
PR143    6.46e-17    0.02399    0.02626    0.0262    0.02596    0.0257    0.02545    0.02544    0.02525    0.02504    0.02484    0.02463    0.02442    0.02422    0.02402    0.02382    0.02362    0.02342    0.02323    0.02303    0.02284    0.02265    0.02247    0.02228    0.0221    0.02192    0.02174    0.02156    0.02138    0.02121    0.02104    0.02087    0.0207    
ND143    3.73e-18    0.03947    0.1073    0.1768    0.2458    0.3141    0.3817    0.449    0.5159    0.5823    0.6481    0.7133    0.7779    0.842    0.9056    0.9685    1.031    1.093    1.154    1.215    1.275    1.335    1.394    1.453    1.511    1.569    1.626    1.683    1.739    1.795    1.851    1.905    1.96    
CE144    1.321e-16    0.05859    0.1134    0.1613    0.203    0.2394    0.2711    0.299    0.3232    0.3441    0.3622    0.3776    0.3909    0.4021    0.4115    0.4194    0.4259    0.4312    0.4354    0.4387    0.4411    0.4429    0.4439    0.4445    0.4445    0.4441    0.4433    0.4422    0.4408    0.4391    0.4372    0.4352    0.4329    
ND144    4.818e-19    0.003436    0.01402    0.03088    0.05322    0.08033    0.1116    0.1465    0.1846    0.2255    0.2687    0.3141    0.3611    0.4097    0.4595    0.5104    0.5622    0.6148    0.6679    0.7215    0.7754    0.8297    0.8841    0.9386    0.9931    1.048    1.102    1.157    1.211    1.265    1.319    1.372    1.426    
ND145    9.033e-17    0.04769    0.09832    0.1484    0.198    0.2472    0.2958    0.3443    0.3925    0.4402    0.4875    0.5345    0.581    0.6271    0.6728    0.7181    0.763    0.8075    0.8516    0.8954    0.9388    0.9818    1.024    1.067    1.109    1.15    1.191    1.232    1.273    1.313    1.353    1.392    1.431    
ND146    8.867e-17    0.04198    0.08626    0.1301    0.1736    0.2166    0.2592    0.3017    0.344    0.3858    0.4274    0.4686    0.5094    0.5499    0.5901    0.6299    0.6695    0.7087    0.7475    0.7861    0.8243    0.8623    0.8999    0.9372    0.9742    1.011    1.047    1.083    1.119    1.155    1.19    1.225    1.26    
ND147    7.184e-17    0.01188    0.0124    0.0123    0.01219    0.01207    0.01195    0.01194    0.01184    0.01174    0.01165    0.01155    0.01145    0.01135    0.01126    0.01116    0.01107    0.01098    0.01089    0.0108    0.01071    0.01062    0.01053    0.01044    0.01035    0.01027    0.01018    0.0101    0.01002    0.009934    0.009853    0.009772    0.009692    
PM147    6.96e-18    0.02477    0.06157    0.09718    0.1311    0.1633    0.194    0.2233    0.2512    0.2778    0.3031    0.327    0.3498    0.3714    0.3919    0.4113    0.4296    0.447    0.4634    0.4789    0.4935    0.5073    0.5203    0.5325    0.544    0.5548    0.5649    0.5744    0.5832    0.5915    0.5991    0.6063    0.6129    
SM147    5.105e-21    0.0003365    0.001897    0.004771    0.008899    0.01422    0.02067    0.0282    0.03676    0.0463    0.05676    0.06811    0.08029    0.09327    0.107    0.1214    0.1365    0.1523    0.1686    0.1855    0.2029    0.2209    0.2393    0.2581    0.2773    0.297    0.317    0.3373    0.358    0.3789    0.4001    0.4216    0.4433    
ND148    6.81e-17    0.03189    0.06548    0.09874    0.1317    0.1643    0.1965    0.2287    0.2606    0.2923    0.3236    0.3547    0.3855    0.416    0.4463    0.4763    0.506    0.5354    0.5646    0.5936    0.6223    0.6507    0.6789    0.7068    0.7345    0.7619    0.7891    0.8161    0.8428    0.8693    0.8956    0.9216    0.9475    
SM149    1.704e-17    0.02184    0.04656    0.07101    0.09519    0.1191    0.1428    0.1663    0.1897    0.2128    0.2358    0.2585    0.2809    0.3032    0.3252    0.347    0.3686    0.39    0.4112    0.4322    0.4529    0.4735    0.4938    0.514    0.534    0.5537    0.5733    0.5927    0.6119    0.6309    0.6497    0.6683    0.6868    
ND150    4.127e-17    0.0193    0.03964    0.05977    0.07969    0.09942    0.1189    0.1384    0.1577    0.1769    0.1959    0.2147    0.2333    0.2518    0.2701    0.2882    0.3062    0.324    0.3417    0.3592    0.3765    0.3937    0.4108    0.4277    0.4444    0.461    0.4775    0.4938    0.51    0.526    0.5419    0.5576    0.5732    
SM151    1.735e-17    0.01482    0.03098    0.04693    0.06268    0.07823    0.09357    0.1088    0.1239    0.1389    0.1536    0.1682    0.1826    0.1968    0.2109    0.2248    0.2385    0.2521    0.2655    0.2787    0.2918    0.3047    0.3175    0.3301    0.3426    0.3549    0.3671    0.3791    0.391    0.4027    0.4143    0.4258    0.4371    
SM152    2.58e-17    0.01214    0.02496    0.03769    0.05031    0.06285    0.07529    0.08773    0.1001    0.1124    0.1246    0.1367    0.1488    0.1608    0.1727    0.1845    0.1963    0.208    0.2196    0.2312    0.2426    0.254    0.2654    0.2766    0.2878    0.299    0.31    0.321    0.332    0.3428    0.3536    0.3644    0.375    
EU153    7.514e-18    0.00858    0.01818    0.02768    0.03706    0.04634    0.05551    0.06463    0.07367    0.08261    0.09145    0.1002    0.1089    0.1174    0.1259    0.1343    0.1426    0.1508    0.1589    0.167    0.1749    0.1828    0.1906    0.1983    0.2059    0.2134    0.2209    0.2283    0.2356    0.2428    0.25    0.257    0.264    
SM154    1.392e-17    0.006517    0.01338    0.02018    0.02691    0.03357    0.04016    0.04674    0.05326    0.05971    0.06612    0.07246    0.07875    0.08498    0.09116    0.09728    0.1033    0.1094    0.1153    0.1212    0.1271    0.1329    0.1386    0.1443    0.15    0.1556    0.1611    0.1666    0.172    0.1774    0.1828    0.1881    0.1934    
EU155    8.951e-18    0.004177    0.00849    0.01267    0.01672    0.02064    0.02443    0.02814    0.03173    0.03522    0.03859    0.04186    0.04502    0.04809    0.05105    0.05392    0.0567    0.05939    0.06198    0.06449    0.06692    0.06926    0.07152    0.07371    0.07582    0.07786    0.07982    0.08171    0.08354    0.08529    0.08699    0.08862    0.09019    
GD156    3.389e-19    0.00202    0.005525    0.00916    0.01278    0.01639    0.01996    0.02352    0.02707    0.03059    0.0341    0.03758    0.04104    0.04448    0.04789    0.05129    0.05466    0.05801    0.06134    0.06466    0.06795    0.07122    0.07446    0.07769    0.0809    0.08409    0.08726    0.09041    0.09354    0.09665    0.09975    0.1028    0.1059    
GD157    3.973e-18    0.002581    0.005349    0.008082    0.01078    0.01345    0.01608    0.0187    0.02128    0.02384    0.02637    0.02886    0.03133    0.03377    0.03618    0.03857    0.04092    0.04325    0.04555    0.04782    0.05007    0.05229    0.05448    0.05665    0.05879    0.06091    0.063    0.06507    0.06711    0.06913    0.07113    0.0731    0.07504    
GD158    3.632e-18    0.001751    0.003607    0.005453    0.007289    0.009115    0.01093    0.01275    0.01456    0.01636    0.01815    0.01994    0.02172    0.02349    0.02525    0.027    0.02875    0.03049    0.03222    0.03394    0.03566    0.03737    0.03907    0.04076    0.04245    0.04413    0.0458    0.04747    0.04913    0.05078    0.05242    0.05406    0.05569    
TB159    1.897e-18    0.001335    0.002775    0.0042    0.00561    0.007004    0.008383    0.009753    0.01111    0.01245    0.01378    0.0151    0.0164    0.01769    0.01896    0.02022    0.02147    0.02271    0.02394    0.02515    0.02635    0.02753    0.02871    0.02987    0.03102    0.03216    0.03329    0.0344    0.03551    0.0366    0.03768    0.03876    0.03982    
