TIME    3   100   220   340   460   580   700   820   940   1060   1180   1300   1420   1540   1660   1780   1900   2020   2140   2260   2380   2500   2620   2740   2860   2980   3100   3220   3340   3460   3580   3700   3820   3940   4060   4180   
NEUT_PROD    3.73   53.3   83.4   99.8   107   109   107   104   98.8   93.3   87.6   81.9   76.4   71.1   66.1   61.5   57.1   53.1   49.4   45.9   42.7   39.8   37   34.5   32.2   30   28.1   26.2   24.5   23   21.5   20.2   19   17.8   16.8   15.8   
NEUT_DEST    79.5   102   113   119   121   120   117   113   109   104   99.5   94.7   90   85.5   81.2   77.1   73.2   69.6   66.1   62.9   59.9   57.1   54.4   51.9   49.6   47.5   45.4   43.5   41.8   40.1   38.6   37.1   35.8   34.5   33.3   32.2   
BUd    0.0314    11.6    27.8    37    41.6    43.4    43.4    42.3    40.6    38.5    36.2    33.9    31.7    29.5    27.5    25.5    23.7    22    20.5    19    17.7    16.4    15.3    14.2    13.3    12.4    11.5    10.8    10    9.39    8.78    8.22    7.7    7.22    6.77    6.36    
U234    997.6    923.8    853.4    788.4    728.3    672.9    621.6    574.2    530.5    490.1    452.7    418.3    386.4    357    329.8    304.6    281.4    260    240.2    221.9    205    189.4    175    161.6    149.3    138    127.5    117.8    108.8    100.5    92.87    85.8    79.28    73.24    67.67    62.53    
U235    2.35    62.03    98.43    118.2    127.3    129.5    127.6    123.2    117.3    110.7    103.8    96.87    90.17    83.74    77.66    71.94    66.59    61.61    56.97    52.67    48.68    44.99    41.58    38.42    35.5    32.8    30.3    28    25.87    23.9    22.08    20.4    18.85    17.41    16.09    14.86    
U236    0.002251    2.132    7.284    14.09    21.69    29.51    37.21    44.59    51.52    57.95    63.86    69.24    74.1    78.48    82.39    85.88    88.96    91.67    94.03    96.07    97.82    99.31    100.5    101.6    102.4    103    103.4    103.7    103.8    103.8    103.7    103.5    103.2    102.7    102.3    101.7    
U237    3.119e-07    0.002927    0.01001    0.01937    0.02981    0.04056    0.05115    0.06129    0.07083    0.07967    0.08779    0.09519    0.1019    0.1079    0.1133    0.1181    0.1223    0.126    0.1293    0.1321    0.1345    0.1365    0.1382    0.1396    0.1407    0.1416    0.1422    0.1426    0.1427    0.1428    0.1426    0.1423    0.1418    0.1413    0.1406    0.1398    
U238    1.542e-09    0.0005969    0.004273    0.0129    0.02744    0.04827    0.07541    0.1087    0.1477    0.1921    0.2414    0.2951    0.353    0.4144    0.479    0.5465    0.6165    0.6887    0.7627    0.8383    0.9152    0.9932    1.072    1.152    1.232    1.312    1.393    1.474    1.554    1.635    1.715    1.795    1.874    1.953    2.031    2.109    
NP237    2.44e-08    0.009141    0.06542    0.1937    0.4009    0.6837    1.033    1.438    1.886    2.366    2.866    3.377    3.892    4.402    4.902    5.387    5.855    6.301    6.725    7.123    7.497    7.844    8.165    8.46    8.73    8.975    9.196    9.394    9.569    9.724    9.857    9.972    10.07    10.15    10.21    10.26    
NP238    1.693e-11    3.463e-05    0.000248    0.0007347    0.001522    0.002596    0.003924    0.005462    0.007165    0.008987    0.01089    0.01283    0.01479    0.01673    0.01863    0.02047    0.02225    0.02395    0.02556    0.02707    0.02849    0.02981    0.03103    0.03216    0.03318    0.03411    0.03495    0.03571    0.03637    0.03696    0.03747    0.0379    0.03827    0.03857    0.03882    0.039    
PU238    2.857e-12    0.000267    0.00386    0.01659    0.04419    0.09088    0.159    0.2491    0.3604    0.4909    0.6382    0.7991    0.9708    1.15    1.334    1.52    1.706    1.89    2.069    2.244    2.411    2.571    2.723    2.866    3    3.124    3.239    3.345    3.442    3.53    3.609    3.679    3.742    3.796    3.844    3.884    
PU239    9.985e-15    1.692e-05    0.0004199    0.002377    0.007564    0.01764    0.0339    0.05711    0.08751    0.1249    0.1687    0.218    0.2721    0.3298    0.3901    0.4522    0.5151    0.578    0.6402    0.7012    0.7604    0.8174    0.8719    0.9236    0.9725    1.018    1.061    1.1    1.137    1.17    1.2    1.228    1.252    1.274    1.293    1.309    
PU240    2.619e-17    8.574e-07    4.167e-05    0.0003431    0.001417    0.004023    0.009034    0.01728    0.02943    0.04592    0.06696    0.09251    0.1223    0.156    0.193    0.2327    0.2746    0.318    0.3623    0.4071    0.4517    0.4957    0.5388    0.5806    0.6209    0.6595    0.6961    0.7307    0.7632    0.7935    0.8216    0.8475    0.8713    0.893    0.9126    0.9302    
PU241    4.105e-20    4.678e-08    4.126e-06    4.688e-05    0.0002387    0.000787    0.001977    0.004125    0.007533    0.01244    0.01902    0.02733    0.03735    0.04901    0.06213    0.07654    0.09201    0.1083    0.1252    0.1424    0.1598    0.1771    0.1943    0.211    0.2273    0.243    0.258    0.2722    0.2857    0.2984    0.3102    0.3211    0.3312    0.3405    0.349    0.3566    
PU242    0    1.632e-09    2.909e-07    5.167e-06    3.63e-05    0.0001544    0.00048    0.001204    0.002584    0.004933    0.008597    0.01393    0.02127    0.03091    0.04313    0.0581    0.07595    0.09676    0.1205    0.1472    0.1766    0.2086    0.2431    0.2797    0.3183    0.3587    0.4004    0.4433    0.4872    0.5316    0.5765    0.6214    0.6664    0.711    0.7551    0.7986    
SE78    7.053e-07    0.002553    0.004541    0.007128    0.01006    0.01316    0.01631    0.01945    0.02251    0.02549    0.02835    0.03109    0.03372    0.03622    0.0386    0.04086    0.04302    0.04507    0.04701    0.04886    0.05062    0.05228    0.05387    0.05537    0.0568    0.05816    0.05945    0.06067    0.06183    0.06294    0.06399    0.06499    0.06593    0.06683    0.06769    0.0685    
SE79    2.13e-06    0.006248    0.01156    0.01843    0.02609    0.03403    0.04193    0.04959    0.05689    0.06378    0.07023    0.07623    0.0818    0.08695    0.0917    0.09608    0.1001    0.1038    0.1072    0.1103    0.1132    0.1158    0.1182    0.1204    0.1225    0.1243    0.126    0.1275    0.1289    0.1302    0.1313    0.1324    0.1333    0.1342    0.135    0.1357    
SE80    5.179e-06    0.01217    0.02484    0.04142    0.06001    0.07937    0.09872    0.1176    0.1357    0.1528    0.169    0.1841    0.1983    0.2115    0.2238    0.2353    0.2459    0.2558    0.265    0.2736    0.2816    0.289    0.2959    0.3023    0.3083    0.3139    0.3192    0.3241    0.3286    0.3329    0.3369    0.3407    0.3442    0.3475    0.3506    0.3535    
BR81    8.876e-06    0.01773    0.03899    0.06677    0.0977    0.1296    0.1612    0.1915    0.2202    0.247    0.2717    0.2945    0.3153    0.3343    0.3514    0.367    0.3809    0.3935    0.4047    0.4147    0.4235    0.4313    0.4381    0.4441    0.4493    0.4537    0.4574    0.4605    0.463    0.465    0.4665    0.4675    0.4682    0.4685    0.4684    0.468    
SE82    1.431e-05    0.0307    0.06541    0.1109    0.162    0.2152    0.2683    0.32    0.3695    0.4165    0.4607    0.502    0.5406    0.5765    0.6099    0.6409    0.6696    0.6963    0.721    0.7439    0.7651    0.7848    0.8031    0.8201    0.8358    0.8505    0.864    0.8767    0.8884    0.8993    0.9095    0.9189    0.9278    0.936    0.9436    0.9508    
KR82    2.214e-09    0.0001145    0.000428    0.0009959    0.001852    0.002996    0.004409    0.006063    0.007924    0.009957    0.01213    0.0144    0.01676    0.01916    0.02159    0.02402    0.02644    0.02884    0.03119    0.03349    0.03572    0.03789    0.03999    0.042    0.04393    0.04577    0.04752    0.04919    0.05077    0.05226    0.05366    0.05497    0.0562    0.05734    0.05841    0.05939    
KR83    2.116e-05    0.0482    0.08603    0.1293    0.1695    0.2026    0.2274    0.2441    0.2536    0.2572    0.2561    0.2515    0.2442    0.2352    0.225    0.2141    0.203    0.1918    0.1809    0.1703    0.1601    0.1505    0.1414    0.1328    0.1248    0.1174    0.1104    0.104    0.09797    0.09242    0.08729    0.08254    0.07816    0.0741    0.07035    0.06689    
KR84    4.473e-05    0.1015    0.2302    0.4051    0.6097    0.8316    1.062    1.293    1.521    1.743    1.957    2.16    2.353    2.535    2.706    2.866    3.016    3.156    3.287    3.408    3.522    3.627    3.726    3.817    3.902    3.981    4.055    4.124    4.188    4.248    4.304    4.356    4.405    4.451    4.494    4.534    
KR85    1.097e-05    0.02606    0.05456    0.09141    0.1321    0.1736    0.2143    0.2528    0.2888    0.3218    0.3519    0.3789    0.4031    0.4245    0.4434    0.4599    0.4741    0.4864    0.4968    0.5055    0.5126    0.5184    0.5228    0.526    0.5282    0.5295    0.5298    0.5294    0.5282    0.5265    0.5241    0.5212    0.5179    0.5142    0.5101    0.5057    
RB85    4.065e-05    0.09534    0.2046    0.348    0.5094    0.6782    0.8475    1.013    1.173    1.325    1.469    1.604    1.732    1.851    1.963    2.067    2.165    2.257    2.342    2.422    2.497    2.568    2.633    2.695    2.753    2.807    2.858    2.906    2.951    2.994    3.034    3.072    3.107    3.141    3.173    3.203    
KR86    9.067e-05    0.1786    0.3972    0.6847    1.007    1.344    1.68    2.007    2.321    2.618    2.898    3.16    3.404    3.632    3.843    4.04    4.222    4.391    4.547    4.692    4.827    4.952    5.067    5.175    5.274    5.367    5.452    5.532    5.606    5.675    5.739    5.798    5.853    5.905    5.953    5.998    
RB87    0.0001146    0.2418    0.5262    0.8995    1.318    1.754    2.19    2.614    3.02    3.405    3.767    4.105    4.421    4.715    4.987    5.24    5.475    5.692    5.893    6.079    6.252    6.412    6.559    6.696    6.823    6.941    7.05    7.151    7.244    7.331    7.412    7.486    7.556    7.62    7.68    7.736    
SR88    0.0001585    0.3378    0.7459    1.282    1.884    2.511    3.137    3.747    4.332    4.887    5.408    5.897    6.352    6.776    7.171    7.537    7.876    8.191    8.483    8.754    9.005    9.238    9.454    9.654    9.84    10.01    10.17    10.32    10.46    10.59    10.71    10.82    10.92    11.02    11.11    11.19    
SR89    0.0002198    0.2711    0.3587    0.4617    0.525    0.5527    0.556    0.5439    0.5227    0.4964    0.4676    0.4381    0.4089    0.3806    0.3537    0.3283    0.3044    0.2822    0.2615    0.2422    0.2244    0.2079    0.1926    0.1785    0.1655    0.1534    0.1423    0.132    0.1225    0.1137    0.1056    0.09807    0.09114    0.08474    0.07882    0.07335    
Y89    3.03e-06    0.1462    0.5957    1.199    1.929    2.726    3.545    4.356    5.142    5.89    6.597    7.259    7.876    8.449    8.98    9.472    9.925    10.34    10.73    11.09    11.41    11.71    11.99    12.25    12.48    12.7    12.89    13.07    13.24    13.39    13.53    13.66    13.77    13.88    13.98    14.07    
SR90    0.0002705    0.4788    1.12    1.961    2.9    3.871    4.832    5.759    6.636    7.457    8.219    8.92    9.563    10.15    10.68    11.17    11.6    12    12.35    12.67    12.95    13.2    13.42    13.62    13.79    13.93    14.06    14.17    14.25    14.33    14.38    14.43    14.46    14.48    14.49    14.48    
ZR90    1.747e-07    0.001307    0.008011    0.02152    0.04324    0.07383    0.1135    0.162    0.2189    0.284    0.3565    0.4359    0.5218    0.6135    0.7106    0.8125    0.9189    1.029    1.143    1.261    1.381    1.504    1.629    1.756    1.886    2.016    2.149    2.282    2.417    2.552    2.688    2.825    2.962    3.1    3.238    3.376    
Y91    0.000191    0.33    0.4861    0.6407    0.7376    0.7831    0.7924    0.7787    0.7509    0.7152    0.6755    0.6345    0.5937    0.5541    0.5163    0.4805    0.4469    0.4156    0.3863    0.3592    0.334    0.3107    0.2891    0.2692    0.2507    0.2336    0.2178    0.2032    0.1898    0.1773    0.1658    0.1551    0.1452    0.1361    0.1277    0.1199    
ZR91    1.988e-06    0.1514    0.6636    1.388    2.28    3.264    4.283    5.299    6.285    7.229    8.122    8.961    9.746    10.48    11.16    11.79    12.37    12.91    13.41    13.87    14.3    14.7    15.06    15.4    15.71    16    16.27    16.51    16.74    16.95    17.15    17.33    17.49    17.65    17.79    17.92    
ZR92    0.0002532    0.4987    1.192    2.106    3.134    4.208    5.282    6.329    7.335    8.289    9.189    10.03    10.82    11.56    12.25    12.88    13.48    14.03    14.55    15.03    15.47    15.89    16.27    16.63    16.97    17.28    17.58    17.85    18.11    18.35    18.58    18.79    18.99    19.17    19.35    19.51    
ZR93    0.0002128    0.5387    1.288    2.273    3.375    4.519    5.657    6.758    7.807    8.794    9.715    10.57    11.36    12.09    12.76    13.37    13.93    14.44    14.91    15.34    15.72    16.08    16.39    16.68    16.94    17.18    17.39    17.58    17.74    17.89    18.03    18.14    18.24    18.33    18.41    18.47    
ZR94    0.0003062    0.5262    1.266    2.247    3.354    4.513    5.678    6.819    7.92    8.971    9.968    10.91    11.8    12.63    13.41    14.15    14.84    15.49    16.1    16.68    17.22    17.73    18.21    18.67    19.1    19.51    19.89    20.26    20.61    20.95    21.26    21.57    21.86    22.14    22.4    22.66    
ZR95    0.000314    0.3686    0.581    0.7795    0.9044    0.9644    0.9784    0.9625    0.9285    0.8842    0.8347    0.7833    0.7322    0.6825    0.6351    0.5902    0.5481    0.5089    0.4723    0.4384    0.407    0.3779    0.3511    0.3262    0.3033    0.2821    0.2625    0.2444    0.2277    0.2123    0.198    0.1848    0.1727    0.1614    0.151    0.1414    
NB95    3.347e-06    0.09643    0.2448    0.359    0.4408    0.4867    0.5045    0.5032    0.4897    0.4691    0.4446    0.4184    0.3918    0.3657    0.3405    0.3167    0.2942    0.2732    0.2536    0.2354    0.2185    0.2028    0.1884    0.175    0.1627    0.1513    0.1407    0.131    0.122    0.1137    0.1061    0.09896    0.09242    0.08636    0.08077    0.07559    
MO95    4.975e-08    0.05657    0.4467    1.114    1.992    2.993    4.042    5.083    6.081    7.014    7.874    8.654    9.355    9.978    10.53    11.01    11.42    11.78    12.08    12.33    12.54    12.7    12.82    12.91    12.97    13    13.01    12.99    12.95    12.89    12.82    12.73    12.63    12.51    12.39    12.26    
ZR96    0.0003162    0.5038    1.256    2.25    3.368    4.533    5.697    6.831    7.917    8.947    9.915    10.82    11.67    12.45    13.18    13.86    14.49    15.08    15.62    16.12    16.58    17.02    17.42    17.79    18.13    18.45    18.75    19.03    19.28    19.52    19.75    19.95    20.15    20.33    20.49    20.65    
MO96    1.346e-08    0.0006862    0.007887    0.02982    0.0725    0.1399    0.2338    0.3544    0.5008    0.6715    0.8646    1.078    1.31    1.557    1.82    2.094    2.379    2.673    2.975    3.282    3.595    3.911    4.231    4.552    4.874    5.196    5.518    5.839    6.159    6.476    6.791    7.103    7.411    7.716    8.017    8.314    
MO97    0.0001611    0.4719    1.181    2.115    3.162    4.252    5.337    6.391    7.397    8.346    9.236    10.06    10.83    11.55    12.2    12.81    13.37    13.89    14.36    14.8    15.2    15.57    15.91    16.23    16.52    16.78    17.02    17.25    17.45    17.64    17.82    17.98    18.12    18.26    18.38    18.5    
MO98    0.0002988    0.4713    1.184    2.128    3.192    4.305    5.421    6.513    7.563    8.563    9.509    10.4    11.24    12.02    12.75    13.44    14.08    14.68    15.25    15.77    16.27    16.73    17.17    17.58    17.97    18.34    18.68    19.01    19.31    19.61    19.88    20.15    20.4    20.64    20.87    21.09    
MO99    0.000246    0.03411    0.03521    0.04195    0.04508    0.04587    0.0452    0.04366    0.04162    0.03933    0.03695    0.03458    0.03227    0.03007    0.02799    0.02605    0.02423    0.02254    0.02097    0.01952    0.01817    0.01693    0.01579    0.01473    0.01375    0.01285    0.01202    0.01125    0.01054    0.009884    0.009278    0.008718    0.0082    0.007722    0.007279    0.00687    
TC99    6.068e-05    0.4538    1.17    2.082    3.079    4.082    5.043    5.936    6.746    7.468    8.101    8.649    9.115    9.506    9.827    10.08    10.28    10.43    10.53    10.59    10.61    10.6    10.56    10.5    10.41    10.3    10.17    10.03    9.882    9.719    9.548    9.369    9.184    8.995    8.803    8.607    
MO100    0.0003291    0.4762    1.254    2.284    3.442    4.65    5.857    7.033    8.159    9.226    10.23    11.17    12.05    12.86    13.62    14.32    14.98    15.58    16.14    16.66    17.15    17.6    18.01    18.4    18.76    19.1    19.41    19.7    19.97    20.22    20.45    20.67    20.88    21.07    21.25    21.41    
RU100    2.174e-08    0.006949    0.04186    0.1123    0.2241    0.3786    0.5744    0.8088    1.078    1.378    1.706    2.055    2.424    2.808    3.205    3.61    4.022    4.438    4.856    5.274    5.69    6.103    6.511    6.913    7.309    7.697    8.077    8.447    8.809    9.16    9.501    9.832    10.15    10.46    10.76    11.05    
RU101    0.0002646    0.3739    0.9988    1.823    2.747    3.703    4.653    5.571    6.444    7.266    8.032    8.743    9.4    10.01    10.57    11.08    11.55    11.99    12.38    12.75    13.09    13.4    13.68    13.94    14.19    14.41    14.61    14.8    14.98    15.14    15.29    15.43    15.56    15.68    15.79    15.89    
RU102    0.0002239    0.3074    0.8418    1.555    2.363    3.213    4.069    4.911    5.727    6.51    7.255    7.963    8.633    9.267    9.866    10.43    10.97    11.48    11.96    12.41    12.85    13.26    13.65    14.03    14.39    14.73    15.06    15.38    15.68    15.97    16.25    16.53    16.79    17.04    17.29    17.53    
RU103    0.0001663    0.1327    0.2139    0.2799    0.3163    0.3314    0.3327    0.3255    0.3134    0.2987    0.2827    0.2664    0.2504    0.235    0.2204    0.2068    0.194    0.1822    0.1713    0.1612    0.1518    0.1433    0.1354    0.1281    0.1214    0.1153    0.1096    0.1044    0.09964    0.09522    0.09115    0.08739    0.08393    0.08073    0.07778    0.07506    
RH103    2.896e-06    0.08687    0.3412    0.6583    0.9802    1.264    1.491    1.658    1.768    1.829    1.851    1.841    1.808    1.757    1.695    1.625    1.551    1.475    1.399    1.325    1.254    1.185    1.12    1.059    1.001    0.9474    0.8971    0.8504    0.8071    0.7669    0.7297    0.6953    0.6634    0.634    0.6068    0.5817    
RU104    9.995e-05    0.1361    0.3752    0.6929    1.051    1.425    1.799    2.163    2.513    2.845    3.158    3.451    3.726    3.982    4.221    4.444    4.653    4.847    5.029    5.199    5.358    5.507    5.647    5.779    5.902    6.019    6.129    6.233    6.331    6.424    6.513    6.597    6.676    6.752    6.825    6.894    
PD104    6.136e-09    0.006916    0.06907    0.2149    0.4535    0.7786    1.176    1.627    2.117    2.629    3.152    3.675    4.19    4.693    5.178    5.643    6.087    6.509    6.908    7.285    7.641    7.977    8.293    8.59    8.871    9.134    9.383    9.618    9.839    10.05    10.25    10.43    10.61    10.78    10.94    11.09    
PD105    1.548e-05    0.04853    0.1383    0.2558    0.3864    0.5206    0.6527    0.7791    0.898    1.009    1.111    1.204    1.29    1.368    1.439    1.504    1.562    1.616    1.664    1.708    1.748    1.784    1.817    1.847    1.874    1.898    1.921    1.941    1.959    1.975    1.99    2.004    2.016    2.026    2.036    2.045    
RU106    2.221e-05    0.03002    0.07219    0.1213    0.1684    0.209    0.2415    0.2656    0.2822    0.2922    0.2969    0.2972    0.2943    0.289    0.282    0.2739    0.2653    0.2564    0.2476    0.2389    0.2306    0.2227    0.2153    0.2084    0.202    0.1961    0.1907    0.1857    0.1811    0.1768    0.173    0.1694    0.1661    0.163    0.1602    0.1575    
PD106    7.232e-06    0.0252    0.07948    0.1602    0.2618    0.3792    0.5081    0.645    0.787    0.9318    1.078    1.223    1.367    1.51    1.65    1.787    1.921    2.053    2.182    2.308    2.431    2.552    2.671    2.787    2.902    3.014    3.125    3.234    3.342    3.448    3.553    3.657    3.759    3.861    3.961    4.061    
PD107    9.702e-06    0.01426    0.03704    0.06695    0.1003    0.1347    0.1687    0.2015    0.2327    0.2622    0.2898    0.3157    0.34    0.3629    0.3845    0.405    0.4245    0.4433    0.4613    0.4787    0.4957    0.5122    0.5283    0.5442    0.5597    0.575    0.5901    0.605    0.6196    0.6341    0.6484    0.6625    0.6764    0.6901    0.7036    0.7169    
PD108    4.467e-06    0.007003    0.01771    0.03196    0.0481    0.06509    0.08226    0.09925    0.1159    0.132    0.1476    0.1628    0.1776    0.192    0.2061    0.2201    0.2338    0.2475    0.2611    0.2747    0.2883    0.3019    0.3156    0.3293    0.343    0.3567    0.3705    0.3843    0.3982    0.412    0.4258    0.4395    0.4533    0.4669    0.4805    0.494    
AG109    1.213e-06    0.003757    0.007832    0.01285    0.01805    0.02303    0.02757    0.03163    0.03522    0.0384    0.04124    0.04382    0.04622    0.04849    0.0507    0.05288    0.05507    0.05729    0.05955    0.06187    0.06425    0.06668    0.06916    0.07169    0.07425    0.07684    0.07945    0.08207    0.08469    0.08731    0.0899    0.09248    0.09502    0.09753    0.1    0.1024    
PD110    1.496e-06    0.002622    0.006199    0.01092    0.01623    0.02178    0.02735    0.03281    0.03811    0.04321    0.04812    0.05284    0.0574    0.06183    0.06614    0.07037    0.07453    0.07866    0.08276    0.08685    0.09094    0.09504    0.09917    0.1033    0.1075    0.1117    0.1159    0.1202    0.1245    0.1288    0.1332    0.1376    0.142    0.1464    0.1508    0.1553    
CD110    2.027e-09    0.0002626    0.001374    0.003381    0.006377    0.01034    0.01519    0.02081    0.02711    0.03398    0.04134    0.04911    0.05725    0.06572    0.0745    0.08356    0.09291    0.1025    0.1124    0.1226    0.1331    0.1439    0.155    0.1664    0.1782    0.1902    0.2025    0.2152    0.2282    0.2415    0.255    0.2689    0.283    0.2974    0.312    0.3269    
CD111    1.093e-07    0.001913    0.004963    0.008786    0.01305    0.01744    0.02179    0.026    0.03002    0.03384    0.03746    0.0409    0.04418    0.04734    0.05039    0.05337    0.05629    0.05918    0.06206    0.06494    0.06785    0.0708    0.07379    0.07685    0.07997    0.08317    0.08645    0.08982    0.09328    0.09684    0.1005    0.1043    0.1081    0.1121    0.1162    0.1204    
CD112    4.251e-07    0.001532    0.00374    0.006714    0.01017    0.01389    0.01776    0.02169    0.02564    0.02956    0.03345    0.0373    0.0411    0.04488    0.04862    0.05234    0.05604    0.05974    0.06344    0.06716    0.07089    0.07465    0.07845    0.08229    0.08619    0.09013    0.09415    0.09822    0.1024    0.1066    0.1109    0.1153    0.1198    0.1245    0.1292    0.134    
CD114    1.021e-06    0.002734    0.006613    0.01171    0.01745    0.02343    0.02943    0.03528    0.04091    0.04627    0.05134    0.05612    0.06063    0.06487    0.06886    0.07262    0.07618    0.07954    0.08273    0.08576    0.08865    0.09141    0.09405    0.09659    0.09903    0.1014    0.1037    0.1059    0.108    0.1101    0.1121    0.1141    0.1161    0.118    0.1199    0.1217    
CD116    7.618e-07    0.001338    0.003163    0.00557    0.008276    0.0111    0.01391    0.01666    0.01929    0.02179    0.02415    0.02636    0.02843    0.03036    0.03216    0.03384    0.03541    0.03688    0.03825    0.03953    0.04073    0.04185    0.04291    0.0439    0.04483    0.04571    0.04654    0.04732    0.04806    0.04876    0.04942    0.05005    0.05065    0.05123    0.05177    0.05229    
SN116    8.864e-10    0.0002433    0.001198    0.002714    0.004706    0.007024    0.009529    0.01211    0.01468    0.01719    0.01962    0.02193    0.02413    0.02621    0.02817    0.03001    0.03175    0.0334    0.03495    0.03641    0.03779    0.0391    0.04035    0.04153    0.04265    0.04373    0.04475    0.04573    0.04667    0.04757    0.04844    0.04928    0.05008    0.05086    0.05162    0.05235    
SN117    6.918e-07    0.001273    0.00309    0.005483    0.008168    0.01096    0.01374    0.01645    0.01903    0.02148    0.02377    0.02591    0.02791    0.02976    0.03148    0.03308    0.03456    0.03593    0.03721    0.03839    0.03949    0.0405    0.04145    0.04233    0.04315    0.04392    0.04463    0.0453    0.04592    0.0465    0.04704    0.04755    0.04803    0.04848    0.0489    0.04929    
SN118    8.474e-07    0.001413    0.003472    0.006198    0.00927    0.01248    0.0157    0.01886    0.02189    0.02478    0.02752    0.0301    0.03253    0.03481    0.03695    0.03896    0.04085    0.04262    0.04429    0.04586    0.04735    0.04875    0.05008    0.05133    0.05252    0.05365    0.05473    0.05576    0.05674    0.05768    0.05857    0.05943    0.06026    0.06106    0.06182    0.06256    
SN119    7.955e-07    0.001359    0.003273    0.005799    0.008638    0.0116    0.01455    0.01743    0.02018    0.02279    0.02524    0.02753    0.02967    0.03166    0.0335    0.03522    0.03681    0.03829    0.03966    0.04094    0.04212    0.04322    0.04425    0.0452    0.04609    0.04692    0.0477    0.04842    0.0491    0.04973    0.05033    0.05088    0.0514    0.05189    0.05235    0.05279    
SN120    8.564e-07    0.001494    0.003547    0.006262    0.00932    0.01252    0.01572    0.01885    0.02187    0.02474    0.02746    0.03002    0.03243    0.0347    0.03682    0.03881    0.04069    0.04245    0.0441    0.04566    0.04714    0.04853    0.04984    0.05108    0.05227    0.05339    0.05446    0.05547    0.05645    0.05738    0.05827    0.05912    0.05994    0.06073    0.06149    0.06222    
SB121    3.858e-07    0.00158    0.003773    0.006617    0.009771    0.01301    0.01618    0.01921    0.02205    0.02468    0.02708    0.02926    0.03123    0.03299    0.03457    0.03597    0.03721    0.0383    0.03925    0.04007    0.04078    0.04138    0.04189    0.04231    0.04265    0.04292    0.04312    0.04326    0.04334    0.04338    0.04337    0.04332    0.04323    0.04311    0.04296    0.04278    
SN122    9.734e-07    0.002036    0.004392    0.007486    0.01096    0.01457    0.01819    0.02171    0.02509    0.0283    0.03132    0.03416    0.03681    0.03929    0.0416    0.04376    0.04578    0.04766    0.04941    0.05105    0.05259    0.05403    0.05537    0.05664    0.05783    0.05894    0.06    0.06099    0.06192    0.06281    0.06365    0.06444    0.06519    0.06591    0.06659    0.06723    
SB123    8.815e-07    0.002225    0.004789    0.008195    0.01209    0.01621    0.02036    0.02441    0.02828    0.03192    0.0353    0.03843    0.0413    0.04392    0.04631    0.04847    0.05042    0.05217    0.05375    0.05516    0.05642    0.05754    0.05853    0.05941    0.06017    0.06084    0.06141    0.0619    0.06232    0.06266    0.06294    0.06316    0.06332    0.06343    0.0635    0.06353    
SN124    1.61e-06    0.00417    0.008133    0.0133    0.01907    0.02508    0.03107    0.03689    0.04247    0.04776    0.05273    0.05739    0.06173    0.06578    0.06955    0.07305    0.07631    0.07934    0.08216    0.08478    0.08722    0.0895    0.09162    0.0936    0.09545    0.09718    0.0988    0.1003    0.1017    0.1031    0.1043    0.1055    0.1066    0.1076    0.1086    0.1095    
SB125    1.305e-06    0.00712    0.01223    0.0181    0.02431    0.03032    0.03584    0.0407    0.04486    0.04832    0.05109    0.05324    0.05482    0.0559    0.05655    0.05681    0.05674    0.0564    0.05582    0.05505    0.05412    0.05306    0.0519    0.05066    0.04936    0.04803    0.04667    0.04529    0.04391    0.04254    0.04118    0.03985    0.03853    0.03725    0.036    0.03478    
TE125    7.192e-10    0.000144    0.0008374    0.001971    0.003592    0.005711    0.008302    0.01132    0.01471    0.01842    0.02238    0.02655    0.03087    0.0353    0.03979    0.04432    0.04885    0.05337    0.05784    0.06225    0.06658    0.07083    0.07498    0.07903    0.08297    0.0868    0.09051    0.09411    0.09758    0.1009    0.1042    0.1073    0.1103    0.1133    0.1161    0.1188    
SN126    4.114e-06    0.015    0.02551    0.03901    0.05406    0.06967    0.08523    0.1004    0.1149    0.1286    0.1416    0.1538    0.1651    0.1757    0.1856    0.1949    0.2035    0.2115    0.219    0.2261    0.2326    0.2388    0.2445    0.2499    0.255    0.2598    0.2643    0.2686    0.2726    0.2764    0.28    0.2834    0.2866    0.2897    0.2926    0.2954    
I127    7.745e-07    0.03517    0.06203    0.09187    0.1248    0.1586    0.1921    0.2243    0.2547    0.2829    0.309    0.3328    0.3544    0.3739    0.3915    0.4073    0.4214    0.434    0.4451    0.4549    0.4636    0.4711    0.4776    0.4832    0.488    0.492    0.4953    0.498    0.5001    0.5016    0.5027    0.5034    0.5036    0.5034    0.503    0.5022    
TE128    2.399e-05    0.06973    0.1315    0.2116    0.3012    0.3944    0.4874    0.578    0.6649    0.7472    0.8248    0.8976    0.9656    1.029    1.088    1.143    1.195    1.243    1.287    1.329    1.368    1.404    1.438    1.47    1.5    1.528    1.554    1.578    1.602    1.623    1.644    1.663    1.682    1.699    1.715    1.731    
XE128    9.387e-10    0.0001992    0.0009813    0.002188    0.003882    0.00609    0.008811    0.01203    0.01571    0.01983    0.02435    0.02923    0.03443    0.03993    0.04568    0.05165    0.05782    0.06416    0.07065    0.07727    0.08399    0.09079    0.09767    0.1046    0.1116    0.1186    0.1256    0.1326    0.1396    0.1466    0.1536    0.1606    0.1675    0.1744    0.1812    0.188    
I129    3.525e-05    0.1085    0.216    0.3464    0.4872    0.6272    0.7596    0.8805    0.9881    1.082    1.162    1.229    1.283    1.327    1.36    1.384    1.401    1.409    1.412    1.409    1.401    1.389    1.374    1.355    1.334    1.311    1.286    1.259    1.232    1.203    1.174    1.145    1.115    1.085    1.055    1.025    
TE130    9.961e-05    0.2095    0.4515    0.7692    1.126    1.497    1.867    2.228    2.573    2.901    3.209    3.498    3.768    4.019    4.253    4.47    4.672    4.86    5.034    5.197    5.348    5.489    5.62    5.742    5.856    5.962    6.062    6.155    6.242    6.323    6.4    6.471    6.539    6.602    6.662    6.718    
XE130    2.201e-08    0.002383    0.0117    0.02782    0.05169    0.08349    0.1229    0.1692    0.2218    0.2796    0.3419    0.4079    0.4768    0.5479    0.6206    0.6943    0.7684    0.8426    0.9165    0.9897    1.062    1.133    1.203    1.271    1.337    1.401    1.464    1.524    1.583    1.639    1.693    1.745    1.794    1.842    1.888    1.931    
I131    0.0001631    0.07394    0.06512    0.07728    0.08293    0.08432    0.08304    0.08017    0.0764    0.07218    0.06779    0.06343    0.0592    0.05516    0.05134    0.04776    0.04443    0.04133    0.03846    0.03581    0.03335    0.03108    0.02899    0.02705    0.02527    0.02362    0.0221    0.0207    0.0194    0.0182    0.01709    0.01607    0.01512    0.01424    0.01343    0.01268    
XE131    1.405e-05    0.3019    0.7115    1.171    1.634    2.054    2.411    2.697    2.912    3.063    3.156    3.201    3.205    3.175    3.119    3.043    2.951    2.848    2.738    2.623    2.506    2.389    2.272    2.158    2.048    1.941    1.838    1.74    1.646    1.558    1.474    1.395    1.321    1.251    1.186    1.125    
TE132    0.0002398    0.04212    0.03961    0.04712    0.0506    0.05146    0.05068    0.04892    0.0466    0.04401    0.04132    0.03864    0.03604    0.03356    0.03121    0.02902    0.02697    0.02506    0.02329    0.02166    0.02015    0.01875    0.01746    0.01627    0.01517    0.01416    0.01322    0.01236    0.01156    0.01082    0.01014    0.009505    0.008922    0.008382    0.007882    0.00742    
XE132    5.308e-05    0.5126    1.322    2.419    3.712    5.126    6.604    8.107    9.608    11.08    12.52    13.91    15.25    16.53    17.75    18.91    20    21.04    22.02    22.94    23.8    24.62    25.39    26.11    26.78    27.41    28.01    28.57    29.09    29.58    30.04    30.47    30.88    31.26    31.62    31.96    
I133    0.0002405    0.01667    0.01674    0.01993    0.0214    0.02177    0.02144    0.02069    0.01971    0.01861    0.01747    0.01633    0.01523    0.01417    0.01318    0.01224    0.01137    0.01056    0.00981    0.009115    0.008471    0.007877    0.007328    0.006821    0.006352    0.00592    0.005521    0.005152    0.004811    0.004496    0.004206    0.003937    0.003688    0.003458    0.003245    0.003048    
XE133    0.0001971    0.09925    0.09939    0.1184    0.1272    0.1294    0.1275    0.1232    0.1174    0.111    0.1043    0.09764    0.09117    0.08498    0.07914    0.07367    0.06856    0.06381    0.05941    0.05533    0.05157    0.04808    0.04487    0.0419    0.03916    0.03663    0.0343    0.03214    0.03015    0.02831    0.02661    0.02504    0.02359    0.02224    0.021    0.01985    
CS133    2.194e-05    0.662    1.721    3.032    4.447    5.848    7.166    8.363    9.421    10.34    11.11    11.75    12.26    12.66    12.96    13.16    13.28    13.34    13.32    13.26    13.15    12.99    12.8    12.59    12.35    12.09    11.81    11.52    11.23    10.92    10.61    10.3    9.988    9.677    9.368    9.062    
XE134    0.0005235    0.8286    2.127    3.844    5.777    7.791    9.804    11.76    13.64    15.42    17.1    18.66    20.13    21.49    22.75    23.93    25.02    26.03    26.96    27.83    28.64    29.39    30.09    30.73    31.33    31.89    32.41    32.9    33.35    33.77    34.16    34.52    34.86    35.18    35.48    35.76    
CS134    1.145e-08    0.01361    0.07593    0.1832    0.3308    0.5077    0.7015    0.9013    1.098    1.285    1.458    1.613    1.75    1.868    1.966    2.047    2.111    2.159    2.192    2.213    2.222    2.221    2.211    2.194    2.169    2.139    2.104    2.064    2.022    1.976    1.929    1.88    1.829    1.778    1.727    1.675    
BA134    9.032e-12    0.0003302    0.004392    0.01731    0.04382    0.08776    0.1517    0.2368    0.3433    0.4704    0.6168    0.7805    0.9596    1.152    1.356    1.568    1.788    2.013    2.241    2.471    2.703    2.933    3.162    3.389    3.612    3.832    4.047    4.257    4.461    4.66    4.853    5.039    5.22    5.394    5.562    5.723    
CS135    1.719e-05    0.03381    0.09638    0.1959    0.3368    0.5224    0.7548    1.034    1.359    1.727    2.132    2.571    3.039    3.529    4.036    4.557    5.085    5.618    6.15    6.679    7.202    7.716    8.218    8.708    9.183    9.641    10.08    10.51    10.91    11.3    11.67    12.01    12.34    12.65    12.94    13.21    
BA135    2.486e-11    1.933e-06    1.118e-05    5.935e-05    0.0001983    0.0004984    0.001043    0.001923    0.003229    0.00505    0.007469    0.01056    0.01438    0.019    0.02445    0.03076    0.03797    0.04608    0.0551    0.06504    0.07588    0.08762    0.1002    0.1137    0.128    0.1431    0.159    0.1756    0.193    0.211    0.2296    0.2489    0.2687    0.2891    0.31    0.3313    
XE136    0.0008441    1.501    3.653    6.495    9.691    13.02    16.35    19.59    22.7    25.65    28.43    31.03    33.45    35.71    37.82    39.77    41.59    43.28    44.85    46.31    47.66    48.92    50.1    51.19    52.21    53.15    54.04    54.86    55.64    56.36    57.03    57.67    58.26    58.82    59.34    59.83    
BA136    2.244e-08    0.004444    0.008126    0.01175    0.0172    0.02503    0.03586    0.05037    0.06923    0.09311    0.1226    0.1583    0.2007    0.2502    0.3072    0.3718    0.4443    0.5247    0.6132    0.7097    0.8142    0.9266    1.047    1.174    1.309    1.452    1.601    1.756    1.919    2.087    2.261    2.441    2.626    2.816    3.01    3.21    
CS137    0.0004378    0.7534    1.792    3.156    4.682    6.261    7.828    9.343    10.78    12.13    13.39    14.55    15.62    16.6    17.5    18.32    19.07    19.74    20.36    20.92    21.42    21.88    22.29    22.66    22.99    23.28    23.54    23.77    23.97    24.15    24.3    24.43    24.54    24.63    24.71    24.77    
BA137    6.365e-08    0.002399    0.01126    0.02906    0.05764    0.09776    0.1495    0.2126    0.2864    0.3703    0.4636    0.5653    0.6749    0.7915    0.9144    1.043    1.177    1.315    1.457    1.603    1.752    1.903    2.057    2.213    2.37    2.529    2.689    2.849    3.01    3.172    3.334    3.496    3.657    3.819    3.98    4.141    
BA138    0.0004855    0.7683    1.938    3.485    5.224    7.038    8.85    10.62    12.31    13.91    15.42    16.84    18.16    19.39    20.53    21.59    22.58    23.5    24.35    25.14    25.88    26.57    27.2    27.8    28.35    28.87    29.35    29.81    30.23    30.63    31    31.35    31.68    31.99    32.28    32.55    
LA139    0.0004556    0.7685    1.872    3.319    4.932    6.594    8.236    9.813    11.3    12.69    13.97    15.14    16.21    17.18    18.06    18.85    19.56    20.19    20.76    21.25    21.69    22.08    22.41    22.7    22.95    23.15    23.32    23.46    23.57    23.65    23.71    23.75    23.76    23.75    23.73    23.69    
BA140    0.0004321    0.2163    0.2266    0.2781    0.3031    0.3107    0.3074    0.2976    0.2841    0.2686    0.2523    0.236    0.2201    0.2049    0.1905    0.177    0.1643    0.1526    0.1416    0.1315    0.1222    0.1135    0.1055    0.09816    0.09135    0.08505    0.07924    0.07387    0.06892    0.06433    0.0601    0.05619    0.05257    0.04923    0.04613    0.04327    
LA140    1.819e-05    0.02865    0.03032    0.03752    0.04129    0.0428    0.04289    0.04209    0.04078    0.03918    0.03744    0.03567    0.03392    0.03222    0.0306    0.02907    0.02764    0.02629    0.02503    0.02386    0.02277    0.02176    0.02081    0.01993    0.01912    0.01836    0.01765    0.01699    0.01637    0.01579    0.01526    0.01475    0.01428    0.01384    0.01343    0.01304    
CE140    6.053e-06    0.5517    1.672    3.116    4.791    6.574    8.388    10.18    11.93    13.62    15.23    16.76    18.22    19.61    20.92    22.16    23.34    24.46    25.52    26.53    27.49    28.41    29.28    30.12    30.91    31.68    32.41    33.11    33.78    34.43    35.06    35.66    36.24    36.8    37.34    37.86    
CE141    0.000389    0.3993    0.4834    0.6109    0.6811    0.7077    0.7063    0.6879    0.6594    0.6256    0.5895    0.5528    0.5169    0.4823    0.4494    0.4185    0.3897    0.3628    0.3378    0.3147    0.2933    0.2735    0.2553    0.2384    0.2228    0.2085    0.1952    0.183    0.1717    0.1613    0.1517    0.1428    0.1346    0.127    0.12    0.1135    
PR141    8.347e-06    0.3492    1.273    2.458    3.841    5.304    6.763    8.171    9.498    10.73    11.86    12.88    13.8    14.63    15.36    16.01    16.58    17.08    17.5    17.87    18.18    18.43    18.64    18.81    18.94    19.03    19.09    19.12    19.12    19.1    19.06    18.99    18.91    18.82    18.71    18.58    
CE142    0.0004243    0.7693    1.833    3.234    4.809    6.449    8.086    9.678    11.2    12.64    14    15.26    16.44    17.54    18.55    19.49    20.36    21.17    21.91    22.6    23.23    23.82    24.36    24.86    25.33    25.76    26.15    26.52    26.86    27.17    27.46    27.73    27.98    28.21    28.42    28.61    
ND142    4.702e-10    0.00202    0.01916    0.05754    0.1218    0.2139    0.3337    0.48    0.6506    0.843    1.055    1.283    1.525    1.779    2.042    2.313    2.59    2.87    3.152    3.435    3.718    4    4.279    4.555    4.827    5.094    5.356    5.612    5.861    6.105    6.341    6.57    6.792    7.007    7.214    7.413    
CE143    0.0002831    0.0261    0.0252    0.03    0.03224    0.03282    0.03236    0.03128    0.02985    0.02823    0.02655    0.02487    0.02324    0.02168    0.02021    0.01882    0.01753    0.01633    0.01521    0.01418    0.01322    0.01233    0.01152    0.01076    0.01006    0.009421    0.008826    0.008276    0.007769    0.0073    0.006866    0.006466    0.006095    0.005753    0.005437    0.005144    
PR143    0.0001525    0.2098    0.2244    0.276    0.3012    0.3093    0.3065    0.2973    0.2842    0.2692    0.2534    0.2376    0.2221    0.2072    0.1932    0.18    0.1676    0.1561    0.1454    0.1355    0.1264    0.1179    0.1101    0.1029    0.09618    0.09001    0.08432    0.07905    0.07419    0.0697    0.06556    0.06172    0.05818    0.0549    0.05187    0.04907    
ND143    6.277e-06    0.437    1.11    1.779    2.365    2.809    3.104    3.269    3.33    3.314    3.243    3.135    3.005    2.863    2.717    2.571    2.43    2.295    2.168    2.049    1.939    1.838    1.744    1.658    1.58    1.508    1.443    1.384    1.33    1.281    1.236    1.196    1.159    1.126    1.095    1.068    
CE144    0.0004085    0.5845    1.305    2.117    2.863    3.471    3.923    4.225    4.396    4.458    4.434    4.346    4.21    4.042    3.853    3.652    3.446    3.241    3.039    2.844    2.656    2.478    2.31    2.151    2.003    1.864    1.734    1.614    1.502    1.398    1.302    1.213    1.13    1.053    0.9825    0.917    
ND144    1.248e-06    0.1251    0.7593    1.915    3.581    5.668    8.063    10.66    13.35    16.08    18.77    21.4    23.92    26.32    28.59    30.73    32.73    34.6    36.34    37.96    39.46    40.86    42.15    43.35    44.46    45.49    46.44    47.32    48.14    48.9    49.61    50.27    50.88    51.45    51.98    52.47    
ND145    0.0002611    0.4505    1.108    1.946    2.85    3.748    4.597    5.377    6.075    6.691    7.224    7.679    8.062    8.379    8.636    8.839    8.995    9.108    9.185    9.229    9.245    9.236    9.206    9.158    9.095    9.019    8.932    8.837    8.734    8.626    8.514    8.398    8.281    8.162    8.043    7.924    
ND146    0.0002254    0.3638    0.9559    1.774    2.74    3.8    4.918    6.068    7.233    8.4    9.56    10.71    11.84    12.95    14.03    15.1    16.14    17.15    18.13    19.09    20.03    20.94    21.82    22.68    23.51    24.32    25.11    25.87    26.61    27.33    28.03    28.71    29.36    30    30.63    31.23    
ND147    0.0001639    0.06553    0.07477    0.09174    0.1001    0.1028    0.1021    0.0992    0.09513    0.09044    0.0855    0.08054    0.07572    0.07111    0.06676    0.06269    0.0589    0.05539    0.05216    0.04917    0.04643    0.0439    0.04159    0.03946    0.03751    0.03573    0.03409    0.03259    0.03121    0.02996    0.02881    0.02775    0.02679    0.02591    0.0251    0.02437    
PM147    1.04e-05    0.1649    0.3997    0.627    0.8111    0.9382    1.012    1.045    1.045    1.025    0.9901    0.9471    0.8998    0.851    0.8024    0.7553    0.7104    0.668    0.6283    0.5914    0.5572    0.5256    0.4965    0.4697    0.4451    0.4225    0.4018    0.3828    0.3653    0.3494    0.3347    0.3214    0.3091    0.2979    0.2876    0.2782    
SM147    5.722e-09    0.003737    0.02557    0.06357    0.1143    0.172    0.2313    0.2882    0.3399    0.3848    0.4222    0.4521    0.4749    0.4911    0.5014    0.5067    0.5075    0.5047    0.4989    0.4907    0.4804    0.4687    0.4559    0.4423    0.4282    0.4137    0.3992    0.3848    0.3705    0.3566    0.343    0.3298    0.3172    0.305    0.2934    0.2823    
ND148    0.0001308    0.1975    0.5111    0.9255    1.39    1.873    2.354    2.82    3.264    3.682    4.074    4.437    4.774    5.085    5.371    5.635    5.877    6.099    6.302    6.488    6.658    6.813    6.955    7.085    7.202    7.309    7.407    7.495    7.575    7.647    7.712    7.77    7.823    7.869    7.911    7.948    
PM148    2.565e-08    0.003265    0.007991    0.01258    0.01631    0.01889    0.02041    0.02107    0.0211    0.02069    0.01999    0.01913    0.01818    0.01719    0.01621    0.01526    0.01435    0.0135    0.01269    0.01195    0.01126    0.01062    0.01003    0.009489    0.008992    0.008535    0.008116    0.007732    0.007379    0.007056    0.006761    0.00649    0.006242    0.006016    0.005808    0.005619    
SM148    2.159e-09    0.01369    0.09303    0.24    0.4502    0.7101    1.004    1.319    1.644    1.97    2.292    2.606    2.908    3.198    3.475    3.738    3.986    4.222    4.444    4.653    4.85    5.035    5.21    5.374    5.528    5.673    5.81    5.939    6.06    6.173    6.281    6.382    6.478    6.568    6.653    6.734    
PM149    6.015e-05    0.007848    0.0101    0.01316    0.01518    0.01631    0.01677    0.01674    0.01639    0.01583    0.01514    0.0144    0.01363    0.01287    0.01214    0.01144    0.01078    0.01016    0.009578    0.009042    0.008546    0.008088    0.007664    0.007274    0.006914    0.006582    0.006277    0.005996    0.005736    0.005498    0.005278    0.005075    0.004889    0.004717    0.004558    0.004412    
ND150    5.077e-05    0.07594    0.1958    0.3543    0.5324    0.7176    0.9023    1.082    1.253    1.416    1.568    1.71    1.842    1.964    2.078    2.183    2.28    2.369    2.452    2.529    2.599    2.665    2.725    2.781    2.832    2.88    2.924    2.965    3.002    3.037    3.069    3.099    3.127    3.152    3.175    3.197    
SM150    1.068e-05    0.1251    0.3594    0.6708    1.017    1.363    1.684    1.968    2.206    2.398    2.544    2.65    2.718    2.755    2.765    2.753    2.722    2.678    2.622    2.559    2.489    2.416    2.34    2.264    2.187    2.112    2.038    1.966    1.897    1.83    1.766    1.706    1.648    1.594    1.542    1.494    
SM151    1.143e-05    0.006087    0.008427    0.01219    0.01572    0.0189    0.02165    0.02394    0.02575    0.02712    0.02808    0.02867    0.02896    0.02897    0.02877    0.02839    0.02787    0.02725    0.02654    0.02578    0.02499    0.02417    0.02335    0.02253    0.02173    0.02094    0.02017    0.01944    0.01873    0.01806    0.01741    0.0168    0.01623    0.01568    0.01517    0.01469    
SM152    2.33e-05    0.07436    0.1875    0.3296    0.4824    0.6332    0.7744    0.901    1.01    1.101    1.174    1.228    1.267    1.291    1.302    1.302    1.292    1.276    1.253    1.225    1.194    1.16    1.124    1.087    1.05    1.013    0.9768    0.941    0.9063    0.8727    0.8403    0.8094    0.7799    0.7519    0.7254    0.7003    
SM153    9.493e-06    0.001803    0.003243    0.005125    0.007029    0.008842    0.0105    0.01196    0.0132    0.01421    0.015    0.01558    0.01598    0.0162    0.01627    0.01622    0.01605    0.01581    0.01549    0.01512    0.01471    0.01428    0.01382    0.01336    0.01289    0.01243    0.01197    0.01153    0.01109    0.01068    0.01028    0.009894    0.009529    0.009184    0.008856    0.008547    
EU153    3.647e-06    0.02356    0.07641    0.1508    0.2387    0.3323    0.4253    0.5133    0.5933    0.6632    0.7222    0.77    0.8068    0.8334    0.8505    0.8593    0.8607    0.856    0.846    0.8319    0.8144    0.7944    0.7725    0.7493    0.7252    0.7008    0.6763    0.6519    0.6281    0.6048    0.5822    0.5605    0.5397    0.5198    0.5009    0.4829    
SM154    6.124e-06    0.008837    0.02438    0.04548    0.06987    0.09602    0.1229    0.15    0.1766    0.2027    0.2279    0.2521    0.2753    0.2974    0.3184    0.3383    0.3571    0.3749    0.3915    0.4072    0.4218    0.4356    0.4484    0.4604    0.4715    0.4819    0.4916    0.5005    0.5089    0.5166    0.5237    0.5304    0.5365    0.5421    0.5473    0.5521    
EU154    1.918e-08    0.003488    0.01773    0.04056    0.06971    0.1024    0.136    0.1687    0.199    0.2261    0.2495    0.2689    0.2842    0.2958    0.3038    0.3085    0.3104    0.3099    0.3073    0.303    0.2973    0.2906    0.283    0.2749    0.2664    0.2576    0.2488    0.24    0.2313    0.2228    0.2145    0.2065    0.1988    0.1915    0.1844    0.1778    
GD154    2.661e-12    2.008e-05    0.0002407    0.0008797    0.002076    0.003889    0.006302    0.009245    0.01262    0.0163    0.02016    0.0241    0.02799    0.03175    0.03531    0.0386    0.04158    0.04423    0.04652    0.04845    0.05003    0.05127    0.05218    0.05279    0.05313    0.05321    0.05306    0.05272    0.0522    0.05153    0.05074    0.04984    0.04885    0.04779    0.04669    0.04555    
EU155    2.608e-06    0.00184    0.006264    0.01373    0.0233    0.03411    0.04531    0.05626    0.06649    0.07567    0.08362    0.09025    0.09555    0.09956    0.1024    0.1041    0.1049    0.1048    0.104    0.1027    0.1008    0.09862    0.09613    0.09344    0.09061    0.0877    0.08475    0.0818    0.07889    0.07604    0.07326    0.07058    0.06799    0.06552    0.06315    0.06091    
EU156    9.07e-07    0.001921    0.00609    0.01358    0.02338    0.03459    0.04635    0.05795    0.06885    0.0787    0.08729    0.09449    0.1003    0.1047    0.1079    0.1099    0.1108    0.1109    0.1102    0.1088    0.107    0.1047    0.1021    0.09931    0.09634    0.09328    0.09017    0.08705    0.08397    0.08095    0.078    0.07514    0.0724    0.06976    0.06725    0.06486    
GD156    4.438e-08    0.003226    0.02017    0.06475    0.1497    0.2835    0.4704    0.7109    1.002    1.341    1.72    2.133    2.573    3.034    3.51    3.993    4.48    4.966    5.445    5.917    6.376    6.822    7.254    7.668    8.066    8.446    8.809    9.153    9.48    9.79    10.08    10.36    10.62    10.87    11.1    11.32    
GD158    6.031e-07    0.001904    0.006589    0.01624    0.03258    0.05696    0.09028    0.133    0.185    0.2462    0.3161    0.3941    0.4795    0.5715    0.6693    0.7723    0.8798    0.991    1.105    1.222    1.342    1.463    1.585    1.709    1.833    1.958    2.083    2.209    2.334    2.459    2.585    2.71    2.834    2.959    3.082    3.206    
