TIME    3   100   220   340   460   580   700   820   940   1060   1180   1300   1420   1540   1660   1780   1900   2020   2140   2260   2380   2500   2620   2740   2860   2980   3100   3220   3340   3460   3580   3700   3820   3940   4060   4180   
NEUT_PROD    822   552   366   243   161   107   71.3   47.8   32.3   22.1   15.4   11.1   8.33   6.55   5.44   4.76   4.36   4.13   4.01   3.96   3.95   3.96   3.99   4.01   4.03   4.05   4.06   4.07   4.07   4.07   4.06   4.05   4.03   4.01   3.99   3.96   
NEUT_DEST    426   308   223   164   123   94.6   74.6   60.5   50.6   43.5   38.3   34.6   31.8   29.6   28   26.7   25.6   24.7   24   23.4   22.8   22.4   21.9   21.5   21.2   20.9   20.6   20.3   20   19.8   19.6   19.4   19.2   19   18.8   18.6   
BUd    9.95    264    182    121    80.1    53.2    35.4    23.7    15.9    10.8    7.42    5.22    3.79    2.87    2.28    1.91    1.68    1.55    1.47    1.43    1.41    1.4    1.4    1.41    1.41    1.42    1.42    1.42    1.42    1.42    1.42    1.41    1.41    1.4    1.39    1.38    
U234    0.0001069    0.002831    0.004595    0.005884    0.007155    0.008727    0.0108    0.01346    0.01675    0.02062    0.02504    0.0299    0.03512    0.04061    0.04627    0.05202    0.05778    0.0635    0.0691    0.07454    0.07979    0.08481    0.08957    0.09407    0.09828    0.1022    0.1058    0.1092    0.1122    0.115    0.1175    0.1197    0.1216    0.1234    0.1248    0.1261    
U235    987.7    663    439.5    291.4    193.2    128.1    84.9    56.29    37.32    24.74    16.41    10.88    7.214    4.786    3.176    2.109    1.402    0.9341    0.624    0.4188    0.2831    0.1935    0.1343    0.09544    0.06993    0.05327    0.04247    0.03553    0.03112    0.02839    0.02674    0.02579    0.02529    0.02507    0.02503    0.02508    
U236    1.899    51.83    85.4    106.9    120.4    128.6    133.3    135.7    136.5    136.4    135.6    134.4    133    131.3    129.6    127.8    126    124.1    122.3    120.5    118.7    116.9    115.2    113.4    111.7    110    108.4    106.7    105.1    103.5    102    100.4    98.93    97.44    95.97    94.52    
U237    0.0003848    0.07117    0.1174    0.1469    0.1655    0.1768    0.1832    0.1865    0.1877    0.1875    0.1865    0.1848    0.1828    0.1806    0.1782    0.1757    0.1732    0.1707    0.1682    0.1657    0.1632    0.1608    0.1583    0.156    0.1536    0.1513    0.149    0.1468    0.1446    0.1424    0.1402    0.1381    0.136    0.134    0.132    0.13    
U238    2.565e-06    0.02238    0.0793    0.1583    0.2512    0.3526    0.4589    0.5678    0.6776    0.7874    0.8965    1.004    1.111    1.216    1.319    1.421    1.52    1.618    1.715    1.809    1.902    1.993    2.082    2.169    2.255    2.339    2.422    2.503    2.583    2.66    2.737    2.812    2.885    2.957    3.028    3.097    
NP237    4.058e-05    0.3387    1.199    2.314    3.518    4.712    5.84    6.872    7.794    8.604    9.306    9.905    10.41    10.83    11.18    11.46    11.68    11.84    11.97    12.05    12.1    12.11    12.11    12.08    12.03    11.97    11.89    11.8    11.7    11.59    11.47    11.35    11.23    11.1    10.96    10.83    
NP238    3.424e-08    0.001283    0.004548    0.008782    0.01336    0.0179    0.02219    0.02611    0.02962    0.0327    0.03537    0.03765    0.03957    0.04117    0.04249    0.04354    0.04438    0.04502    0.04548    0.04579    0.04598    0.04605    0.04602    0.04591    0.04573    0.04548    0.04519    0.04484    0.04446    0.04405    0.04361    0.04315    0.04267    0.04218    0.04168    0.04116    
PU238    7.019e-09    0.01317    0.09303    0.2599    0.5065    0.8141    1.161    1.528    1.898    2.258    2.599    2.916    3.204    3.462    3.69    3.889    4.059    4.203    4.323    4.421    4.498    4.558    4.603    4.633    4.65    4.657    4.654    4.644    4.625    4.601    4.572    4.538    4.5    4.458    4.414    4.368    
PU239    2.729e-11    0.0009968    0.01189    0.04354    0.1006    0.1819    0.2826    0.3965    0.5177    0.6406    0.7612    0.8761    0.9832    1.081    1.169    1.247    1.316    1.375    1.425    1.466    1.501    1.528    1.549    1.565    1.576    1.583    1.586    1.586    1.583    1.577    1.57    1.56    1.549    1.536    1.523    1.508    
PU240    7.522e-14    6.084e-05    0.001404    0.007557    0.02277    0.0502    0.09114    0.145    0.21    0.2835    0.3624    0.444    0.5256    0.6052    0.6811    0.7521    0.8174    0.8765    0.9293    0.9758    1.016    1.051    1.08    1.104    1.124    1.139    1.151    1.159    1.164    1.167    1.168    1.166    1.163    1.158    1.152    1.145    
PU241    1.343e-16    3.848e-06    0.0001584    0.001175    0.004347    0.01107    0.02237    0.03865    0.05972    0.0849    0.1132    0.1436    0.175    0.2065    0.2372    0.2665    0.294    0.3193    0.3423    0.3628    0.3809    0.3966    0.4101    0.4215    0.4309    0.4386    0.4446    0.4492    0.4525    0.4547    0.4558    0.456    0.4555    0.4542    0.4524    0.4501    
PU242    1.357e-19    1.552e-07    1.299e-05    0.0001519    0.0007852    0.002612    0.006605    0.01386    0.02543    0.04218    0.06474    0.09341    0.1282    0.1689    0.215    0.2659    0.321    0.3794    0.4403    0.5031    0.5669    0.6311    0.6951    0.7583    0.8203    0.8807    0.9391    0.9952    1.049    1.1    1.149    1.194    1.237    1.277    1.314    1.348    
GE76    0.0001341    0.003689    0.006133    0.007752    0.008825    0.009535    0.01001    0.01032    0.01052    0.01066    0.01075    0.01082    0.01086    0.01089    0.01091    0.01093    0.01094    0.01095    0.01096    0.01097    0.01098    0.01098    0.01099    0.011    0.01101    0.01101    0.01102    0.01103    0.01104    0.01104    0.01105    0.01106    0.01107    0.01107    0.01108    0.01109    
SE77    0.0001202    0.008064    0.01312    0.01604    0.01756    0.01818    0.01823    0.01792    0.01739    0.01674    0.01603    0.01529    0.01455    0.01383    0.01313    0.01246    0.01182    0.01121    0.01063    0.01009    0.009574    0.009089    0.008631    0.008199    0.007793    0.007409    0.007047    0.006706    0.006384    0.006081    0.005794    0.005524    0.005269    0.005028    0.0048    0.004586    
SE78    0.0005952    0.01761    0.02976    0.03824    0.04427    0.04865    0.0519    0.05441    0.05639    0.05801    0.05937    0.06055    0.06159    0.06253    0.0634    0.06419    0.06493    0.06563    0.06628    0.0669    0.06748    0.06803    0.06856    0.06905    0.06953    0.06997    0.0704    0.0708    0.07118    0.07155    0.07189    0.07222    0.07253    0.07283    0.07311    0.07337    
SE79    0.001798    0.04956    0.08226    0.1038    0.1179    0.127    0.133    0.1368    0.1391    0.1406    0.1414    0.1418    0.142    0.142    0.1419    0.1417    0.1414    0.1412    0.1409    0.1407    0.1404    0.1401    0.1398    0.1396    0.1393    0.139    0.1387    0.1385    0.1382    0.1379    0.1377    0.1374    0.1372    0.1369    0.1366    0.1364    
SE80    0.00437    0.1203    0.2001    0.2531    0.2883    0.3118    0.3275    0.338    0.3452    0.35    0.3535    0.3559    0.3577    0.3591    0.3602    0.3611    0.362    0.3627    0.3635    0.3642    0.3649    0.3655    0.3662    0.3669    0.3675    0.3682    0.3689    0.3695    0.3702    0.3709    0.3715    0.3722    0.3728    0.3734    0.3741    0.3747    
BR81    0.00749    0.2062    0.3408    0.4278    0.4834    0.5182    0.5392    0.5511    0.557    0.559    0.5585    0.5563    0.553    0.5491    0.5447    0.5401    0.5353    0.5305    0.5257    0.5209    0.5161    0.5114    0.5067    0.502    0.4975    0.4929    0.4884    0.484    0.4796    0.4753    0.471    0.4667    0.4625    0.4584    0.4543    0.4502    
SE82    0.01208    0.3322    0.5524    0.6984    0.7952    0.8595    0.9021    0.9305    0.9494    0.962    0.9706    0.9765    0.9805    0.9835    0.9856    0.9873    0.9886    0.9898    0.9908    0.9918    0.9927    0.9935    0.9944    0.9953    0.9961    0.997    0.9978    0.9987    0.9996    1    1.001    1.002    1.003    1.004    1.005    1.005    
KR82    2.635e-06    0.001329    0.004387    0.008407    0.0129    0.01755    0.02216    0.02661    0.03083    0.0348    0.03848    0.04188    0.04501    0.04787    0.05048    0.05285    0.055    0.05695    0.0587    0.06027    0.06168    0.06293    0.06404    0.06502    0.06587    0.06662    0.06726    0.06781    0.06826    0.06864    0.06894    0.06917    0.06934    0.06945    0.06951    0.06952    
KR83    0.01783    0.4634    0.6558    0.6967    0.6589    0.5852    0.5001    0.4166    0.341    0.2758    0.2214    0.1771    0.1415    0.1135    0.09147    0.07445    0.0614    0.05146    0.04395    0.03832    0.03414    0.03104    0.02878    0.02714    0.02597    0.02514    0.02456    0.02416    0.0239    0.02372    0.02361    0.02354    0.02349    0.02346    0.02344    0.02341    
KR84    0.03777    1.124    1.986    2.646    3.149    3.531    3.822    4.043    4.211    4.338    4.435    4.509    4.566    4.61    4.643    4.67    4.692    4.709    4.723    4.736    4.746    4.756    4.765    4.773    4.781    4.788    4.795    4.802    4.809    4.816    4.823    4.83    4.836    4.843    4.85    4.857    
KR85    0.009257    0.2764    0.4542    0.5662    0.6348    0.6748    0.6959    0.7048    0.7056    0.7012    0.6935    0.6838    0.6728    0.6612    0.6491    0.6369    0.6247    0.6127    0.6008    0.5892    0.5778    0.5666    0.5557    0.545    0.5346    0.5244    0.5144    0.5047    0.4952    0.486    0.4769    0.4681    0.4595    0.451    0.4428    0.4347    
RB85    0.03431    1.037    1.732    2.197    2.511    2.723    2.869    2.97    3.041    3.093    3.132    3.162    3.187    3.207    3.225    3.241    3.255    3.269    3.282    3.294    3.306    3.318    3.329    3.34    3.351    3.362    3.372    3.382    3.392    3.402    3.411    3.421    3.43    3.439    3.447    3.456    
KR86    0.07652    2.105    3.501    4.427    5.042    5.45    5.721    5.902    6.023    6.104    6.159    6.197    6.223    6.242    6.256    6.266    6.275    6.282    6.288    6.293    6.299    6.304    6.308    6.313    6.318    6.323    6.327    6.332    6.336    6.341    6.345    6.35    6.354    6.359    6.363    6.367    
SR86    1.775e-07    0.0004216    0.001753    0.003734    0.006146    0.008842    0.01173    0.01474    0.01783    0.02097    0.02415    0.02735    0.03056    0.03378    0.03701    0.04023    0.04346    0.04669    0.04991    0.05313    0.05634    0.05956    0.06276    0.06597    0.06917    0.07236    0.07555    0.07873    0.08191    0.08508    0.08824    0.0914    0.09455    0.0977    0.1008    0.104    
RB87    0.09671    2.727    4.537    5.736    6.531    7.058    7.407    7.638    7.792    7.894    7.962    8.008    8.039    8.061    8.075    8.086    8.094    8.1    8.105    8.109    8.113    8.117    8.12    8.124    8.127    8.13    8.134    8.137    8.14    8.143    8.147    8.15    8.153    8.156    8.159    8.163    
SR88    0.1337    3.916    6.518    8.245    9.39    10.15    10.66    10.99    11.22    11.37    11.47    11.54    11.59    11.63    11.65    11.67    11.69    11.7    11.71    11.72    11.73    11.74    11.75    11.76    11.77    11.78    11.79    11.8    11.81    11.82    11.83    11.84    11.85    11.86    11.86    11.87    
SR89    0.1842    2.701    2.311    1.632    1.102    0.7345    0.4883    0.3246    0.2162    0.1444    0.09699    0.06569    0.04506    0.0315    0.02224    0.01634    0.01254    0.01009    0.008522    0.007523    0.006897    0.00651    0.006274    0.006134    0.006053    0.006005    0.005976    0.005956    0.005939    0.005922    0.005903    0.00588    0.005853    0.005822    0.005787    0.005749    
Y89    0.003826    2.498    6.327    9.277    11.3    12.66    13.55    14.13    14.51    14.75    14.91    15    15.06    15.09    15.1    15.1    15.1    15.09    15.07    15.06    15.04    15.02    15.01    14.99    14.97    14.95    14.94    14.92    14.9    14.88    14.87    14.85    14.83    14.81    14.79    14.78    
SR90    0.2283    6.26    10.35    13.01    14.72    15.8    16.46    16.85    17.05    17.14    17.14    17.1    17.02    16.92    16.8    16.68    16.55    16.42    16.28    16.15    16.02    15.88    15.75    15.62    15.49    15.36    15.23    15.11    14.98    14.86    14.73    14.61    14.49    14.37    14.25    14.13    
ZR90    0.0001506    0.02679    0.1006    0.2067    0.3342    0.4754    0.6253    0.7806    0.9389    1.099    1.26    1.42    1.58    1.74    1.899    2.057    2.214    2.369    2.524    2.678    2.83    2.981    3.132    3.281    3.429    3.576    3.722    3.867    4.011    4.154    4.296    4.437    4.577    4.715    4.853    4.99    
Y91    0.1882    3.63    3.293    2.401    1.649    1.112    0.7471    0.5029    0.3408    0.2334    0.1623    0.1154    0.08451    0.06415    0.05035    0.04147    0.03571    0.03196    0.02952    0.02794    0.02691    0.02623    0.02578    0.02546    0.02523    0.02505    0.02489    0.02475    0.0246    0.02446    0.02431    0.02415    0.02399    0.02382    0.02365    0.02347    
ZR91    0.00287    2.817    7.456    11.2    13.83    15.62    16.81    17.6    18.12    18.46    18.69    18.84    18.94    19    19.05    19.07    19.09    19.1    19.11    19.12    19.12    19.12    19.12    19.12    19.12    19.12    19.12    19.12    19.12    19.12    19.12    19.12    19.12    19.12    19.12    19.12    
ZR92    0.2137    6.697    11.17    14.14    16.12    17.44    18.33    18.93    19.33    19.61    19.81    19.96    20.06    20.15    20.22    20.27    20.33    20.37    20.42    20.46    20.5    20.55    20.59    20.63    20.67    20.71    20.75    20.79    20.83    20.87    20.92    20.96    21    21.04    21.08    21.12    
ZR93    0.2121    7.255    12.06    15.22    17.27    18.6    19.44    19.97    20.28    20.46    20.55    20.57    20.56    20.52    20.46    20.4    20.33    20.25    20.17    20.09    20.01    19.93    19.85    19.77    19.69    19.62    19.54    19.46    19.38    19.31    19.23    19.15    19.08    19    18.93    18.85    
ZR94    0.2584    7.173    11.97    15.19    17.37    18.85    19.87    20.59    21.11    21.5    21.8    22.04    22.24    22.42    22.58    22.73    22.88    23.02    23.15    23.29    23.42    23.56    23.69    23.82    23.95    24.08    24.21    24.34    24.47    24.6    24.73    24.85    24.98    25.11    25.23    25.36    
ZR95    0.2636    4.35    4.069    3.021    2.092    1.413    0.9455    0.6315    0.4227    0.2845    0.1933    0.1334    0.09415    0.06857    0.05197    0.04132    0.03455    0.03032    0.02773    0.02619    0.02532    0.02486    0.02465    0.02457    0.02458    0.02461    0.02465    0.02467    0.02468    0.02467    0.02463    0.02457    0.02449    0.02439    0.02427    0.02413    
NB95    0.004208    1.615    2.168    1.798    1.296    0.8891    0.5984    0.4003    0.2677    0.1796    0.1214    0.08312    0.05797    0.04153    0.03081    0.0239    0.01949    0.01671    0.01498    0.01394    0.01334    0.013    0.01284    0.01277    0.01275    0.01276    0.01278    0.0128    0.0128    0.0128    0.01279    0.01276    0.01273    0.01268    0.01262    0.01255    
MO95    8.368e-05    1.412    5.934    10.38    13.64    15.78    17.06    17.76    18.07    18.12    18.01    17.79    17.5    17.18    16.83    16.47    16.1    15.74    15.38    15.03    14.68    14.34    14.01    13.69    13.38    13.07    12.77    12.48    12.2    11.92    11.65    11.39    11.13    10.88    10.64    10.4    
ZR96    0.2668    7.344    12.21    15.44    17.58    19    19.94    20.56    20.97    21.25    21.44    21.57    21.66    21.72    21.77    21.81    21.84    21.86    21.89    21.91    21.93    21.96    21.98    22    22.02    22.04    22.07    22.09    22.11    22.13    22.15    22.18    22.2    22.22    22.24    22.26    
MO96    1.484e-05    0.01372    0.122    0.3497    0.6722    1.059    1.485    1.932    2.39    2.851    3.308    3.76    4.204    4.638    5.063    5.477    5.882    6.276    6.659    7.033    7.397    7.751    8.096    8.431    8.758    9.075    9.385    9.686    9.979    10.26    10.54    10.81    11.07    11.33    11.58    11.82    
MO97    0.1708    6.859    11.44    14.45    16.43    17.72    18.56    19.09    19.43    19.64    19.76    19.83    19.87    19.88    19.88    19.86    19.85    19.83    19.81    19.79    19.77    19.75    19.73    19.72    19.7    19.69    19.67    19.66    19.65    19.64    19.63    19.61    19.61    19.6    19.59    19.58    
MO98    0.2522    6.948    11.58    14.67    16.74    18.14    19.1    19.75    20.22    20.55    20.8    20.99    21.15    21.29    21.41    21.52    21.62    21.73    21.83    21.92    22.02    22.12    22.22    22.31    22.41    22.51    22.6    22.7    22.8    22.9    22.99    23.09    23.18    23.28    23.38    23.47    
TC99    0.07252    6.835    11.32    14.01    15.52    16.27    16.52    16.45    16.18    15.79    15.33    14.83    14.31    13.79    13.28    12.78    12.3    11.83    11.38    10.95    10.53    10.14    9.757    9.394    9.046    8.713    8.394    8.089    7.796    7.516    7.248    6.991    6.745    6.509    6.283    6.066    
MO100    0.2777    7.637    12.7    16.05    18.27    19.74    20.71    21.36    21.79    22.08    22.27    22.4    22.5    22.57    22.62    22.66    22.7    22.73    22.76    22.79    22.82    22.85    22.88    22.91    22.94    22.97    23    23.03    23.06    23.09    23.12    23.15    23.18    23.21    23.24    23.26    
RU100    3.451e-05    0.1599    0.5649    1.117    1.754    2.431    3.124    3.813    4.49    5.145    5.777    6.382    6.96    7.511    8.035    8.532    9.005    9.452    9.876    10.28    10.66    11.02    11.35    11.68    11.98    12.26    12.53    12.78    13.02    13.24    13.45    13.65    13.83    14    14.17    14.31    
RU101    0.2233    6.172    10.22    12.85    14.55    15.64    16.33    16.75    17    17.14    17.21    17.23    17.22    17.21    17.18    17.15    17.12    17.09    17.06    17.04    17.02    17    16.99    16.98    16.97    16.96    16.96    16.96    16.96    16.97    16.97    16.98    16.99    17    17.01    17.02    
RU102    0.189    5.24    8.762    11.14    12.77    13.89    14.68    15.26    15.69    16.02    16.29    16.52    16.72    16.91    17.08    17.25    17.41    17.58    17.74    17.89    18.05    18.21    18.37    18.53    18.68    18.84    19    19.16    19.31    19.47    19.62    19.78    19.94    20.09    20.24    20.4    
RU103    0.1391    1.735    1.361    0.9327    0.6276    0.4232    0.288    0.199    0.1406    0.1025    0.07778    0.06197    0.052    0.04586    0.04306    0.04112    0.04013    0.03975    0.03976    0.03998    0.04032    0.04071    0.0411    0.04148    0.04182    0.04213    0.04239    0.04262    0.04281    0.04297    0.04309    0.04319    0.04326    0.04331    0.04334    0.04336    
RH103    0.00365    1.961    4.02    4.877    4.932    4.566    4.019    3.426    2.861    2.357    1.925    1.567    1.276    1.043    0.8598    0.7175    0.6076    0.5235    0.4597    0.4116    0.3757    0.3492    0.3298    0.3157    0.3057    0.2986    0.2938    0.2905    0.2883    0.287    0.2862    0.2858    0.2856    0.2856    0.2856    0.2857    
RU104    0.08436    2.351    3.92    4.963    5.655    6.116    6.424    6.63    6.77    6.867    6.936    6.988    7.028    7.062    7.094    7.124    7.153    7.183    7.212    7.242    7.272    7.303    7.334    7.366    7.398    7.431    7.463    7.496    7.529    7.562    7.594    7.627    7.659    7.691    7.723    7.755    
PD104    1.033e-05    0.2235    1.143    2.454    3.869    5.222    6.435    7.48    8.357    9.08    9.669    10.15    10.53    10.84    11.09    11.3    11.47    11.61    11.73    11.84    11.93    12.01    12.09    12.17    12.24    12.3    12.37    12.43    12.5    12.56    12.62    12.69    12.75    12.81    12.87    12.94    
PD105    0.01711    0.8737    1.453    1.82    2.049    2.187    2.266    2.308    2.327    2.331    2.325    2.316    2.303    2.29    2.277    2.266    2.255    2.245    2.236    2.228    2.22    2.214    2.208    2.203    2.198    2.194    2.19    2.187    2.183    2.18    2.177    2.174    2.171    2.169    2.166    2.163    
RU106    0.01873    0.4678    0.6833    0.7508    0.736    0.6791    0.6044    0.526    0.4518    0.3856    0.3286    0.2812    0.2426    0.2117    0.1891    0.1718    0.1588    0.1494    0.1427    0.1382    0.1352    0.1335    0.1326    0.1324    0.1325    0.1329    0.1333    0.1338    0.1343    0.1347    0.135    0.1351    0.1351    0.135    0.1348    0.1344    
PD106    0.008001    0.4718    0.9007    1.282    1.615    1.905    2.157    2.376    2.567    2.735    2.885    3.021    3.145    3.259    3.368    3.471    3.571    3.669    3.764    3.858    3.951    4.044    4.136    4.229    4.321    4.413    4.505    4.597    4.689    4.781    4.873    4.965    5.056    5.148    5.239    5.33    
PD107    0.008187    0.2253    0.3715    0.4655    0.5252    0.5627    0.586    0.6006    0.6101    0.6167    0.622    0.6271    0.6324    0.6384    0.6465    0.6554    0.6652    0.6758    0.6872    0.6991    0.7116    0.7245    0.7378    0.7512    0.7648    0.7785    0.7922    0.8058    0.8194    0.8328    0.846    0.859    0.8718    0.8843    0.8966    0.9085    
PD108    0.00377    0.1043    0.1744    0.2219    0.2545    0.2774    0.2942    0.3074    0.3184    0.3283    0.338    0.3477    0.3578    0.3683    0.3804    0.393    0.4062    0.4199    0.434    0.4485    0.4633    0.4782    0.4934    0.5086    0.5239    0.5392    0.5543    0.5694    0.5844    0.5991    0.6137    0.6281    0.6422    0.656    0.6696    0.6829    
AG109    0.001252    0.0433    0.06703    0.07854    0.08288    0.08329    0.08178    0.07961    0.07751    0.07588    0.07493    0.07469    0.07515    0.07625    0.07843    0.08101    0.08388    0.08699    0.09024    0.09359    0.09698    0.1004    0.1037    0.107    0.1102    0.1133    0.1163    0.1192    0.122    0.1247    0.1272    0.1296    0.1319    0.1342    0.1363    0.1383    
PD110    0.001263    0.03473    0.05777    0.07308    0.08332    0.0903    0.09521    0.09887    0.1018    0.1044    0.1069    0.1095    0.1122    0.115    0.1184    0.122    0.1257    0.1297    0.1339    0.1383    0.1427    0.1474    0.1521    0.1569    0.1617    0.1667    0.1716    0.1766    0.1816    0.1866    0.1916    0.1966    0.2015    0.2065    0.2114    0.2162    
CD110    3.019e-06    0.004642    0.01568    0.02994    0.04552    0.06132    0.07675    0.09156    0.1057    0.1192    0.1323    0.145    0.1575    0.1699    0.1825    0.1953    0.2084    0.2219    0.2358    0.2501    0.2649    0.28    0.2956    0.3116    0.328    0.3447    0.3617    0.379    0.3966    0.4145    0.4326    0.4508    0.4692    0.4878    0.5064    0.5252    
CD111    0.0001353    0.02627    0.04546    0.05759    0.06522    0.07001    0.07308    0.07514    0.07666    0.07794    0.0792    0.08053    0.08203    0.08374    0.08578    0.08806    0.09059    0.09336    0.09635    0.09958    0.103    0.1067    0.1105    0.1145    0.1188    0.1232    0.1277    0.1325    0.1373    0.1424    0.1475    0.1528    0.1583    0.1639    0.1695    0.1753    
CD112    0.0004581    0.02044    0.03512    0.04576    0.05372    0.05989    0.0649    0.06914    0.07291    0.07638    0.0797    0.08294    0.08617    0.08943    0.0928    0.09626    0.09981    0.1035    0.1073    0.1112    0.1152    0.1194    0.1237    0.1281    0.1327    0.1374    0.1423    0.1474    0.1525    0.1579    0.1634    0.169    0.1749    0.1809    0.187    0.1934    
CD114    0.0009362    0.03706    0.06205    0.07866    0.08972    0.09712    0.1021    0.1056    0.108    0.1098    0.1112    0.1124    0.1135    0.1145    0.1155    0.1165    0.1176    0.1187    0.1198    0.121    0.1222    0.1235    0.1248    0.1261    0.1275    0.1288    0.1302    0.1317    0.1331    0.1346    0.1361    0.1375    0.1391    0.1406    0.1421    0.1437    
CD116    0.0006429    0.01771    0.02946    0.03726    0.04242    0.04586    0.04815    0.04969    0.05073    0.05146    0.05197    0.05236    0.05267    0.05292    0.05316    0.05339    0.05361    0.05382    0.05404    0.05426    0.05448    0.0547    0.05493    0.05516    0.0554    0.05563    0.05587    0.0561    0.05634    0.05658    0.05682    0.05705    0.05729    0.05752    0.05775    0.05798    
SN116    1.433e-06    0.004769    0.01399    0.0231    0.03061    0.03632    0.04049    0.04349    0.04563    0.04718    0.04832    0.04919    0.04988    0.05046    0.05097    0.05144    0.05189    0.05233    0.05276    0.05319    0.05363    0.05406    0.05451    0.05495    0.0554    0.05586    0.05631    0.05677    0.05723    0.0577    0.05816    0.05862    0.05909    0.05955    0.06002    0.06048    
SN117    0.0005838    0.01767    0.02937    0.03707    0.04213    0.04545    0.04761    0.04902    0.04994    0.05053    0.05092    0.05117    0.05134    0.05147    0.05157    0.05166    0.05174    0.05183    0.05191    0.05199    0.05208    0.05217    0.05227    0.05236    0.05246    0.05256    0.05266    0.05277    0.05287    0.05298    0.05308    0.05318    0.05329    0.05339    0.05349    0.05359    
SN118    0.0007151    0.02003    0.03337    0.04229    0.04827    0.05231    0.05507    0.05698    0.05834    0.05934    0.06011    0.06073    0.06125    0.06171    0.06215    0.06258    0.06299    0.0634    0.0638    0.06421    0.06462    0.06504    0.06545    0.06587    0.0663    0.06672    0.06714    0.06757    0.06799    0.06842    0.06885    0.06927    0.06969    0.07012    0.07054    0.07096    
SN119    0.0006713    0.0186    0.03095    0.03914    0.04456    0.04815    0.05052    0.05208    0.05311    0.05379    0.05425    0.05456    0.05477    0.05493    0.05507    0.05519    0.0553    0.05541    0.05551    0.05562    0.05573    0.05584    0.05595    0.05607    0.05618    0.0563    0.05643    0.05655    0.05667    0.05679    0.05691    0.05703    0.05715    0.05727    0.05738    0.0575    
SN120    0.0007227    0.01991    0.03317    0.04202    0.04796    0.05196    0.05469    0.05658    0.05792    0.0589    0.05965    0.06026    0.06077    0.06123    0.06166    0.06207    0.06248    0.06288    0.06328    0.06369    0.06409    0.0645    0.06492    0.06533    0.06575    0.06617    0.06659    0.06701    0.06744    0.06786    0.06828    0.0687    0.06912    0.06955    0.06996    0.07038    
SB121    0.0004304    0.02112    0.03501    0.04384    0.04931    0.05258    0.0544    0.05527    0.05552    0.05538    0.05499    0.05444    0.0538    0.05311    0.05241    0.05171    0.051    0.0503    0.04962    0.04895    0.04829    0.04765    0.04703    0.04642    0.04582    0.04524    0.04466    0.0441    0.04355    0.04302    0.04249    0.04197    0.04145    0.04095    0.04046    0.03997    
SN122    0.0008214    0.02259    0.03758    0.04752    0.05412    0.05851    0.06144    0.06342    0.06477    0.0657    0.06637    0.06687    0.06726    0.06759    0.06789    0.06816    0.06843    0.06869    0.06894    0.0692    0.06946    0.06973    0.06999    0.07026    0.07053    0.0708    0.07107    0.07135    0.07162    0.07189    0.07216    0.07243    0.0727    0.07296    0.07323    0.07349    
SB123    0.0007445    0.02226    0.0393    0.05164    0.06022    0.06597    0.06968    0.07196    0.07324    0.07385    0.07402    0.07389    0.07357    0.07313    0.07264    0.0721    0.07155    0.07098    0.07042    0.06986    0.06931    0.06877    0.06824    0.06772    0.0672    0.06669    0.0662    0.0657    0.06522    0.06474    0.06427    0.0638    0.06334    0.06288    0.06242    0.06197    
SN124    0.001359    0.03736    0.06209    0.07845    0.08927    0.09643    0.1012    0.1043    0.1064    0.1078    0.1088    0.1095    0.11    0.1103    0.1107    0.111    0.1112    0.1115    0.1118    0.112    0.1123    0.1125    0.1128    0.1131    0.1133    0.1136    0.1139    0.1142    0.1144    0.1147    0.115    0.1153    0.1155    0.1158    0.1161    0.1163    
SB125    0.001126    0.04588    0.0749    0.09055    0.09764    0.09935    0.09775    0.0942    0.08959    0.08448    0.07922    0.07404    0.06906    0.06436    0.06002    0.05599    0.05228    0.04887    0.04574    0.04288    0.04027    0.03787    0.03569    0.03368    0.03185    0.03018    0.02864    0.02723    0.02594    0.02475    0.02366    0.02266    0.02173    0.02088    0.02009    0.01935    
TE125    9.066e-07    0.001434    0.005916    0.01235    0.01984    0.02778    0.03577    0.04357    0.05105    0.05812    0.06476    0.07096    0.07673    0.08209    0.08706    0.09168    0.09597    0.09996    0.1037    0.1071    0.1104    0.1134    0.1162    0.1189    0.1213    0.1237    0.1259    0.128    0.13    0.1318    0.1336    0.1353    0.1369    0.1385    0.14    0.1414    
SN126    0.003471    0.09544    0.1587    0.2005    0.2283    0.2467    0.259    0.2672    0.2727    0.2766    0.2793    0.2813    0.2828    0.2841    0.2853    0.2865    0.2875    0.2886    0.2897    0.2907    0.2918    0.2929    0.294    0.2951    0.2962    0.2974    0.2985    0.2996    0.3008    0.3019    0.3031    0.3042    0.3053    0.3064    0.3075    0.3086    
I127    0.00108    0.1852    0.326    0.4216    0.4842    0.5238    0.5475    0.5606    0.5666    0.568    0.5665    0.5631    0.5585    0.5533    0.548    0.5425    0.5369    0.5315    0.5261    0.5209    0.5157    0.5107    0.5058    0.5011    0.4964    0.4918    0.4873    0.483    0.4786    0.4744    0.4702    0.4661    0.462    0.458    0.454    0.4501    
TE128    0.02033    0.5751    0.9569    1.21    1.378    1.49    1.565    1.614    1.648    1.671    1.688    1.7    1.709    1.716    1.723    1.728    1.734    1.739    1.744    1.75    1.755    1.76    1.765    1.771    1.776    1.781    1.787    1.792    1.798    1.803    1.808    1.814    1.819    1.824    1.829    1.834    
XE128    8.748e-07    0.001546    0.005687    0.0116    0.01868    0.02648    0.03471    0.04316    0.05171    0.06026    0.06875    0.07716    0.08545    0.09362    0.1017    0.1096    0.1173    0.125    0.1325    0.1399    0.1472    0.1543    0.1613    0.1683    0.1751    0.1818    0.1883    0.1948    0.2012    0.2074    0.2136    0.2197    0.2256    0.2315    0.2373    0.243    
I129    0.02979    0.975    1.623    2.002    2.203    2.288    2.299    2.264    2.202    2.123    2.035    1.944    1.854    1.764    1.679    1.597    1.518    1.444    1.374    1.308    1.245    1.186    1.131    1.078    1.029    0.9821    0.9382    0.8967    0.8575    0.8205    0.7855    0.7525    0.7213    0.6917    0.6638    0.6373    
TE130    0.08406    2.321    3.859    4.879    5.554    6.001    6.299    6.496    6.629    6.718    6.78    6.823    6.855    6.88    6.9    6.918    6.934    6.949    6.963    6.978    6.992    7.006    7.021    7.036    7.05    7.065    7.08    7.095    7.11    7.125    7.14    7.155    7.169    7.184    7.199    7.213    
XE130    2.734e-05    0.02983    0.1065    0.2115    0.3317    0.4588    0.5873    0.7138    0.8362    0.9534    1.065    1.17    1.269    1.362    1.449    1.53    1.606    1.678    1.744    1.806    1.863    1.917    1.966    2.013    2.055    2.095    2.132    2.166    2.198    2.227    2.253    2.278    2.3    2.321    2.34    2.357    
XE131    0.01762    3.731    6.007    6.975    7.159    6.895    6.395    5.788    5.155    4.541    3.97    3.454    2.997    2.596    2.25    1.952    1.698    1.481    1.297    1.142    1.011    0.9007    0.8078    0.7298    0.6644    0.6095    0.5634    0.5248    0.4925    0.4653    0.4425    0.4234    0.4073    0.3937    0.3823    0.3725    
XE132    0.06356    6.922    12.42    16.61    19.84    22.38    24.39    26    27.31    28.38    29.26    30    30.62    31.14    31.59    31.97    32.3    32.59    32.84    33.06    33.26    33.44    33.6    33.74    33.88    34    34.12    34.22    34.33    34.42    34.52    34.61    34.69    34.78    34.86    34.93    
XE133    0.2054    0.6547    0.4345    0.2886    0.192    0.1281    0.08579    0.05788    0.0395    0.02743    0.01953    0.01439    0.01108    0.008956    0.007723    0.006897    0.006401    0.006116    0.005965    0.005895    0.005874    0.00588    0.005899    0.005923    0.005947    0.005967    0.005983    0.005993    0.005998    0.005997    0.005991    0.005981    0.005967    0.005948    0.005927    0.005903    
CS133    0.03302    9.585    16.11    19.84    21.77    22.53    22.55    22.11    21.39    20.52    19.57    18.6    17.63    16.68    15.77    14.9    14.08    13.3    12.57    11.88    11.23    10.62    10.05    9.51    9.006    8.534    8.09    7.674    7.284    6.917    6.573    6.25    5.946    5.661    5.393    5.14    
XE134    0.4421    12.7    21.13    26.72    30.42    32.87    34.5    35.58    36.29    36.78    37.1    37.33    37.48    37.6    37.69    37.76    37.82    37.87    37.93    37.97    38.02    38.07    38.12    38.17    38.21    38.26    38.31    38.36    38.41    38.46    38.5    38.55    38.6    38.65    38.7    38.74    
CS134    1.964e-05    0.2921    0.9295    1.624    2.24    2.727    3.077    3.303    3.425    3.465    3.443    3.376    3.278    3.16    3.03    2.893    2.754    2.616    2.481    2.351    2.226    2.107    1.994    1.887    1.786    1.691    1.601    1.517    1.438    1.364    1.294    1.228    1.166    1.108    1.054    1.003    
BA134    1.537e-08    0.009605    0.06975    0.2032    0.4089    0.6752    0.9872    1.33    1.691    2.06    2.428    2.791    3.143    3.481    3.805    4.113    4.404    4.678    4.937    5.18    5.408    5.621    5.821    6.008    6.182    6.345    6.497    6.639    6.771    6.895    7.01    7.116    7.216    7.308    7.394    7.474    
CS135    0.01451    0.4842    0.9747    1.525    2.168    2.898    3.695    4.534    5.392    6.248    7.087    7.898    8.672    9.404    10.09    10.73    11.32    11.87    12.38    12.84    13.26    13.64    13.98    14.29    14.57    14.82    15.04    15.23    15.4    15.55    15.68    15.78    15.87    15.94    15.99    16.03    
BA135    2.288e-08    1.208e-05    0.0001804    0.0008047    0.002212    0.00469    0.008456    0.01366    0.02039    0.02867    0.0385    0.04985    0.06264    0.07682    0.09229    0.109    0.1268    0.1456    0.1654    0.186    0.2074    0.2295    0.2523    0.2756    0.2994    0.3236    0.3483    0.3733    0.3985    0.424    0.4497    0.4756    0.5015    0.5276    0.5537    0.5799    
XE136    0.7123    20.96    34.86    44.08    50.19    54.25    56.95    58.75    59.96    60.78    61.34    61.74    62.03    62.24    62.42    62.57    62.7    62.82    62.94    63.05    63.16    63.28    63.39    63.5    63.62    63.73    63.84    63.96    64.07    64.19    64.3    64.42    64.53    64.64    64.75    64.87    
CS136    0.0003364    0.002764    0.0036    0.004751    0.006282    0.008152    0.01028    0.01258    0.01497    0.01738    0.01976    0.02207    0.02428    0.02638    0.02837    0.03021    0.03192    0.0335    0.03496    0.03629    0.03751    0.03861    0.03961    0.04051    0.04132    0.04204    0.04268    0.04324    0.04373    0.04416    0.04452    0.04483    0.04509    0.04529    0.04545    0.04557    
BA136    2.786e-05    0.01094    0.02787    0.04994    0.07908    0.1173    0.1661    0.2267    0.2998    0.3857    0.4844    0.5956    0.7189    0.8538    0.9997    1.156    1.321    1.496    1.679    1.869    2.066    2.27    2.479    2.693    2.912    3.136    3.363    3.593    3.827    4.063    4.301    4.542    4.784    5.027    5.272    5.517    
CS137    0.3695    10.14    16.79    21.13    23.93    25.72    26.84    27.52    27.91    28.1    28.17    28.16    28.09    27.99    27.87    27.74    27.61    27.47    27.32    27.18    27.04    26.89    26.75    26.61    26.48    26.34    26.2    26.07    25.94    25.81    25.67    25.54    25.42    25.29    25.16    25.03    
BA137    6.541e-05    0.03506    0.1345    0.2754    0.4429    0.6268    0.8207    1.02    1.222    1.426    1.628    1.83    2.03    2.228    2.424    2.617    2.809    2.998    3.184    3.369    3.551    3.731    3.909    4.085    4.258    4.429    4.598    4.766    4.931    5.094    5.255    5.414    5.571    5.726    5.88    6.031    
BA138    0.4097    11.43    19.01    24.04    27.37    29.58    31.05    32.02    32.68    33.12    33.42    33.63    33.79    33.9    34    34.08    34.15    34.21    34.27    34.34    34.4    34.46    34.53    34.59    34.66    34.73    34.8    34.87    34.94    35.02    35.09    35.17    35.24    35.32    35.4    35.48    
LA139    0.3844    10.83    17.89    22.43    25.32    27.11    28.18    28.77    29.04    29.11    29.04    28.89    28.69    28.45    28.18    27.91    27.63    27.35    27.08    26.8    26.52    26.25    25.98    25.72    25.45    25.2    24.94    24.69    24.44    24.2    23.96    23.72    23.48    23.25    23.02    22.79    
BA140    0.355    1.696    1.127    0.7474    0.4958    0.3292    0.219    0.1462    0.09809    0.06645    0.04567    0.0321    0.02327    0.01758    0.01407    0.01178    0.01037    0.009524    0.009039    0.008779    0.008656    0.008614    0.008617    0.00864    0.008669    0.008697    0.008717    0.008728    0.008728    0.008717    0.008697    0.008666    0.008628    0.008581    0.008528    0.00847    
LA140    0.02059    0.2258    0.1534    0.105    0.07291    0.05162    0.03749    0.02812    0.0219    0.01777    0.01502    0.01319    0.01197    0.01115    0.01061    0.01022    0.009953    0.009755    0.009605    0.009484    0.009383    0.009293    0.00921    0.00913    0.009053    0.008976    0.0089    0.008823    0.008746    0.008669    0.008591    0.008512    0.008434    0.008355    0.008277    0.008198    
CE140    0.009542    8.953    16.93    22.36    26.08    28.68    30.52    31.87    32.9    33.7    34.36    34.92    35.41    35.86    36.29    36.69    37.08    37.46    37.83    38.2    38.56    38.91    39.27    39.62    39.96    40.3    40.64    40.98    41.31    41.64    41.96    42.29    42.6    42.92    43.23    43.54    
CE141    0.3247    3.827    2.827    1.9    1.266    0.8445    0.5655    0.3811    0.2595    0.1793    0.1268    0.09238    0.07004    0.05564    0.04667    0.04092    0.03739    0.0353    0.03413    0.03353    0.0333    0.03328    0.03338    0.03353    0.03371    0.03389    0.03405    0.03419    0.03431    0.0344    0.03447    0.03452    0.03455    0.03456    0.03455    0.03453    
PR141    0.01052    6.071    13.44    18.4    21.52    23.42    24.5    25.04    25.24    25.21    25.03    24.77    24.44    24.08    23.7    23.31    22.93    22.54    22.15    21.78    21.41    21.04    20.69    20.34    20    19.66    19.34    19.02    18.71    18.4    18.1    17.81    17.52    17.24    16.96    16.69    
CE142    0.3581    10.29    17.16    21.7    24.69    26.67    27.97    28.82    29.38    29.75    29.98    30.13    30.23    30.29    30.33    30.35    30.37    30.38    30.38    30.39    30.39    30.4    30.4    30.4    30.41    30.41    30.41    30.42    30.42    30.42    30.43    30.43    30.43    30.44    30.44    30.44    
ND142    9.242e-07    0.04977    0.261    0.5905    0.9913    1.431    1.889    2.35    2.807    3.254    3.687    4.104    4.504    4.887    5.253    5.602    5.934    6.249    6.548    6.832    7.101    7.356    7.597    7.825    8.04    8.242    8.432    8.611    8.78    8.937    9.084    9.222    9.35    9.468    9.579    9.68    
PR143    0.1709    1.685    1.124    0.7479    0.4987    0.3337    0.2245    0.1522    0.1045    0.07309    0.05242    0.03889    0.03006    0.02435    0.02071    0.01838    0.01692    0.01603    0.0155    0.0152    0.01504    0.01497    0.01495    0.01495    0.01497    0.01498    0.01499    0.015    0.015    0.01499    0.01497    0.01494    0.01491    0.01487    0.01483    0.01478    
ND143    0.009848    6.821    10.13    10.34    9.205    7.639    6.083    4.722    3.613    2.749    2.096    1.616    1.271    1.028    0.8601    0.7476    0.6748    0.63    0.6048    0.593    0.5903    0.5936    0.6007    0.6101    0.6208    0.6321    0.6436    0.6548    0.6656    0.676    0.6857    0.6949    0.7034    0.7113    0.7186    0.7253    
CE144    0.3443    8.361    11.77    12.45    11.72    10.35    8.788    7.265    5.893    4.714    3.732    2.933    2.293    1.788    1.392    1.086    0.8497    0.6692    0.5319    0.428    0.3497    0.2908    0.2468    0.214    0.1896    0.1714    0.158    0.148    0.1405    0.1349    0.1307    0.1275    0.1249    0.1229    0.1212    0.1197    
ND144    0.001609    2.809    9.864    18.09    25.97    32.85    38.54    43.09    46.64    49.36    51.4    52.93    54.06    54.88    55.48    55.91    56.22    56.44    56.6    56.72    56.8    56.87    56.92    56.97    57.01    57.05    57.09    57.13    57.17    57.22    57.26    57.32    57.37    57.43    57.49    57.55    
ND145    0.2203    6.64    10.66    12.97    14.19    14.7    14.78    14.6    14.25    13.82    13.34    12.85    12.36    11.88    11.43    11    10.59    10.2    9.843    9.506    9.191    8.897    8.622    8.365    8.126    7.903    7.695    7.501    7.319    7.15    6.993    6.845    6.708    6.58    6.461    6.349    
ND146    0.1903    5.534    9.637    12.76    15.22    17.21    18.87    20.29    21.54    22.67    23.7    24.64    25.53    26.36    27.15    27.89    28.61    29.29    29.94    30.57    31.17    31.75    32.31    32.84    33.37    33.87    34.36    34.83    35.29    35.74    36.17    36.6    37.01    37.41    37.8    38.19    
ND147    0.134    0.5523    0.3684    0.2464    0.1656    0.1123    0.07714    0.054    0.03884    0.02896    0.02257    0.0185    0.01594    0.01437    0.01351    0.01302    0.0128    0.01276    0.01282    0.01294    0.01311    0.01329    0.01347    0.01366    0.01384    0.01402    0.01419    0.01435    0.0145    0.01464    0.01478    0.01491    0.01503    0.01515    0.01526    0.01537    
PM147    0.01295    2.699    3.625    3.44    2.871    2.245    1.691    1.248    0.9127    0.6676    0.4933    0.3719    0.2888    0.233    0.1962    0.1725    0.1577    0.1489    0.144    0.1418    0.1412    0.1417    0.1429    0.1445    0.1462    0.148    0.1499    0.1517    0.1534    0.1551    0.1567    0.1582    0.1597    0.1611    0.1624    0.1636    
SM147    9.55e-06    0.09414    0.3478    0.5999    0.7904    0.9091    0.9651    0.9736    0.949    0.9034    0.8459    0.783    0.7189    0.6566    0.5978    0.5433    0.4935    0.4486    0.4083    0.3725    0.3407    0.3125    0.2878    0.266    0.2469    0.2301    0.2155    0.2027    0.1915    0.1818    0.1733    0.166    0.1596    0.1541    0.1493    0.1452    
ND148    0.1105    3.083    5.116    6.451    7.323    7.888    8.251    8.48    8.62    8.703    8.747    8.767    8.77    8.763    8.75    8.733    8.714    8.693    8.671    8.649    8.627    8.605    8.583    8.561    8.539    8.518    8.497    8.476    8.455    8.434    8.413    8.392    8.372    8.351    8.331    8.31    
SM148    4.411e-06    0.3492    1.288    2.344    3.309    4.117    4.765    5.273    5.668    5.975    6.215    6.405    6.558    6.682    6.786    6.873    6.948    7.014    7.072    7.124    7.171    7.214    7.254    7.291    7.326    7.359    7.39    7.421    7.449    7.477    7.505    7.531    7.557    7.582    7.607    7.632    
ND150    0.04285    1.177    1.954    2.467    2.804    3.025    3.169    3.263    3.323    3.362    3.386    3.401    3.41    3.415    3.418    3.42    3.421    3.422    3.422    3.423    3.423    3.424    3.424    3.425    3.425    3.426    3.427    3.428    3.428    3.429    3.43    3.431    3.432    3.432    3.433    3.433    
SM150    0.01498    2.052    3.715    4.804    5.386    5.579    5.504    5.256    4.912    4.521    4.121    3.732    3.368    3.035    2.737    2.472    2.24    2.037    1.862    1.71    1.58    1.468    1.373    1.291    1.222    1.163    1.112    1.07    1.034    1.003    0.9771    0.9552    0.9367    0.9211    0.908    0.897    
SM151    0.01214    0.05279    0.05584    0.05777    0.05783    0.05619    0.05332    0.0497    0.04571    0.04166    0.03774    0.03406    0.0307    0.02767    0.025    0.02264    0.02057    0.01878    0.01724    0.01591    0.01477    0.01379    0.01295    0.01224    0.01163    0.01111    0.01067    0.0103    0.009981    0.009711    0.009483    0.009289    0.009124    0.008985    0.008867    0.008767    
SM152    0.02083    1.125    1.801    2.185    2.386    2.463    2.452    2.379    2.264    2.123    1.969    1.81    1.653    1.504    1.365    1.238    1.123    1.02    0.9295    0.8495    0.7796    0.7188    0.6662    0.6208    0.5818    0.5483    0.5195    0.495    0.474    0.4561    0.4408    0.4278    0.4167    0.4073    0.3992    0.3924    
SM153    0.006835    0.02006    0.02583    0.02889    0.03028    0.03054    0.02998    0.02884    0.02729    0.0255    0.02358    0.02165    0.01976    0.01797    0.01632    0.0148    0.01343    0.01221    0.01113    0.01018    0.009356    0.008635    0.008012    0.007474    0.007011    0.006613    0.006272    0.005981    0.005731    0.005518    0.005337    0.005182    0.00505    0.004937    0.004841    0.004759    
EU153    0.004264    0.4131    0.8282    1.148    1.365    1.495    1.555    1.563    1.53    1.47    1.39    1.298    1.202    1.104    1.01    0.9201    0.8369    0.7607    0.692    0.6305    0.5761    0.5283    0.4864    0.45    0.4184    0.3912    0.3677    0.3475    0.3302    0.3154    0.3028    0.2919    0.2827    0.2748    0.2681    0.2623    
SM154    0.005188    0.1492    0.2543    0.3295    0.3846    0.4259    0.4577    0.4828    0.503    0.5196    0.5334    0.545    0.5548    0.5631    0.5703    0.5764    0.5816    0.5861    0.5899    0.5931    0.5959    0.5982    0.6002    0.6018    0.6032    0.6044    0.6053    0.6061    0.6067    0.6072    0.6076    0.6078    0.608    0.608    0.608    0.6079    
EU154    3.067e-05    0.07996    0.2237    0.3541    0.4509    0.5143    0.5494    0.5623    0.5583    0.5418    0.5166    0.4859    0.4521    0.4171    0.3825    0.3492    0.318    0.2891    0.2629    0.2394    0.2184    0.1999    0.1836    0.1694    0.1571    0.1464    0.1372    0.1293    0.1225    0.1167    0.1117    0.1075    0.1038    0.1007    0.09808    0.09582    
GD154    5.38e-09    0.0006312    0.004047    0.01051    0.01906    0.0286    0.03825    0.04735    0.05548    0.0624    0.06798    0.07221    0.07514    0.07686    0.07752    0.07727    0.07624    0.0746    0.07247    0.06998    0.06723    0.06433    0.06134    0.05834    0.05537    0.05247    0.04967    0.04699    0.04446    0.04207    0.03983    0.03775    0.03582    0.03404    0.0324    0.0309    
EU155    0.002142    0.02993    0.07302    0.1157    0.1486    0.1707    0.1833    0.1884    0.1878    0.1828    0.1748    0.1648    0.1536    0.142    0.1305    0.1193    0.1088    0.0991    0.09023    0.08225    0.07513    0.06884    0.06331    0.05848    0.05428    0.05064    0.0475    0.0448    0.04248    0.04049    0.03878    0.03732    0.03608    0.03501    0.0341    0.03333    
EU156    0.0009151    0.02996    0.07105    0.1161    0.1522    0.177    0.1918    0.1983    0.1985    0.1939    0.186    0.1758    0.1642    0.152    0.1398    0.128    0.1168    0.1064    0.09691    0.08834    0.08068    0.0739    0.06793    0.06272    0.05818    0.05425    0.05085    0.04792    0.04541    0.04325    0.0414    0.03982    0.03846    0.03731    0.03632    0.03548    
GD156    5.988e-05    0.07549    0.3037    0.7397    1.365    2.129    2.98    3.874    4.776    5.662    6.51    7.31    8.051    8.731    9.348    9.903    10.4    10.84    11.23    11.58    11.88    12.15    12.38    12.58    12.77    12.92    13.06    13.19    13.3    13.39    13.48    13.56    13.63    13.69    13.75    13.8    
GD158    0.0005758    0.03227    0.0809    0.1575    0.2623    0.3904    0.5361    0.6945    0.8611    1.033    1.206    1.379    1.551    1.72    1.885    2.047    2.204    2.358    2.508    2.654    2.796    2.936    3.072    3.206    3.338    3.467    3.595    3.721    3.845    3.967    4.089    4.209    4.328    4.446    4.563    4.679    
TB159    5.263e-05    0.00224    0.003905    0.005394    0.007071    0.009208    0.01199    0.01553    0.01989    0.02508    0.03111    0.03793    0.0455    0.05376    0.06268    0.07218    0.08219    0.09268    0.1036    0.1148    0.1264    0.1382    0.1503    0.1626    0.1751    0.1877    0.2004    0.2133    0.2262    0.2392    0.2523    0.2654    0.2786    0.2918    0.305    0.3182    
