TIME    3   100   220   340   460   580   700   820   940   1060   1180   1300   1420   1540   1660   1780   1900   2020   2140   2260   2380   2500   2620   2740   2860   2980   3100   3220   3340   3460   3580   3700   3820   3940   4060   4180   
NEUT_PROD    28   300   348   325   281   234   190   152   120   93.9   73   56.6   43.9   34.1   26.6   21   16.8   13.7   11.4   9.71   8.49   7.61   6.98   6.53   6.2   5.97   5.8   5.67   5.56   5.47   5.39   5.32   5.24   5.15   5.07   4.98   
NEUT_DEST    1200   4790   1790   1560   1340   1160   1020   896   797   717   650   594   548   509   476   448   424   404   386   371   358   346   336   326   318   311   304   299   293   288   284   280   276   273   269   266   
BUd    52.4    921    115    119    107    90.3    74.2    59.7    47.4    37.2    29    22.5    17.4    13.4    10.4    8.12    6.4    5.11    4.15    3.44    2.92    2.54    2.26    2.06    1.92    1.81    1.73    1.67    1.63    1.59    1.56    1.54    1.51    1.49    1.46    1.43    
HE4    0.0003848    0.02814    0.05398    0.07313    0.08789    0.09992    0.1102    0.1194    0.1277    0.1352    0.142    0.1481    0.1537    0.1589    0.1637    0.1682    0.1726    0.1768    0.181    0.1853    0.1895    0.1938    0.1981    0.2025    0.207    0.2115    0.2161    0.2207    0.2253    0.23    0.2346    0.2392    0.2438    0.2483    0.2528    0.2572    
U234    0.02249    1.579    2.893    3.712    4.184    4.413    4.474    4.422    4.295    4.121    3.919    3.701    3.479    3.257    3.041    2.833    2.634    2.446    2.269    2.103    1.948    1.803    1.669    1.544    1.428    1.32    1.22    1.128    1.043    0.9636    0.8905    0.8229    0.7605    0.7027    0.6493    0.6    
U235    1.962e-05    0.05774    0.1982    0.3561    0.4993    0.6145    0.6986    0.7533    0.7829    0.7922    0.7857    0.7675    0.741    0.709    0.6735    0.6361    0.5982    0.5605    0.5237    0.4883    0.4544    0.4222    0.3919    0.3634    0.3368    0.3119    0.2887    0.2671    0.2471    0.2285    0.2113    0.1953    0.1805    0.1669    0.1542    0.1425    
U236    1.53e-08    0.001561    0.01089    0.0307    0.06031    0.09774    0.1407    0.187    0.2349    0.2829    0.33    0.3752    0.4181    0.4583    0.4956    0.5299    0.5612    0.5896    0.6152    0.638    0.6582    0.6761    0.6917    0.7052    0.7167    0.7264    0.7344    0.7409    0.746    0.7498    0.7524    0.7539    0.7544    0.754    0.7528    0.7508    
NP237    4.673e-08    5.568e-05    0.0001906    0.0005348    0.001216    0.002301    0.003805    0.00571    0.00798    0.01057    0.01343    0.01651    0.01975    0.0231    0.02652    0.02996    0.03339    0.03676    0.04005    0.04324    0.04631    0.04923    0.052    0.05461    0.05705    0.05933    0.06143    0.06336    0.06512    0.06671    0.06815    0.06943    0.07056    0.07155    0.07241    0.07313    
PU238    599.1    670.7    486.5    353    256.1    185.9    135    98.15    71.41    52.01    37.94    27.71    20.26    14.84    10.88    7.995    5.881    4.332    3.196    2.361    1.748    1.297    0.9647    0.72    0.5396    0.4067    0.3088    0.2366    0.1835    0.1443    0.1156    0.09444    0.07894    0.06758    0.05927    0.0532    
PU239    5.165    156.7    175.3    151.8    120    90.97    67.6    49.71    36.37    26.56    19.37    14.14    10.32    7.548    5.525    4.05    2.973    2.185    1.608    1.186    0.8755    0.6477    0.4801    0.3569    0.2661    0.1993    0.15    0.1137    0.08694    0.06723    0.05273    0.04205    0.03421    0.02845    0.02422    0.02112    
PU240    0.0217    25.2    59.17    79.8    86.3    83.09    74.56    63.87    52.98    42.93    34.19    26.88    20.93    16.18    12.46    9.563    7.341    5.649    4.369    3.407    2.689    2.155    1.76    1.47    1.256    1.1    0.9864    0.9031    0.842    0.7966    0.7625    0.7361    0.715    0.6974    0.6819    0.6677    
PU241    7.697e-05    3.045    12.65    22.79    29.43    31.88    31.07    28.26    24.51    20.54    16.79    13.46    10.65    8.328    6.464    4.991    3.842    2.955    2.278    1.764    1.377    1.088    0.8719    0.7121    0.5942    0.5076    0.4441    0.3977    0.3637    0.3387    0.3202    0.3062    0.2954    0.2867    0.2795    0.2732    
PU242    1.37e-07    0.2268    2.134    6.558    12.88    19.97    26.81    32.74    37.46    40.89    43.13    44.32    44.66    44.33    43.49    42.27    40.8    39.16    37.42    35.64    33.85    32.09    30.37    28.71    27.11    25.59    24.14    22.77    21.47    20.24    19.09    18    16.97    16    15.09    14.24    
AM241    6.888e-09    0.009443    0.07577    0.196    0.3186    0.4047    0.4424    0.4382    0.4054    0.357    0.3033    0.2507    0.203    0.1618    0.1274    0.0994    0.07706    0.05951    0.04588    0.03541    0.02744    0.02141    0.01688    0.01349    0.01098    0.009121    0.007751    0.006745    0.006008    0.005468    0.00507    0.004775    0.004553    0.004382    0.004246    0.004134    
AM243    4.328e-11    0.003098    0.06119    0.2948    0.8031    1.611    2.674    3.91    5.224    6.53    7.756    8.855    9.795    10.56    11.15    11.58    11.85    11.98    11.99    11.9    11.72    11.47    11.17    10.83    10.45    10.06    9.649    9.235    8.82    8.408    8.003    7.608    7.224    6.852    6.495    6.153    
CM242    8.541e-12    0.001268    0.02278    0.09114    0.2006    0.3212    0.4232    0.4891    0.5152    0.5067    0.4731    0.4241    0.3683    0.3117    0.2584    0.2106    0.1694    0.1348    0.1063    0.0834    0.06517    0.05087    0.03975    0.0312    0.02467    0.01972    0.01599    0.01319    0.01111    0.009564    0.008418    0.007569    0.006939    0.006469    0.006115    0.005842    
CM243    1.126e-15    6.204e-06    0.0002189    0.001196    0.003246    0.006054    0.008955    0.01133    0.01283    0.01337    0.01309    0.01221    0.01095    0.009524    0.008076    0.00671    0.005483    0.004421    0.003526    0.00279    0.002194    0.00172    0.001347    0.001056    0.0008326    0.0006615    0.0005317    0.0004338    0.0003603    0.0003055    0.0002647    0.0002344    0.0002119    0.0001951    0.0001825    0.0001729    
CM244    3.93e-14    0.0001104    0.004623    0.03523    0.1347    0.3548    0.7412    1.323    2.111    3.095    4.252    5.55    6.95    8.413    9.899    11.37    12.81    14.18    15.46    16.64    17.7    18.65    19.48    20.18    20.76    21.23    21.58    21.83    21.98    22.04    22.01    21.92    21.75    21.52    21.24    20.91    
CM245    9.863e-18    6.993e-07    4.539e-05    0.0004206    0.001798    0.005087    0.01116    0.02065    0.03385    0.05068    0.07079    0.09365    0.1186    0.1448    0.1717    0.1986    0.225    0.2502    0.2739    0.2959    0.3159    0.3338    0.3494    0.3629    0.3741    0.3832    0.3902    0.3953    0.3985    0.4001    0.4001    0.3987    0.396    0.3922    0.3874    0.3817    
CM246    1.788e-20    4.793e-08    6.668e-06    9.845e-05    0.0005938    0.002215    0.006137    0.01391    0.0273    0.04812    0.07805    0.1185    0.1707    0.2354    0.3129    0.4033    0.5064    0.6217    0.7484    0.8856    1.032    1.187    1.35    1.518    1.691    1.869    2.048    2.23    2.412    2.594    2.775    2.955    3.132    3.306    3.477    3.644    
H3    7.898e-08    0.03849    0.0381    0.03768    0.03724    0.03676    0.03625    0.03572    0.03517    0.03461    0.03404    0.03347    0.0329    0.03232    0.03176    0.03119    0.03064    0.03009    0.02955    0.02901    0.02849    0.02798    0.02747    0.02697    0.02648    0.026    0.02553    0.02507    0.02461    0.02417    0.02373    0.0233    0.02287    0.02246    0.02205    0.02165    
GE73    2.782e-08    0.01492    0.01474    0.0145    0.01425    0.01398    0.01371    0.01344    0.01316    0.01288    0.0126    0.01233    0.01206    0.01179    0.01152    0.01126    0.01101    0.01076    0.01052    0.01028    0.01005    0.009825    0.009604    0.009387    0.009176    0.00897    0.008769    0.008572    0.00838    0.008193    0.00801    0.007831    0.007657    0.007486    0.00732    0.007158    
GE74    7.112e-08    0.03505    0.03562    0.03617    0.03668    0.03715    0.03758    0.03797    0.03833    0.03867    0.03899    0.0393    0.03959    0.03987    0.04014    0.04039    0.04065    0.04089    0.04113    0.04135    0.04158    0.04179    0.04201    0.04221    0.04241    0.0426    0.04279    0.04298    0.04316    0.04333    0.0435    0.04367    0.04383    0.04398    0.04414    0.04428    
AS75    1.546e-07    0.07758    0.07753    0.07735    0.07709    0.07676    0.07635    0.07589    0.07538    0.07484    0.07428    0.07371    0.07312    0.07252    0.07193    0.07133    0.07073    0.07014    0.06954    0.06896    0.06837    0.06779    0.06722    0.06665    0.06608    0.06552    0.06496    0.06441    0.06387    0.06333    0.06279    0.06226    0.06174    0.06122    0.0607    0.06019    
GE76    3.535e-07    0.1731    0.1741    0.1752    0.1761    0.1768    0.1773    0.1777    0.178    0.1782    0.1783    0.1784    0.1784    0.1785    0.1784    0.1784    0.1784    0.1784    0.1783    0.1783    0.1782    0.1781    0.1781    0.178    0.178    0.1779    0.1778    0.1778    0.1777    0.1777    0.1776    0.1775    0.1775    0.1774    0.1773    0.1773    
SE77    1.918e-07    0.418    0.4143    0.3936    0.3738    0.3547    0.3363    0.3187    0.3019    0.2859    0.2706    0.2562    0.2424    0.2295    0.2172    0.2056    0.1946    0.1843    0.1745    0.1653    0.1566    0.1484    0.1407    0.1334    0.1265    0.12    0.1139    0.1081    0.1026    0.09749    0.09264    0.08805    0.08373    0.07964    0.07579    0.07215    
SE78    2.44e-06    1.274    1.31    1.34    1.368    1.393    1.416    1.437    1.456    1.474    1.49    1.504    1.518    1.531    1.542    1.553    1.563    1.573    1.582    1.59    1.597    1.604    1.611    1.617    1.623    1.628    1.633    1.637    1.641    1.645    1.649    1.652    1.655    1.658    1.66    1.663    
SE79    5.595e-06    2.747    2.757    2.766    2.771    2.774    2.774    2.772    2.769    2.764    2.758    2.751    2.744    2.737    2.729    2.721    2.713    2.705    2.696    2.688    2.68    2.671    2.663    2.655    2.647    2.638    2.63    2.622    2.614    2.606    2.598    2.59    2.582    2.574    2.566    2.558    
SE80    1.348e-05    6.601    6.649    6.696    6.737    6.77    6.797    6.818    6.836    6.85    6.862    6.872    6.881    6.889    6.896    6.902    6.908    6.914    6.919    6.924    6.929    6.934    6.938    6.943    6.948    6.952    6.957    6.961    6.965    6.97    6.974    6.978    6.982    6.987    6.991    6.995    
BR81    2.055e-05    10.09    10.05    10.01    9.961    9.899    9.829    9.751    9.669    9.582    9.492    9.401    9.309    9.216    9.123    9.03    8.937    8.845    8.754    8.663    8.574    8.485    8.397    8.31    8.224    8.139    8.055    7.971    7.889    7.808    7.727    7.648    7.569    7.491    7.414    7.338    
SE82    2.543e-05    12.45    12.53    12.61    12.68    12.74    12.79    12.82    12.85    12.87    12.88    12.9    12.9    12.91    12.92    12.92    12.92    12.92    12.93    12.93    12.93    12.93    12.93    12.93    12.93    12.93    12.93    12.93    12.93    12.93    12.93    12.93    12.93    12.93    12.93    12.93    
KR82    1.356e-07    0.2581    0.3594    0.4459    0.5253    0.5982    0.6648    0.7257    0.7812    0.8316    0.8774    0.9188    0.9562    0.9898    1.02    1.047    1.071    1.092    1.111    1.127    1.141    1.153    1.164    1.172    1.179    1.185    1.189    1.192    1.194    1.195    1.195    1.193    1.192    1.189    1.186    1.182    
KR83    3.419e-05    16.54    12.59    9.581    7.313    5.601    4.305    3.325    2.583    2.021    1.596    1.275    1.033    0.85    0.7128    0.6099    0.5331    0.476    0.4337    0.4026    0.3799    0.3634    0.3515    0.3431    0.3372    0.3331    0.3303    0.3283    0.327    0.3261    0.3254    0.3248    0.3243    0.3237    0.3231    0.3223    
KR84    6.117e-05    32.05    36.47    39.86    42.46    44.45    45.98    47.16    48.06    48.76    49.31    49.73    50.07    50.34    50.55    50.73    50.88    51.01    51.13    51.23    51.32    51.41    51.49    51.57    51.64    51.72    51.79    51.86    51.93    52.01    52.08    52.15    52.22    52.29    52.36    52.43    
KR85    1.466e-05    7.775    7.69    7.576    7.459    7.337    7.212    7.083    6.953    6.822    6.691    6.561    6.432    6.305    6.179    6.056    5.935    5.817    5.701    5.587    5.476    5.367    5.261    5.157    5.056    4.957    4.861    4.766    4.674    4.584    4.496    4.41    4.326    4.244    4.164    4.086    
RB85    5.17e-05    27.79    28.24    28.56    28.86    29.12    29.36    29.58    29.77    29.94    30.1    30.25    30.38    30.51    30.64    30.75    30.86    30.97    31.07    31.17    31.27    31.36    31.46    31.54    31.63    31.71    31.8    31.87    31.95    32.03    32.1    32.17    32.24    32.31    32.37    32.44    
KR86    0.0001013    49.61    49.96    50.31    50.62    50.88    51.09    51.26    51.4    51.51    51.6    51.67    51.72    51.77    51.81    51.84    51.87    51.89    51.91    51.93    51.94    51.96    51.97    51.99    52    52.01    52.02    52.03    52.04    52.06    52.07    52.08    52.09    52.09    52.1    52.11    
SR86    2.424e-09    0.03057    0.07107    0.101    0.131    0.1611    0.1913    0.2215    0.2518    0.2821    0.3124    0.3427    0.373    0.4032    0.4335    0.4637    0.4939    0.524    0.5541    0.5842    0.6142    0.6441    0.674    0.7038    0.7336    0.7633    0.7929    0.8225    0.852    0.8814    0.9108    0.94    0.9692    0.9984    1.027    1.056    
RB87    0.0001238    62.1    62.58    62.99    63.35    63.64    63.88    64.06    64.21    64.32    64.4    64.46    64.5    64.53    64.55    64.57    64.58    64.58    64.58    64.58    64.58    64.57    64.57    64.56    64.56    64.55    64.54    64.53    64.53    64.52    64.51    64.5    64.5    64.49    64.48    64.47    
SR87    3.784e-09    0.001933    0.002184    0.002586    0.003129    0.003811    0.004627    0.005576    0.006654    0.007858    0.009185    0.01063    0.0122    0.01387    0.01566    0.01755    0.01955    0.02165    0.02385    0.02614    0.02853    0.031    0.03357    0.03621    0.03894    0.04175    0.04463    0.04759    0.05062    0.05372    0.05688    0.06011    0.06341    0.06676    0.07018    0.07365    
SR88    0.0001695    88.19    89.06    89.67    90.21    90.65    91.02    91.31    91.54    91.73    91.88    92    92.09    92.17    92.23    92.29    92.34    92.38    92.41    92.45    92.48    92.51    92.54    92.57    92.6    92.62    92.65    92.68    92.71    92.73    92.76    92.78    92.81    92.84    92.86    92.89    
SR89    0.0002251    71.09    14.11    3.12    0.9503    0.4713    0.3226    0.2457    0.1911    0.1487    0.1154    0.08929    0.06912    0.05364    0.04185    0.03293    0.02622    0.0212    0.01746    0.01468    0.01262    0.01111    0.009988    0.009164    0.008555    0.008103    0.007765    0.007508    0.007311    0.007156    0.007033    0.006933    0.006849    0.006777    0.00671    0.006645    
Y89    2.487e-06    40.95    98.56    110.1    112.7    113.5    113.9    114.2    114.3    114.3    114.3    114.3    114.2    114.1    113.9    113.8    113.6    113.5    113.3    113.1    112.9    112.8    112.6    112.4    112.2    112    111.8    111.6    111.4    111.3    111.1    110.9    110.7    110.5    110.3    110.1    
SR90    0.0002854    139.5    139.2    138.9    138.4    137.9    137.2    136.3    135.5    134.5    133.5    132.4    131.4    130.3    129.2    128.1    127    125.9    124.8    123.7    122.6    121.5    120.4    119.3    118.3    117.2    116.2    115.1    114.1    113.1    112.1    111.1    110.1    109.1    108.1    107.2    
Y90    3.631e-08    0.03869    0.04173    0.04246    0.04253    0.04244    0.04229    0.0421    0.04189    0.04165    0.0414    0.04113    0.04086    0.04058    0.04029    0.04    0.03971    0.03942    0.03914    0.03885    0.03856    0.03828    0.03799    0.03771    0.03743    0.03716    0.03688    0.03661    0.03634    0.03607    0.0358    0.03554    0.03528    0.03502    0.03476    0.03451    
ZR90    7.32e-09    0.3581    1.594    2.873    4.158    5.441    6.72    7.994    9.262    10.52    11.77    13.02    14.25    15.48    16.7    17.91    19.11    20.3    21.48    22.65    23.81    24.97    26.11    27.25    28.37    29.49    30.6    31.7    32.8    33.88    34.96    36.02    37.08    38.13    39.18    40.21    
Y91    0.0002125    111.6    28.03    7.502    2.472    1.163    0.7563    0.5799    0.4725    0.3941    0.3335    0.2862    0.2492    0.2206    0.1985    0.1815    0.1685    0.1584    0.1506    0.1446    0.1399    0.1361    0.1331    0.1306    0.1285    0.1267    0.1251    0.1237    0.1224    0.1211    0.1199    0.1188    0.1177    0.1166    0.1156    0.1146    
ZR91    1.964e-06    54.72    140.9    162.4    168.3    170.3    171.2    171.8    172.2    172.5    172.7    172.8    172.8    172.8    172.8    172.8    172.7    172.6    172.5    172.4    172.3    172.2    172.1    172    171.9    171.7    171.6    171.5    171.4    171.2    171.1    171    170.8    170.7    170.6    170.4    
ZR92    0.0003685    205.4    208.2    209.8    211.3    212.5    213.5    214.4    215.1    215.7    216.2    216.7    217.1    217.4    217.8    218.1    218.3    218.6    218.9    219.1    219.3    219.6    219.8    220.1    220.3    220.5    220.7    221    221.2    221.4    221.7    221.9    222.1    222.3    222.6    222.8    
ZR93    0.0003356    267.6    270.7    271.1    271.3    271.2    270.9    270.3    269.6    268.7    267.7    266.7    265.5    264.3    263.1    261.9    260.6    259.3    258.1    256.8    255.5    254.2    253    251.7    250.4    249.2    247.9    246.7    245.4    244.2    243    241.7    240.5    239.3    238.1    236.9    
ZR94    0.0006142    303.2    306.8    310.3    313.6    316.5    319.2    321.6    323.8    325.9    327.8    329.6    331.3    332.9    334.5    336.1    337.6    339.1    340.5    342    343.4    344.9    346.3    347.7    349.1    350.4    351.8    353.2    354.5    355.9    357.2    358.6    359.9    361.2    362.5    363.9    
ZR95    0.0006913    237.1    66.03    19.4    6.529    2.818    1.613    1.116    0.8401    0.6508    0.5085    0.3985    0.3133    0.2478    0.1977    0.1598    0.1312    0.1099    0.094    0.08229    0.0737    0.06744    0.06291    0.05966    0.05733    0.05569    0.05453    0.05372    0.05315    0.05277    0.05251    0.05233    0.05222    0.05215    0.0521    0.05204    
NB95    6.023e-06    65.12    58.15    20.3    6.561    2.406    1.142    0.7017    0.502    0.3822    0.2971    0.2324    0.1825    0.1439    0.1144    0.09187    0.07489    0.06215    0.05265    0.04562    0.04045    0.03667    0.03393    0.03195    0.03053    0.02952    0.0288    0.0283    0.02794    0.02769    0.02752    0.02739    0.0273    0.02724    0.02719    0.02714    
MO95    7.516e-08    40.01    216.4    296.2    317    318.4    314.3    308.4    302    295.5    288.8    282.2    275.6    269    262.6    256.2    250    243.9    237.9    232.1    226.3    220.8    215.3    210    204.8    199.7    194.8    190    185.3    180.7    176.2    171.9    167.6    163.5    159.4    155.5    
ZR96    0.0007412    363.1    365.6    368    370.1    371.8    373.2    374.2    375.1    375.7    376.1    376.5    376.7    376.8    376.9    376.9    377    376.9    376.9    376.8    376.8    376.7    376.6    376.6    376.5    376.4    376.3    376.2    376.1    376.1    376    375.9    375.8    375.7    375.6    375.5    
MO96    2.203e-07    0.5793    4.63    11.7    19.7    27.85    35.91    43.81    51.54    59.07    66.42    73.58    80.55    87.33    93.93    100.4    106.6    112.7    118.6    124.3    129.9    135.3    140.6    145.7    150.6    155.4    160.1    164.7    169.1    173.4    177.5    181.5    185.5    189.2    192.9    196.5    
MO97    0.0003869    391.6    399.7    401    402    402.6    402.9    402.9    402.6    402.1    401.5    400.7    399.8    398.9    398    397    396    395    393.9    392.9    391.9    390.9    389.9    389    388    387.1    386.1    385.2    384.3    383.4    382.5    381.7    380.8    380    379.1    378.3    
MO98    0.0008639    423.6    427.8    432    435.8    439.3    442.3    445    447.4    449.6    451.6    453.4    455.1    456.7    458.2    459.6    461.1    462.4    463.8    465.1    466.4    467.7    469    470.3    471.6    472.9    474.1    475.4    476.6    477.9    479.1    480.4    481.6    482.8    484.1    485.3    
MO99    0.0007486    28.28    0.1368    0.1263    0.1101    0.0931    0.07743    0.06383    0.05244    0.04317    0.03575    0.02992    0.02539    0.02191    0.01926    0.01726    0.01576    0.01465    0.01383    0.01324    0.01281    0.0125    0.01229    0.01214    0.01204    0.01198    0.01194    0.01193    0.01192    0.01193    0.01195    0.01197    0.01199    0.01202    0.01205    0.01208    
TC99    0.0001454    424.4    438.9    423.6    408.7    394    379.6    365.3    351.4    337.8    324.5    311.6    299.2    287.2    275.6    264.4    253.7    243.3    233.4    223.9    214.8    206.1    197.7    189.7    182    174.6    167.5    160.8    154.3    148.1    142.1    136.4    131    125.8    120.8    116    
MO100    0.001046    512.2    515.5    518.7    521.6    523.9    525.8    527.2    528.3    529.1    529.6    530    530.2    530.3    530.4    530.3    530.2    530.1    530    529.8    529.6    529.4    529.2    529    528.8    528.6    528.4    528.2    528    527.8    527.6    527.3    527.1    526.9    526.7    526.5    
RU100    8.876e-08    6.883    26.19    44.66    62.32    79.19    95.29    110.6    125.2    139.1    152.3    164.8    176.7    187.9    198.5    208.6    218.1    227    235.4    243.4    250.9    257.9    264.5    270.7    276.5    281.9    286.9    291.7    296    300.1    303.9    307.4    310.6    313.6    316.3    318.8    
RU101    0.0008973    442.1    441.7    441.3    440.7    439.8    438.7    437.4    435.8    434.2    432.5    430.7    428.9    427.1    425.4    423.7    422.1    420.5    418.9    417.5    416.1    414.8    413.5    412.3    411.1    410    409    408    407.1    406.2    405.3    404.5    403.7    402.9    402.2    401.5    
RU102    0.0009251    455.7    462.1    468.4    474.4    479.9    485    489.7    494    498.1    501.9    505.5    508.9    512.2    515.4    518.5    521.6    524.6    527.5    530.4    533.3    536.1    539    541.8    544.5    547.3    550    552.8    555.5    558.2    560.8    563.5    566.2    568.8    571.4    574    
RU103    0.001065    299.2    37.66    6.574    2.682    1.983    1.676    1.444    1.253    1.098    0.9734    0.876    0.8008    0.7436    0.7007    0.6689    0.6457    0.6292    0.6178    0.6101    0.6053    0.6026    0.6015    0.6015    0.6024    0.6038    0.6057    0.6078    0.6102    0.6127    0.6153    0.618    0.6207    0.6234    0.6261    0.6288    
RH103    1.485e-05    210.8    374.2    311.7    242.3    186.8    144.1    111.4    86.4    67.2    52.46    41.13    32.44    25.76    20.63    16.7    13.68    11.37    9.595    8.242    7.209    6.422    5.824    5.372    5.03    4.774    4.583    4.442    4.339    4.265    4.213    4.178    4.156    4.143    4.138    4.139    
RU104    0.0009318    460.8    465.5    468.9    471.8    474.1    476    477.4    478.4    479.1    479.5    479.8    479.9    479.9    479.7    479.5    479.3    479    478.7    478.3    478    477.6    477.2    476.8    476.4    476    475.6    475.2    474.8    474.4    474    473.6    473.2    472.8    472.4    472    
PD104    2.711e-08    17.54    119.5    217.6    295.1    354.7    400.4    435.6    462.6    483.5    499.5    511.8    521.4    528.8    534.5    538.9    542.4    545.1    547.2    548.9    550.2    551.3    552.2    553    553.6    554.2    554.7    555.1    555.5    555.9    556.3    556.6    557    557.3    557.6    558    
RH105    0.0004817    9.749    0.05086    0.04762    0.04229    0.03652    0.03108    0.02628    0.02221    0.01886    0.01615    0.01401    0.01233    0.01103    0.01004    0.009284    0.008714    0.008286    0.007968    0.007731    0.007557    0.007428    0.007334    0.007265    0.007214    0.007176    0.007149    0.007128    0.007113    0.007101    0.007092    0.007085    0.00708    0.007075    0.007071    0.007067    
PD105    0.0002003    279.8    286.9    282.7    278.6    274.4    270.1    265.8    261.3    256.9    252.4    248    243.6    239.2    234.9    230.6    226.5    222.4    218.4    214.4    210.6    206.8    203.2    199.6    196.1    192.6    189.3    186    182.8    179.7    176.7    173.7    170.8    168    165.2    162.5    
RU106    0.0006831    312.7    251.5    202.8    163.8    132.4    107.1    86.6    70.04    56.64    45.78    36.99    29.87    24.1    19.44    15.68    12.63    10.18    8.202    6.608    5.325    4.294    3.465    2.8    2.266    1.838    1.495    1.22    1    0.8244    0.6837    0.5711    0.4812    0.4092    0.3517    0.3056    
PD106    9.428e-05    156.2    227.6    286.3    335    375.5    409.4    437.9    462    482.5    500.2    515.4    528.7    540.4    550.8    560.2    568.6    576.3    583.4    590    596.1    601.9    607.4    612.7    617.7    622.5    627.1    631.6    636    640.2    644.3    648.3    652.2    656.1    659.8    663.5    
PD107    0.0005134    252    249.8    247.7    245.5    243.2    240.6    238    235.1    232.2    229.2    226.1    223    219.8    216.7    213.6    210.5    207.4    204.4    201.4    198.5    195.6    192.8    190    187.2    184.5    181.9    179.3    176.7    174.2    171.7    169.3    166.9    164.6    162.3    160.1    
PD108    0.0003613    176.9    177.5    178.1    178.6    178.9    178.9    178.8    178.5    178    177.3    176.6    175.7    174.7    173.7    172.7    171.5    170.4    169.2    167.9    166.7    165.4    164.1    162.8    161.5    160.2    158.9    157.5    156.2    154.8    153.4    152.1    150.7    149.3    148    146.6    
PD109    0.0001088    1.531    0.04823    0.04806    0.04747    0.04669    0.04585    0.04503    0.04426    0.04355    0.04292    0.04235    0.04184    0.04138    0.04096    0.04056    0.0402    0.03984    0.03951    0.03918    0.03885    0.03853    0.03822    0.0379    0.03759    0.03727    0.03696    0.03664    0.03633    0.03601    0.03569    0.03537    0.03506    0.03474    0.03442    0.0341    
AG109    0.0001249    107.6    94.4    82.41    72.59    64.5    57.8    52.24    47.62    43.76    40.54    37.85    35.59    33.69    32.09    30.74    29.6    28.62    27.79    27.07    26.45    25.91    25.43    25    24.62    24.27    23.96    23.66    23.38    23.12    22.88    22.64    22.41    22.18    21.97    21.75    
PD110    0.0001035    50.67    51.05    51.45    51.82    52.15    52.42    52.65    52.83    52.97    53.07    53.15    53.2    53.24    53.26    53.27    53.27    53.27    53.26    53.24    53.23    53.21    53.19    53.17    53.15    53.12    53.1    53.08    53.05    53.03    53.01    52.98    52.96    52.93    52.91    52.88    
AG110M    7.436e-09    0.3033    0.8688    1.123    1.204    1.194    1.138    1.062    0.9826    0.9056    0.835    0.7723    0.7175    0.6703    0.6298    0.5953    0.566    0.541    0.5198    0.5017    0.4862    0.4728    0.4613    0.4512    0.4424    0.4346    0.4275    0.4212    0.4154    0.4101    0.4051    0.4005    0.3961    0.3919    0.3878    0.3839    
CD110    1.696e-07    7.942    27.73    44.73    59.38    72.06    83.07    92.69    101.1    108.6    115.2    121.1    126.4    131.2    135.5    139.5    143.2    146.5    149.7    152.6    155.4    157.9    160.4    162.7    164.8    166.9    168.9    170.7    172.5    174.2    175.8    177.4    178.8    180.2    181.6    182.8    
AG111    4.315e-05    3.969    0.03941    0.04378    0.04381    0.04156    0.03828    0.0347    0.03122    0.02807    0.02532    0.02297    0.02102    0.0194    0.01807    0.01699    0.01611    0.0154    0.01481    0.01434    0.01395    0.01362    0.01335    0.01312    0.01293    0.01277    0.01262    0.01249    0.01238    0.01227    0.01218    0.01209    0.01201    0.01193    0.01185    0.01178    
CD111    3.272e-06    20.97    24.66    24.81    25.24    25.88    26.68    27.59    28.59    29.66    30.79    31.96    33.17    34.4    35.65    36.93    38.21    39.5    40.8    42.1    43.39    44.69    45.98    47.26    48.53    49.8    51.05    52.29    53.52    54.73    55.93    57.11    58.27    59.42    60.55    61.67    
CD112    8.019e-06    9.559    10.68    11.6    12.52    13.45    14.39    15.35    16.33    17.33    18.37    19.43    20.53    21.67    22.84    24.05    25.3    26.59    27.92    29.29    30.7    32.14    33.63    35.16    36.73    38.33    39.98    41.66    43.38    45.13    46.92    48.74    50.6    52.49    54.42    56.37    
CD113M    2.095e-07    0.1129    0.1201    0.1275    0.1355    0.1439    0.1528    0.1622    0.1721    0.1825    0.1934    0.2049    0.217    0.2297    0.2431    0.2571    0.2719    0.2873    0.3035    0.3204    0.3382    0.3567    0.376    0.3962    0.4173    0.4392    0.462    0.4857    0.5103    0.5359    0.5624    0.5898    0.6182    0.6476    0.678    0.7094    
IN113    2.185e-11    0.0005346    0.002273    0.004042    0.005849    0.0077    0.009601    0.01156    0.01357    0.01565    0.0178    0.02002    0.02233    0.02472    0.0272    0.02978    0.03246    0.03526    0.03817    0.0412    0.04436    0.04765    0.05109    0.05467    0.05841    0.06231    0.06637    0.07061    0.07503    0.07963    0.08442    0.08941    0.09461    0.1    0.1056    0.1115    
CD114    1.195e-05    10.87    11.25    11.36    11.47    11.57    11.66    11.75    11.83    11.91    11.98    12.05    12.12    12.19    12.27    12.34    12.42    12.5    12.59    12.68    12.77    12.87    12.98    13.09    13.2    13.32    13.45    13.58    13.72    13.87    14.02    14.18    14.34    14.52    14.69    14.88    
IN115    1.177e-06    2.323    1.292    0.6514    0.3368    0.185    0.1112    0.07454    0.05561    0.0453    0.0393    0.03557    0.03312    0.03143    0.03025    0.02941    0.02883    0.02845    0.0282    0.02808    0.02804    0.02807    0.02815    0.02828    0.02844    0.02864    0.02886    0.0291    0.02936    0.02965    0.02994    0.03026    0.03059    0.03093    0.03129    0.03166    
SN115    4.51e-08    0.1081    0.1082    0.1025    0.09701    0.09183    0.08689    0.08219    0.07773    0.07349    0.06948    0.06569    0.06212    0.05876    0.05561    0.05265    0.04988    0.04729    0.04486    0.0426    0.04049    0.03853    0.03669    0.03499    0.0334    0.03192    0.03055    0.02928    0.0281    0.02701    0.02599    0.02506    0.02419    0.0234    0.02266    0.02199    
CD116    6.31e-06    3.094    3.118    3.139    3.158    3.173    3.185    3.195    3.202    3.208    3.212    3.215    3.217    3.219    3.22    3.22    3.221    3.221    3.221    3.22    3.22    3.219    3.219    3.218    3.218    3.217    3.217    3.216    3.216    3.215    3.215    3.214    3.213    3.213    3.212    3.212    
SN116    5.889e-09    0.6975    2.108    2.824    3.188    3.382    3.493    3.563    3.613    3.651    3.683    3.711    3.736    3.76    3.782    3.804    3.824    3.844    3.864    3.883    3.902    3.92    3.939    3.958    3.976    3.995    4.013    4.032    4.051    4.069    4.088    4.107    4.127    4.146    4.166    4.186    
SN117    5.766e-06    3.109    3.133    3.145    3.154    3.161    3.165    3.167    3.166    3.164    3.161    3.156    3.151    3.146    3.139    3.133    3.126    3.119    3.112    3.105    3.098    3.091    3.084    3.077    3.07    3.063    3.057    3.05    3.043    3.036    3.03    3.023    3.017    3.01    3.004    2.997    
SN118    6.258e-06    3.118    3.154    3.186    3.216    3.243    3.267    3.289    3.308    3.326    3.342    3.357    3.371    3.385    3.398    3.41    3.422    3.434    3.446    3.458    3.469    3.481    3.492    3.504    3.515    3.526    3.537    3.548    3.559    3.57    3.581    3.592    3.603    3.614    3.624    3.635    
SN119    6.449e-06    3.179    3.205    3.227    3.243    3.255    3.263    3.267    3.269    3.268    3.265    3.262    3.257    3.252    3.246    3.239    3.233    3.226    3.219    3.212    3.205    3.197    3.19    3.183    3.176    3.168    3.161    3.154    3.147    3.14    3.133    3.126    3.119    3.112    3.105    3.098    
SN120    6.647e-06    3.259    3.291    3.323    3.352    3.378    3.4    3.42    3.438    3.455    3.469    3.483    3.496    3.508    3.519    3.531    3.541    3.552    3.563    3.573    3.583    3.593    3.603    3.613    3.623    3.633    3.643    3.653    3.663    3.673    3.682    3.692    3.702    3.711    3.721    3.731    
SB121    2.467e-06    3.364    3.412    3.371    3.329    3.284    3.236    3.187    3.136    3.084    3.032    2.98    2.928    2.876    2.825    2.774    2.724    2.674    2.626    2.578    2.531    2.485    2.439    2.395    2.351    2.308    2.266    2.225    2.184    2.145    2.106    2.067    2.03    1.993    1.957    1.921    
SN122    7.368e-06    3.607    3.632    3.657    3.678    3.696    3.71    3.721    3.73    3.737    3.742    3.746    3.749    3.752    3.754    3.755    3.756    3.757    3.758    3.759    3.759    3.76    3.76    3.761    3.761    3.761    3.762    3.762    3.762    3.762    3.762    3.763    3.763    3.763    3.763    3.763    
TE122    9.842e-11    0.02248    0.0859    0.148    0.2086    0.2678    0.3256    0.3818    0.4365    0.4897    0.5414    0.5916    0.6403    0.6875    0.7332    0.7776    0.8205    0.8621    0.9023    0.9412    0.9788    1.015    1.05    1.084    1.117    1.149    1.179    1.209    1.237    1.264    1.29    1.316    1.34    1.364    1.386    1.408    
SB123    6.603e-06    3.426    3.791    3.97    4.051    4.077    4.072    4.051    4.021    3.984    3.944    3.902    3.859    3.815    3.771    3.727    3.683    3.639    3.596    3.553    3.51    3.468    3.426    3.385    3.344    3.304    3.264    3.225    3.186    3.148    3.11    3.073    3.036    2.999    2.963    2.928    
SN124    1.098e-05    5.372    5.402    5.432    5.457    5.476    5.49    5.499    5.506    5.509    5.51    5.51    5.508    5.506    5.502    5.498    5.494    5.489    5.485    5.48    5.475    5.47    5.464    5.459    5.454    5.449    5.443    5.438    5.433    5.428    5.422    5.417    5.412    5.407    5.401    5.396    
SB124    1.615e-08    0.01714    0.03188    0.03727    0.03943    0.04027    0.04051    0.04045    0.04022    0.0399    0.03953    0.03913    0.03871    0.03828    0.03784    0.0374    0.03696    0.03653    0.03609    0.03566    0.03524    0.03481    0.03439    0.03398    0.03357    0.03317    0.03277    0.03238    0.03199    0.0316    0.03122    0.03085    0.03048    0.03011    0.02975    0.02939    
TE124    1.901e-09    0.007181    0.03852    0.08221    0.1306    0.181    0.2322    0.2836    0.335    0.386    0.4368    0.4871    0.537    0.5864    0.6352    0.6836    0.7314    0.7787    0.8255    0.8717    0.9173    0.9624    1.007    1.051    1.094    1.137    1.179    1.221    1.262    1.303    1.343    1.382    1.421    1.459    1.497    1.534    
SB125    1.517e-05    11.2    11.36    10.52    9.725    8.986    8.297    7.655    7.058    6.504    5.991    5.517    5.079    4.675    4.303    3.96    3.645    3.355    3.088    2.843    2.617    2.41    2.22    2.045    1.884    1.737    1.601    1.477    1.363    1.258    1.162    1.073    0.992    0.9174    0.8489    0.786    
TE125    6.552e-09    0.2373    1.119    2.002    2.832    3.6    4.308    4.959    5.557    6.105    6.608    7.069    7.49    7.876    8.229    8.551    8.845    9.114    9.359    9.582    9.785    9.97    10.14    10.29    10.43    10.56    10.67    10.77    10.87    10.95    11.03    11.1    11.16    11.22    11.27    11.31    
TE125M    2.038e-09    0.04924    0.1289    0.1395    0.1339    0.125    0.1157    0.1069    0.09864    0.09094    0.0838    0.0772    0.07109    0.06545    0.06025    0.05545    0.05104    0.04698    0.04324    0.03981    0.03665    0.03375    0.03108    0.02864    0.02639    0.02432    0.02242    0.02068    0.01908    0.01761    0.01626    0.01502    0.01388    0.01284    0.01188    0.011    
SN126    3.787e-05    18.53    18.65    18.76    18.85    18.92    18.97    19.01    19.04    19.06    19.07    19.07    19.08    19.07    19.07    19.07    19.06    19.05    19.04    19.04    19.03    19.02    19.01    19    18.99    18.98    18.97    18.96    18.95    18.94    18.94    18.93    18.92    18.91    18.9    18.89    
TE126    5.288e-07    0.4941    0.6174    0.6601    0.7024    0.7442    0.7855    0.8266    0.8673    0.9079    0.9482    0.9884    1.028    1.068    1.108    1.148    1.187    1.227    1.266    1.306    1.345    1.384    1.423    1.461    1.5    1.538    1.577    1.615    1.653    1.691    1.729    1.767    1.804    1.842    1.879    1.916    
TE127M    1.731e-06    4.952    2.583    1.219    0.5873    0.2923    0.1523    0.08427    0.05001    0.03192    0.02177    0.01571    0.01187    0.009299    0.007521    0.00626    0.005353    0.004697    0.004221    0.003878    0.003632    0.003458    0.003335    0.00325    0.003193    0.003156    0.003133    0.003121    0.003115    0.003114    0.003116    0.003121    0.003127    0.003134    0.003141    0.003149    
I127    5.852e-06    39.21    45.65    46.55    46.68    46.43    45.99    45.45    44.85    44.23    43.59    42.94    42.29    41.64    40.99    40.35    39.72    39.09    38.48    37.87    37.27    36.68    36.1    35.52    34.96    34.41    33.86    33.33    32.8    32.28    31.77    31.27    30.78    30.29    29.82    29.35    
TE128    0.0001538    79.87    80.61    81.17    81.63    82    82.3    82.53    82.7    82.84    82.94    83.02    83.08    83.13    83.17    83.2    83.22    83.24    83.25    83.26    83.27    83.28    83.29    83.29    83.3    83.3    83.31    83.31    83.31    83.31    83.31    83.31    83.31    83.31    83.31    83.31    
XE128    2.114e-08    0.2352    0.9324    1.648    2.366    3.079    3.781    4.471    5.149    5.813    6.463    7.1    7.722    8.331    8.927    9.509    10.08    10.63    11.18    11.71    12.22    12.73    13.22    13.7    14.17    14.63    15.08    15.52    15.94    16.36    16.76    17.16    17.54    17.92    18.28    18.64    
I129    0.0002222    128.5    132.4    126.8    120.6    114.5    108.7    103    97.64    92.46    87.52    82.81    78.33    74.07    70.04    66.21    62.59    59.16    55.92    52.86    49.96    47.22    44.64    42.19    39.89    37.71    35.65    33.71    31.87    30.14    28.51    26.96    25.5    24.13    22.83    21.6    
XE129    7.27e-12    0.0003687    0.003668    0.01088    0.02192    0.03663    0.05485    0.07637    0.101    0.1286    0.1589    0.1918    0.2271    0.2646    0.3043    0.3458    0.3891    0.4341    0.4805    0.5284    0.5775    0.6278    0.6791    0.7313    0.7843    0.8381    0.8926    0.9476    1.003    1.059    1.115    1.172    1.228    1.285    1.342    1.399    
TE130    0.0004833    237.7    239.3    240.8    242    243.1    243.9    244.5    244.9    245.3    245.5    245.7    245.7    245.8    245.8    245.8    245.7    245.7    245.6    245.6    245.5    245.4    245.3    245.2    245.2    245.1    245    244.9    244.8    244.7    244.6    244.5    244.5    244.4    244.3    244.2    
I130    5.36e-07    0.05857    0.05377    0.05147    0.04896    0.0465    0.04412    0.04183    0.03964    0.03754    0.03553    0.03361    0.0318    0.03007    0.02843    0.02688    0.02541    0.02401    0.0227    0.02145    0.02028    0.01917    0.01812    0.01713    0.01619    0.01531    0.01447    0.01368    0.01294    0.01223    0.01157    0.01094    0.01035    0.009793    0.009265    0.008767    
XE130    7.085e-07    3.259    10.94    18.32    25.29    31.84    37.98    43.74    49.14    54.17    58.88    63.26    67.34    71.13    74.65    77.91    80.94    83.73    86.3    88.68    90.86    92.86    94.69    96.37    97.89    99.27    100.5    101.6    102.7    103.6    104.3    105    105.7    106.2    106.6    107    
I131    0.0006044    67.66    0.3157    0.2851    0.2442    0.2026    0.1651    0.1333    0.107    0.08586    0.06912    0.05605    0.04595    0.03821    0.03234    0.02791    0.0246    0.02213    0.0203    0.01895    0.01797    0.01725    0.01673    0.01636    0.01609    0.0159    0.01576    0.01566    0.0156    0.01555    0.01552    0.01551    0.0155    0.0155    0.0155    0.0155    
XE131    4.145e-05    311.5    326.3    278.7    238.1    203.6    174    148.8    127.3    108.9    93.26    79.93    68.6    58.97    50.79    43.86    37.99    33.03    28.83    25.29    22.3    19.78    17.67    15.88    14.39    13.13    12.08    11.2    10.46    9.844    9.329    8.899    8.541    8.242    7.993    7.785    
TE132    0.0008638    37.62    0.1693    0.1543    0.1318    0.1086    0.08756    0.06948    0.0545    0.04239    0.03276    0.02522    0.01938    0.0149    0.0115    0.008924    0.006996    0.00556    0.004496    0.003713    0.00314    0.002724    0.002423    0.002206    0.002052    0.001942    0.001866    0.001812    0.001776    0.001753    0.001739    0.001732    0.001731    0.001733    0.001737    0.00174    
XE132    0.0001741    515    616.3    670.3    716.4    755.6    788.9    817.2    841.2    861.5    878.7    893.2    905.5    915.9    924.8    932.3    938.7    944.1    948.7    952.6    956    958.9    961.4    963.6    965.5    967.2    968.6    969.9    971.1    972.1    973    973.9    974.7    975.4    976.1    976.8    
XE133    0.0005137    81.05    0.3979    0.3697    0.325    0.278    0.2348    0.1974    0.1662    0.1408    0.1207    0.1049    0.09269    0.08335    0.07628    0.07098    0.06704    0.06413    0.062    0.06047    0.05937    0.05859    0.05805    0.05768    0.05743    0.05727    0.05717    0.05712    0.0571    0.0571    0.05711    0.05714    0.05718    0.05722    0.05727    0.05731    
CS133    4.647e-05    612    672    636    601.7    568.9    537.6    507.6    478.9    451.7    425.8    401.3    378    356.1    335.4    315.8    297.4    280.1    263.8    248.5    234.1    220.5    207.8    195.8    184.6    174.1    164.2    154.9    146.2    138    130.3    123    116.3    109.9    103.9    98.3    
XE134    0.001454    741.7    747.5    752.4    756.8    760.5    763.5    765.9    767.7    769.1    770.1    770.9    771.4    771.7    771.9    772    772    771.9    771.8    771.7    771.5    771.4    771.2    771    770.8    770.6    770.4    770.2    770    769.8    769.6    769.4    769.2    768.9    768.7    768.5    
CS134    1.042e-07    13.25    45.89    66.28    78.38    84.89    87.63    87.87    86.48    84.03    80.94    77.48    73.83    70.13    66.46    62.87    59.4    56.08    52.9    49.88    47.02    44.32    41.77    39.37    37.1    34.97    32.97    31.08    29.31    27.65    26.09    24.62    23.24    21.95    20.73    19.59    
BA134    9.406e-11    0.3329    3.387    9.394    17.2    26.01    35.32    44.75    54.1    63.19    71.95    80.31    88.24    95.74    102.8    109.4    115.7    121.5    126.9    132    136.7    141.1    145.2    149    152.5    155.8    158.8    161.6    164.2    166.6    168.8    170.8    172.7    174.4    176    177.4    
CS135    5.83e-05    33.06    45.28    59.99    78.69    99.49    121.1    142.8    164    184.2    203.5    221.5    238.4    254    268.4    281.6    293.6    304.6    314.6    323.6    331.6    338.8    345.2    350.9    355.8    360.1    363.8    366.9    369.5    371.6    373.2    374.4    375.2    375.7    375.8    375.6    
BA135    9.855e-10    0.001015    0.008787    0.03851    0.09993    0.1985    0.3368    0.5155    0.7341    0.9911    1.285    1.613    1.973    2.363    2.78    3.223    3.688    4.174    4.679    5.201    5.737    6.287    6.849    7.421    8.002    8.59    9.185    9.785    10.39    11    11.61    12.22    12.83    13.44    14.05    14.66    
XE136    0.002662    1387    1397    1406    1415    1422    1428    1433    1437    1440    1442    1444    1445    1446    1447    1448    1448    1448    1449    1449    1449    1449    1449    1449    1450    1450    1450    1450    1450    1450    1450    1450    1450    1450    1450    1450    
CS136    2.12e-05    2.993    0.1416    0.1737    0.2227    0.2786    0.3378    0.3979    0.4572    0.5144    0.5689    0.6203    0.6683    0.713    0.7542    0.7922    0.8269    0.8585    0.8872    0.9132    0.9365    0.9574    0.976    0.9924    1.007    1.019    1.03    1.039    1.047    1.053    1.058    1.061    1.064    1.065    1.066    1.065    
BA136    9.549e-07    8.023    11.55    12.36    13.4    14.72    16.35    18.29    20.56    23.13    26.01    29.17    32.59    36.26    40.17    44.28    48.6    53.09    57.74    62.55    67.49    72.55    77.72    82.98    88.33    93.76    99.25    104.8    110.4    116    121.7    127.4    133.1    138.9    144.6    150.4    
CS137    0.001352    661.1    660.9    660.7    659.9    658.6    656.6    654.1    651.2    647.9    644.3    640.5    636.5    632.4    628.2    624    619.7    615.5    611.2    606.9    602.6    598.4    594.2    590    585.8    581.7    577.5    573.5    569.4    565.4    561.4    557.4    553.5    549.6    545.7    541.9    
BA137    6.99e-07    1.858    6.848    11.8    16.72    21.59    26.42    31.19    35.92    40.59    45.2    49.75    54.24    58.67    63.05    67.36    71.61    75.8    79.94    84.01    88.03    91.99    95.89    99.74    103.5    107.3    110.9    114.6    118.1    121.7    125.1    128.6    131.9    135.3    138.5    141.8    
BA138    0.001182    586.7    591    595    598.6    601.8    604.4    606.5    608.2    609.7    610.8    611.8    612.6    613.3    614    614.5    615.1    615.6    616.1    616.6    617.2    617.7    618.3    618.9    619.5    620.1    620.7    621.4    622.1    622.8    623.6    624.3    625.1    625.9    626.8    627.6    
LA139    0.001142    573.6    571.4    568.4    565.1    561.3    557    552.3    547.2    541.8    536.3    530.5    524.7    518.8    512.9    507    501    495.2    489.3    483.5    477.8    472.1    466.5    460.9    455.5    450    444.7    439.4    434.2    429    423.9    418.9    413.9    409    404.2    399.4    
BA140    0.001113    150.8    0.9769    0.712    0.6217    0.5212    0.4259    0.3418    0.2706    0.2121    0.165    0.1277    0.0985    0.07598    0.05875    0.04567    0.03581    0.02844    0.02295    0.01889    0.0159    0.01372    0.01213    0.01098    0.01015    0.009551    0.009124    0.008818    0.008602    0.008449    0.008344    0.008274    0.008229    0.008199    0.008178    0.008154    
LA140    4.217e-05    20.03    0.3105    0.2704    0.2574    0.243    0.2291    0.2166    0.2057    0.1963    0.1884    0.1817    0.176    0.1713    0.1671    0.1636    0.1605    0.1577    0.1551    0.1528    0.1506    0.1486    0.1466    0.1447    0.1429    0.1412    0.1394    0.1377    0.1361    0.1345    0.1329    0.1313    0.1298    0.1282    0.1267    0.1252    
CE140    1.191e-05    422.7    603.1    614.3    624.8    634.8    644.1    652.9    661.1    668.9    676.4    683.5    690.4    697    703.5    709.8    715.9    721.9    727.8    733.6    739.3    744.9    750.4    755.9    761.2    766.5    771.7    776.8    781.8    786.8    791.7    796.6    801.3    806    810.7    815.2    
CE141    0.001027    283.8    23.07    3.452    1.802    1.46    1.227    1.03    0.8638    0.7287    0.6208    0.5362    0.4707    0.4208    0.3832    0.3552    0.3346    0.3197    0.3092    0.3019    0.2971    0.2941    0.2924    0.2917    0.2917    0.2922    0.2931    0.2942    0.2955    0.2969    0.2984    0.2999    0.3014    0.303    0.3045    0.306    
PR141    1.763e-05    267.1    521.7    534.3    528.8    521.6    513.9    505.9    497.7    489.3    480.8    472.3    463.8    455.3    446.9    438.6    430.4    422.3    414.4    406.6    399    391.5    384.1    377    369.9    363    356.2    349.6    343.1    336.8    330.6    324.5    318.5    312.7    307    301.4    
CE142    0.001034    528.1    535.1    538.2    540.8    542.8    544.4    545.5    546.2    546.6    546.8    546.7    546.5    546.2    545.8    545.3    544.8    544.2    543.6    543    542.4    541.8    541.1    540.5    539.8    539.2    538.5    537.9    537.2    536.5    535.9    535.2    534.6    533.9    533.3    532.6    
PR142    1.592e-09    0.06377    0.1246    0.1276    0.1263    0.1245    0.1227    0.1208    0.1188    0.1168    0.1148    0.1128    0.1107    0.1087    0.1067    0.1047    0.1028    0.1008    0.09895    0.09709    0.09527    0.09348    0.09173    0.09001    0.08833    0.08668    0.08506    0.08348    0.08193    0.08042    0.07893    0.07748    0.07606    0.07467    0.0733    0.07197    
ND142    7.651e-10    1.608    11.19    21.84    32.2    42.15    51.69    60.84    69.58    77.93    85.9    93.48    100.7    107.6    114.1    120.3    126.1    131.6    136.9    141.8    146.5    150.9    155    158.8    162.5    165.9    169    172    174.7    177.2    179.6    181.7    183.7    185.5    187.1    188.6    
CE143    0.0006773    15.25    0.08275    0.07706    0.0683    0.05915    0.05072    0.0434    0.03729    0.0323    0.02831    0.02517    0.02272    0.02083    0.01938    0.01828    0.01745    0.01682    0.01635    0.016    0.01574    0.01554    0.01539    0.01528    0.01519    0.01513    0.01507    0.01503    0.015    0.01497    0.01494    0.01492    0.0149    0.01488    0.01487    0.01485    
PR143    0.0002854    128.8    1.054    0.7414    0.6625    0.5759    0.4945    0.4232    0.3632    0.314    0.2745    0.2433    0.219    0.2002    0.1857    0.1748    0.1665    0.1602    0.1555    0.152    0.1493    0.1474    0.1459    0.1447    0.1439    0.1432    0.1427    0.1422    0.1419    0.1416    0.1413    0.1411    0.1409    0.1407    0.1405    0.1403    
ND143    9.647e-06    292.2    286.1    187.5    123.9    82.96    56.51    39.39    28.31    21.15    16.53    13.58    11.73    10.59    9.938    9.596    9.462    9.465    9.557    9.705    9.888    10.09    10.3    10.52    10.73    10.93    11.13    11.32    11.5    11.67    11.82    11.97    12.11    12.23    12.35    12.46    
CE144    0.0008248    370.2    278.4    210    158.7    120.2    91.13    69.18    52.57    39.97    30.41    23.15    17.62    13.42    10.23    7.796    5.947    4.54    3.472    2.66    2.043    1.575    1.22    0.9513    0.7476    0.5935    0.4769    0.3887    0.3221    0.2718    0.2337    0.2049    0.1831    0.1666    0.154    0.1443    
ND144    1.939e-06    85.84    335.1    507.9    627    709.5    767.1    807.5    835.9    856    870.1    880    887    891.9    895.4    897.7    899.3    900.5    901.2    901.8    902.2    902.5    902.9    903.2    903.5    903.9    904.3    904.8    905.3    905.9    906.6    907.3    908.1    908.9    909.7    910.6    
ND145    0.0005897    319.5    304    288.6    274.7    261.8    249.8    238.5    227.8    217.8    208.4    199.5    191.1    183.2    175.8    168.9    162.4    156.3    150.6    145.2    140.2    135.6    131.2    127.1    123.3    119.7    116.4    113.3    110.4    107.7    105.2    102.8    100.6    98.56    96.66    94.88    
ND146    0.0005493    280.1    303    324.7    345    364.2    382.2    399.2    415.1    430.2    444.4    457.9    470.6    482.7    494.2    505.2    515.6    525.6    535.1    544.2    552.9    561.3    569.3    577    584.5    591.6    598.5    605.2    611.7    617.9    624    629.9    635.6    641.1    646.5    651.8    
ND147    0.0004328    51.69    0.3773    0.3449    0.3216    0.2943    0.2684    0.2457    0.227    0.2122    0.201    0.1928    0.1871    0.1834    0.1814    0.1806    0.1806    0.1814    0.1827    0.1843    0.1862    0.1882    0.1903    0.1925    0.1946    0.1968    0.1989    0.201    0.2031    0.2051    0.207    0.2089    0.2108    0.2126    0.2144    0.2161    
PM147    2.192e-05    142.2    110.7    63.6    37.14    22.23    13.76    8.908    6.099    4.449    3.466    2.871    2.507    2.281    2.142    2.058    2.01    1.985    1.977    1.979    1.988    2.003    2.021    2.041    2.063    2.086    2.108    2.131    2.154    2.176    2.198    2.219    2.24    2.26    2.28    2.299    
SM147    1.002e-08    3.395    14.92    20.3    22.05    21.9    20.82    19.33    17.69    16.06    14.52    13.09    11.79    10.61    9.556    8.616    7.779    7.037    6.38    5.798    5.285    4.833    4.434    4.084    3.776    3.505    3.268    3.06    2.879    2.72    2.581    2.461    2.356    2.265    2.186    2.118    
ND148    0.0003779    187.4    188.1    188.6    188.9    189.1    189.1    189    188.7    188.3    187.8    187.2    186.6    185.9    185.2    184.5    183.7    183    182.2    181.5    180.7    180    179.2    178.4    177.7    176.9    176.2    175.4    174.6    173.9    173.2    172.4    171.7    170.9    170.2    169.5    
PM148    4.553e-08    2.815    2.257    1.299    0.7583    0.4535    0.2804    0.1814    0.124    0.09034    0.07028    0.05815    0.05071    0.04612    0.04328    0.04157    0.04058    0.04007    0.03989    0.03993    0.04013    0.04042    0.04078    0.04119    0.04163    0.04208    0.04254    0.043    0.04345    0.0439    0.04434    0.04477    0.04519    0.0456    0.046    0.04639    
PM148M    1.828e-08    1.075    0.8605    0.4952    0.2891    0.1729    0.1069    0.06916    0.04729    0.03445    0.0268    0.02218    0.01934    0.01759    0.01651    0.01585    0.01548    0.01528    0.01522    0.01523    0.0153    0.01542    0.01556    0.01571    0.01588    0.01605    0.01623    0.0164    0.01657    0.01675    0.01691    0.01708    0.01724    0.01739    0.01755    0.01769    
SM148    3.27e-09    12.46    53.97    80.05    96.23    106.7    113.8    118.9    122.6    125.6    127.9    129.9    131.5    132.9    134.1    135.1    136    136.7    137.4    138    138.6    139    139.5    139.8    140.2    140.5    140.8    141    141.3    141.5    141.7    141.9    142.1    142.3    142.5    142.7    
PM149    0.0002137    7.721    0.8498    0.5107    0.3169    0.2057    0.1411    0.103    0.07993    0.06571    0.05672    0.05089    0.04704    0.04443    0.04266    0.04143    0.04059    0.04002    0.03963    0.03938    0.03923    0.03914    0.0391    0.0391    0.03912    0.03915    0.03919    0.03924    0.03929    0.03934    0.03939    0.03944    0.03949    0.03953    0.03958    0.03961    
SM149    3.36e-05    2.504    0.2784    0.1699    0.1079    0.07242    0.05186    0.03975    0.03249    0.02804    0.02525    0.02346    0.0223    0.02153    0.02102    0.02068    0.02045    0.02031    0.02022    0.02017    0.02015    0.02015    0.02016    0.02018    0.0202    0.02023    0.02026    0.02029    0.02031    0.02034    0.02037    0.0204    0.02042    0.02045    0.02047    0.02049    
ND150    0.0002249    110    110.5    111    111.4    111.7    112    112.1    112.1    112.1    112    111.9    111.7    111.5    111.3    111.1    110.9    110.6    110.4    110.1    109.9    109.6    109.3    109.1    108.8    108.5    108.3    108    107.8    107.5    107.2    107    106.7    106.5    106.2    105.9    
SM150    2.691e-05    139.2    160    157.7    147.9    135.2    121.8    108.8    96.69    85.81    76.14    67.62    60.18    53.7    48.07    43.21    39    35.38    32.25    29.57    27.25    25.27    23.57    22.1    20.85    19.78    18.86    18.07    17.4    16.83    16.34    15.92    15.56    15.26    15    14.78    
SM151    5.316e-05    9.001    1.456    1.434    1.345    1.229    1.106    0.988    0.8787    0.7803    0.6931    0.6164    0.5496    0.4915    0.4412    0.3978    0.3603    0.328    0.3002    0.2764    0.2559    0.2383    0.2232    0.2102    0.1991    0.1896    0.1815    0.1745    0.1686    0.1635    0.1591    0.1554    0.1522    0.1495    0.1472    0.1452    
SM152    0.0001439    136    116.6    97.54    84.14    73.79    65.23    57.84    51.33    45.55    40.42    35.87    31.85    28.31    25.22    22.51    20.16    18.13    16.36    14.84    13.52    12.39    11.41    10.57    9.853    9.235    8.704    8.25    7.86    7.526    7.241    6.996    6.787    6.608    6.455    6.325    
SM153    6.644e-05    3.481    1.394    1.167    1.007    0.8827    0.7799    0.6911    0.613    0.5437    0.4821    0.4276    0.3795    0.3372    0.3002    0.268    0.2399    0.2156    0.1946    0.1764    0.1607    0.1472    0.1356    0.1257    0.1171    0.1097    0.1034    0.09803    0.0934    0.08943    0.08604    0.08313    0.08065    0.07852    0.07671    0.07515    
EU153    1.998e-05    50.27    66.52    66.84    62.19    56.22    50.26    44.75    39.78    35.32    31.35    27.81    24.68    21.9    19.46    17.31    15.44    13.8    12.38    11.14    10.07    9.149    8.353    7.667    7.076    6.569    6.133    5.758    5.437    5.162    4.926    4.724    4.551    4.403    4.277    4.169    
SM154    6.523e-05    32.72    33.53    34.18    34.69    35.1    35.4    35.62    35.76    35.85    35.87    35.85    35.79    35.7    35.57    35.43    35.26    35.08    34.88    34.68    34.46    34.24    34.01    33.78    33.54    33.3    33.06    32.82    32.57    32.33    32.09    31.84    31.6    31.36    31.12    30.88    
EU154    9.392e-08    7.836    20.51    23.73    23.2    21.38    19.26    17.2    15.31    13.6    12.08    10.72    9.507    8.437    7.491    6.66    5.931    5.294    4.74    4.258    3.841    3.48    3.168    2.899    2.668    2.469    2.298    2.151    2.025    1.917    1.824    1.745    1.677    1.618    1.569    1.526    
GD154    1.39e-11    0.04742    0.394    0.8958    1.37    1.758    2.05    2.256    2.388    2.459    2.482    2.466    2.42    2.352    2.267    2.17    2.065    1.956    1.845    1.735    1.627    1.522    1.421    1.326    1.235    1.15    1.071    0.9974    0.9291    0.8661    0.8083    0.7552    0.7067    0.6624    0.6221    0.5855    
EU155    3.854e-05    6.89    6.431    7.89    7.866    7.308    6.608    5.913    5.27    4.69    4.17    3.707    3.295    2.93    2.607    2.323    2.074    1.857    1.667    1.502    1.359    1.235    1.129    1.036    0.9567    0.8883    0.8293    0.7787    0.7352    0.6978    0.6657    0.6381    0.6145    0.5942    0.5767    0.5617    
EU156    1.908e-05    9.472    6.236    8.175    8.356    7.835    7.11    6.37    5.68    5.055    4.494    3.995    3.55    3.156    2.808    2.501    2.232    1.997    1.792    1.613    1.459    1.325    1.209    1.109    1.023    0.9485    0.8846    0.8298    0.7826    0.7421    0.7073    0.6774    0.6518    0.6298    0.6109    0.5946    
GD156    6.58e-07    18.74    47.92    82.07    120.6    157.7    191.6    221.7    248.3    271.5    291.8    309.5    324.7    337.9    349.2    358.8    367.1    374    379.9    384.7    388.8    392.1    394.8    397    398.7    400    400.9    401.6    402    402.1    402.1    402    401.7    401.3    400.8    400.2    
EU157    9.263e-06    0.196    0.04218    0.05506    0.05621    0.05266    0.04776    0.04276    0.0381    0.03388    0.0301    0.02674    0.02375    0.0211    0.01876    0.01671    0.01491    0.01333    0.01196    0.01077    0.009731    0.008836    0.008063    0.007396    0.006821    0.006327    0.005901    0.005535    0.005221    0.004951    0.004719    0.00452    0.004349    0.004202    0.004076    0.003968    
GD157    4.346e-06    0.09263    0.02159    0.02892    0.03091    0.03064    0.02962    0.02841    0.02722    0.02612    0.02512    0.0242    0.02338    0.02263    0.02196    0.02136    0.02082    0.02035    0.01992    0.01955    0.01922    0.01892    0.01866    0.01843    0.01822    0.01804    0.01788    0.01773    0.0176    0.01748    0.01737    0.01727    0.01718    0.01709    0.01701    0.01694    
GD158    1.898e-05    17.06    21.42    26.93    33.29    39.75    46.03    52.05    57.79    63.27    68.5    73.51    78.32    82.94    87.39    91.68    95.83    99.86    103.8    107.6    111.3    114.9    118.4    121.9    125.3    128.6    131.9    135.1    138.3    141.4    144.5    147.6    150.6    153.5    156.4    159.3    
TB159    2.395e-06    2.607    2.649    2.675    2.739    2.839    2.973    3.137    3.329    3.544    3.781    4.036    4.308    4.595    4.894    5.205    5.525    5.853    6.189    6.53    6.877    7.228    7.583    7.94    8.299    8.66    9.023    9.386    9.749    10.11    10.48    10.84    11.2    11.56    11.92    12.28    
GD160    2.599e-06    1.273    1.281    1.288    1.296    1.302    1.307    1.311    1.313    1.315    1.316    1.317    1.316    1.316    1.315    1.314    1.312    1.311    1.309    1.308    1.306    1.304    1.302    1.301    1.299    1.297    1.295    1.293    1.291    1.29    1.288    1.286    1.284    1.282    1.28    1.279    
TB160    1.289e-09    0.03801    0.07978    0.08634    0.0887    0.09149    0.09532    0.1002    0.106    0.1127    0.1201    0.1281    0.1368    0.1459    0.1555    0.1655    0.1759    0.1865    0.1974    0.2085    0.2198    0.2313    0.2429    0.2546    0.2663    0.2782    0.29    0.302    0.3139    0.3258    0.3377    0.3497    0.3616    0.3734    0.3853    0.3971    
DY160    7.713e-12    0.01019    0.06959    0.14    0.2032    0.2588    0.3088    0.3552    0.3994    0.4427    0.486    0.53    0.5752    0.622    0.6705    0.7209    0.7732    0.8276    0.8838    0.9419    1.002    1.063    1.126    1.191    1.257    1.323    1.391    1.46    1.53    1.6    1.671    1.742    1.814    1.885    1.958    2.03    
TB161    1.198e-06    0.105    0.006903    0.007487    0.007638    0.007802    0.008046    0.008376    0.008787    0.009272    0.009824    0.01043    0.0111    0.0118    0.01255    0.01333    0.01414    0.01498    0.01584    0.01672    0.01761    0.01852    0.01943    0.02036    0.02129    0.02223    0.02317    0.02411    0.02506    0.026    0.02695    0.02789    0.02884    0.02978    0.03071    0.03165    
DY161    1.096e-07    0.4537    0.2835    0.1829    0.1488    0.1419    0.1464    0.1558    0.1675    0.1806    0.1946    0.2096    0.2254    0.2421    0.2596    0.2779    0.2969    0.3168    0.3373    0.3585    0.3803    0.4026    0.4255    0.4487    0.4724    0.4964    0.5208    0.5453    0.5702    0.5952    0.6203    0.6456    0.6709    0.6964    0.7218    0.7473    
DY162    6.472e-07    0.4138    0.5488    0.5232    0.4643    0.4125    0.3777    0.3595    0.3548    0.3602    0.3733    0.3921    0.4154    0.4424    0.4723    0.5049    0.5397    0.5767    0.6155    0.6561    0.6983    0.742    0.787    0.8332    0.8806    0.9289    0.9782    1.028    1.079    1.13    1.182    1.234    1.287    1.34    1.393    1.447    
DY163    2.691e-07    0.1757    0.3185    0.4409    0.5176    0.5562    0.5704    0.572    0.5692    0.5672    0.5691    0.5764    0.5896    0.6089    0.634    0.6646    0.7003    0.7407    0.7855    0.8344    0.8869    0.9428    1.002    1.064    1.128    1.195    1.265    1.336    1.409    1.483    1.559    1.637    1.715    1.795    1.875    1.956    
DY164    1.096e-07    0.02211    0.01528    0.02194    0.0264    0.02876    0.0297    0.02987    0.02974    0.02962    0.02967    0.02998    0.03061    0.03155    0.0328    0.03433    0.03614    0.03821    0.0405    0.043    0.04571    0.04859    0.05164    0.05484    0.05818    0.06165    0.06524    0.06893    0.07272    0.07659    0.08054    0.08456    0.08865    0.09278    0.09696    0.1012    
HO165    5.033e-08    0.07011    0.1285    0.201    0.2907    0.3849    0.4746    0.5555    0.6261    0.6871    0.7403    0.7876    0.8312    0.8731    0.9148    0.9579    1.003    1.052    1.105    1.163    1.226    1.294    1.367    1.446    1.531    1.621    1.716    1.816    1.922    2.032    2.147    2.266    2.389    2.516    2.647    2.781    
HO166M    5.689e-11    0.0001532    0.0007127    0.001612    0.002965    0.004831    0.007208    0.01006    0.01332    0.01695    0.02089    0.02511    0.02958    0.03428    0.03921    0.04437    0.04978    0.05545    0.06139    0.06765    0.07423    0.08117    0.0885    0.09626    0.1045    0.1131    0.1223    0.1321    0.1424    0.1532    0.1648    0.1769    0.1897    0.2032    0.2175    0.2324    
ER166    1.221e-09    0.0158    0.02928    0.04835    0.07656    0.1145    0.1615    0.2159    0.276    0.3401    0.4069    0.4753    0.5447    0.6146    0.6849    0.7557    0.8271    0.8996    0.9736    1.049    1.128    1.209    1.293    1.381    1.474    1.571    1.673    1.78    1.893    2.011    2.136    2.267    2.404    2.547    2.697    2.853    
ER167    9.595e-09    0.003323    0.001836    0.002092    0.00313    0.004753    0.006898    0.0095    0.01247    0.01572    0.01917    0.02276    0.02642    0.03013    0.03387    0.03764    0.04144    0.04527    0.04917    0.05316    0.05725    0.06148    0.06586    0.07043    0.07521    0.08022    0.08549    0.09102    0.09684    0.103    0.1094    0.1161    0.1232    0.1306    0.1384    0.1465    
ER168    1.048e-10    0.001831    0.005004    0.007535    0.01098    0.01622    0.024    0.03498    0.04971    0.0686    0.09197    0.12    0.1529    0.1906    0.2332    0.2808    0.3333    0.3908    0.4532    0.5208    0.5936    0.6717    0.7554    0.8448    0.9401    1.042    1.15    1.265    1.387    1.517    1.655    1.802    1.957    2.121    2.295    2.479    
