TIME    3   100   220   340   460   580   700   820   940   1060   1180   1300   1420   1540   1660   1780   1900   2020   2140   2260   2380   2500   2620   2740   2860   2980   3100   3220   3340   3460   3580   3700   3820   3940   4060   4180   
NEUT_PROD    47.2   323   375   351   304   253   206   164   130   102   79   61.2   47.4   36.8   28.8   22.7   18.2   14.8   12.3   10.5   9.17   8.22   7.54   7.05   6.7   6.45   6.26   6.12   6   5.91   5.82   5.74   5.65   5.56   5.47   5.37   
NEUT_DEST    316   439   413   373   324   276   233   195   163   136   115   97.2   83.1   71.8   62.8   55.6   49.8   45.2   41.5   38.5   36   34   32.3   30.8   29.6   28.6   27.7   26.9   26.2   25.5   25   24.4   23.9   23.5   23.1   22.7   
BUd    0.422    65.9    124    128    115    97.6    80.2    64.6    51.3    40.2    31.4    24.3    18.8    14.5    11.3    8.78    6.92    5.52    4.48    3.72    3.15    2.74    2.44    2.23    2.07    1.95    1.87    1.81    1.76    1.72    1.69    1.66    1.63    1.6    1.58    1.55    
HE4    0.001085    0.03112    0.05909    0.0798    0.09576    0.1088    0.1199    0.1298    0.1387    0.1468    0.1542    0.1608    0.1669    0.1725    0.1776    0.1825    0.1872    0.1918    0.1964    0.2009    0.2055    0.2101    0.2148    0.2195    0.2244    0.2292    0.2342    0.2391    0.2441    0.2491    0.2541    0.2591    0.264    0.2689    0.2737    0.2785    
U234    0.06341    1.745    3.164    4.048    4.556    4.802    4.866    4.808    4.669    4.479    4.258    4.022    3.78    3.539    3.304    3.077    2.862    2.657    2.465    2.285    2.116    1.959    1.813    1.677    1.551    1.434    1.326    1.225    1.133    1.047    0.9673    0.8939    0.826    0.7633    0.7053    0.6517    
U235    7.595e-05    0.06487    0.2183    0.39    0.5453    0.6701    0.761    0.8201    0.8519    0.8616    0.8544    0.8344    0.8055    0.7705    0.7318    0.6912    0.65    0.609    0.569    0.5305    0.4936    0.4587    0.4257    0.3948    0.3658    0.3388    0.3136    0.2902    0.2684    0.2482    0.2295    0.2122    0.1961    0.1813    0.1675    0.1548    
U236    6.016e-08    0.001762    0.01204    0.03373    0.06606    0.1069    0.1536    0.2041    0.2562    0.3084    0.3595    0.4087    0.4553    0.499    0.5395    0.5768    0.6108    0.6416    0.6693    0.6941    0.7161    0.7355    0.7524    0.767    0.7795    0.79    0.7988    0.8058    0.8113    0.8154    0.8182    0.8199    0.8204    0.82    0.8186    0.8165    
NP237    1.807e-07    6.187e-05    0.0002092    0.0005853    0.001329    0.002513    0.004152    0.006228    0.008703    0.01152    0.01464    0.01799    0.02151    0.02516    0.02888    0.03263    0.03635    0.04002    0.0436    0.04707    0.0504    0.05358    0.05659    0.05942    0.06208    0.06455    0.06683    0.06892    0.07084    0.07257    0.07413    0.07552    0.07675    0.07782    0.07875    0.07954    
PU238    990.4    725.8    526.5    382    277.2    201.2    146.1    106.2    77.27    56.29    41.05    29.98    21.93    16.06    11.78    8.651    6.363    4.687    3.458    2.555    1.892    1.403    1.044    0.7791    0.584    0.4402    0.3342    0.2561    0.1986    0.1563    0.1252    0.1023    0.08554    0.07325    0.06426    0.0577    
PU239    9.075    168.3    189.3    164.1    129.7    98.42    73.14    53.79    39.36    28.74    20.97    15.3    11.17    8.168    5.979    4.382    3.216    2.364    1.74    1.283    0.9473    0.7008    0.5195    0.3862    0.288    0.2156    0.1623    0.123    0.0941    0.07278    0.05709    0.04554    0.03705    0.03082    0.02625    0.0229    
PU240    0.04073    26.82    63.54    85.95    93.1    89.71    80.54    69.02    57.26    46.41    36.97    29.07    22.64    17.5    13.47    10.34    7.94    6.109    4.725    3.685    2.908    2.33    1.903    1.588    1.357    1.189    1.065    0.9751    0.9089    0.8599    0.823    0.7945    0.7716    0.7526    0.7359    0.7206    
PU241    0.0001648    3.215    13.54    24.5    31.7    34.39    33.54    30.52    26.48    22.2    18.15    14.56    11.51    9.006    6.991    5.398    4.155    3.197    2.464    1.908    1.489    1.176    0.9426    0.7697    0.6421    0.5484    0.4797    0.4295    0.3927    0.3657    0.3456    0.3305    0.3188    0.3094    0.3016    0.2948    
PU242    3.235e-07    0.2374    2.27    7.018    13.83    21.47    28.85    35.26    40.37    44.08    46.51    47.81    48.19    47.83    46.93    45.62    44.03    42.26    40.39    38.47    36.54    34.64    32.78    30.99    29.27    27.62    26.06    24.58    23.18    21.85    20.6    19.43    18.32    17.27    16.29    15.37    
AM241    1.625e-08    0.009898    0.08073    0.2101    0.3426    0.4359    0.4771    0.4729    0.4378    0.3857    0.3278    0.271    0.2195    0.175    0.1378    0.1075    0.08334    0.06436    0.04963    0.0383    0.02967    0.02315    0.01825    0.01459    0.01187    0.009856    0.008374    0.007286    0.006489    0.005904    0.005474    0.005154    0.004914    0.00473    0.004583    0.004461    
AM243    1.102e-10    0.003218    0.0648    0.3144    0.8597    1.728    2.873    4.205    5.623    7.031    8.356    9.542    10.56    11.39    12.03    12.49    12.78    12.92    12.93    12.83    12.64    12.38    12.05    11.68    11.28    10.85    10.41    9.967    9.52    9.075    8.638    8.211    7.797    7.396    7.011    6.641    
CM242    2.272e-11    0.001319    0.02415    0.09739    0.2151    0.3453    0.4556    0.5272    0.5557    0.5469    0.5108    0.4581    0.3979    0.3368    0.2793    0.2277    0.1831    0.1457    0.115    0.09019    0.07048    0.05501    0.04299    0.03374    0.02667    0.02132    0.01728    0.01426    0.01201    0.01033    0.009092    0.008174    0.007492    0.006984    0.0066    0.006306    
CM243    3.161e-15    6.414e-06    0.0002314    0.001276    0.003476    0.0065    0.009632    0.0122    0.01383    0.01443    0.01413    0.01318    0.01183    0.01029    0.008728    0.007253    0.005928    0.00478    0.003813    0.003016    0.002372    0.00186    0.001456    0.001142    0.0009002    0.0007152    0.0005748    0.0004689    0.0003894    0.0003301    0.0002859    0.0002531    0.0002288    0.0002106    0.000197    0.0001866    
CM244    1.065e-13    0.0001139    0.004874    0.03745    0.1438    0.3798    0.7947    1.421    2.268    3.328    4.575    5.974    7.484    9.061    10.66    12.26    13.8    15.28    16.66    17.94    19.09    20.11    21    21.76    22.39    22.9    23.28    23.55    23.71    23.78    23.75    23.64    23.46    23.22    22.92    22.56    
CM245    2.806e-17    7.183e-07    4.775e-05    0.0004466    0.001918    0.005442    0.01196    0.02217    0.03636    0.05448    0.07615    0.1008    0.1276    0.156    0.185    0.214    0.2424    0.2696    0.2953    0.319    0.3406    0.3599    0.3768    0.3914    0.4035    0.4133    0.4209    0.4264    0.4299    0.4316    0.4317    0.4302    0.4273    0.4232    0.418    0.4118    
CM246    5.303e-20    4.894e-08    6.986e-06    0.0001042    0.0006318    0.002364    0.006565    0.0149    0.02928    0.05166    0.08385    0.1274    0.1836    0.2532    0.3367    0.4341    0.5452    0.6694    0.806    0.9539    1.112    1.279    1.454    1.636    1.823    2.014    2.208    2.404    2.6    2.797    2.992    3.186    3.377    3.565    3.749    3.929    
SE77    5.581e-07    0.004622    0.007535    0.01005    0.01196    0.01326    0.01405    0.01444    0.01453    0.0144    0.01411    0.01372    0.01326    0.01275    0.01223    0.01169    0.01116    0.01064    0.01014    0.009655    0.00919    0.008746    0.008324    0.007923    0.007543    0.007184    0.006844    0.006523    0.006219    0.005933    0.005662    0.005407    0.005166    0.004938    0.004723    0.00452    
SE78    5.778e-06    0.01409    0.02358    0.03287    0.04093    0.04761    0.05304    0.05742    0.06095    0.06383    0.06618    0.06812    0.06974    0.07112    0.07231    0.07334    0.07425    0.07506    0.0758    0.07647    0.07709    0.07766    0.07819    0.07869    0.07916    0.0796    0.08002    0.08041    0.08079    0.08114    0.08148    0.0818    0.0821    0.08239    0.08267    0.08293    
SE79    1.325e-05    0.03039    0.05008    0.06902    0.085    0.09776    0.1077    0.1152    0.1208    0.125    0.1281    0.1304    0.1319    0.1331    0.1338    0.1343    0.1346    0.1348    0.1348    0.1348    0.1347    0.1346    0.1344    0.1343    0.1341    0.1339    0.1337    0.1335    0.1333    0.1331    0.1329    0.1327    0.1325    0.1323    0.1321    0.1319    
SE80    3.191e-05    0.07298    0.1205    0.1662    0.2048    0.2357    0.2599    0.2785    0.2928    0.3036    0.3119    0.3182    0.3231    0.3269    0.3298    0.3322    0.3341    0.3357    0.337    0.3382    0.3393    0.3402    0.3411    0.342    0.3428    0.3436    0.3443    0.3451    0.3458    0.3466    0.3473    0.3481    0.3488    0.3495    0.3502    0.3509    
BR81    4.867e-05    0.1116    0.1831    0.2512    0.3081    0.3527    0.3864    0.4113    0.4291    0.4414    0.4496    0.4546    0.4572    0.4581    0.4577    0.4562    0.4541    0.4515    0.4486    0.4454    0.442    0.4385    0.435    0.4314    0.4278    0.4243    0.4207    0.4172    0.4136    0.4101    0.4067    0.4033    0.3999    0.3965    0.3932    0.3899    
SE82    6.021e-05    0.1378    0.2283    0.3168    0.3931    0.4555    0.5052    0.5442    0.5744    0.5977    0.6156    0.6293    0.6398    0.6479    0.6541    0.659    0.6628    0.6659    0.6684    0.6705    0.6723    0.6739    0.6753    0.6766    0.6778    0.679    0.6801    0.6812    0.6823    0.6833    0.6844    0.6854    0.6864    0.6874    0.6884    0.6893    
KR82    3.808e-07    0.002848    0.005862    0.009304    0.01293    0.01658    0.02018    0.02365    0.02698    0.03013    0.0331    0.03587    0.03844    0.04082    0.04301    0.04501    0.04684    0.04851    0.05002    0.05138    0.05261    0.05371    0.05468    0.05555    0.05632    0.05699    0.05757    0.05807    0.0585    0.05886    0.05915    0.05938    0.05956    0.05969    0.05977    0.05981    
KR83    8.091e-05    0.1833    0.2554    0.3072    0.3313    0.3322    0.317    0.2919    0.2618    0.2302    0.1995    0.1709    0.1453    0.1229    0.1038    0.0876    0.07418    0.06316    0.05421    0.04701    0.04127    0.03672    0.03315    0.03037    0.02822    0.02656    0.0253    0.02433    0.02361    0.02306    0.02265    0.02234    0.02211    0.02193    0.02179    0.02168    
KR84    0.0001449    0.3547    0.6403    0.9421    1.228    1.484    1.707    1.898    2.058    2.192    2.302    2.392    2.466    2.526    2.575    2.615    2.648    2.675    2.698    2.717    2.734    2.748    2.761    2.772    2.783    2.793    2.802    2.811    2.819    2.827    2.835    2.843    2.851    2.859    2.866    2.874    
KR85    3.471e-05    0.08608    0.1412    0.1939    0.2382    0.2731    0.2993    0.3182    0.3312    0.3395    0.3441    0.346    0.3458    0.344    0.341    0.3373    0.333    0.3282    0.3232    0.3181    0.3129    0.3076    0.3024    0.2973    0.2921    0.2871    0.2822    0.2773    0.2726    0.2679    0.2634    0.2589    0.2546    0.2503    0.2462    0.2421    
RB85    0.0001224    0.3077    0.5138    0.7172    0.8955    1.044    1.165    1.262    1.34    1.402    1.451    1.49    1.522    1.547    1.569    1.587    1.602    1.616    1.627    1.638    1.648    1.657    1.666    1.674    1.682    1.69    1.698    1.705    1.712    1.719    1.726    1.733    1.739    1.746    1.752    1.758    
KR86    0.0002399    0.5495    0.9146    1.278    1.597    1.864    2.081    2.254    2.391    2.498    2.581    2.645    2.695    2.734    2.764    2.788    2.807    2.823    2.836    2.846    2.855    2.864    2.871    2.878    2.884    2.89    2.895    2.901    2.906    2.911    2.916    2.921    2.926    2.931    2.936    2.941    
SR86    7.078e-09    0.0003358    0.001044    0.001899    0.002917    0.004062    0.00531    0.006639    0.008034    0.00948    0.01097    0.01248    0.01403    0.01559    0.01716    0.01875    0.02034    0.02194    0.02354    0.02515    0.02676    0.02837    0.02999    0.0316    0.03321    0.03483    0.03644    0.03805    0.03966    0.04128    0.04289    0.0445    0.0461    0.04771    0.04931    0.05092    
RB87    0.0002932    0.6878    1.145    1.598    1.997    2.329    2.598    2.813    2.981    3.113    3.215    3.294    3.355    3.402    3.438    3.466    3.489    3.507    3.521    3.533    3.543    3.552    3.56    3.567    3.574    3.58    3.586    3.591    3.597    3.602    3.607    3.612    3.617    3.622    3.627    3.632    
SR88    0.0004013    0.9766    1.626    2.266    2.827    3.292    3.667    3.965    4.2    4.382    4.524    4.634    4.719    4.785    4.837    4.877    4.91    4.937    4.959    4.977    4.993    5.008    5.02    5.032    5.044    5.054    5.064    5.074    5.084    5.094    5.103    5.112    5.121    5.13    5.139    5.148    
SR89    0.0005316    0.7904    0.6051    0.5527    0.4839    0.4045    0.3282    0.2613    0.2054    0.1602    0.1242    0.09604    0.07423    0.05748    0.04473    0.03508    0.02782    0.02238    0.01833    0.01532    0.0131    0.01146    0.01025    0.009353    0.008694    0.008204    0.007837    0.007559    0.007345    0.007177    0.007044    0.006935    0.006844    0.006766    0.006694    0.006623    
Y89    7.348e-06    0.4501    1.454    2.313    3.084    3.743    4.284    4.717    5.057    5.321    5.524    5.679    5.796    5.884    5.95    5.999    6.036    6.062    6.082    6.097    6.107    6.115    6.12    6.124    6.127    6.129    6.13    6.131    6.131    6.131    6.131    6.131    6.13    6.129    6.129    6.128    
SR90    0.0006757    1.544    2.551    3.537    4.387    5.078    5.622    6.039    6.351    6.58    6.742    6.852    6.922    6.962    6.979    6.979    6.966    6.943    6.913    6.879    6.841    6.8    6.757    6.713    6.669    6.624    6.579    6.534    6.488    6.443    6.398    6.353    6.309    6.265    6.221    6.177    
ZR90    2.229e-08    0.003927    0.02103    0.04767    0.08307    0.1259    0.1746    0.2281    0.2852    0.3449    0.4066    0.4698    0.5338    0.5985    0.6636    0.7288    0.794    0.8592    0.9242    0.9889    1.053    1.118    1.181    1.245    1.308    1.371    1.433    1.496    1.557    1.619    1.68    1.74    1.801    1.861    1.92    1.979    
Y91    0.0005537    1.24    1.028    0.9516    0.8414    0.71    0.5809    0.4659    0.369    0.2898    0.2265    0.1768    0.1381    0.1083    0.08561    0.06838    0.0554    0.04566    0.0384    0.033    0.029    0.02604    0.02386    0.02224    0.02104    0.02015    0.01948    0.01896    0.01856    0.01824    0.01798    0.01777    0.01758    0.01742    0.01726    0.01711    
ZR91    6.197e-06    0.6015    2.049    3.336    4.505    5.513    6.349    7.024    7.559    7.977    8.301    8.551    8.743    8.889    9.001    9.086    9.152    9.203    9.242    9.273    9.298    9.319    9.336    9.35    9.363    9.374    9.384    9.394    9.402    9.411    9.419    9.426    9.434    9.441    9.448    9.454    
ZR92    0.0008726    2.274    3.798    5.301    6.621    7.721    8.612    9.323    9.884    10.32    10.67    10.93    11.14    11.31    11.44    11.54    11.62    11.69    11.75    11.81    11.85    11.89    11.93    11.97    12    12.03    12.07    12.1    12.13    12.16    12.19    12.22    12.25    12.28    12.31    12.34    
ZR93    0.0008803    2.964    4.942    6.875    8.559    9.945    11.05    11.91    12.58    13.07    13.44    13.71    13.9    14.03    14.11    14.16    14.18    14.18    14.17    14.15    14.12    14.09    14.05    14.01    13.97    13.92    13.88    13.83    13.78    13.74    13.69    13.65    13.6    13.55    13.51    13.46    
ZR94    0.001454    3.357    5.599    7.829    9.797    11.45    12.8    13.88    14.75    15.45    16.01    16.45    16.82    17.11    17.36    17.57    17.75    17.91    18.06    18.19    18.32    18.44    18.55    18.66    18.77    18.88    18.98    19.09    19.19    19.29    19.39    19.49    19.59    19.69    19.79    19.89    
ZR95    0.001633    2.635    2.276    2.139    1.91    1.625    1.337    1.076    0.853    0.6688    0.5203    0.4028    0.311    0.2401    0.1859    0.1447    0.1137    0.09044    0.07315    0.06036    0.05095    0.04406    0.03904    0.03541    0.03277    0.03088    0.02951    0.02852    0.02779    0.02726    0.02687    0.02657    0.02634    0.02616    0.02599    0.02582    
NB95    1.77e-05    0.7185    1.17    1.139    1.045    0.9095    0.7606    0.619    0.4944    0.3898    0.3045    0.2364    0.1828    0.1412    0.1092    0.08479    0.06636    0.05251    0.04218    0.03451    0.02885    0.0247    0.02167    0.01947    0.01787    0.01672    0.01588    0.01528    0.01483    0.01451    0.01426    0.01407    0.01392    0.01379    0.01368    0.01357    
MO95    2.647e-07    0.437    2.817    5.377    7.729    9.76    11.41    12.7    13.64    14.3    14.73    14.98    15.07    15.06    14.97    14.81    14.61    14.38    14.13    13.86    13.59    13.31    13.03    12.75    12.47    12.19    11.93    11.66    11.4    11.15    10.9    10.66    10.43    10.2    9.972    9.753    
ZR96    0.001755    4.023    6.7    9.37    11.73    13.7    15.31    16.59    17.6    18.38    18.99    19.46    19.82    20.1    20.31    20.47    20.6    20.7    20.78    20.85    20.9    20.95    20.99    21.02    21.05    21.09    21.11    21.14    21.17    21.2    21.22    21.25    21.27    21.3    21.32    21.35    
MO96    6.082e-07    0.006376    0.05713    0.1743    0.3539    0.5884    0.8681    1.183    1.525    1.884    2.256    2.635    3.016    3.397    3.775    4.149    4.517    4.878    5.232    5.578    5.917    6.247    6.57    6.885    7.191    7.49    7.781    8.065    8.341    8.61    8.872    9.127    9.375    9.617    9.852    10.08    
MO97    0.001044    4.338    7.284    10.17    12.7    14.81    16.51    17.85    18.89    19.69    20.29    20.74    21.07    21.31    21.48    21.59    21.67    21.72    21.75    21.77    21.77    21.76    21.75    21.74    21.72    21.71    21.69    21.67    21.65    21.63    21.61    21.59    21.57    21.55    21.54    21.52    
MO98    0.002045    4.693    7.835    10.99    13.79    16.15    18.09    19.66    20.92    21.92    22.71    23.33    23.83    24.23    24.56    24.83    25.05    25.25    25.42    25.57    25.71    25.84    25.97    26.08    26.2    26.31    26.42    26.53    26.64    26.74    26.85    26.96    27.06    27.16    27.27    27.37    
MO99    0.001692    0.3182    0.1376    0.1263    0.1088    0.09047    0.07352    0.05879    0.04646    0.0364    0.02835    0.02202    0.01708    0.01329    0.01039    0.008199    0.006551    0.005321    0.004408    0.003734    0.003241    0.002881    0.002621    0.002434    0.0023    0.002205    0.002139    0.002093    0.002062    0.002043    0.002031    0.002026    0.002026    0.002029    0.002033    0.002037    
TC99    0.0004182    4.704    7.974    10.94    13.43    15.36    16.77    17.72    18.29    18.56    18.59    18.44    18.15    17.77    17.31    16.82    16.3    15.76    15.22    14.68    14.16    13.64    13.14    12.65    12.18    11.73    11.29    10.87    10.47    10.08    9.71    9.355    9.014    8.687    8.374    8.074    
MO100    0.002478    5.675    9.452    13.22    16.56    19.35    21.63    23.45    24.88    25.99    26.86    27.52    28.03    28.41    28.71    28.94    29.11    29.25    29.35    29.44    29.51    29.57    29.62    29.66    29.7    29.74    29.78    29.81    29.84    29.87    29.9    29.93    29.96    29.99    30.02    30.05    
RU100    2.552e-07    0.07554    0.3559    0.7673    1.294    1.911    2.595    3.324    4.079    4.846    5.612    6.368    7.109    7.828    8.524    9.192    9.834    10.45    11.03    11.59    12.11    12.62    13.09    13.54    13.97    14.37    14.75    15.1    15.44    15.76    16.05    16.33    16.59    16.84    17.07    17.28    
RU101    0.002125    4.9    8.141    11.38    14.24    16.63    18.56    20.08    21.25    22.14    22.79    23.27    23.61    23.84    23.99    24.08    24.13    24.15    24.14    24.13    24.1    24.06    24.02    23.98    23.94    23.91    23.87    23.83    23.8    23.77    23.74    23.72    23.69    23.67    23.65    23.63    
RU102    0.00219    5.052    8.481    11.97    15.12    17.83    20.1    21.97    23.5    24.73    25.73    26.55    27.22    27.77    28.24    28.64    28.99    29.3    29.58    29.84    30.08    30.31    30.53    30.75    30.96    31.17    31.37    31.57    31.77    31.97    32.17    32.36    32.56    32.75    32.95    33.14    
RU103    0.002512    3.332    2.263    2.082    1.838    1.551    1.272    1.024    0.815    0.6435    0.5059    0.3973    0.3127    0.2476    0.198    0.1604    0.1323    0.1113    0.09583    0.08448    0.07623    0.07029    0.06605    0.06308    0.06102    0.05962    0.05869    0.05811    0.05776    0.05758    0.05752    0.05755    0.05763    0.05774    0.05787    0.05799    
RH103    4.383e-05    2.321    5.961    7.999    9.212    9.694    9.6    9.103    8.359    7.49    6.585    5.702    4.881    4.139    3.487    2.924    2.446    2.046    1.714    1.441    1.22    1.041    0.8975    0.7834    0.6932    0.6223    0.5668    0.5236    0.4902    0.4645    0.4448    0.4299    0.4186    0.4101    0.4037    0.399    
RU104    0.002206    5.109    8.572    12.08    15.25    17.96    20.2    22.01    23.45    24.58    25.46    26.14    26.66    27.05    27.35    27.57    27.74    27.87    27.97    28.04    28.1    28.15    28.18    28.21    28.24    28.26    28.28    28.3    28.31    28.33    28.35    28.36    28.38    28.39    28.4    28.42    
PD104    9.491e-08    0.1913    1.514    3.559    6.05    8.766    11.52    14.18    16.64    18.87    20.84    22.55    24.01    25.25    26.29    27.15    27.87    28.46    28.95    29.35    29.68    29.95    30.18    30.37    30.53    30.67    30.8    30.9    31    31.09    31.17    31.25    31.32    31.39    31.46    31.53    
PD105    0.0005541    3.103    5.247    7.304    9.105    10.58    11.75    12.63    13.26    13.7    13.97    14.12    14.17    14.15    14.07    13.95    13.8    13.63    13.44    13.25    13.05    12.85    12.65    12.46    12.26    12.06    11.87    11.69    11.51    11.33    11.15    10.98    10.81    10.65    10.49    10.34    
RU106    0.001617    3.473    5.087    6.444    7.33    7.751    7.783    7.521    7.057    6.469    5.819    5.155    4.51    3.904    3.351    2.856    2.421    2.043    1.719    1.443    1.21    1.016    0.8542    0.7204    0.6102    0.5198    0.446    0.3859    0.3371    0.2976    0.2656    0.2398    0.2189    0.2021    0.1885    0.1775    
PD106    0.000261    1.73    3.734    6.144    8.759    11.43    14.06    16.57    18.91    21.06    23.01    24.77    26.33    27.71    28.94    30.03    31    31.85    32.62    33.3    33.92    34.49    35    35.48    35.92    36.33    36.72    37.09    37.44    37.78    38.11    38.42    38.72    39.02    39.31    39.59    
PD107    0.001216    2.799    4.678    6.616    8.387    9.905    11.15    12.14    12.89    13.44    13.82    14.07    14.21    14.27    14.26    14.21    14.12    14.01    13.87    13.73    13.57    13.41    13.25    13.08    12.92    12.75    12.59    12.43    12.27    12.11    11.96    11.81    11.66    11.51    11.37    11.23    
PD108    0.0008556    1.967    3.32    4.743    6.072    7.242    8.232    9.043    9.689    10.19    10.57    10.86    11.06    11.2    11.28    11.33    11.35    11.35    11.33    11.3    11.25    11.2    11.14    11.08    11.01    10.95    10.87    10.8    10.73    10.65    10.58    10.5    10.43    10.35    10.27    10.19    
AG109    0.0003336    1.196    1.849    2.442    2.903    3.218    3.4    3.473    3.461    3.388    3.276    3.139    2.992    2.843    2.699    2.563    2.438    2.325    2.224    2.135    2.056    1.987    1.927    1.875    1.829    1.789    1.754    1.723    1.695    1.671    1.649    1.628    1.61    1.593    1.577    1.561    
PD110    0.000245    0.5634    0.9559    1.374    1.769    2.123    2.427    2.681    2.889    3.055    3.187    3.29    3.369    3.431    3.478    3.514    3.542    3.563    3.579    3.592    3.602    3.61    3.617    3.623    3.628    3.632    3.636    3.639    3.643    3.646    3.649    3.652    3.655    3.658    3.661    3.664    
AG110M    2.43e-08    0.003336    0.01252    0.02238    0.03194    0.04034    0.04708    0.052    0.05515    0.05675    0.05708    0.05641    0.05504    0.0532    0.05108    0.04885    0.04661    0.04444    0.0424    0.04052    0.03881    0.03728    0.03591    0.0347    0.03363    0.03269    0.03187    0.03115    0.03051    0.02995    0.02945    0.02901    0.0286    0.02824    0.02791    0.0276    
CD110    5.587e-07    0.08729    0.3849    0.8035    1.321    1.908    2.536    3.179    3.817    4.437    5.028    5.585    6.103    6.584    7.027    7.434    7.808    8.152    8.469    8.76    9.03    9.281    9.514    9.732    9.936    10.13    10.31    10.48    10.64    10.8    10.94    11.08    11.22    11.35    11.47    11.59    
CD111    9.576e-06    0.2333    0.4372    0.6305    0.8189    0.9938    1.152    1.294    1.42    1.534    1.638    1.734    1.825    1.912    1.997    2.081    2.164    2.246    2.329    2.412    2.495    2.579    2.663    2.747    2.831    2.915    2.999    3.083    3.167    3.25    3.333    3.416    3.497    3.578    3.659    3.738    
CD112    2.196e-05    0.1064    0.1936    0.2917    0.3931    0.4933    0.5899    0.6819    0.7694    0.8526    0.9326    1.01    1.086    1.161    1.236    1.311    1.388    1.466    1.545    1.626    1.71    1.795    1.883    1.974    2.066    2.162    2.26    2.36    2.463    2.568    2.676    2.787    2.899    3.015    3.132    3.252    
CD113M    4.96e-07    0.001256    0.00221    0.003275    0.004357    0.005408    0.00641    0.007358    0.008257    0.009115    0.009945    0.01076    0.01156    0.01237    0.0132    0.01404    0.01491    0.01581    0.01674    0.01771    0.01872    0.01978    0.02088    0.02203    0.02323    0.02449    0.02579    0.02715    0.02856    0.03003    0.03156    0.03315    0.03479    0.0365    0.03827    0.0401    
CD114    2.984e-05    0.1209    0.2083    0.2994    0.3858    0.4632    0.5301    0.5863    0.6328    0.6706    0.7013    0.7261    0.7461    0.7626    0.7762    0.7877    0.7978    0.8067    0.8149    0.8227    0.8301    0.8375    0.8449    0.8524    0.86    0.8679    0.8761    0.8846    0.8934    0.9025    0.912    0.9219    0.9322    0.9429    0.954    0.9655    
IN115    3.361e-06    0.02584    0.0306    0.03244    0.03185    0.0295    0.0262    0.02258    0.01905    0.01584    0.01304    0.01069    0.008766    0.007219    0.005997    0.005046    0.004315    0.003758    0.00334    0.003029    0.0028    0.002634    0.002516    0.002434    0.002379    0.002343    0.002323    0.002314    0.002313    0.002318    0.002328    0.002341    0.002357    0.002375    0.002395    0.002415    
CD116    1.494e-05    0.03429    0.05724    0.08025    0.1007    0.118    0.1321    0.1434    0.1523    0.1593    0.1648    0.1689    0.1721    0.1746    0.1765    0.1779    0.179    0.1799    0.1806    0.1812    0.1816    0.182    0.1824    0.1827    0.183    0.1832    0.1835    0.1837    0.1839    0.1842    0.1844    0.1846    0.1848    0.185    0.1852    0.1855    
SN116    2.023e-08    0.00767    0.02996    0.05451    0.07951    0.1033    0.1249    0.1437    0.1598    0.1733    0.1844    0.1935    0.201    0.2071    0.2121    0.2163    0.2199    0.2229    0.2255    0.2279    0.23    0.232    0.2338    0.2356    0.2373    0.2389    0.2406    0.2422    0.2438    0.2453    0.2469    0.2485    0.2501    0.2517    0.2533    0.2549    
SN117    1.365e-05    0.03444    0.0573    0.07984    0.09956    0.1159    0.129    0.1394    0.1474    0.1535    0.1582    0.1617    0.1642    0.1661    0.1675    0.1684    0.1691    0.1696    0.1699    0.17    0.1701    0.1701    0.1701    0.1701    0.17    0.17    0.1699    0.1698    0.1697    0.1696    0.1695    0.1694    0.1693    0.1692    0.1691    0.169    
SN118    1.482e-05    0.03454    0.05762    0.08061    0.1009    0.118    0.1319    0.1431    0.1521    0.1592    0.1648    0.1693    0.1729    0.1758    0.1781    0.1801    0.1818    0.1833    0.1846    0.1857    0.1868    0.1878    0.1888    0.1898    0.1907    0.1916    0.1925    0.1934    0.1942    0.1951    0.196    0.1968    0.1977    0.1986    0.1994    0.2003    
SN119    1.527e-05    0.03521    0.0586    0.08177    0.1021    0.1189    0.1325    0.1432    0.1515    0.1579    0.1628    0.1664    0.1691    0.1711    0.1725    0.1735    0.1742    0.1747    0.175    0.1751    0.1752    0.1752    0.1752    0.1751    0.175    0.1749    0.1748    0.1747    0.1745    0.1744    0.1742    0.1741    0.174    0.1738    0.1737    0.1735    
SN120    1.574e-05    0.03609    0.06009    0.08391    0.1048    0.1223    0.1365    0.1479    0.1569    0.164    0.1696    0.1741    0.1776    0.1804    0.1827    0.1847    0.1863    0.1877    0.1889    0.19    0.191    0.192    0.1929    0.1938    0.1946    0.1954    0.1963    0.1971    0.1979    0.1987    0.1995    0.2003    0.2011    0.2019    0.2027    0.2035    
SB121    6.86e-06    0.03725    0.0621    0.0856    0.1055    0.1213    0.1334    0.1422    0.1484    0.1525    0.155    0.1562    0.1564    0.1559    0.1548    0.1534    0.1516    0.1497    0.1477    0.1455    0.1434    0.1411    0.1389    0.1367    0.1345    0.1324    0.1303    0.1282    0.1261    0.1241    0.1221    0.1201    0.1182    0.1163    0.1145    0.1126    
SN122    1.744e-05    0.03993    0.06627    0.09218    0.1147    0.1333    0.1481    0.1599    0.169    0.1761    0.1815    0.1857    0.1888    0.1913    0.1932    0.1946    0.1958    0.1967    0.1975    0.1981    0.1986    0.1991    0.1995    0.1998    0.2002    0.2005    0.2008    0.2012    0.2015    0.2018    0.202    0.2023    0.2026    0.2029    0.2032    0.2035    
TE122    3.227e-10    0.0002466    0.001163    0.002522    0.004273    0.006337    0.008639    0.01111    0.0137    0.01635    0.01904    0.02173    0.0244    0.02705    0.02965    0.0322    0.0347    0.03713    0.03951    0.04182    0.04407    0.04625    0.04837    0.05042    0.05242    0.05435    0.05622    0.05803    0.05979    0.06149    0.06313    0.06472    0.06626    0.06775    0.06918    0.07057    
SB123    1.564e-05    0.0379    0.06696    0.09581    0.1212    0.1422    0.1588    0.1716    0.181    0.1878    0.1925    0.1955    0.1972    0.198    0.198    0.1974    0.1965    0.1953    0.1938    0.1922    0.1905    0.1888    0.1869    0.1851    0.1833    0.1814    0.1796    0.1778    0.176    0.1742    0.1724    0.1707    0.169    0.1673    0.1656    0.1639    
SN124    2.599e-05    0.05944    0.09839    0.1364    0.169    0.1956    0.2166    0.233    0.2457    0.2553    0.2626    0.2681    0.2722    0.2753    0.2776    0.2793    0.2805    0.2815    0.2822    0.2828    0.2832    0.2836    0.2838    0.2841    0.2843    0.2845    0.2846    0.2848    0.2849    0.2851    0.2852    0.2853    0.2855    0.2856    0.2857    0.2858    
TE124    4.591e-09    7.854e-05    0.0004957    0.00129    0.00244    0.003909    0.005648    0.007606    0.009735    0.012    0.01435    0.01678    0.01925    0.02175    0.02427    0.0268    0.02932    0.03183    0.03433    0.03682    0.03929    0.04174    0.04416    0.04657    0.04895    0.0513    0.05363    0.05594    0.05822    0.06048    0.06271    0.06492    0.0671    0.06925    0.07138    0.07348    
SB125    3.623e-05    0.1239    0.205    0.2701    0.3173    0.347    0.362    0.3659    0.3615    0.3514    0.3374    0.321    0.3034    0.2851    0.2669    0.2491    0.232    0.2156    0.2002    0.1857    0.1722    0.1597    0.1481    0.1373    0.1274    0.1182    0.1098    0.102    0.09489    0.08833    0.08231    0.07677    0.07168    0.06701    0.06272    0.05878    
TE125    1.941e-08    0.0026    0.01461    0.03277    0.05578    0.08217    0.1106    0.1399    0.1692    0.198    0.2258    0.2524    0.2775    0.3011    0.3232    0.3437    0.3628    0.3804    0.3967    0.4118    0.4256    0.4383    0.45    0.4608    0.4707    0.4798    0.4881    0.4958    0.5029    0.5093    0.5153    0.5208    0.5258    0.5304    0.5347    0.5386    
SN126    8.966e-05    0.205    0.3386    0.4677    0.5775    0.6658    0.7351    0.7885    0.8293    0.8603    0.8837    0.9013    0.9145    0.9244    0.932    0.9376    0.942    0.9454    0.948    0.9502    0.9519    0.9534    0.9547    0.9559    0.957    0.958    0.959    0.96    0.9609    0.9618    0.9627    0.9636    0.9645    0.9654    0.9663    0.9671    
TE126    1.269e-06    0.005448    0.01048    0.0151    0.0193    0.02301    0.02627    0.02918    0.03183    0.03428    0.03659    0.03879    0.04092    0.04299    0.04502    0.04703    0.04901    0.05098    0.05294    0.05489    0.05683    0.05877    0.0607    0.06263    0.06455    0.06648    0.0684    0.07031    0.07222    0.07413    0.07604    0.07794    0.07984    0.08174    0.08363    0.08552    
TE127M    4.973e-06    0.0549    0.06175    0.06176    0.05688    0.04926    0.0409    0.033    0.02612    0.0204    0.01579    0.01215    0.00932    0.00715    0.0055    0.004255    0.003324    0.002631    0.002119    0.001744    0.00147    0.001272    0.00113    0.001029    0.0009575    0.0009075    0.0008728    0.000849    0.0008328    0.000822    0.0008148    0.0008101    0.0008071    0.0008051    0.0008035    0.0008019    
I127    1.858e-05    0.4337    0.789    1.107    1.378    1.594    1.759    1.88    1.966    2.024    2.06    2.079    2.085    2.082    2.072    2.056    2.037    2.016    1.993    1.968    1.943    1.917    1.892    1.866    1.84    1.815    1.79    1.765    1.741    1.717    1.693    1.67    1.647    1.624    1.602    1.58    
TE128    0.0003669    0.8835    1.463    2.024    2.502    2.889    3.194    3.43    3.612    3.75    3.856    3.936    3.997    4.044    4.08    4.108    4.13    4.147    4.162    4.174    4.184    4.193    4.201    4.209    4.216    4.223    4.229    4.236    4.242    4.248    4.255    4.261    4.267    4.273    4.279    4.284    
XE128    5.08e-08    0.002579    0.01251    0.02751    0.047    0.07013    0.09605    0.124    0.1534    0.1837    0.2145    0.2455    0.2766    0.3074    0.338    0.3683    0.398    0.4273    0.4561    0.4843    0.512    0.5391    0.5656    0.5917    0.6171    0.642    0.6664    0.6903    0.7136    0.7364    0.7588    0.7806    0.8019    0.8228    0.8432    0.8632    
I129    0.0005265    1.422    2.396    3.249    3.92    4.398    4.707    4.877    4.941    4.923    4.846    4.727    4.579    4.412    4.235    4.052    3.868    3.687    3.509    3.337    3.171    3.012    2.861    2.717    2.58    2.45    2.327    2.21    2.1    1.996    1.898    1.805    1.717    1.634    1.556    1.481    
TE130    0.001144    2.632    4.368    6.077    7.563    8.788    9.771    10.54    11.15    11.61    11.97    12.24    12.45    12.6    12.72    12.82    12.89    12.94    12.99    13.02    13.05    13.07    13.1    13.12    13.13    13.15    13.17    13.18    13.19    13.21    13.22    13.24    13.25    13.26    13.28    13.29    
XE130    1.902e-06    0.03576    0.1504    0.3165    0.5246    0.7631    1.021    1.29    1.563    1.835    2.101    2.358    2.606    2.842    3.066    3.278    3.477    3.664    3.839    4.002    4.155    4.296    4.428    4.549    4.662    4.766    4.862    4.95    5.031    5.106    5.173    5.235    5.291    5.342    5.388    5.429    
I131    0.001424    0.7601    0.3252    0.2949    0.2508    0.2059    0.1655    0.131    0.1027    0.07982    0.06174    0.04761    0.0367    0.02835    0.02201    0.01723    0.01365    0.01099    0.009026    0.00758    0.006524    0.005757    0.005204    0.004808    0.004527    0.004328    0.004189    0.004094    0.00403    0.00399    0.003967    0.003958    0.003959    0.003967    0.003977    0.003986    
XE131    0.0001224    3.453    5.864    7.501    8.592    9.153    9.28    9.082    8.658    8.091    7.445    6.769    6.096    5.449    4.844    4.288    3.785    3.336    2.938    2.589    2.285    2.022    1.795    1.6    1.433    1.291    1.17    1.068    0.9811    0.9079    0.8462    0.7942    0.7506    0.7139    0.6831    0.6573    
TE132    0.001966    0.4227    0.1828    0.1667    0.1425    0.1174    0.09467    0.07513    0.05894    0.04585    0.03544    0.02728    0.02097    0.01612    0.01244    0.009653    0.007567    0.006012    0.004861    0.004014    0.003394    0.002943    0.002617    0.002383    0.002216    0.002098    0.002014    0.001957    0.001917    0.001892    0.001877    0.00187    0.001869    0.001871    0.001875    0.001879    
XE132    0.000489    5.704    10.64    15.64    20.41    24.78    28.66    32.06    35.02    37.56    39.74    41.6    43.18    44.53    45.68    46.66    47.5    48.22    48.83    49.36    49.82    50.22    50.57    50.88    51.15    51.4    51.61    51.81    51.99    52.16    52.32    52.46    52.6    52.73    52.85    52.97    
I133    0.001675    0.1527    0.06588    0.06032    0.05181    0.04293    0.03477    0.02771    0.02182    0.01702    0.01319    0.01017    0.00783    0.006029    0.004656    0.003616    0.002835    0.002252    0.00182    0.001501    0.001267    0.001096    0.0009721    0.0008828    0.0008188    0.0007732    0.0007409    0.0007183    0.0007028    0.0006925    0.0006862    0.0006828    0.0006817    0.0006821    0.0006832    0.000684    
XE133    0.001383    0.9115    0.3935    0.3605    0.3099    0.2571    0.2087    0.1667    0.1318    0.1033    0.08063    0.06279    0.04894    0.0383    0.03019    0.02406    0.01947    0.01604    0.0135    0.01163    0.01027    0.009274    0.008558    0.008045    0.007679    0.007422    0.007242    0.007119    0.007037    0.006985    0.006956    0.006945    0.006946    0.006956    0.006969    0.006981    
CS133    0.0001542    6.784    11.93    16.19    19.65    22.21    23.95    24.98    25.44    25.45    25.12    24.54    23.78    22.91    21.96    20.99    19.99    19.01    18.05    17.12    16.22    15.36    14.55    13.77    13.04    12.34    11.69    11.08    10.5    9.953    9.44    8.959    8.506    8.081    7.682    7.306    
XE134    0.003443    8.223    13.76    19.35    24.37    28.65    32.17    35.02    37.29    39.07    40.45    41.53    42.35    42.99    43.47    43.85    44.14    44.36    44.54    44.69    44.81    44.91    44.99    45.07    45.14    45.2    45.26    45.32    45.37    45.42    45.48    45.53    45.58    45.63    45.68    45.73    
CS134    2.716e-07    0.1455    0.6332    1.205    1.802    2.369    2.868    3.281    3.601    3.831    3.977    4.052    4.066    4.032    3.959    3.858    3.736    3.599    3.453    3.303    3.151    3    2.852    2.708    2.57    2.437    2.31    2.189    2.075    1.966    1.864    1.767    1.676    1.59    1.51    1.434    
BA134    2.759e-10    0.003625    0.04128    0.1363    0.2949    0.5169    0.797    1.126    1.495    1.893    2.31    2.738    3.17    3.598    4.019    4.429    4.825    5.206    5.569    5.914    6.241    6.551    6.842    7.116    7.374    7.616    7.842    8.053    8.251    8.436    8.608    8.769    8.918    9.057    9.187    9.307    
CS135    0.000138    0.3662    0.7481    1.239    1.852    2.575    3.394    4.29    5.245    6.235    7.243    8.251    9.245    10.21    11.14    12.03    12.88    13.67    14.41    15.1    15.74    16.33    16.87    17.36    17.81    18.21    18.58    18.9    19.19    19.45    19.67    19.86    20.03    20.17    20.28    20.38    
BA135    2.43e-09    1.114e-05    0.000106    0.0005137    0.001507    0.003365    0.006349    0.01068    0.01655    0.02407    0.03333    0.04438    0.05721    0.07181    0.08812    0.1061    0.1256    0.1466    0.169    0.1927    0.2176    0.2436    0.2705    0.2984    0.3271    0.3566    0.3867    0.4174    0.4486    0.4802    0.5122    0.5446    0.5772    0.61    0.643    0.6762    
XE136    0.006303    15.38    25.68    36.07    45.36    53.23    59.7    64.92    69.06    72.32    74.85    76.82    78.33    79.5    80.41    81.11    81.66    82.09    82.44    82.73    82.97    83.17    83.36    83.52    83.67    83.82    83.95    84.08    84.21    84.34    84.46    84.58    84.7    84.82    84.94    85.06    
CS136    4.967e-05    0.03335    0.01685    0.01642    0.01557    0.01518    0.01546    0.01641    0.01789    0.01978    0.02197    0.02433    0.02679    0.02928    0.03175    0.03415    0.03647    0.03867    0.04075    0.04269    0.04451    0.04618    0.04772    0.04914    0.05042    0.05159    0.05264    0.05358    0.05441    0.05515    0.0558    0.05637    0.05685    0.05726    0.05761    0.05788    
BA136    2.781e-06    0.08836    0.1905    0.279    0.3637    0.445    0.5258    0.61    0.7006    0.8003    0.9108    1.034    1.169    1.318    1.48    1.655    1.843    2.043    2.255    2.477    2.71    2.951    3.202    3.461    3.727    4    4.279    4.563    4.852    5.146    5.444    5.745    6.049    6.355    6.664    6.975    
CS137    0.003201    7.327    12.17    17.01    21.28    24.84    27.7    29.95    31.68    32.97    33.92    34.59    35.05    35.34    35.51    35.58    35.58    35.53    35.44    35.32    35.18    35.02    34.86    34.69    34.51    34.33    34.15    33.97    33.78    33.6    33.42    33.24    33.06    32.88    32.7    32.52    
BA137    1.696e-06    0.02041    0.0928    0.2018    0.3446    0.5161    0.7108    0.9236    1.15    1.386    1.63    1.877    2.128    2.379    2.631    2.882    3.132    3.379    3.625    3.868    4.109    4.347    4.582    4.814    5.044    5.271    5.495    5.716    5.934    6.15    6.363    6.574    6.781    6.986    7.189    7.389    
BA138    0.002798    6.505    10.88    15.32    19.3    22.7    25.51    27.79    29.61    31.04    32.16    33.03    33.71    34.23    34.64    34.96    35.22    35.43    35.6    35.74    35.87    35.98    36.08    36.18    36.27    36.36    36.45    36.54    36.62    36.71    36.8    36.89    36.98    37.07    37.16    37.25    
LA139    0.002704    6.36    10.56    14.76    18.46    21.55    24.02    25.94    27.39    28.44    29.18    29.67    29.96    30.1    30.12    30.06    29.93    29.76    29.55    29.31    29.06    28.8    28.53    28.26    27.99    27.71    27.44    27.16    26.89    26.62    26.35    26.09    25.83    25.57    25.32    25.06    
BA140    0.002608    1.689    0.8135    0.7685    0.6717    0.5633    0.4604    0.3696    0.2927    0.2294    0.1784    0.1381    0.1065    0.08219    0.06355    0.0494    0.03874    0.03075    0.02481    0.02042    0.01719    0.01483    0.01311    0.01186    0.01096    0.01031    0.009852    0.009521    0.009287    0.009122    0.009008    0.008932    0.008883    0.008851    0.008828    0.008802    
LA140    0.0001163    0.2243    0.1103    0.1057    0.09408    0.08076    0.06799    0.05664    0.04697    0.03898    0.03251    0.02736    0.02331    0.02015    0.01771    0.01583    0.01439    0.01329    0.01244    0.0118    0.01129    0.0109    0.01059    0.01034    0.01014    0.00997    0.009824    0.009695    0.00958    0.009475    0.009377    0.009285    0.009197    0.009113    0.00903    0.008949    
CE140    3.983e-05    4.668    10.11    14.7    18.93    22.63    25.76    28.38    30.54    32.33    33.81    35.05    36.09    36.97    37.73    38.41    39.01    39.56    40.07    40.54    40.99    41.42    41.84    42.25    42.64    43.03    43.41    43.78    44.15    44.51    44.87    45.23    45.58    45.92    46.26    46.6    
CE141    0.00242    3.164    1.96    1.809    1.59    1.335    1.09    0.8749    0.6934    0.545    0.426    0.3322    0.2592    0.2029    0.16    0.1276    0.1032    0.08501    0.07154    0.06162    0.05438    0.04913    0.04535    0.04265    0.04075    0.03942    0.0385    0.03787    0.03745    0.03719    0.03703    0.03695    0.03692    0.03693    0.03695    0.03696    
PR141    5.204e-05    2.941    8.091    12.1    15.64    18.57    20.88    22.64    23.92    24.81    25.38    25.7    25.83    25.82    25.69    25.49    25.23    24.92    24.59    24.23    23.87    23.5    23.13    22.75    22.38    22.02    21.65    21.3    20.95    20.6    20.27    19.94    19.61    19.3    18.98    18.68    
CE142    0.002448    5.853    9.806    13.75    17.25    20.2    22.6    24.53    26.04    27.22    28.13    28.82    29.35    29.74    30.04    30.26    30.43    30.55    30.64    30.71    30.76    30.8    30.83    30.86    30.87    30.89    30.9    30.91    30.92    30.93    30.94    30.95    30.95    30.96    30.96    30.97    
ND142    2.989e-09    0.01754    0.1413    0.3497    0.63    0.9691    1.353    1.768    2.203    2.648    3.097    3.543    3.982    4.411    4.828    5.23    5.617    5.989    6.344    6.684    7.007    7.315    7.607    7.884    8.147    8.395    8.629    8.851    9.059    9.255    9.439    9.611    9.773    9.923    10.06    10.19    
CE143    0.001473    0.1716    0.07425    0.06817    0.05876    0.04891    0.03982    0.03194    0.02535    0.01997    0.01568    0.0123    0.00967    0.007645    0.0061    0.004929    0.004049    0.003391    0.002902    0.002541    0.002275    0.002081    0.00194    0.001837    0.001764    0.001711    0.001673    0.001646    0.001627    0.001615    0.001606    0.001602    0.0016    0.001599    0.0016    0.0016    
PR143    0.0007957    1.443    0.698    0.6577    0.5736    0.4804    0.3927    0.3158    0.2511    0.1982    0.1557    0.1222    0.09602    0.07586    0.06045    0.04877    0.03998    0.0334    0.02851    0.02489    0.02223    0.02028    0.01887    0.01784    0.0171    0.01656    0.01618    0.0159    0.01571    0.01557    0.01547    0.0154    0.01536    0.01533    0.01531    0.01529    
ND143    3.279e-05    3.231    5.448    6.353    6.666    6.495    6.012    5.366    4.665    3.979    3.35    2.798    2.329    1.941    1.627    1.379    1.185    1.037    0.9259    0.8444    0.7861    0.7458    0.7193    0.7032    0.6949    0.6923    0.6938    0.6981    0.7043    0.7117    0.7199    0.7284    0.737    0.7455    0.7536    0.7614    
CE144    0.001952    4.108    5.744    6.982    7.625    7.742    7.469    6.94    6.266    5.532    4.795    4.096    3.457    2.889    2.395    1.974    1.619    1.324    1.082    0.8845    0.7249    0.5969    0.4949    0.414    0.3502    0.3001    0.2609    0.2303    0.2065    0.188    0.1736    0.1625    0.1538    0.147    0.1416    0.1373    
ND144    5.833e-06    0.9415    4.548    9.095    14.16    19.32    24.27    28.82    32.85    36.34    39.3    41.77    43.8    45.46    46.79    47.85    48.7    49.38    49.91    50.33    50.67    50.95    51.17    51.36    51.52    51.66    51.78    51.9    52.01    52.12    52.22    52.32    52.43    52.53    52.64    52.75    
ND145    0.001396    3.543    5.704    7.751    9.437    10.71    11.61    12.19    12.5    12.61    12.56    12.39    12.15    11.84    11.51    11.15    10.79    10.43    10.07    9.727    9.397    9.082    8.783    8.501    8.235    7.985    7.751    7.531    7.326    7.134    6.955    6.788    6.632    6.486    6.351    6.225    
ND146    0.001301    3.104    5.441    7.941    10.35    12.59    14.62    16.46    18.1    19.58    20.92    22.13    23.23    24.24    25.18    26.05    26.86    27.62    28.34    29.02    29.67    30.28    30.87    31.43    31.97    32.49    33    33.48    33.95    34.4    34.84    35.26    35.67    36.08    36.47    36.85    
ND147    0.001012    0.5795    0.2756    0.2611    0.2296    0.1941    0.1603    0.1304    0.105    0.08414    0.06734    0.05408    0.04375    0.03582    0.02979    0.02527    0.02191    0.01945    0.01766    0.01639    0.0155    0.0149    0.01451    0.01427    0.01414    0.01409    0.0141    0.01415    0.01422    0.01431    0.01442    0.01454    0.01466    0.01478    0.0149    0.01502    
PM147    6.435e-05    1.574    2.31    2.568    2.597    2.45    2.203    1.914    1.622    1.35    1.11    0.9052    0.7356    0.5983    0.489    0.4034    0.3373    0.2868    0.2488    0.2205    0.1998    0.1847    0.1741    0.1667    0.1617    0.1586    0.1567    0.1558    0.1556    0.1558    0.1564    0.1572    0.1581    0.1591    0.1602    0.1613    
SM147    3.531e-08    0.03718    0.1996    0.3753    0.543    0.6867    0.7977    0.8737    0.9171    0.9324    0.9248    0.8998    0.8624    0.8168    0.7663    0.7137    0.661    0.6096    0.5606    0.5146    0.4719    0.4327    0.397    0.3647    0.3357    0.3097    0.2865    0.2659    0.2476    0.2315    0.2173    0.2048    0.1938    0.1841    0.1757    0.1684    
ND148    0.0008949    2.078    3.471    4.877    6.136    7.202    8.075    8.772    9.318    9.738    10.06    10.29    10.46    10.58    10.67    10.72    10.75    10.77    10.77    10.76    10.75    10.73    10.71    10.69    10.66    10.64    10.61    10.58    10.55    10.52    10.49    10.47    10.44    10.41    10.38    10.35    
PM148    1.576e-07    0.03116    0.04645    0.05175    0.0524    0.04951    0.04455    0.03873    0.03284    0.02734    0.02248    0.01834    0.0149    0.01212    0.009906    0.008171    0.006829    0.005806    0.005034    0.00446    0.004038    0.003733    0.003516    0.003366    0.003265    0.003201    0.003163    0.003145    0.00314    0.003145    0.003156    0.003172    0.003191    0.003211    0.003233    0.003254    
SM148    1.322e-08    0.1364    0.7246    1.441    2.217    2.991    3.722    4.385    4.97    5.476    5.908    6.273    6.581    6.838    7.053    7.234    7.385    7.514    7.623    7.716    7.796    7.866    7.927    7.981    8.03    8.073    8.113    8.149    8.183    8.214    8.243    8.271    8.297    8.322    8.346    8.37    
PM149    0.0004768    0.08676    0.04976    0.04942    0.04585    0.04068    0.035    0.02947    0.02443    0.02004    0.01636    0.01333    0.01089    0.008956    0.007446    0.006279    0.005386    0.00471    0.004202    0.003825    0.003546    0.003342    0.003195    0.003089    0.003015    0.002963    0.002929    0.002906    0.002892    0.002884    0.00288    0.00288    0.002882    0.002885    0.002889    0.002893    
ND150    0.0005325    1.22    2.04    2.873    3.624    4.265    4.794    5.221    5.559    5.821    6.023    6.176    6.291    6.375    6.437    6.481    6.512    6.532    6.546    6.553    6.557    6.558    6.557    6.554    6.55    6.545    6.54    6.534    6.528    6.522    6.516    6.509    6.503    6.496    6.49    6.483    
SM150    8.545e-05    1.543    2.818    3.965    4.893    5.553    5.952    6.123    6.108    5.952    5.696    5.375    5.016    4.643    4.271    3.912    3.573    3.259    2.971    2.712    2.479    2.273    2.091    1.931    1.791    1.669    1.564    1.472    1.394    1.326    1.267    1.217    1.174    1.138    1.106    1.079    
SM151    0.0001446    0.1012    0.06318    0.07062    0.07429    0.07522    0.07412    0.07153    0.06793    0.0637    0.05913    0.05447    0.04988    0.04549    0.04137    0.03756    0.03409    0.03096    0.02817    0.02568    0.02349    0.02157    0.01988    0.01842    0.01715    0.01605    0.0151    0.01428    0.01358    0.01297    0.01246    0.01201    0.01163    0.01131    0.01104    0.0108    
SM152    0.000347    1.51    2.274    2.892    3.334    3.598    3.71    3.702    3.606    3.447    3.248    3.026    2.794    2.562    2.338    2.125    1.927    1.745    1.58    1.431    1.299    1.181    1.077    0.9863    0.9066    0.8372    0.7769    0.7246    0.6794    0.6404    0.6068    0.5779    0.553    0.5317    0.5134    0.4977    
SM153    0.0001478    0.03898    0.03632    0.04314    0.04737    0.04935    0.04954    0.04842    0.04638    0.04374    0.04077    0.03764    0.0345    0.03145    0.02855    0.02585    0.02336    0.0211    0.01906    0.01724    0.01563    0.0142    0.01294    0.01185    0.01089    0.01006    0.009333    0.008708    0.008169    0.007703    0.007303    0.006959    0.006663    0.00641    0.006193    0.006006    
EU153    5.685e-05    0.5571    1.129    1.628    2.025    2.306    2.474    2.545    2.538    2.472    2.363    2.228    2.076    1.918    1.76    1.606    1.46    1.323    1.198    1.084    0.9808    0.8888    0.807    0.7348    0.6712    0.6156    0.567    0.5248    0.4881    0.4564    0.4289    0.4053    0.3849    0.3674    0.3523    0.3393    
SM154    0.0001546    0.3631    0.6167    0.8794    1.122    1.334    1.512    1.66    1.778    1.873    1.946    2.002    2.045    2.076    2.098    2.113    2.122    2.126    2.127    2.126    2.122    2.116    2.109    2.101    2.092    2.082    2.072    2.061    2.05    2.039    2.027    2.016    2.004    1.992    1.98    1.968    
EU154    3.151e-07    0.08623    0.2998    0.493    0.6555    0.7786    0.8604    0.9044    0.9168    0.9042    0.8733    0.8297    0.7781    0.7224    0.6653    0.6089    0.5548    0.5037    0.4564    0.413    0.3737    0.3385    0.307    0.2791    0.2545    0.2329    0.214    0.1976    0.1833    0.1709    0.1601    0.1509    0.1429    0.136    0.1301    0.125    
GD154    5.053e-11    0.0005173    0.0049    0.0138    0.02608    0.04047    0.05572    0.07073    0.08468    0.09697    0.1073    0.1154    0.1214    0.1254    0.1275    0.128    0.127    0.1248    0.1217    0.1179    0.1135    0.1086    0.1036    0.09838    0.09317    0.088    0.08296    0.07808    0.07341    0.06896    0.06477    0.06083    0.05715    0.05372    0.05055    0.04763    
EU155    9.025e-05    0.07686    0.1168    0.1817    0.2352    0.2754    0.3018    0.3156    0.3189    0.3138    0.3027    0.2874    0.2695    0.2503    0.2306    0.2113    0.1927    0.1752    0.159    0.1442    0.1307    0.1187    0.1079    0.09834    0.08992    0.08252    0.07605    0.07041    0.0655    0.06124    0.05756    0.05437    0.05162    0.04925    0.04721    0.04545    
EU156    4.989e-05    0.1057    0.1304    0.1995    0.2562    0.2986    0.3264    0.3409    0.3442    0.3386    0.3265    0.3099    0.2906    0.2698    0.2486    0.2277    0.2076    0.1887    0.1712    0.1552    0.1407    0.1276    0.116    0.1057    0.09657    0.08857    0.08156    0.07546    0.07014    0.06554    0.06154    0.05809    0.05512    0.05255    0.05033    0.04843    
GD156    2.099e-06    0.2065    0.6987    1.465    2.524    3.807    5.245    6.772    8.329    9.868    11.35    12.76    14.07    15.27    16.37    17.36    18.24    19.03    19.72    20.33    20.86    21.32    21.71    22.06    22.35    22.6    22.81    22.99    23.14    23.27    23.37    23.46    23.52    23.58    23.62    23.65    
GD158    4.794e-05    0.1893    0.3719    0.6059    0.8811    1.185    1.508    1.841    2.179    2.516    2.848    3.173    3.49    3.798    4.096    4.384    4.663    4.933    5.194    5.447    5.693    5.932    6.165    6.392    6.613    6.83    7.042    7.251    7.455    7.656    7.854    8.049    8.241    8.431    8.618    8.803    
TB159    6.529e-06    0.02901    0.04962    0.07164    0.09318    0.1134    0.132    0.1491    0.165    0.18    0.1945    0.2088    0.2231    0.2377    0.2527    0.2682    0.2842    0.3007    0.3177    0.3353    0.3534    0.372    0.3909    0.4103    0.4299    0.4499    0.4701    0.4905    0.5111    0.5319    0.5528    0.5738    0.5948    0.6159    0.6371    0.6583    
GD160    6.154e-06    0.01416    0.02397    0.03435    0.04413    0.05283    0.06027    0.06644    0.07145    0.07545    0.07858    0.081    0.08286    0.08426    0.08532    0.08611    0.08669    0.08711    0.08742    0.08764    0.0878    0.08791    0.08798    0.08803    0.08807    0.08809    0.0881    0.0881    0.0881    0.08809    0.08809    0.08808    0.08807    0.08806    0.08805    0.08803    
DY160    2.76e-11    0.0001114    0.0008889    0.002284    0.004166    0.006439    0.009001    0.01176    0.01463    0.01757    0.02052    0.02348    0.02643    0.02938    0.03233    0.03529    0.03828    0.04131    0.04439    0.04753    0.05074    0.05402    0.05738    0.06081    0.06432    0.0679    0.07156    0.07529    0.07908    0.08294    0.08685    0.09081    0.09482    0.09888    0.103    0.1071    
DY161    3.134e-07    0.005055    0.006354    0.007266    0.007991    0.008532    0.00897    0.009378    0.009802    0.01027    0.01081    0.01141    0.01208    0.01282    0.01362    0.01449    0.01541    0.01638    0.0174    0.01846    0.01957    0.02072    0.0219    0.02312    0.02438    0.02566    0.02697    0.02831    0.02967    0.03105    0.03245    0.03386    0.03529    0.03674    0.03819    0.03965    
DY162    1.532e-06    0.004582    0.009315    0.0131    0.01599    0.01807    0.01952    0.02054    0.02129    0.02194    0.02258    0.02329    0.02413    0.02512    0.02627    0.02758    0.02905    0.03068    0.03245    0.03435    0.03637    0.03851    0.04076    0.0431    0.04552    0.04804    0.05062    0.05328    0.056    0.05877    0.0616    0.06448    0.06739    0.07035    0.07334    0.07636    
DY163    6.381e-07    0.001941    0.004931    0.008753    0.01279    0.01666    0.02015    0.02317    0.02572    0.02786    0.02968    0.03128    0.03275    0.03419    0.03567    0.03723    0.03893    0.04078    0.04282    0.04505    0.04747    0.05008    0.05288    0.05586    0.05901    0.06233    0.06581    0.06943    0.07318    0.07707    0.08107    0.08518    0.08939    0.09369    0.09807    0.1025    
HO165    1.216e-07    0.0007735    0.001985    0.003776    0.006235    0.009286    0.0128    0.01662    0.02062    0.02466    0.02866    0.03256    0.03633    0.03997    0.0435    0.04694    0.05034    0.05373    0.05717    0.06068    0.06431    0.0681    0.07206    0.07623    0.08061    0.08524    0.09011    0.09523    0.1006    0.1062    0.1121    0.1183    0.1247    0.1313    0.1381    0.1452    
ER166    4.058e-09    0.0001747    0.0004475    0.0008816    0.001547    0.002505    0.003801    0.005461    0.007492    0.009881    0.01261    0.01563    0.01893    0.02246    0.02619    0.03011    0.03418    0.03839    0.04274    0.04723    0.05186    0.05663    0.06156    0.06666    0.07195    0.07745    0.08316    0.08911    0.09531    0.1018    0.1085    0.1156    0.1229    0.1305    0.1385    0.1468    
