TIME    3   100   220   340   460   580   700   820   940   1060   1180   1300   1420   1540   1660   1780   1900   2020   2140   2260   2380   2500   2620   2740   2860   2980   3100   3220   3340   3460   3580   3700   3820   3940   4060   4180   
NEUT_PROD    1690   754   390   233   151   101   68.9   47.3   32.7   23   16.6   12.3   9.59   7.85   6.78   6.14   5.79   5.61   5.55   5.55   5.58   5.63   5.68   5.72   5.75   5.77   5.77   5.75   5.72   5.67   5.61   5.54   5.45   5.36   5.25   5.14   
NEUT_DEST    929   508   323   228   171   131   104   83.7   69.2   58.8   51.1   45.3   41   37.7   35.1   33   31.3   29.9   28.7   27.7   26.8   26   25.3   24.7   24.1   23.6   23.1   22.7   22.2   21.8   21.4   21.1   20.7   20.4   20.1   19.8   
BUd    18.1    411    199    108    66.3    43.3    29.1    19.8    13.6    9.44    6.66    4.81    3.59    2.8    2.3    1.98    1.79    1.68    1.62    1.59    1.58    1.59    1.6    1.6    1.61    1.62    1.62    1.62    1.61    1.6    1.59    1.57    1.55    1.52    1.5    1.47    
HE4    3.97e-06    0.0001658    0.000962    0.003426    0.00793    0.01398    0.02078    0.0276    0.03403    0.03989    0.0452    0.05005    0.0546    0.05896    0.06326    0.06759    0.07199    0.0765    0.08115    0.08593    0.09083    0.09584    0.1009    0.1061    0.1114    0.1166    0.1219    0.1272    0.1324    0.1376    0.1428    0.1478    0.1528    0.1577    0.1625    0.1672    
U234    1.44e-09    1.753e-06    3.596e-05    0.0002388    0.0007916    0.001787    0.00318    0.004828    0.00655    0.008184    0.00961    0.01076    0.0116    0.01214    0.01241    0.01245    0.0123    0.01201    0.0116    0.01112    0.01058    0.01002    0.009452    0.008883    0.008326    0.007787    0.007271    0.006781    0.006317    0.005881    0.005473    0.005092    0.004736    0.004406    0.004098    0.003813    
U236    4.003e-06    0.002934    0.0088    0.01419    0.01828    0.02113    0.02301    0.02418    0.02487    0.02523    0.02539    0.02541    0.02534    0.02523    0.02508    0.02492    0.02474    0.02456    0.02437    0.02418    0.02399    0.02379    0.02359    0.02339    0.02319    0.02298    0.02276    0.02255    0.02233    0.0221    0.02188    0.02165    0.02142    0.02119    0.02096    0.02072    
PU238    4.451e-05    0.002615    0.03653    0.1456    0.3239    0.5237    0.6952    0.8082    0.8552    0.8442    0.7905    0.7105    0.6182    0.5242    0.4352    0.3554    0.2862    0.2281    0.1803    0.1417    0.111    0.08684    0.06808    0.05363    0.04258    0.03421    0.02789    0.02315    0.01961    0.01698    0.01503    0.01358    0.0125    0.0117    0.01108    0.01061    
PU239    972.8    399    159.2    63.53    25.4    10.23    4.211    1.839    0.9076    0.5378    0.3822    0.3053    0.2563    0.2174    0.1831    0.1523    0.1249    0.1012    0.08113    0.06451    0.05098    0.04013    0.03155    0.02484    0.01964    0.01565    0.0126    0.01029    0.008546    0.007238    0.00626    0.005528    0.004982    0.004572    0.004262    0.004026    
PU240    8.78    155.7    165.9    135.4    100.2    70.78    48.83    33.27    22.54    15.26    10.36    7.09    4.912    3.468    2.513    1.884    1.472    1.205    1.033    0.924    0.8564    0.8154    0.7914    0.7778    0.7703    0.766    0.763    0.7601    0.7565    0.7518    0.7458    0.7383    0.7294    0.719    0.7074    0.6946    
PU241    0.05328    27.85    52.19    56.17    48.79    38.06    27.94    19.8    13.73    9.415    6.42    4.378    3.001    2.079    1.465    1.057    0.7889    0.6129    0.4982    0.4243    0.3774    0.348    0.33    0.3194    0.3132    0.3097    0.3076    0.3061    0.3048    0.3032    0.3012    0.2987    0.2956    0.292    0.2878    0.2831    
PU242    0.0001397    2.923    13.38    26.68    38.52    47.22    52.69    55.49    56.32    55.79    54.36    52.39    50.11    47.67    45.2    42.75    40.36    38.06    35.87    33.78    31.81    29.96    28.21    26.56    25.01    23.56    22.19    20.91    19.71    18.57    17.51    16.52    15.58    14.7    13.87    13.1    
PU244    2.34e-11    2.11e-05    0.0002266    0.0007921    0.001773    0.003138    0.004816    0.006728    0.008802    0.01097    0.01319    0.01542    0.01762    0.01977    0.02186    0.02387    0.02579    0.02762    0.02935    0.03098    0.03252    0.03396    0.0353    0.03655    0.03771    0.03879    0.03979    0.0407    0.04155    0.04232    0.04302    0.04366    0.04425    0.04477    0.04524    0.04567    
AM241    7.01e-06    0.1156    0.4339    0.6742    0.7376    0.6722    0.5499    0.4204    0.3074    0.2184    0.1523    0.1051    0.07219    0.04965    0.03439    0.02414    0.01731    0.01279    0.009806    0.007857    0.006594    0.005785    0.005274    0.004958    0.004766    0.004653    0.004586    0.004545    0.004518    0.004494    0.004469    0.004438    0.004401    0.004356    0.004302    0.004241    
AM243    5.959e-08    0.05059    0.4973    1.578    3.196    5.106    7.064    8.893    10.48    11.79    12.8    13.52    13.99    14.24    14.3    14.21    14    13.69    13.31    12.88    12.41    11.92    11.42    10.9    10.39    9.892    9.401    8.923    8.461    8.017    7.591    7.183    6.794    6.424    6.073    5.74    
CM242    1.389e-08    0.01987    0.1729    0.4243    0.6459    0.7642    0.7752    0.7102    0.6058    0.4906    0.3824    0.2896    0.2146    0.1565    0.1128    0.08086    0.05784    0.04152    0.03009    0.02217    0.01674    0.01306    0.01058    0.008922    0.007832    0.007121    0.006663    0.00637    0.006182    0.00606    0.005975    0.005911    0.005855    0.005799    0.00574    0.005673    
CM244    6.923e-11    0.002182    0.04618    0.2349    0.675    1.428    2.504    3.869    5.465    7.224    9.077    10.96    12.82    14.62    16.31    17.87    19.29    20.56    21.67    22.62    23.41    24.05    24.55    24.91    25.15    25.27    25.29    25.21    25.05    24.81    24.51    24.15    23.74    23.28    22.79    22.27    
CM245    2.122e-14    1.543e-05    0.0004943    0.003009    0.009548    0.0215    0.03931    0.06259    0.0904    0.1215    0.1548    0.1889    0.2229    0.2558    0.2871    0.3163    0.3429    0.3667    0.3877    0.4058    0.4211    0.4335    0.4433    0.4507    0.4557    0.4585    0.4594    0.4585    0.456    0.4521    0.447    0.4407    0.4335    0.4254    0.4167    0.4073    
CM246    4.585e-17    1.222e-06    8.502e-05    0.0008345    0.003771    0.01128    0.02619    0.0513    0.08907    0.1414    0.2094    0.2939    0.3949    0.5118    0.6441    0.7905    0.9498    1.121    1.301    1.49    1.686    1.888    2.094    2.302    2.512    2.722    2.932    3.14    3.346    3.548    3.747    3.942    4.131    4.316    4.494    4.667    
SE77    0.0001734    0.009611    0.01326    0.01441    0.01453    0.01421    0.01371    0.01313    0.01252    0.01191    0.01131    0.01074    0.01019    0.009668    0.009174    0.008708    0.008268    0.007854    0.007464    0.007097    0.006751    0.006426    0.006119    0.005831    0.00556    0.005304    0.005064    0.004837    0.004623    0.004421    0.004231    0.004052    0.003882    0.003722    0.003571    0.003428    
SE78    0.001248    0.02977    0.04296    0.04953    0.05327    0.05569    0.05742    0.05877    0.05986    0.06079    0.06161    0.06234    0.06301    0.06362    0.0642    0.06474    0.06525    0.06573    0.06619    0.06662    0.06704    0.06743    0.06781    0.06817    0.06851    0.06884    0.06916    0.06946    0.06975    0.07003    0.07029    0.07054    0.07078    0.07101    0.07123    0.07144    
SE79    0.002862    0.06394    0.09097    0.1033    0.1095    0.1127    0.1146    0.1156    0.1161    0.1164    0.1165    0.1164    0.1163    0.1162    0.1161    0.1159    0.1157    0.1155    0.1153    0.1152    0.115    0.1148    0.1147    0.1145    0.1144    0.1142    0.1141    0.1139    0.1138    0.1136    0.1135    0.1133    0.1132    0.113    0.1129    0.1128    
SE80    0.006894    0.1535    0.2184    0.2481    0.2631    0.2713    0.2762    0.2794    0.2815    0.2831    0.2843    0.2852    0.2861    0.2868    0.2875    0.2882    0.2888    0.2895    0.2901    0.2908    0.2914    0.2921    0.2928    0.2935    0.2941    0.2948    0.2955    0.2962    0.2969    0.2976    0.2983    0.299    0.2997    0.3003    0.301    0.3017    
BR81    0.01051    0.2345    0.3319    0.3748    0.3946    0.4038    0.4075    0.4083    0.4074    0.4054    0.4029    0.3999    0.3967    0.3934    0.3901    0.3867    0.3834    0.3801    0.3768    0.3736    0.3704    0.3672    0.3641    0.3611    0.3581    0.3551    0.3522    0.3493    0.3464    0.3436    0.3409    0.3381    0.3354    0.3327    0.33    0.3274    
SE82    0.01301    0.291    0.4186    0.4814    0.5159    0.5366    0.5498    0.5584    0.5641    0.5681    0.571    0.5731    0.5747    0.576    0.5771    0.5782    0.5791    0.58    0.5809    0.5818    0.5828    0.5837    0.5846    0.5855    0.5865    0.5875    0.5884    0.5894    0.5904    0.5914    0.5923    0.5933    0.5943    0.5952    0.5962    0.5971    
KR82    0.0001114    0.006412    0.01119    0.01514    0.01865    0.02187    0.02484    0.02759    0.03013    0.03247    0.03461    0.03657    0.03835    0.03997    0.04143    0.04276    0.04395    0.04502    0.04597    0.04682    0.04758    0.04825    0.04883    0.04934    0.04978    0.05015    0.05047    0.05073    0.05094    0.0511    0.05122    0.0513    0.05135    0.05136    0.05134    0.05129    
KR83    0.01745    0.3663    0.44    0.4153    0.3611    0.3023    0.2479    0.2008    0.1614    0.1293    0.1036    0.08325    0.06739    0.05513    0.04572    0.03857    0.03317    0.02914    0.02615    0.02395    0.02237    0.02123    0.02043    0.01988    0.01951    0.01927    0.01912    0.01903    0.01899    0.01897    0.01897    0.01898    0.01898    0.01897    0.01895    0.01892    
KR84    0.03132    0.7736    1.214    1.506    1.715    1.872    1.991    2.081    2.151    2.205    2.246    2.279    2.304    2.325    2.341    2.355    2.367    2.378    2.387    2.395    2.403    2.411    2.418    2.425    2.432    2.439    2.446    2.453    2.46    2.467    2.474    2.48    2.487    2.494    2.501    2.507    
KR85    0.007497    0.1814    0.2582    0.2933    0.31    0.3175    0.3199    0.3191    0.3165    0.3127    0.3082    0.3033    0.2981    0.2929    0.2877    0.2825    0.2774    0.2724    0.2675    0.2627    0.258    0.2534    0.249    0.2447    0.2404    0.2363    0.2323    0.2284    0.2246    0.2209    0.2172    0.2137    0.2102    0.2068    0.2035    0.2003    
RB85    0.02644    0.6516    0.9464    1.099    1.189    1.246    1.286    1.314    1.335    1.351    1.364    1.375    1.384    1.393    1.401    1.408    1.415    1.422    1.429    1.436    1.442    1.449    1.455    1.461    1.468    1.474    1.48    1.486    1.492    1.498    1.504    1.509    1.515    1.52    1.526    1.531    
KR86    0.05182    1.166    1.696    1.975    2.14    2.246    2.316    2.363    2.395    2.417    2.433    2.445    2.454    2.461    2.467    2.473    2.478    2.482    2.487    2.491    2.495    2.5    2.504    2.509    2.513    2.518    2.522    2.527    2.531    2.536    2.54    2.545    2.549    2.554    2.558    2.562    
SR86    2.25e-06    0.0009545    0.002176    0.003395    0.004641    0.005923    0.007236    0.008574    0.009929    0.0113    0.01267    0.01406    0.01544    0.01683    0.01822    0.01962    0.02101    0.0224    0.02379    0.02519    0.02658    0.02797    0.02937    0.03076    0.03215    0.03354    0.03493    0.03632    0.03771    0.0391    0.04049    0.04187    0.04326    0.04464    0.04602    0.04741    
RB87    0.06334    1.458    2.12    2.467    2.671    2.8    2.884    2.941    2.98    3.006    3.024    3.038    3.047    3.055    3.061    3.067    3.072    3.076    3.081    3.085    3.09    3.094    3.098    3.103    3.107    3.112    3.116    3.121    3.126    3.13    3.135    3.14    3.144    3.149    3.153    3.158    
SR88    0.08669    2.068    3    3.48    3.758    3.932    4.046    4.122    4.174    4.21    4.236    4.255    4.27    4.282    4.292    4.301    4.31    4.318    4.326    4.334    4.342    4.349    4.357    4.365    4.374    4.382    4.39    4.398    4.407    4.415    4.423    4.432    4.44    4.448    4.456    4.464    
SR89    0.1141    1.296    0.8385    0.4673    0.2677    0.1627    0.1038    0.06841    0.04607    0.03165    0.02228    0.0162    0.01226    0.009701    0.008068    0.007048    0.006433    0.006085    0.005907    0.005838    0.005833    0.005865    0.005916    0.005974    0.006032    0.006086    0.006135    0.006178    0.006213    0.00624    0.006256    0.00626    0.006246    0.006215    0.006164    0.006093    
Y89    0.002376    1.33    2.959    3.925    4.463    4.775    4.965    5.084    5.161    5.21    5.241    5.26    5.272    5.279    5.283    5.285    5.286    5.286    5.286    5.285    5.285    5.284    5.284    5.283    5.283    5.283    5.283    5.283    5.282    5.282    5.282    5.282    5.282    5.282    5.282    5.282    
SR90    0.146    3.266    4.701    5.412    5.798    6.016    6.139    6.201    6.225    6.224    6.208    6.18    6.146    6.109    6.068    6.026    5.984    5.941    5.899    5.857    5.815    5.773    5.733    5.692    5.652    5.613    5.574    5.535    5.497    5.459    5.421    5.384    5.347    5.31    5.274    5.238    
ZR90    7.635e-06    0.01293    0.04776    0.09338    0.1447    0.1991    0.2553    0.3125    0.3703    0.4282    0.4862    0.544    0.6016    0.6589    0.7159    0.7726    0.829    0.885    0.9407    0.9961    1.051    1.106    1.16    1.214    1.268    1.321    1.374    1.427    1.479    1.531    1.583    1.635    1.686    1.737    1.788    1.838    
Y91    0.1395    2.101    1.469    0.8594    0.5047    0.3105    0.2002    0.1337    0.09178    0.06474    0.04716    0.0357    0.02823    0.02337    0.02024    0.01826    0.01703    0.01631    0.01591    0.01571    0.01564    0.01564    0.01568    0.01574    0.01579    0.01585    0.01589    0.01592    0.01595    0.01595    0.01594    0.01591    0.01585    0.01576    0.01564    0.01549    
ZR91    0.002226    1.801    4.198    5.716    6.595    7.115    7.436    7.642    7.776    7.865    7.925    7.966    7.994    8.014    8.029    8.041    8.05    8.059    8.066    8.073    8.08    8.087    8.094    8.101    8.108    8.115    8.122    8.129    8.137    8.144    8.151    8.158    8.165    8.172    8.179    8.185    
ZR92    0.1885    4.822    7.015    8.159    8.831    9.258    9.541    9.734    9.869    9.965    10.04    10.09    10.13    10.17    10.2    10.23    10.26    10.29    10.31    10.34    10.37    10.39    10.42    10.45    10.47    10.5    10.53    10.55    10.58    10.61    10.64    10.66    10.69    10.72    10.74    10.77    
ZR93    0.2247    6.277    9.108    10.55    11.38    11.87    12.17    12.35    12.45    12.5    12.52    12.51    12.49    12.46    12.43    12.39    12.35    12.31    12.27    12.23    12.19    12.14    12.1    12.06    12.02    11.99    11.95    11.91    11.87    11.83    11.79    11.76    11.72    11.68    11.64    11.61    
ZR94    0.3142    7.121    10.37    12.08    13.11    13.79    14.25    14.59    14.84    15.03    15.19    15.32    15.44    15.55    15.65    15.74    15.84    15.93    16.02    16.11    16.2    16.29    16.38    16.47    16.56    16.65    16.74    16.83    16.92    17.01    17.1    17.19    17.28    17.37    17.46    17.54    
ZR95    0.3509    4.552    3.34    2.032    1.225    0.7638    0.4931    0.3266    0.2204    0.1512    0.1059    0.07621    0.05682    0.04419    0.03604    0.03088    0.02769    0.02582    0.02479    0.0243    0.02414    0.02418    0.02433    0.02452    0.02473    0.02494    0.02513    0.02529    0.02543    0.02553    0.0256    0.02561    0.02556    0.02545    0.02526    0.02499    
NB95    0.005677    1.808    1.975    1.338    0.819    0.5032    0.3189    0.2083    0.1392    0.09464    0.06559    0.04656    0.03412    0.026    0.02074    0.01738    0.01529    0.01403    0.01331    0.01294    0.01279    0.01277    0.01283    0.01292    0.01302    0.01312    0.01321    0.01329    0.01336    0.0134    0.01342    0.01342    0.01339    0.01332    0.01322    0.01308    
MO95    0.0001135    1.672    6.265    9.921    12.1    13.28    13.87    14.12    14.16    14.07    13.89    13.67    13.42    13.15    12.88    12.6    12.32    12.04    11.77    11.51    11.25    10.99    10.75    10.51    10.27    10.04    9.822    9.606    9.395    9.19    8.99    8.795    8.604    8.419    8.238    8.061    
ZR96    0.3791    8.542    12.46    14.55    15.8    16.61    17.14    17.5    17.74    17.9    18.02    18.1    18.16    18.21    18.24    18.28    18.3    18.33    18.35    18.38    18.4    18.43    18.45    18.47    18.5    18.52    18.55    18.57    18.6    18.62    18.65    18.68    18.7    18.73    18.75    18.77    
MO96    0.0001714    0.02261    0.1447    0.3723    0.6676    1    1.351    1.71    2.071    2.429    2.783    3.13    3.47    3.803    4.127    4.444    4.752    5.053    5.346    5.631    5.909    6.18    6.444    6.701    6.951    7.195    7.432    7.663    7.888    8.107    8.321    8.529    8.731    8.928    9.12    9.307    
MO97    0.2819    9.214    13.46    15.69    17.01    17.82    18.35    18.68    18.89    19.01    19.08    19.11    19.13    19.12    19.11    19.1    19.08    19.06    19.03    19.01    18.99    18.97    18.96    18.94    18.92    18.91    18.89    18.88    18.86    18.85    18.84    18.83    18.82    18.81    18.8    18.79    
MO98    0.4419    9.976    14.6    17.12    18.66    19.69    20.39    20.89    21.24    21.51    21.72    21.88    22.02    22.15    22.26    22.36    22.46    22.56    22.66    22.75    22.85    22.94    23.04    23.13    23.23    23.32    23.42    23.52    23.61    23.71    23.8    23.9    24    24.09    24.19    24.28    
TC99    0.128    9.954    14.47    16.58    17.57    17.94    17.93    17.69    17.3    16.83    16.3    15.74    15.18    14.62    14.07    13.54    13.02    12.52    12.05    11.59    11.15    10.73    10.33    9.94    9.571    9.218    8.88    8.557    8.247    7.951    7.667    7.395    7.135    6.885    6.646    6.416    
MO100    0.5352    12.05    17.6    20.57    22.36    23.51    24.28    24.79    25.14    25.37    25.53    25.65    25.73    25.79    25.84    25.88    25.91    25.95    25.98    26.01    26.03    26.06    26.09    26.12    26.15    26.19    26.22    26.25    26.28    26.31    26.34    26.37    26.4    26.43    26.46    26.49    
RU100    8.374e-05    0.2489    0.7947    1.469    2.202    2.955    3.71    4.452    5.174    5.871    6.54    7.179    7.789    8.37    8.922    9.446    9.942    10.41    10.86    11.28    11.68    12.05    12.41    12.75    13.06    13.36    13.64    13.91    14.15    14.39    14.6    14.81    15    15.18    15.35    15.5    
RU101    0.459    10.41    15.21    17.8    19.34    20.31    20.91    21.27    21.48    21.58    21.62    21.62    21.58    21.54    21.48    21.43    21.37    21.31    21.26    21.21    21.16    21.12    21.08    21.04    21.01    20.98    20.96    20.93    20.91    20.89    20.88    20.86    20.85    20.84    20.83    20.82    
RU102    0.4732    10.78    15.94    18.9    20.81    22.13    23.08    23.78    24.3    24.71    25.04    25.32    25.57    25.79    26    26.2    26.39    26.58    26.76    26.94    27.12    27.3    27.48    27.66    27.84    28.02    28.2    28.37    28.55    28.73    28.9    29.08    29.26    29.43    29.6    29.78    
RU103    0.5378    5.156    3.053    1.712    1.038    0.6743    0.4561    0.3164    0.2242    0.1631    0.1227    0.09624    0.07894    0.06772    0.06054    0.05608    0.05341    0.05192    0.05119    0.05096    0.05102    0.05126    0.05159    0.05196    0.05235    0.05274    0.0531    0.05345    0.05378    0.05407    0.05432    0.05453    0.05466    0.05473    0.05472    0.05463    
RH103    0.01415    6.478    11.51    12.44    11.58    10.11    8.542    7.073    5.779    4.678    3.765    3.022    2.425    1.951    1.579    1.288    1.062    0.8884    0.7555    0.6543    0.5777    0.5201    0.477    0.4451    0.4215    0.4043    0.3919    0.383    0.3767    0.3724    0.3695    0.3675    0.3662    0.3653    0.3645    0.3638    
RU104    0.4767    10.92    16.17    19.16    21.07    22.35    23.22    23.81    24.21    24.48    24.66    24.78    24.87    24.93    24.97    25    25.03    25.05    25.07    25.09    25.1    25.12    25.14    25.15    25.17    25.19    25.21    25.23    25.24    25.26    25.28    25.3    25.32    25.33    25.35    25.37    
PD104    4.053e-05    0.773    3.569    7.079    10.52    13.58    16.2    18.38    20.17    21.61    22.76    23.68    24.41    24.99    25.45    25.81    26.1    26.34    26.53    26.69    26.82    26.94    27.04    27.13    27.21    27.29    27.36    27.43    27.49    27.56    27.62    27.69    27.75    27.81    27.87    27.93    
PD105    0.1568    6.594    9.706    11.35    12.29    12.82    13.1    13.2    13.19    13.1    12.97    12.8    12.62    12.42    12.23    12.03    11.83    11.64    11.45    11.26    11.08    10.9    10.72    10.55    10.39    10.23    10.07    9.918    9.769    9.624    9.482    9.343    9.208    9.075    8.946    8.82    
RU106    0.3489    7.176    9.3    9.581    9.09    8.252    7.277    6.285    5.344    4.491    3.741    3.097    2.552    2.097    1.721    1.413    1.161    0.9577    0.7932    0.661    0.555    0.4703    0.4027    0.3489    0.3062    0.2722    0.2453    0.224    0.2071    0.1936    0.1829    0.1743    0.1673    0.1615    0.1565    0.1522    
PD106    0.07396    4    7.521    10.73    13.64    16.24    18.53    20.53    22.26    23.75    25.03    26.13    27.09    27.92    28.65    29.3    29.87    30.39    30.86    31.29    31.69    32.06    32.41    32.75    33.07    33.37    33.67    33.95    34.23    34.5    34.77    35.03    35.28    35.53    35.77    36.01    
PD107    0.2626    6.007    8.981    10.76    11.92    12.66    13.12    13.37    13.47    13.48    13.42    13.31    13.18    13.04    12.88    12.72    12.56    12.39    12.23    12.07    11.91    11.76    11.61    11.46    11.31    11.17    11.02    10.89    10.75    10.62    10.49    10.36    10.23    10.11    9.986    9.866    
PD108    0.1848    4.24    6.429    7.817    8.771    9.432    9.878    10.17    10.35    10.45    10.5    10.52    10.51    10.48    10.44    10.39    10.34    10.28    10.23    10.16    10.1    10.04    9.973    9.908    9.842    9.775    9.708    9.64    9.573    9.504    9.436    9.367    9.297    9.228    9.158    9.087    
AG109    0.08815    2.497    3.433    3.771    3.829    3.738    3.565    3.352    3.128    2.91    2.707    2.525    2.364    2.224    2.104    2.002    1.915    1.841    1.779    1.726    1.681    1.643    1.61    1.581    1.556    1.534    1.514    1.496    1.48    1.465    1.451    1.438    1.425    1.413    1.401    1.39    
PD110    0.05292    1.219    1.864    2.287    2.588    2.803    2.955    3.061    3.134    3.184    3.218    3.242    3.258    3.27    3.279    3.286    3.291    3.295    3.299    3.303    3.306    3.31    3.313    3.316    3.319    3.323    3.326    3.329    3.333    3.336    3.339    3.342    3.346    3.349    3.352    3.355    
AG110M    9.179e-06    0.0105    0.02725    0.0413    0.051    0.0567    0.05921    0.0594    0.05801    0.05567    0.05281    0.04977    0.04677    0.04393    0.04133    0.03901    0.03696    0.03517    0.03363    0.03231    0.03117    0.0302    0.02937    0.02866    0.02805    0.02752    0.02706    0.02665    0.02628    0.02596    0.02566    0.02539    0.02514    0.0249    0.02467    0.02445    
CD110    0.000213    0.2855    0.879    1.582    2.313    3.029    3.707    4.336    4.911    5.432    5.902    6.326    6.708    7.054    7.367    7.653    7.915    8.156    8.379    8.586    8.781    8.963    9.135    9.298    9.453    9.6    9.74    9.875    10    10.13    10.24    10.36    10.47    10.57    10.67    10.77    
CD111    0.003038    0.5056    0.8127    1.019    1.174    1.297    1.398    1.484    1.56    1.632    1.701    1.77    1.839    1.909    1.981    2.054    2.127    2.202    2.278    2.354    2.431    2.508    2.585    2.663    2.74    2.817    2.894    2.97    3.046    3.121    3.196    3.27    3.343    3.416    3.487    3.558    
CD112    0.006088    0.2349    0.3829    0.4989    0.5975    0.6839    0.7611    0.8318    0.8982    0.9623    1.025    1.088    1.152    1.217    1.284    1.352    1.423    1.495    1.57    1.648    1.727    1.809    1.894    1.981    2.07    2.162    2.256    2.352    2.451    2.552    2.655    2.76    2.868    2.978    3.089    3.203    
CD113M    0.0001072    0.002748    0.004364    0.005574    0.006577    0.007446    0.008222    0.008938    0.00962    0.01029    0.01096    0.01165    0.01235    0.01309    0.01385    0.01465    0.01549    0.01636    0.01728    0.01824    0.01924    0.02029    0.02139    0.02253    0.02373    0.02497    0.02626    0.02761    0.02901    0.03046    0.03197    0.03353    0.03515    0.03682    0.03856    0.04035    
CD114    0.0072    0.2614    0.4023    0.4944    0.56    0.6075    0.6417    0.6664    0.6842    0.6974    0.7076    0.7156    0.7225    0.7285    0.7342    0.7397    0.7451    0.7507    0.7564    0.7623    0.7685    0.775    0.7818    0.7889    0.7963    0.804    0.8121    0.8206    0.8294    0.8385    0.8481    0.858    0.8683    0.879    0.89    0.9015    
CD116    0.003228    0.07297    0.107    0.1255    0.1369    0.1444    0.1494    0.1527    0.155    0.1566    0.1577    0.1585    0.159    0.1595    0.1598    0.1601    0.1604    0.1606    0.1608    0.161    0.1612    0.1615    0.1617    0.1619    0.1621    0.1623    0.1626    0.1628    0.163    0.1633    0.1635    0.1637    0.1639    0.1642    0.1644    0.1646    
SN116    8.331e-06    0.02418    0.06416    0.09921    0.1262    0.1461    0.1607    0.1713    0.1792    0.185    0.1893    0.1927    0.1955    0.1978    0.1997    0.2015    0.2032    0.2047    0.2062    0.2077    0.2091    0.2105    0.212    0.2134    0.2148    0.2162    0.2177    0.2191    0.2206    0.222    0.2235    0.225    0.2265    0.228    0.2295    0.231    
SN117    0.002949    0.07298    0.106    0.1231    0.133    0.1392    0.1432    0.1457    0.1473    0.1483    0.1489    0.1493    0.1494    0.1495    0.1495    0.1495    0.1494    0.1493    0.1493    0.1492    0.1491    0.149    0.149    0.1489    0.1489    0.1488    0.1488    0.1487    0.1487    0.1486    0.1486    0.1486    0.1485    0.1485    0.1485    0.1484    
SN118    0.003201    0.07331    0.1069    0.1248    0.1357    0.1427    0.1476    0.151    0.1536    0.1555    0.157    0.1582    0.1593    0.1603    0.1612    0.162    0.1628    0.1636    0.1644    0.1652    0.166    0.1668    0.1676    0.1684    0.1691    0.1699    0.1707    0.1715    0.1723    0.1731    0.1739    0.1747    0.1755    0.1763    0.177    0.1778    
SN119    0.003299    0.07467    0.1086    0.1263    0.1366    0.1431    0.1472    0.1499    0.1516    0.1527    0.1534    0.1538    0.154    0.154    0.154    0.154    0.1539    0.1538    0.1537    0.1536    0.1535    0.1534    0.1533    0.1532    0.1531    0.153    0.1529    0.1528    0.1528    0.1527    0.1526    0.1525    0.1524    0.1523    0.1523    0.1522    
SN120    0.0034    0.07652    0.1112    0.1294    0.1402    0.1472    0.1519    0.1552    0.1576    0.1594    0.1608    0.162    0.163    0.1639    0.1647    0.1655    0.1662    0.167    0.1677    0.1684    0.1692    0.1699    0.1706    0.1713    0.1721    0.1728    0.1736    0.1743    0.175    0.1758    0.1765    0.1772    0.178    0.1787    0.1794    0.1802    
SB121    0.001961    0.07862    0.1132    0.1296    0.1378    0.1418    0.1435    0.1437    0.143    0.1417    0.1401    0.1382    0.1361    0.1341    0.1319    0.1298    0.1277    0.1256    0.1236    0.1216    0.1196    0.1177    0.1158    0.1139    0.1121    0.1104    0.1086    0.1069    0.1052    0.1036    0.102    0.1004    0.09884    0.09731    0.09581    0.09434    
SN122    0.003769    0.08449    0.1221    0.1411    0.152    0.1587    0.163    0.1658    0.1678    0.1691    0.1701    0.1708    0.1714    0.1718    0.1722    0.1725    0.1728    0.1731    0.1734    0.1737    0.174    0.1743    0.1746    0.1749    0.1752    0.1755    0.1758    0.1761    0.1764    0.1767    0.1769    0.1772    0.1775    0.1778    0.1781    0.1784    
TE122    1.275e-07    0.000808    0.002616    0.004857    0.007295    0.009818    0.01237    0.01491    0.01741    0.01988    0.02228    0.02464    0.02693    0.02915    0.03132    0.03342    0.03547    0.03745    0.03937    0.04124    0.04305    0.0448    0.0465    0.04815    0.04975    0.0513    0.0528    0.05425    0.05565    0.05701    0.05832    0.0596    0.06082    0.06201    0.06316    0.06427    
SB123    0.003381    0.08187    0.1251    0.1493    0.1634    0.1714    0.1759    0.178    0.1787    0.1785    0.1776    0.1764    0.175    0.1734    0.1718    0.1701    0.1684    0.1667    0.165    0.1633    0.1616    0.16    0.1584    0.1568    0.1552    0.1537    0.1522    0.1507    0.1492    0.1477    0.1463    0.1448    0.1434    0.142    0.1407    0.1393    
SN124    0.005615    0.1255    0.1803    0.207    0.2216    0.2301    0.2355    0.2389    0.2411    0.2425    0.2435    0.2441    0.2446    0.2449    0.2452    0.2453    0.2455    0.2457    0.2458    0.246    0.2461    0.2463    0.2464    0.2466    0.2468    0.247    0.2471    0.2473    0.2475    0.2477    0.2478    0.248    0.2482    0.2484    0.2486    0.2487    
TE124    1.041e-06    0.0002782    0.001203    0.002649    0.004436    0.006432    0.008555    0.01075    0.01299    0.01525    0.01751    0.01977    0.02202    0.02426    0.02648    0.02869    0.03087    0.03303    0.03518    0.0373    0.0394    0.04148    0.04354    0.04558    0.04759    0.04959    0.05156    0.05351    0.05544    0.05735    0.05923    0.06109    0.06294    0.06476    0.06655    0.06833    
SB125    0.007987    0.2575    0.3556    0.3811    0.3774    0.3617    0.3412    0.3191    0.2969    0.2754    0.255    0.2358    0.218    0.2014    0.1861    0.172    0.159    0.1471    0.1361    0.1261    0.1169    0.1085    0.1007    0.09362    0.08712    0.08116    0.0757    0.07069    0.06609    0.06187    0.058    0.05444    0.05118    0.04817    0.0454    0.04285    
TE125    6.327e-06    0.008673    0.03198    0.06116    0.0918    0.1219    0.1506    0.1775    0.2025    0.2257    0.2472    0.2669    0.285    0.3017    0.3171    0.3311    0.3441    0.3559    0.3668    0.3768    0.386    0.3944    0.4022    0.4093    0.4159    0.422    0.4275    0.4327    0.4374    0.4418    0.4458    0.4495    0.453    0.4562    0.4592    0.4619    
SN126    0.01937    0.4318    0.6165    0.7031    0.7479    0.7731    0.7884    0.798    0.8042    0.8084    0.8113    0.8134    0.815    0.8162    0.8173    0.8183    0.8192    0.82    0.8209    0.8218    0.8227    0.8236    0.8246    0.8255    0.8265    0.8275    0.8285    0.8295    0.8305    0.8315    0.8325    0.8335    0.8345    0.8355    0.8365    0.8374    
TE126    0.0002828    0.01253    0.01936    0.02301    0.0254    0.0273    0.02901    0.03066    0.03228    0.0339    0.03551    0.03713    0.03875    0.04037    0.04199    0.04362    0.04524    0.04687    0.04849    0.05012    0.05174    0.05337    0.05499    0.05661    0.05823    0.05985    0.06146    0.06308    0.06469    0.06631    0.06791    0.06952    0.07113    0.07273    0.07433    0.07593    
I127    0.006628    0.9275    1.407    1.644    1.765    1.825    1.85    1.856    1.849    1.835    1.817    1.796    1.774    1.75    1.727    1.703    1.679    1.656    1.633    1.61    1.588    1.566    1.545    1.524    1.503    1.483    1.463    1.443    1.424    1.405    1.386    1.368    1.35    1.332    1.315    1.298    
TE128    0.08033    1.863    2.666    3.048    3.249    3.365    3.436    3.482    3.513    3.534    3.55    3.562    3.571    3.579    3.586    3.592    3.598    3.604    3.61    3.616    3.622    3.628    3.634    3.64    3.646    3.652    3.658    3.665    3.671    3.677    3.683    3.689    3.695    3.701    3.707    3.713    
XE128    1.148e-05    0.008407    0.02741    0.05144    0.07792    0.1056    0.1336    0.1618    0.1897    0.2173    0.2445    0.2713    0.2975    0.3232    0.3484    0.3731    0.3973    0.421    0.4442    0.4669    0.4891    0.5109    0.5322    0.553    0.5734    0.5933    0.6129    0.632    0.6507    0.669    0.6869    0.7044    0.7215    0.7382    0.7546    0.7706    
I129    0.1139    3.044    4.363    4.852    4.976    4.931    4.802    4.63    4.436    4.233    4.03    3.83    3.635    3.449    3.271    3.101    2.941    2.789    2.645    2.509    2.381    2.26    2.147    2.039    1.938    1.842    1.752    1.667    1.587    1.511    1.44    1.372    1.309    1.248    1.191    1.137    
TE130    0.2472    5.57    8.052    9.313    10.03    10.47    10.76    10.95    11.07    11.16    11.22    11.26    11.29    11.31    11.33    11.35    11.36    11.38    11.39    11.41    11.42    11.43    11.45    11.46    11.48    11.49    11.51    11.52    11.53    11.55    11.56    11.58    11.59    11.61    11.62    11.64    
XE130    0.0005122    0.1111    0.3354    0.6031    0.8831    1.162    1.432    1.691    1.938    2.17    2.389    2.594    2.786    2.965    3.133    3.288    3.433    3.568    3.693    3.809    3.916    4.016    4.107    4.192    4.27    4.342    4.407    4.467    4.522    4.572    4.618    4.659    4.696    4.729    4.759    4.785    
XE131    0.03949    7.137    9.877    10.38    9.993    9.232    8.331    7.407    6.519    5.697    4.957    4.301    3.727    3.231    2.803    2.437    2.126    1.862    1.639    1.45    1.292    1.158    1.047    0.9533    0.8751    0.8098    0.7553    0.7099    0.6722    0.6408    0.6146    0.5929    0.5747    0.5594    0.5465    0.5355    
XE132    0.1452    12.39    19.65    24.45    28.01    30.81    33.06    34.9    36.41    37.67    38.71    39.59    40.34    40.97    41.51    41.97    42.37    42.72    43.03    43.3    43.54    43.75    43.95    44.13    44.3    44.45    44.59    44.73    44.86    44.98    45.1    45.21    45.32    45.43    45.53    45.63    
XE133    0.369    0.7713    0.3951    0.2332    0.1499    0.1004    0.0685    0.04728    0.03304    0.02356    0.01732    0.01325    0.01058    0.008841    0.007722    0.007019    0.006592    0.006346    0.006219    0.006165    0.006158    0.006178    0.006214    0.006258    0.006306    0.006355    0.006406    0.006456    0.006506    0.006553    0.006594    0.006627    0.006646    0.00665    0.006638    0.006608    
CS133    0.05944    14.29    20.97    23.8    24.88    25.01    24.61    23.87    22.95    21.93    20.86    19.79    18.74    17.73    16.76    15.83    14.96    14.13    13.36    12.63    11.94    11.3    10.69    10.13    9.594    9.095    8.628    8.189    7.778    7.392    7.029    6.689    6.37    6.069    5.787    5.521    
XE134    0.7444    17.53    25.84    30.51    33.46    35.42    36.74    37.64    38.26    38.67    38.96    39.17    39.31    39.42    39.51    39.58    39.64    39.69    39.75    39.8    39.85    39.89    39.94    39.99    40.04    40.09    40.15    40.2    40.25    40.3    40.35    40.4    40.45    40.51    40.55    40.6    
CS134    7.658e-05    0.4638    1.315    2.121    2.766    3.233    3.543    3.723    3.8    3.801    3.745    3.649    3.527    3.388    3.24    3.088    2.935    2.786    2.641    2.501    2.368    2.241    2.121    2.008    1.901    1.8    1.706    1.617    1.533    1.455    1.381    1.312    1.247    1.186    1.128    1.074    
BA134    9.269e-08    0.0158    0.1051    0.2864    0.5478    0.8702    1.235    1.625    2.029    2.435    2.837    3.229    3.608    3.971    4.316    4.644    4.953    5.245    5.519    5.776    6.017    6.243    6.454    6.652    6.836    7.009    7.17    7.32    7.46    7.59    7.712    7.825    7.93    8.028    8.119    8.203    
CS135    0.02982    0.8    1.415    2.066    2.818    3.662    4.567    5.505    6.451    7.384    8.29    9.158    9.982    10.76    11.48    12.16    12.78    13.35    13.88    14.36    14.79    15.19    15.55    15.87    16.15    16.41    16.63    16.83    17    17.15    17.27    17.38    17.46    17.53    17.58    17.62    
BA135    5.706e-07    3.5e-05    0.0003019    0.001205    0.003125    0.006361    0.01112    0.01753    0.02564    0.03547    0.04699    0.06014    0.07484    0.091    0.1085    0.1274    0.1473    0.1684    0.1905    0.2134    0.2372    0.2617    0.2868    0.3126    0.3388    0.3655    0.3926    0.42    0.4477    0.4757    0.5039    0.5322    0.5606    0.5891    0.6177    0.6462    
XE136    1.362    32.75    48.12    56.66    61.98    65.49    67.86    69.48    70.59    71.35    71.88    72.27    72.55    72.77    72.95    73.1    73.23    73.36    73.48    73.59    73.71    73.82    73.94    74.06    74.17    74.29    74.41    74.53    74.65    74.77    74.89    75.01    75.13    75.25    75.36    75.48    
CS136    0.01045    0.03662    0.01819    0.01182    0.01051    0.0114    0.01327    0.01559    0.0181    0.02067    0.02321    0.02566    0.02801    0.03023    0.03231    0.03425    0.03604    0.03769    0.03921    0.0406    0.04186    0.043    0.04404    0.04497    0.0458    0.04654    0.0472    0.04777    0.04827    0.04871    0.04907    0.04938    0.04963    0.04983    0.04998    0.05009    
BA136    0.0008794    0.2211    0.3593    0.4358    0.4935    0.5508    0.6157    0.692    0.7811    0.8839    1    1.13    1.273    1.427    1.594    1.771    1.958    2.155    2.36    2.573    2.793    3.019    3.252    3.49    3.733    3.98    4.231    4.486    4.744    5.004    5.267    5.531    5.798    6.065    6.334    6.604    
CS137    0.6915    15.57    22.73    26.57    28.86    30.27    31.15    31.67    31.95    32.07    32.08    32.03    31.93    31.8    31.66    31.5    31.34    31.17    31    30.83    30.67    30.5    30.34    30.18    30.02    29.86    29.7    29.54    29.39    29.24    29.09    28.94    28.79    28.64    28.49    28.34    
BA137    0.0003883    0.06322    0.2087    0.3937    0.6003    0.8194    1.046    1.276    1.508    1.739    1.97    2.199    2.426    2.65    2.872    3.092    3.308    3.522    3.734    3.942    4.149    4.352    4.553    4.752    4.948    5.141    5.333    5.521    5.708    5.892    6.074    6.254    6.431    6.606    6.779    6.95    
BA138    0.6044    13.87    20.46    24.18    26.54    28.12    29.19    29.92    30.43    30.78    31.03    31.21    31.34    31.45    31.54    31.62    31.69    31.76    31.83    31.9    31.97    32.04    32.11    32.19    32.26    32.34    32.42    32.5    32.58    32.67    32.75    32.84    32.93    33.01    33.1    33.19    
LA139    0.584    13.52    19.78    23.16    25.16    26.38    27.1    27.47    27.63    27.62    27.52    27.36    27.15    26.92    26.67    26.41    26.15    25.89    25.62    25.36    25.11    24.85    24.6    24.35    24.11    23.87    23.63    23.4    23.17    22.94    22.72    22.5    22.28    22.06    21.85    21.64    
BA140    0.5483    1.863    0.939    0.5503    0.3535    0.2365    0.1606    0.1096    0.0751    0.05193    0.03654    0.0264    0.01972    0.01534    0.0125    0.0107    0.009576    0.008909    0.008537    0.008352    0.008285    0.008288    0.008331    0.008395    0.008469    0.008545    0.008621    0.008695    0.008764    0.008825    0.008872    0.0089    0.008903    0.008876    0.008817    0.008726    
LA140    0.03301    0.2492    0.1296    0.07949    0.05423    0.03925    0.0295    0.02292    0.01844    0.0154    0.01335    0.01197    0.01103    0.01038    0.009932    0.009615    0.009387    0.009218    0.009087    0.008982    0.008894    0.008815    0.008743    0.008675    0.008609    0.008544    0.008481    0.008418    0.008356    0.008293    0.008229    0.008164    0.008097    0.008026    0.007952    0.007874    
CE140    0.01572    11.71    19.43    23.74    26.51    28.45    29.87    30.95    31.79    32.48    33.05    33.55    34.01    34.43    34.82    35.2    35.57    35.93    36.29    36.64    36.98    37.32    37.66    37.99    38.33    38.65    38.98    39.3    39.62    39.94    40.25    40.56    40.87    41.17    41.47    41.77    
CE141    0.5172    4.628    2.545    1.409    0.8582    0.5583    0.376    0.258    0.1799    0.1279    0.09362    0.07113    0.05643    0.04687    0.04076    0.03694    0.03465    0.03335    0.03271    0.03248    0.0325    0.03267    0.03291    0.0332    0.03349    0.03377    0.03405    0.03431    0.03455    0.03476    0.03493    0.03506    0.03514    0.03514    0.03508    0.03495    
PR141    0.01679    8.274    16.05    20.03    22.1    23.21    23.77    23.98    23.98    23.83    23.59    23.29    22.96    22.61    22.24    21.87    21.51    21.15    20.79    20.44    20.09    19.76    19.43    19.11    18.79    18.48    18.18    17.89    17.6    17.32    17.04    16.78    16.51    16.25    16    15.75    
CE142    0.5288    12.48    18.32    21.5    23.43    24.67    25.5    26.05    26.41    26.65    26.81    26.91    26.98    27.03    27.06    27.08    27.09    27.11    27.11    27.12    27.13    27.14    27.15    27.16    27.17    27.18    27.19    27.2    27.21    27.22    27.23    27.24    27.25    27.26    27.27    27.28    
ND142    1.493e-06    0.07091    0.3367    0.7078    1.127    1.566    2.009    2.449    2.879    3.296    3.699    4.086    4.456    4.81    5.148    5.469    5.775    6.066    6.342    6.603    6.851    7.085    7.307    7.517    7.714    7.901    8.076    8.24    8.395    8.54    8.675    8.802    8.919    9.029    9.13    9.224    
PR143    0.2283    1.603    0.8012    0.4643    0.2966    0.1991    0.1367    0.0952    0.06731    0.04866    0.03632    0.0282    0.02287    0.01937    0.01712    0.01568    0.0148    0.01428    0.014    0.01386    0.01382    0.01383    0.01387    0.01393    0.014    0.01407    0.01414    0.0142    0.01426    0.01432    0.01436    0.01439    0.01439    0.01437    0.01432    0.01425    
ND143    0.01318    7.617    9.585    8.688    7.14    5.626    4.339    3.31    2.517    1.921    1.484    1.169    0.9475    0.7947    0.6921    0.6257    0.5851    0.5624    0.5523    0.5507    0.5546    0.5622    0.572    0.5831    0.5947    0.6063    0.6178    0.6289    0.6395    0.6496    0.6589    0.6677    0.6757    0.683    0.6896    0.6954    
CE144    0.4212    8.339    10.17    9.815    8.724    7.439    6.18    5.041    4.055    3.228    2.55    2.004    1.57    1.229    0.9634    0.7582    0.6008    0.4808    0.3899    0.3214    0.27    0.2317    0.2033    0.1823    0.1669    0.1557    0.1475    0.1415    0.1372    0.134    0.1317    0.1299    0.1284    0.1271    0.1257    0.1243    
ND144    0.001958    3.184    10.07    17.13    23.31    28.41    32.46    35.63    38.06    39.91    41.3    42.34    43.11    43.68    44.11    44.42    44.66    44.84    44.99    45.11    45.21    45.3    45.38    45.46    45.54    45.63    45.71    45.79    45.88    45.97    46.07    46.17    46.27    46.37    46.48    46.58    
ND145    0.3015    7.448    10.52    11.86    12.42    12.55    12.43    12.16    11.8    11.4    10.98    10.56    10.14    9.745    9.365    9.005    8.667    8.349    8.052    7.775    7.516    7.274    7.049    6.839    6.644    6.462    6.293    6.136    5.989    5.853    5.726    5.608    5.498    5.396    5.301    5.212    
ND146    0.2811    6.717    10.37    12.83    14.72    16.26    17.57    18.71    19.72    20.63    21.47    22.24    22.97    23.65    24.29    24.9    25.48    26.04    26.57    27.09    27.58    28.05    28.51    28.95    29.38    29.79    30.19    30.58    30.96    31.32    31.68    32.03    32.37    32.7    33.02    33.34    
ND147    0.2118    0.6153    0.3157    0.1896    0.1249    0.08613    0.06077    0.04371    0.03221    0.02455    0.01954    0.0163    0.01424    0.01295    0.01219    0.01176    0.01157    0.01152    0.01156    0.01167    0.0118    0.01196    0.01212    0.01229    0.01245    0.01262    0.01277    0.01293    0.01308    0.01322    0.01335    0.01348    0.01359    0.01369    0.01378    0.01385    
PM147    0.02053    3.537    4.011    3.377    2.607    1.943    1.426    1.04    0.7578    0.5563    0.4145    0.3163    0.2492    0.204    0.1741    0.1548    0.1426    0.1354    0.1314    0.1296    0.1292    0.1297    0.1308    0.1322    0.1338    0.1354    0.137    0.1386    0.1402    0.1416    0.143    0.1443    0.1456    0.1466    0.1476    0.1485    
SM147    1.513e-05    0.1313    0.4354    0.6908    0.8569    0.9442    0.9727    0.9607    0.9227    0.8692    0.8079    0.7439    0.6805    0.6198    0.5632    0.5111    0.4638    0.4211    0.383    0.3491    0.319    0.2925    0.269    0.2484    0.2304    0.2145    0.2007    0.1885    0.1779    0.1687    0.1607    0.1537    0.1476    0.1423    0.1377    0.1337    
ND148    0.1934    4.438    6.535    7.708    8.438    8.912    9.221    9.419    9.541    9.612    9.649    9.663    9.662    9.652    9.635    9.614    9.591    9.567    9.541    9.516    9.49    9.465    9.439    9.414    9.39    9.365    9.341    9.316    9.292    9.269    9.245    9.221    9.198    9.174    9.15    9.126    
SM148    6.954e-06    0.4879    1.619    2.728    3.652    4.384    4.952    5.392    5.733    5.998    6.207    6.374    6.509    6.619    6.711    6.789    6.856    6.915    6.967    7.013    7.054    7.092    7.127    7.159    7.189    7.218    7.244    7.27    7.294    7.318    7.34    7.362    7.383    7.404    7.425    7.445    
ND150    0.115    2.604    3.849    4.56    5.012    5.312    5.513    5.646    5.733    5.788    5.822    5.843    5.853    5.858    5.859    5.857    5.854    5.85    5.845    5.84    5.835    5.83    5.825    5.82    5.815    5.81    5.805    5.801    5.796    5.791    5.787    5.782    5.777    5.772    5.768    5.763    
SM150    0.03062    3.362    5.253    6.2    6.555    6.532    6.275    5.883    5.425    4.945    4.475    4.03    3.621    3.251    2.922    2.632    2.378    2.157    1.965    1.8    1.658    1.536    1.432    1.343    1.267    1.202    1.147    1.1    1.06    1.026    0.9972    0.9728    0.9521    0.9344    0.9194    0.9065    
SM151    0.03934    0.1046    0.08643    0.07954    0.07446    0.06914    0.06345    0.05766    0.05203    0.04674    0.04189    0.0375    0.03359    0.03014    0.02711    0.02447    0.02218    0.0202    0.0185    0.01703    0.01578    0.01471    0.01379    0.01301    0.01234    0.01178    0.01129    0.01088    0.01054    0.01024    0.00999    0.009777    0.009595    0.009439    0.009304    0.009186    
SM152    0.07874    3.065    4.003    4.181    4.082    3.863    3.589    3.291    2.99    2.699    2.424    2.171    1.942    1.736    1.553    1.391    1.25    1.126    1.019    0.926    0.8459    0.7769    0.7176    0.6668    0.6232    0.586    0.5542    0.527    0.5038    0.4841    0.4672    0.4528    0.4405    0.43    0.4209    0.4131    
SM153    0.02722    0.05455    0.0577    0.05622    0.05297    0.04899    0.04477    0.04057    0.03653    0.03276    0.02929    0.02614    0.02332    0.02081    0.0186    0.01666    0.01496    0.01348    0.0122    0.01109    0.01014    0.00932    0.008616    0.008013    0.007496    0.007055    0.006678    0.006356    0.006081    0.005847    0.005648    0.005477    0.005332    0.005206    0.005098    0.005004    
EU153    0.01703    1.28    2.145    2.588    2.746    2.731    2.615    2.445    2.251    2.05    1.853    1.666    1.493    1.336    1.194    1.068    0.956    0.8578    0.772    0.6972    0.6324    0.5763    0.528    0.4864    0.4506    0.42    0.3937    0.3712    0.352    0.3356    0.3216    0.3097    0.2994    0.2907    0.2831    0.2767    
SM154    0.03348    0.7802    1.175    1.416    1.58    1.694    1.774    1.829    1.867    1.892    1.908    1.918    1.923    1.924    1.922    1.919    1.914    1.908    1.9    1.893    1.884    1.875    1.866    1.857    1.847    1.837    1.827    1.817    1.807    1.797    1.786    1.776    1.766    1.756    1.745    1.735    
EU154    0.000126    0.2618    0.6164    0.8474    0.958    0.9863    0.9644    0.914    0.8489    0.7779    0.7061    0.6368    0.5719    0.5122    0.458    0.4095    0.3664    0.3284    0.2951    0.266    0.2407    0.2188    0.1999    0.1836    0.1696    0.1575    0.1472    0.1384    0.1308    0.1243    0.1188    0.1141    0.1101    0.1066    0.1037    0.1011    
GD154    2.384e-08    0.002176    0.01231    0.0287    0.04747    0.06576    0.08197    0.09535    0.1057    0.1132    0.1179    0.1204    0.1209    0.1198    0.1174    0.1141    0.11    0.1054    0.1004    0.09532    0.09014    0.08499    0.07996    0.0751    0.07044    0.06602    0.06185    0.05795    0.05431    0.05094    0.04782    0.04495    0.04231    0.0399    0.0377    0.0357    
EU155    0.01897    0.131    0.2221    0.2944    0.3309    0.3403    0.3325    0.3151    0.2927    0.2684    0.2438    0.2202    0.198    0.1776    0.1592    0.1426    0.1279    0.1149    0.1035    0.09359    0.08495    0.07745    0.07097    0.06538    0.06057    0.05644    0.0529    0.04986    0.04726    0.04503    0.04313    0.0415    0.0401    0.03891    0.03788    0.03699    
EU156    0.01268    0.1732    0.2417    0.3145    0.3544    0.3654    0.3577    0.3393    0.3153    0.2892    0.2628    0.2373    0.2134    0.1914    0.1715    0.1536    0.1377    0.1237    0.1114    0.1007    0.09131    0.08319    0.07618    0.07013    0.06492    0.06045    0.05661    0.05331    0.05049    0.04808    0.04602    0.04425    0.04274    0.04144    0.04032    0.03936    
GD156    0.000765    0.5992    1.544    2.841    4.395    6.056    7.709    9.287    10.75    12.09    13.29    14.36    15.3    16.13    16.86    17.48    18.03    18.5    18.9    19.24    19.54    19.78    20    20.17    20.32    20.45    20.55    20.64    20.71    20.77    20.81    20.85    20.88    20.9    20.91    20.92    
GD158    0.01166    0.435    0.7552    1.071    1.4    1.734    2.063    2.383    2.69    2.986    3.269    3.54    3.8    4.05    4.291    4.523    4.747    4.964    5.174    5.379    5.579    5.774    5.965    6.151    6.335    6.515    6.692    6.867    7.039    7.209    7.377    7.542    7.706    7.868    8.028    8.187    
TB159    0.001794    0.06283    0.09697    0.1202    0.1379    0.1523    0.1646    0.1757    0.1864    0.1973    0.2085    0.2203    0.2328    0.246    0.2599    0.2745    0.2896    0.3053    0.3215    0.3381    0.355    0.3723    0.3899    0.4077    0.4257    0.4439    0.4623    0.4807    0.4992    0.5178    0.5365    0.5552    0.5739    0.5926    0.6113    0.63    
GD160    0.001329    0.03058    0.04659    0.05694    0.0642    0.06934    0.07295    0.07542    0.0771    0.07821    0.07895    0.07943    0.07975    0.07994    0.08007    0.08015    0.08019    0.08022    0.08023    0.08024    0.08024    0.08025    0.08025    0.08025    0.08026    0.08026    0.08026    0.08027    0.08027    0.08028    0.08028    0.08028    0.08029    0.08029    0.08029    0.08029    
DY160    1.242e-08    0.0004558    0.002226    0.004845    0.007844    0.01096    0.01407    0.01708    0.01999    0.02278    0.02548    0.02812    0.03072    0.03331    0.03591    0.03854    0.04123    0.04397    0.04678    0.04967    0.05263    0.05566    0.05877    0.06195    0.0652    0.06852    0.07189    0.07532    0.0788    0.08232    0.08588    0.08948    0.09311    0.09677    0.1004    0.1041    
DY161    9.612e-05    0.009511    0.01054    0.009912    0.009367    0.009136    0.009176    0.009424    0.009829    0.01035    0.01097    0.01167    0.01242    0.01323    0.01408    0.01497    0.01591    0.01688    0.01788    0.01892    0.01999    0.02108    0.02221    0.02336    0.02453    0.02573    0.02694    0.02817    0.02942    0.03067    0.03195    0.03323    0.03452    0.03582    0.03712    0.03843    
DY162    0.0003306    0.0106    0.01741    0.02051    0.0215    0.02155    0.0213    0.02109    0.02108    0.02134    0.02187    0.02266    0.02368    0.02489    0.02628    0.02781    0.02947    0.03125    0.03313    0.0351    0.03716    0.03929    0.0415    0.04377    0.0461    0.04849    0.05093    0.05341    0.05594    0.05851    0.06111    0.06374    0.0664    0.06909    0.07179    0.07451    
DY163    0.0001383    0.004761    0.01015    0.01543    0.01991    0.02337    0.0259    0.0277    0.029    0.03003    0.03095    0.03189    0.03293    0.03414    0.03553    0.03713    0.03894    0.04095    0.04316    0.04555    0.04813    0.05086    0.05375    0.05678    0.05995    0.06323    0.06664    0.07014    0.07375    0.07745    0.08122    0.08508    0.089    0.09298    0.09702    0.1011    
HO165    2.756e-05    0.001958    0.004158    0.006973    0.01048    0.01448    0.0187    0.02291    0.02698    0.03082    0.03441    0.03778    0.04095    0.04399    0.04696    0.04991    0.0529    0.05598    0.05917    0.06252    0.06606    0.06979    0.07374    0.07791    0.08231    0.08695    0.09182    0.09692    0.1023    0.1078    0.1136    0.1196    0.1257    0.1321    0.1387    0.1454    
ER166    1.569e-06    0.0004182    0.0009309    0.001656    0.002705    0.004143    0.005993    0.008242    0.01085    0.01378    0.01696    0.02036    0.02393    0.02765    0.03149    0.03543    0.03947    0.04361    0.04787    0.05224    0.05674    0.06139    0.06621    0.0712    0.07639    0.08179    0.08742    0.09329    0.0994    0.1058    0.1124    0.1194    0.1266    0.1341    0.1419    0.15    
