TIME    3   100   220   340   460   580   700   820   940   1060   1180   1300   1420   1540   1660   1780   1900   2020   2140   2260   2380   2500   2620   2740   2860   2980   3100   3220   3340   3460   3580   3700   3820   3940   4060   4180   
NEUT_PROD    241   269   180   176   185   187   179   164   145   125   106   89.3   74.5   62.1   52   43.8   37.2   32.1   28.1   25   22.6   20.7   19.3   18.1   17.2   16.5   15.9   15.3   14.9   14.4   14   13.7   13.3   12.9   12.6   12.2   
NEUT_DEST    1020   495   339   260   243   232   218   200   180   159   140   123   108   94.9   84   74.9   67.4   61.2   56.1   51.9   48.4   45.5   43.1   41   39.2   37.7   36.3   35.1   34   33   32.1   31.3   30.5   29.8   29.1   28.4   
BUd    0.882    -584    -185    -34.6    27.5    51.8    58.9    57.7    52.8    46.3    39.6    33.3    27.7    22.9    19    15.8    13.2    11.1    9.52    8.28    7.31    6.57    5.99    5.54    5.19    4.91    4.68    4.5    4.34    4.2    4.07    3.95    3.84    3.73    3.63    3.53    
HE4    0.001343    1.409    3.973    6.107    7.586    8.538    9.128    9.489    9.709    9.844    9.93    9.986    10.03    10.05    10.08    10.1    10.11    10.13    10.15    10.16    10.18    10.19    10.2    10.22    10.23    10.25    10.26    10.27    10.29    10.3    10.31    10.32    10.33    10.35    10.36    10.37    
U234    1.2e-06    0.05988    0.381    0.8836    1.422    1.898    2.268    2.523    2.675    2.74    2.738    2.686    2.6    2.49    2.366    2.234    2.1    1.967    1.836    1.711    1.591    1.478    1.371    1.271    1.177    1.09    1.009    0.9334    0.8634    0.7984    0.7382    0.6824    0.6308    0.583    0.5389    0.498    
U235    6.233e-10    0.001203    0.0162    0.05539    0.1164    0.1899    0.2654    0.335    0.3934    0.4384    0.4696    0.488    0.4953    0.4935    0.4845    0.4701    0.4518    0.4309    0.4085    0.3854    0.3621    0.3391    0.3167    0.2952    0.2747    0.2553    0.2369    0.2197    0.2036    0.1886    0.1746    0.1615    0.1494    0.1382    0.1278    0.1182    
U236    1.713e-11    2.006e-05    0.0005598    0.003048    0.009085    0.01972    0.03523    0.05529    0.07914    0.1058    0.1344    0.1639    0.1937    0.2229    0.2513    0.2783    0.3037    0.3275    0.3494    0.3695    0.3878    0.4043    0.4191    0.4322    0.4438    0.454    0.4628    0.4703    0.4766    0.4819    0.4862    0.4895    0.492    0.4938    0.4948    0.4951    
NP237    0.01273    0.2522    0.3405    0.3415    0.3145    0.2808    0.2478    0.2178    0.1915    0.1686    0.149    0.1322    0.1179    0.1058    0.09556    0.087    0.07985    0.07393    0.06905    0.06505    0.06181    0.05921    0.05714    0.05551    0.05425    0.05329    0.05258    0.05206    0.05171    0.05147    0.05132    0.05125    0.05122    0.05122    0.05124    0.05127    
PU238    0.06691    74.28    180.7    235.4    242.6    221.8    189    154    121.8    94.33    71.98    54.35    40.72    30.34    22.52    16.68    12.33    9.102    6.72    4.962    3.667    2.713    2.011    1.494    1.113    0.8326    0.6257    0.4732    0.3606    0.2774    0.216    0.1705    0.1369    0.1119    0.09341    0.07962    
PU239    0.0001733    7.027    32.71    58.46    73.44    76.87    72.15    63.1    52.59    42.36    33.3    25.71    19.59    14.79    11.08    8.26    6.135    4.545    3.362    2.485    1.836    1.358    1.005    0.7445    0.5529    0.4118    0.3077    0.2311    0.1745    0.1328    0.102    0.0792    0.06236    0.04989    0.04064    0.03377    
PU240    2.306e-06    0.561    5.484    15.46    27.14    37.07    43.42    45.89    45.12    42.06    37.69    32.77    27.85    23.27    19.2    15.71    12.81    10.43    8.527    7.014    5.826    4.902    4.185    3.633    3.207    2.879    2.624    2.425    2.267    2.14    2.036    1.949    1.873    1.806    1.745    1.689    
PU241    1.04e-07    0.04267    0.7665    3.059    6.724    10.77    14.2    16.44    17.36    17.13    16.06    14.49    12.68    10.84    9.109    7.555    6.211    5.083    4.154    3.404    2.807    2.335    1.967    1.681    1.46    1.289    1.156    1.054    0.9733    0.9096    0.8583    0.8162    0.7808    0.7502    0.7232    0.6986    
PU242    2.786    81.18    106.5    111.6    110    107    104.2    101.9    100.1    98.36    96.58    94.55    92.22    89.56    86.6    83.41    80.04    76.57    73.05    69.53    66.06    62.66    59.36    56.19    53.14    50.23    47.46    44.84    42.35    39.99    37.76    35.66    33.68    31.81    30.05    28.39    
PU243    0.000521    0.01518    0.01993    0.02087    0.02058    0.02001    0.01949    0.01906    0.01872    0.0184    0.01806    0.01769    0.01725    0.01675    0.0162    0.0156    0.01497    0.01432    0.01366    0.01301    0.01236    0.01172    0.0111    0.01051    0.00994    0.009396    0.008878    0.008387    0.007921    0.00748    0.007064    0.006671    0.0063    0.00595    0.005621    0.00531    
PU244    9.334e-07    0.002184    0.006745    0.01204    0.01747    0.02282    0.02804    0.03311    0.03804    0.04283    0.0475    0.05203    0.05643    0.06068    0.06477    0.0687    0.07246    0.07603    0.07943    0.08263    0.08566    0.0885    0.09115    0.09363    0.09593    0.09806    0.1    0.1018    0.1035    0.105    0.1064    0.1077    0.1088    0.1098    0.1107    0.1115    
AM241    970.4    367.2    134.8    49.5    18.22    6.771    2.603    1.099    0.5615    0.3668    0.289    0.2478    0.2168    0.1884    0.1613    0.1362    0.1135    0.09375    0.07701    0.06312    0.05182    0.04275    0.03556    0.02992    0.02551    0.02209    0.01944    0.01739    0.0158    0.01455    0.01356    0.01277    0.01212    0.01158    0.01111    0.0107    
AM243    0.2219    22.4    31.97    35.42    36.41    36.4    35.96    35.37    34.73    34.1    33.48    32.86    32.23    31.57    30.87    30.12    29.32    28.47    27.57    26.63    25.66    24.68    23.68    22.67    21.67    20.69    19.72    18.77    17.85    16.96    16.1    15.27    14.47    13.71    12.99    12.3    
CM242    13.25    310.7    295.5    213.7    139.5    86.66    52.43    31.27    18.54    10.99    6.545    3.94    2.411    1.508    0.9696    0.6428    0.4402    0.3112    0.2265    0.1691    0.129    0.1003    0.07929    0.06366    0.05189    0.04298    0.03618    0.03099    0.027    0.02392    0.02154    0.01968    0.01822    0.01705    0.01609    0.0153    
CM243    0.004951    4.209    6.977    6.664    5.129    3.535    2.288    1.426    0.868    0.5217    0.3119    0.1867    0.1125    0.06871    0.04278    0.02731    0.01795    0.01218    0.008539    0.006169    0.00458    0.003482    0.002703    0.002137    0.001718    0.001405    0.001168    0.0009883    0.0008506    0.0007447    0.000663    0.0005995    0.0005498    0.0005103    0.0004787    0.0004527    
CM244    0.0004672    2.686    8.503    15.1    21.49    27.34    32.59    37.25    41.4    45.08    48.35    51.25    53.81    56.05    57.99    59.65    61.04    62.17    63.04    63.68    64.08    64.26    64.24    64.03    63.64    63.09    62.39    61.55    60.59    59.53    58.38    57.15    55.85    54.5    53.1    51.67    
CM245    2.172e-07    0.02922    0.1216    0.2385    0.3561    0.4654    0.564    0.6519    0.73    0.7993    0.8609    0.9155    0.9638    1.006    1.043    1.075    1.101    1.123    1.141    1.153    1.162    1.167    1.167    1.164    1.158    1.149    1.137    1.123    1.106    1.087    1.067    1.045    1.022    0.9974    0.9722    0.9464    
CM246    6.765e-10    0.004339    0.04028    0.1298    0.2779    0.482    0.7367    1.036    1.375    1.748    2.151    2.58    3.031    3.502    3.99    4.491    5.002    5.522    6.048    6.578    7.109    7.64    8.167    8.691    9.208    9.717    10.22    10.71    11.19    11.65    12.11    12.54    12.97    13.38    13.77    14.15    
CM247    2.396e-14    6.404e-06    0.0001216    0.000592    0.001681    0.003592    0.006455    0.01033    0.01524    0.02115    0.02804    0.03582    0.04445    0.05384    0.06393    0.07464    0.08589    0.09763    0.1098    0.1222    0.135    0.148    0.1611    0.1743    0.1875    0.2008    0.2139    0.227    0.2399    0.2527    0.2652    0.2774    0.2894    0.3011    0.3125    0.3235    
CM248    1.15e-17    1.276e-07    5.154e-06    3.955e-05    0.0001563    0.0004334    0.0009655    0.001856    0.003212    0.005137    0.00773    0.01108    0.01528    0.02039    0.02649    0.03363    0.04186    0.05122    0.06174    0.07345    0.08636    0.1005    0.1158    0.1323    0.1501    0.169    0.1891    0.2103    0.2326    0.2561    0.2805    0.306    0.3324    0.3597    0.3879    0.4169    
SE77    2.515e-12    3.005e-05    0.005395    0.007259    0.008499    0.009565    0.01046    0.01115    0.01163    0.0119    0.012    0.01195    0.01179    0.01154    0.01124    0.01089    0.01052    0.01014    0.00975    0.009366    0.008989    0.008623    0.008269    0.007929    0.007604    0.007293    0.006997    0.006715    0.006447    0.006192    0.00595    0.00572    0.005502    0.005294    0.005097    0.00491    
SE78    4.763e-11    9.058e-05    0.01646    0.02276    0.02806    0.03317    0.03801    0.04245    0.0464    0.04983    0.05278    0.05531    0.05748    0.05934    0.06095    0.06236    0.06361    0.06472    0.06573    0.06665    0.0675    0.06829    0.06904    0.06974    0.0704    0.07103    0.07163    0.0722    0.07275    0.07328    0.07378    0.07427    0.07473    0.07518    0.07561    0.07603    
SE79    1.092e-10    0.000196    0.03546    0.04818    0.05856    0.06837    0.07748    0.08559    0.09255    0.09835    0.1031    0.1069    0.1099    0.1122    0.1141    0.1155    0.1167    0.1176    0.1183    0.1189    0.1194    0.1198    0.1201    0.1204    0.1207    0.1209    0.1211    0.1213    0.1215    0.1216    0.1218    0.1219    0.122    0.1221    0.1222    0.1223    
SE80    2.631e-10    0.0004704    0.0852    0.1161    0.1414    0.1654    0.1877    0.2077    0.225    0.2396    0.2516    0.2615    0.2695    0.276    0.2814    0.2859    0.2896    0.2928    0.2956    0.298    0.3003    0.3023    0.3042    0.306    0.3077    0.3094    0.311    0.3125    0.3141    0.3155    0.317    0.3184    0.3198    0.3211    0.3225    0.3238    
BR81    4.012e-10    0.0007206    0.1302    0.176    0.2128    0.2472    0.2789    0.3067    0.33    0.3489    0.3637    0.375    0.3834    0.3894    0.3934    0.396    0.3974    0.398    0.3978    0.3972    0.3962    0.395    0.3935    0.3919    0.3901    0.3883    0.3864    0.3844    0.3825    0.3805    0.3784    0.3764    0.3743    0.3722    0.3701    0.368    
SE82    4.965e-10    0.0008884    0.1607    0.219    0.2673    0.3135    0.357    0.3965    0.431    0.4604    0.485    0.5052    0.5218    0.5353    0.5464    0.5555    0.5631    0.5695    0.575    0.5798    0.5841    0.5879    0.5914    0.5947    0.5977    0.6007    0.6035    0.6062    0.6088    0.6113    0.6138    0.6162    0.6185    0.6208    0.6231    0.6253    
KR82    1.898e-12    1.735e-05    0.003363    0.005884    0.008435    0.01114    0.01395    0.0168    0.01963    0.0224    0.02507    0.02763    0.03005    0.03233    0.03448    0.03647    0.03833    0.04005    0.04164    0.0431    0.04444    0.04566    0.04678    0.0478    0.04873    0.04957    0.05032    0.051    0.05161    0.05215    0.05263    0.05305    0.05341    0.05373    0.054    0.05423    
KR83    6.682e-10    0.001232    0.2122    0.2361    0.2404    0.2412    0.2388    0.2321    0.221    0.2064    0.1893    0.171    0.1526    0.1349    0.1185    0.1038    0.0907    0.07939    0.06976    0.06166    0.05493    0.04939    0.04486    0.0412    0.03825    0.03588    0.03398    0.03247    0.03125    0.03028    0.02949    0.02886    0.02833    0.02789    0.02752    0.02719    
KR84    1.194e-09    0.002237    0.4153    0.6216    0.8085    0.9924    1.171    1.338    1.492    1.629    1.75    1.855    1.944    2.021    2.087    2.142    2.19    2.231    2.266    2.297    2.324    2.348    2.37    2.39    2.408    2.425    2.441    2.457    2.472    2.486    2.5    2.513    2.526    2.539    2.552    2.564    
KR85    2.862e-10    0.0005567    0.1004    0.135    0.1624    0.1881    0.2116    0.2322    0.2493    0.2629    0.2732    0.2805    0.2854    0.2883    0.2895    0.2895    0.2885    0.2868    0.2845    0.2818    0.2788    0.2757    0.2724    0.269    0.2656    0.2621    0.2587    0.2553    0.2519    0.2485    0.2452    0.242    0.2387    0.2356    0.2324    0.2293    
RB85    1.009e-09    0.001983    0.3589    0.4928    0.604    0.7117    0.8144    0.9087    0.9926    1.065    1.127    1.18    1.224    1.261    1.292    1.319    1.342    1.363    1.381    1.397    1.412    1.426    1.439    1.451    1.463    1.474    1.485    1.496    1.506    1.516    1.526    1.536    1.545    1.554    1.563    1.572    
KR86    1.978e-09    0.003544    0.6407    0.8742    1.069    1.258    1.439    1.605    1.752    1.879    1.986    2.076    2.15    2.211    2.261    2.303    2.338    2.367    2.393    2.415    2.434    2.452    2.468    2.482    2.496    2.509    2.522    2.534    2.546    2.557    2.568    2.579    2.589    2.599    2.609    2.619    
RB87    2.418e-09    0.004437    0.802    1.095    1.338    1.574    1.799    2.006    2.189    2.346    2.479    2.589    2.68    2.755    2.817    2.868    2.91    2.945    2.976    3.002    3.025    3.046    3.065    3.082    3.098    3.114    3.128    3.142    3.156    3.169    3.181    3.194    3.206    3.217    3.229    3.24    
SR88    3.309e-09    0.006298    1.139    1.557    1.903    2.237    2.555    2.845    3.102    3.322    3.508    3.663    3.79    3.896    3.982    4.054    4.114    4.165    4.208    4.246    4.28    4.311    4.339    4.365    4.389    4.412    4.435    4.456    4.477    4.497    4.516    4.536    4.554    4.573    4.591    4.608    
SR89    4.413e-09    0.006088    0.8977    0.4766    0.336    0.2961    0.2745    0.25    0.2211    0.1905    0.1608    0.1339    0.1105    0.09078    0.07462    0.0616    0.05126    0.04313    0.03681    0.03191    0.02814    0.02523    0.02298    0.02124    0.01988    0.0188    0.01793    0.01722    0.01662    0.01612    0.01567    0.01528    0.01493    0.01461    0.01432    0.01404    
Y89    3.222e-11    0.001915    0.549    1.494    2.069    2.527    2.945    3.33    3.676    3.977    4.232    4.445    4.62    4.763    4.878    4.972    5.048    5.11    5.161    5.204    5.24    5.271    5.298    5.322    5.344    5.364    5.382    5.399    5.415    5.43    5.445    5.459    5.472    5.484    5.496    5.508    
SR90    5.572e-09    0.009972    1.801    2.439    2.962    3.461    3.93    4.351    4.715    5.018    5.265    5.459    5.61    5.723    5.806    5.866    5.906    5.931    5.945    5.95    5.948    5.941    5.93    5.916    5.9    5.882    5.863    5.842    5.821    5.799    5.776    5.752    5.728    5.704    5.68    5.655    
ZR90    9.056e-14    1.523e-05    0.004962    0.02295    0.04693    0.07586    0.1094    0.1472    0.1887    0.2334    0.2809    0.3305    0.3818    0.4344    0.488    0.5424    0.5974    0.6527    0.7083    0.764    0.8198    0.8756    0.9314    0.9871    1.043    1.098    1.154    1.209    1.264    1.319    1.374    1.429    1.483    1.538    1.592    1.646    
Y91    3.351e-09    0.009348    1.412    0.8284    0.5923    0.5163    0.4769    0.4359    0.3878    0.3363    0.2859    0.2396    0.1991    0.1648    0.1366    0.1137    0.09544    0.08108    0.06987    0.06118    0.05447    0.04929    0.0453    0.0422    0.03978    0.03786    0.03632    0.03506    0.03401    0.03311    0.03233    0.03163    0.03101    0.03044    0.02991    0.02941    
ZR91    2.26e-11    0.002529    0.7362    2.12    3.01    3.716    4.354    4.942    5.472    5.936    6.333    6.667    6.943    7.17    7.355    7.507    7.632    7.735    7.821    7.894    7.957    8.012    8.06    8.105    8.145    8.182    8.218    8.251    8.283    8.313    8.342    8.37    8.397    8.424    8.449    8.474    
ZR92    7.196e-09    0.01467    2.653    3.637    4.45    5.235    5.985    6.672    7.28    7.805    8.249    8.62    8.928    9.183    9.394    9.57    9.718    9.845    9.955    10.05    10.14    10.22    10.29    10.36    10.42    10.48    10.54    10.6    10.66    10.71    10.77    10.82    10.87    10.92    10.97    11.02    
ZR93    5.236e-09    0.01913    3.456    4.731    5.764    6.755    7.693    8.544    9.287    9.917    10.44    10.86    11.19    11.46    11.66    11.82    11.94    12.03    12.1    12.15    12.19    12.22    12.24    12.25    12.26    12.26    12.26    12.26    12.26    12.25    12.25    12.24    12.23    12.22    12.21    12.2    
ZR94    1.199e-08    0.02164    3.915    5.361    6.574    7.753    8.882    9.924    10.85    11.66    12.36    12.94    13.44    13.86    14.22    14.52    14.79    15.03    15.24    15.43    15.61    15.77    15.93    16.08    16.23    16.37    16.51    16.64    16.78    16.91    17.04    17.16    17.29    17.42    17.54    17.66    
ZR95    1.354e-08    0.01964    3.003    1.85    1.342    1.167    1.077    0.9859    0.8798    0.7649    0.6511    0.5455    0.4522    0.3726    0.3065    0.2527    0.2097    0.1757    0.1491    0.1285    0.1125    0.1003    0.09087    0.0836    0.07795    0.07353    0.07002    0.06718    0.06484    0.06287    0.06118    0.0597    0.05839    0.05719    0.0561    0.05507    
NB95    7.892e-11    0.003511    0.8434    1.06    0.7818    0.6403    0.5786    0.5326    0.4814    0.4239    0.3647    0.3081    0.2569    0.2124    0.175    0.1443    0.1195    0.09973    0.08423    0.07216    0.0628    0.05559    0.05004    0.04576    0.04245    0.03986    0.03781    0.03616    0.03481    0.03367    0.0327    0.03185    0.0311    0.03041    0.02977    0.02918    
MO95    7.031e-13    0.001318    0.5724    3.066    5.084    6.551    7.762    8.827    9.757    10.54    11.17    11.66    12.01    12.24    12.37    12.42    12.41    12.35    12.24    12.11    11.96    11.8    11.62    11.44    11.25    11.06    10.87    10.68    10.5    10.31    10.13    9.947    9.769    9.594    9.421    9.252    
ZR96    1.447e-08    0.02595    4.69    6.399    7.827    9.214    10.54    11.76    12.85    13.78    14.57    15.23    15.77    16.21    16.58    16.88    17.13    17.34    17.51    17.66    17.8    17.91    18.02    18.12    18.21    18.3    18.38    18.46    18.54    18.61    18.68    18.75    18.82    18.88    18.95    19.01    
MO96    3.17e-12    2.744e-05    0.008363    0.06513    0.1798    0.3363    0.5255    0.743    0.985    1.248    1.528    1.821    2.123    2.431    2.743    3.056    3.368    3.678    3.985    4.289    4.588    4.882    5.171    5.454    5.732    6.005    6.271    6.533    6.789    7.039    7.285    7.525    7.759    7.989    8.214    8.433    
MO97    5.778e-09    0.028    5.059    6.974    8.515    10    11.41    12.71    13.85    14.82    15.63    16.3    16.84    17.28    17.62    17.9    18.12    18.3    18.44    18.55    18.65    18.73    18.8    18.86    18.91    18.96    19    19.04    19.08    19.12    19.15    19.18    19.22    19.24    19.27    19.3    
MO98    1.687e-08    0.03026    5.471    7.483    9.176    10.83    12.42    13.89    15.21    16.36    17.34    18.17    18.87    19.45    19.94    20.36    20.72    21.02    21.3    21.54    21.76    21.97    22.16    22.34    22.52    22.68    22.85    23.01    23.16    23.31    23.46    23.61    23.76    23.9    24.05    24.19    
MO99    1.558e-08    0.004401    0.3751    0.1046    0.07742    0.0705    0.065    0.05846    0.05117    0.0438    0.03687    0.03066    0.02531    0.02083    0.01715    0.0142    0.01185    0.01    0.008567    0.007458    0.006605    0.005951    0.00545    0.005064    0.004767    0.004535    0.004352    0.004207    0.004089    0.003992    0.003912    0.003845    0.00379    0.003742    0.003702    0.003666    
TC99    1.96e-09    0.03054    5.487    7.644    9.111    10.45    11.67    12.71    13.54    14.17    14.59    14.83    14.91    14.87    14.73    14.51    14.23    13.92    13.57    13.21    12.84    12.47    12.1    11.73    11.37    11.01    10.67    10.34    10.02    9.703    9.402    9.11    8.829    8.558    8.297    8.045    
MO100    2.044e-08    0.03661    6.615    9.024    11.04    13    14.87    16.6    18.13    19.45    20.57    21.5    22.26    22.89    23.41    23.83    24.18    24.47    24.71    24.92    25.11    25.27    25.42    25.55    25.68    25.79    25.9    26.01    26.11    26.21    26.31    26.4    26.49    26.58    26.66    26.75    
RU100    1.325e-12    0.0002916    0.09501    0.3838    0.7449    1.164    1.636    2.152    2.705    3.285    3.882    4.489    5.097    5.701    6.295    6.877    7.442    7.991    8.52    9.03    9.519    9.988    10.44    10.87    11.28    11.67    12.04    12.39    12.73    13.05    13.36    13.65    13.92    14.18    14.43    14.67    
RU101    1.753e-08    0.03165    5.709    7.749    9.44    11.08    12.65    14.09    15.36    16.44    17.34    18.08    18.67    19.13    19.5    19.78    20    20.17    20.3    20.4    20.48    20.54    20.6    20.64    20.68    20.72    20.75    20.78    20.81    20.84    20.87    20.9    20.93    20.96    20.99    21.02    
RU102    1.807e-08    0.03256    5.887    8.082    9.951    11.8    13.59    15.28    16.81    18.16    19.34    20.35    21.21    21.95    22.58    23.13    23.61    24.04    24.42    24.77    25.09    25.4    25.68    25.96    26.22    26.48    26.74    26.98    27.23    27.47    27.7    27.94    28.17    28.4    28.63    28.85    
RU103    2.089e-08    0.02677    3.768    1.708    1.218    1.112    1.049    0.9643    0.859    0.7458    0.6353    0.5341    0.4457    0.3708    0.3091    0.2592    0.2195    0.1883    0.164    0.1452    0.1308    0.1199    0.1115    0.1051    0.1002    0.09644    0.09349    0.09117    0.0893    0.08776    0.08648    0.08539    0.08445    0.08363    0.08289    0.08221    
RH103    1.926e-10    0.01041    2.788    5.907    6.654    6.864    6.92    6.851    6.648    6.319    5.89    5.395    4.869    4.34    3.83    3.355    2.924    2.541    2.207    1.92    1.677    1.472    1.302    1.162    1.047    0.9527    0.8761    0.8139    0.7634    0.7224    0.689    0.6617    0.6392    0.6207    0.6052    0.5921    
RU104    1.82e-08    0.03293    5.953    8.153    10    11.82    13.58    15.23    16.7    17.99    19.08    20    20.76    21.38    21.89    22.31    22.65    22.93    23.17    23.37    23.54    23.69    23.82    23.94    24.05    24.16    24.25    24.34    24.43    24.51    24.59    24.67    24.74    24.81    24.88    24.95    
PD104    2.598e-13    0.0005454    0.256    1.683    3.518    5.453    7.417    9.375    11.29    13.12    14.84    16.42    17.86    19.14    20.27    21.25    22.11    22.85    23.49    24.04    24.51    24.92    25.27    25.58    25.86    26.1    26.32    26.52    26.7    26.88    27.04    27.19    27.33    27.47    27.6    27.73    
RH105    1.094e-08    0.001518    0.1293    0.03621    0.02699    0.02477    0.02301    0.02084    0.01837    0.01583    0.0134    0.01121    0.009301    0.007691    0.006364    0.00529    0.004433    0.003758    0.003232    0.002825    0.002511    0.00227    0.002086    0.001945    0.001836    0.001752    0.001686    0.001633    0.001591    0.001557    0.001529    0.001506    0.001486    0.00147    0.001456    0.001443    
PD105    2.864e-09    0.02009    3.616    5.007    6.056    7.054    7.998    8.849    9.58    10.18    10.66    11.02    11.27    11.44    11.54    11.58    11.58    11.54    11.48    11.39    11.3    11.19    11.07    10.95    10.83    10.71    10.58    10.46    10.34    10.21    10.09    9.976    9.858    9.743    9.629    9.517    
RU106    1.335e-08    0.02305    4.022    4.671    4.968    5.196    5.355    5.413    5.354    5.185    4.922    4.592    4.22    3.827    3.434    3.053    2.696    2.368    2.073    1.81    1.58    1.381    1.21    1.064    0.9397    0.8351    0.7471    0.6733    0.6114    0.5596    0.5161    0.4796    0.4489    0.4229    0.4007    0.3818    
PD106    1.348e-09    0.01047    2.04    3.707    5.424    7.219    9.067    10.93    12.76    14.53    16.22    17.8    19.26    20.6    21.83    22.95    23.96    24.88    25.71    26.47    27.16    27.8    28.39    28.93    29.44    29.91    30.36    30.79    31.2    31.59    31.97    32.33    32.68    33.02    33.36    33.68    
PD107    1.003e-08    0.01812    3.256    4.404    5.365    6.316    7.244    8.107    8.876    9.532    10.07    10.5    10.83    11.07    11.24    11.35    11.4    11.42    11.41    11.37    11.32    11.25    11.18    11.1    11.01    10.92    10.82    10.73    10.63    10.54    10.44    10.35    10.25    10.16    10.06    9.969    
PD108    7.063e-09    0.01271    2.287    3.123    3.841    4.563    5.278    5.958    6.577    7.122    7.588    7.975    8.291    8.544    8.741    8.893    9.007    9.09    9.149    9.188    9.212    9.223    9.224    9.218    9.205    9.188    9.166    9.141    9.113    9.083    9.05    9.016    8.979    8.942    8.902    8.862    
AG109    1.889e-09    0.007903    1.387    1.714    1.917    2.101    2.265    2.396    2.485    2.531    2.538    2.513    2.462    2.395    2.316    2.233    2.149    2.067    1.989    1.918    1.853    1.794    1.742    1.696    1.655    1.619    1.588    1.56    1.536    1.515    1.496    1.479    1.463    1.449    1.436    1.424    
PD110    2.022e-09    0.003639    0.6551    0.8979    1.109    1.323    1.538    1.745    1.936    2.107    2.256    2.383    2.49    2.58    2.653    2.714    2.764    2.806    2.84    2.869    2.894    2.916    2.935    2.952    2.968    2.982    2.996    3.008    3.02    3.032    3.043    3.053    3.064    3.074    3.083    3.093    
AG110M    7.914e-14    1.348e-05    0.004121    0.01301    0.02022    0.02595    0.03063    0.03448    0.03755    0.03987    0.04145    0.04233    0.0426    0.04235    0.0417    0.04075    0.0396    0.03834    0.03703    0.03574    0.03449    0.03331    0.03222    0.03122    0.03033    0.02952    0.02881    0.02818    0.02762    0.02713    0.02669    0.0263    0.02596    0.02565    0.02537    0.02511    
CD110    1.761e-12    0.0003397    0.1091    0.409    0.7593    1.144    1.559    1.997    2.45    2.909    3.367    3.814    4.247    4.661    5.053    5.422    5.768    6.092    6.394    6.676    6.939    7.186    7.417    7.634    7.839    8.033    8.216    8.391    8.557    8.716    8.868    9.013    9.153    9.288    9.417    9.542    
CD111    4.304e-11    0.001513    0.2726    0.4207    0.5215    0.6249    0.733    0.842    0.9488    1.051    1.148    1.24    1.327    1.409    1.488    1.564    1.639    1.713    1.785    1.858    1.93    2.003    2.075    2.148    2.221    2.294    2.367    2.44    2.514    2.587    2.66    2.733    2.805    2.877    2.949    3.02    
CD112    1.167e-10    0.0006795    0.124    0.184    0.2402    0.3006    0.365    0.4317    0.4994    0.5668    0.6334    0.6989    0.7634    0.8271    0.8905    0.9537    1.017    1.082    1.147    1.213    1.281    1.351    1.422    1.495    1.57    1.648    1.727    1.809    1.892    1.978    2.066    2.156    2.248    2.343    2.439    2.538    
CD114    2.146e-10    0.0007803    0.1406    0.1967    0.2433    0.2905    0.3378    0.3834    0.4258    0.4641    0.4978    0.527    0.5521    0.5735    0.5918    0.6075    0.6212    0.6333    0.6441    0.6541    0.6633    0.6721    0.6807    0.689    0.6973    0.7056    0.714    0.7226    0.7313    0.7402    0.7493    0.7587    0.7683    0.7783    0.7885    0.799    
IN115    1.602e-11    0.000182    0.02967    0.02684    0.02253    0.02018    0.01885    0.01772    0.01644    0.01496    0.01337    0.01175    0.01022    0.00882    0.007595    0.006552    0.005683    0.004975    0.004407    0.003958    0.003607    0.003336    0.003129    0.002971    0.002853    0.002765    0.0027    0.002652    0.002618    0.002594    0.002577    0.002567    0.002561    0.002558    0.002559    0.002561    
CD116    1.232e-10    0.0002211    0.03997    0.05459    0.06684    0.07878    0.09026    0.1009    0.1103    0.1185    0.1254    0.1312    0.136    0.1399    0.1432    0.1458    0.148    0.1498    0.1514    0.1527    0.1539    0.1549    0.1558    0.1567    0.1575    0.1582    0.159    0.1596    0.1603    0.1609    0.1615    0.1622    0.1627    0.1633    0.1639    0.1644    
SN116    5.771e-14    3.095e-05    0.009498    0.0314    0.05015    0.06647    0.0815    0.09564    0.1089    0.121    0.132    0.1417    0.1502    0.1575    0.1638    0.1692    0.1739    0.178    0.1815    0.1847    0.1875    0.1901    0.1925    0.1948    0.1969    0.199    0.2009    0.2029    0.2048    0.2066    0.2085    0.2103    0.2121    0.2139    0.2157    0.2175    
SN117    1.126e-10    0.0002222    0.04015    0.05481    0.06687    0.07851    0.08956    0.09965    0.1085    0.1161    0.1224    0.1276    0.1318    0.1352    0.1379    0.1401    0.1418    0.1432    0.1444    0.1453    0.1461    0.1468    0.1474    0.1479    0.1484    0.1488    0.1492    0.1496    0.1499    0.1502    0.1505    0.1508    0.1511    0.1514    0.1517    0.1519    
SN118    1.222e-10    0.0002226    0.04028    0.05512    0.06757    0.07967    0.09127    0.102    0.1115    0.1198    0.1269    0.1329    0.1379    0.1421    0.1457    0.1487    0.1513    0.1536    0.1556    0.1574    0.1591    0.1607    0.1621    0.1635    0.1649    0.1661    0.1674    0.1687    0.1699    0.1711    0.1722    0.1734    0.1746    0.1757    0.1768    0.1779    
SN119    1.259e-10    0.0002271    0.04106    0.05606    0.06853    0.08057    0.092    0.1024    0.1116    0.1195    0.126    0.1314    0.1358    0.1393    0.1421    0.1444    0.1462    0.1477    0.1489    0.1499    0.1507    0.1514    0.152    0.1525    0.153    0.1534    0.1538    0.1542    0.1545    0.1548    0.1551    0.1554    0.1557    0.1559    0.1562    0.1564    
SN120    1.298e-10    0.0002326    0.04209    0.05753    0.07045    0.08297    0.09493    0.1059    0.1157    0.1241    0.1313    0.1374    0.1424    0.1466    0.1502    0.1532    0.1558    0.158    0.16    0.1618    0.1634    0.1649    0.1664    0.1677    0.169    0.1703    0.1715    0.1727    0.1738    0.175    0.1761    0.1773    0.1784    0.1795    0.1805    0.1816    
SB121    3.501e-11    0.0002409    0.04345    0.05958    0.0719    0.08344    0.09409    0.1035    0.1114    0.1177    0.1226    0.1262    0.1286    0.1302    0.131    0.1312    0.131    0.1304    0.1296    0.1286    0.1274    0.1261    0.1248    0.1234    0.122    0.1206    0.1191    0.1177    0.1163    0.1148    0.1134    0.112    0.1106    0.1092    0.1079    0.1065    
SN122    1.439e-10    0.0002575    0.04658    0.0635    0.07755    0.09107    0.1039    0.1155    0.1258    0.1345    0.1419    0.148    0.1529    0.157    0.1604    0.1631    0.1654    0.1673    0.169    0.1704    0.1717    0.1728    0.1738    0.1748    0.1757    0.1766    0.1774    0.1782    0.179    0.1797    0.1804    0.1811    0.1818    0.1825    0.1832    0.1838    
TE122    1.101e-15    9.522e-07    0.0003102    0.001256    0.002458    0.003872    0.005479    0.007256    0.009176    0.01121    0.01332    0.01549    0.0177    0.01992    0.02214    0.02434    0.02652    0.02867    0.03079    0.03286    0.0349    0.03689    0.03883    0.04073    0.04259    0.0444    0.04616    0.04788    0.04955    0.05118    0.05277    0.05431    0.05581    0.05727    0.05869    0.06007    
SB123    1.289e-10    0.0002403    0.04434    0.06489    0.08183    0.09742    0.1117    0.1244    0.1353    0.1443    0.1515    0.1572    0.1615    0.1646    0.1667    0.1681    0.1689    0.1692    0.1692    0.1688    0.1683    0.1676    0.1668    0.1659    0.165    0.164    0.163    0.1619    0.1608    0.1598    0.1587    0.1576    0.1565    0.1554    0.1542    0.1531    
SN124    2.143e-10    0.0003833    0.06935    0.09443    0.1151    0.1349    0.1535    0.1703    0.1849    0.1973    0.2076    0.216    0.2228    0.2284    0.2328    0.2364    0.2394    0.2419    0.2439    0.2457    0.2472    0.2486    0.2498    0.2509    0.252    0.253    0.2539    0.2548    0.2556    0.2564    0.2572    0.258    0.2587    0.2594    0.2601    0.2608    
TE124    3.61e-14    2.88e-07    0.0001015    0.0005525    0.001305    0.002293    0.003487    0.004866    0.006408    0.008091    0.009894    0.01179    0.01377    0.01581    0.01789    0.02001    0.02215    0.0243    0.02646    0.02862    0.03078    0.03294    0.03508    0.03722    0.03935    0.04147    0.04357    0.04566    0.04773    0.04979    0.05184    0.05386    0.05588    0.05787    0.05985    0.06181    
SB125    2.928e-10    0.0008072    0.1448    0.1984    0.2286    0.253    0.2724    0.2859    0.2935    0.2955    0.2929    0.2865    0.2774    0.2663    0.254    0.2411    0.228    0.2149    0.2021    0.1899    0.1782    0.1671    0.1567    0.1469    0.1379    0.1294    0.1215    0.1142    0.1075    0.1012    0.09539    0.09002    0.08504    0.08043    0.07617    0.07221    
TE125    8.499e-14    9.825e-06    0.003305    0.01609    0.03268    0.05173    0.07267    0.09501    0.1183    0.1419    0.1656    0.1889    0.2116    0.2334    0.2542    0.274    0.2927    0.3102    0.3267    0.3421    0.3564    0.3698    0.3823    0.394    0.4048    0.4149    0.4243    0.4331    0.4412    0.4488    0.456    0.4626    0.4688    0.4746    0.4801    0.4852    
SN126    7.392e-10    0.001322    0.2392    0.3257    0.3967    0.4642    0.5272    0.5837    0.6326    0.6738    0.7078    0.7355    0.7579    0.7761    0.7908    0.8028    0.8126    0.8209    0.8279    0.834    0.8393    0.8441    0.8485    0.8526    0.8564    0.8601    0.8636    0.8669    0.8701    0.8733    0.8763    0.8793    0.8822    0.885    0.8878    0.8905    
TE126    1.014e-11    3.123e-05    0.006409    0.01032    0.01326    0.01615    0.01899    0.02174    0.02434    0.0268    0.02912    0.03132    0.03342    0.03544    0.03741    0.03933    0.04122    0.04309    0.04494    0.04678    0.04861    0.05044    0.05227    0.05409    0.05591    0.05774    0.05956    0.06138    0.0632    0.06502    0.06685    0.06867    0.07049    0.07231    0.07413    0.07595    
TE127M    2.357e-11    0.0003876    0.06322    0.0548    0.0441    0.03794    0.0339    0.03037    0.02681    0.0232    0.0197    0.01648    0.01363    0.0112    0.009184    0.007546    0.006238    0.005208    0.004406    0.003787    0.003312    0.002949    0.002672    0.00246    0.002297    0.002171    0.002072    0.001993    0.001928    0.001874    0.001828    0.001789    0.001753    0.001721    0.001691    0.001664    
I127    6.442e-11    0.00277    0.5085    0.7739    0.9581    1.123    1.271    1.401    1.509    1.596    1.664    1.714    1.75    1.773    1.786    1.792    1.792    1.787    1.779    1.768    1.755    1.741    1.726    1.71    1.694    1.678    1.661    1.644    1.628    1.611    1.594    1.578    1.561    1.545    1.529    1.513    
TE128    2.959e-09    0.005695    1.031    1.407    1.716    2.01    2.284    2.532    2.746    2.928    3.078    3.202    3.302    3.384    3.451    3.506    3.551    3.59    3.623    3.652    3.677    3.701    3.722    3.742    3.761    3.779    3.796    3.813    3.829    3.845    3.86    3.875    3.889    3.904    3.918    3.931    
XE128    4.066e-13    1.013e-05    0.003252    0.01362    0.02719    0.04339    0.06192    0.08251    0.1048    0.1285    0.1533    0.1788    0.2048    0.2311    0.2575    0.2839    0.3102    0.3363    0.3622    0.3877    0.4129    0.4378    0.4623    0.4864    0.5101    0.5334    0.5564    0.5789    0.6011    0.6229    0.6442    0.6653    0.6859    0.7061    0.726    0.7456    
TE129M    7.566e-10    0.0009954    0.1362    0.05607    0.03972    0.03586    0.03304    0.02956    0.02561    0.02164    0.01795    0.01472    0.01199    0.009749    0.007951    0.006531    0.005423    0.004568    0.003912    0.003412    0.003032    0.002743    0.002522    0.002353    0.002223    0.00212    0.002038    0.001971    0.001915    0.001867    0.001826    0.001789    0.001756    0.001726    0.001698    0.001672    
I129    4.335e-09    0.009027    1.661    2.301    2.726    3.09    3.403    3.652    3.832    3.946    3.999    4.001    3.961    3.891    3.797    3.687    3.565    3.438    3.307    3.176    3.047    2.92    2.797    2.678    2.563    2.454    2.349    2.249    2.154    2.063    1.977    1.895    1.817    1.743    1.672    1.605    
TE130    9.437e-09    0.01697    3.07    4.184    5.109    5.999    6.842    7.61    8.284    8.86    9.343    9.741    10.07    10.33    10.55    10.73    10.88    11    11.1    11.19    11.27    11.34    11.41    11.46    11.52    11.57    11.62    11.67    11.71    11.76    11.8    11.84    11.88    11.92    11.96    12    
XE130    1.074e-11    0.0001519    0.04449    0.1613    0.3069    0.4739    0.6589    0.8583    1.068    1.284    1.503    1.721    1.936    2.146    2.349    2.544    2.73    2.908    3.077    3.237    3.388    3.53    3.664    3.789    3.907    4.017    4.121    4.217    4.307    4.391    4.47    4.542    4.61    4.673    4.731    4.784    
I131    1.185e-08    0.01052    0.8973    0.2494    0.1831    0.1653    0.1511    0.1347    0.1169    0.09931    0.08297    0.06855    0.05625    0.04605    0.03776    0.03113    0.02589    0.0218    0.01864    0.0162    0.01433    0.01291    0.01181    0.01097    0.01032    0.009815    0.009415    0.009094    0.008833    0.008617    0.008438    0.008287    0.00816    0.008053    0.00796    0.007878    
XE131    5.368e-10    0.02278    4.034    5.67    6.232    6.612    6.866    6.979    6.945    6.776    6.498    6.139    5.729    5.291    4.847    4.411    3.996    3.608    3.251    2.928    2.638    2.38    2.153    1.954    1.78    1.629    1.498    1.385    1.288    1.204    1.132    1.069    1.016    0.9697    0.9299    0.8955    
TE132    1.781e-08    0.005845    0.4995    0.1393    0.1027    0.09308    0.08535    0.07632    0.06642    0.05652    0.04728    0.03909    0.03207    0.02623    0.02146    0.01764    0.01461    0.01225    0.01041    0.008995    0.007908    0.007074    0.006436    0.005944    0.005564    0.005267    0.005032    0.004844    0.00469    0.004564    0.004458    0.004369    0.004293    0.004229    0.004174    0.004124    
XE132    2.494e-09    0.03624    6.686    10.42    13.53    16.62    19.67    22.6    25.33    27.84    30.09    32.09    33.87    35.42    36.79    37.98    39.03    39.95    40.76    41.48    42.11    42.68    43.2    43.66    44.08    44.47    44.82    45.15    45.46    45.75    46.02    46.28    46.53    46.77    46.99    47.21    
I133    1.847e-08    0.002112    0.1801    0.05014    0.03702    0.03364    0.03095    0.02776    0.02424    0.02069    0.01736    0.01438    0.01182    0.009684    0.007932    0.006523    0.005405    0.004527    0.003845    0.003317    0.002912    0.0026    0.002361    0.002177    0.002035    0.001923    0.001835    0.001765    0.001707    0.00166    0.001621    0.001587    0.001559    0.001536    0.001515    0.001496    
XE133    7.638e-09    0.01261    1.075    0.2998    0.2216    0.2015    0.1856    0.1667    0.1458    0.1248    0.105    0.0874    0.07225    0.05959    0.04923    0.04091    0.03431    0.02914    0.02512    0.02202    0.01965    0.01782    0.01643    0.01536    0.01454    0.0139    0.01339    0.01299    0.01267    0.0124    0.01218    0.012    0.01185    0.01172    0.01161    0.01151    
CS133    4.751e-10    0.04417    7.93    11.56    13.62    15.4    16.96    18.24    19.2    19.83    20.15    20.2    20.04    19.7    19.23    18.67    18.04    17.38    16.69    16    15.31    14.64    13.98    13.35    12.75    12.17    11.62    11.1    10.6    10.13    9.688    9.267    8.868    8.491    8.135    7.798    
XE134    2.839e-08    0.05306    9.581    13.1    16.05    18.95    21.75    24.35    26.69    28.72    30.45    31.9    33.11    34.1    34.91    35.58    36.14    36.6    36.99    37.33    37.62    37.88    38.11    38.32    38.52    38.7    38.87    39.04    39.2    39.35    39.5    39.65    39.79    39.93    40.06    40.19    
CS134    1.841e-12    0.0005794    0.1819    0.6767    1.146    1.568    1.947    2.282    2.571    2.809    2.997    3.134    3.224    3.272    3.282    3.261    3.214    3.147    3.065    2.972    2.871    2.765    2.658    2.55    2.443    2.338    2.236    2.138    2.043    1.953    1.866    1.784    1.706    1.632    1.561    1.495    
BA134    1.313e-15    9.556e-06    0.005049    0.04785    0.1436    0.2879    0.4757    0.702    0.9618    1.25    1.56    1.887    2.225    2.57    2.916    3.261    3.601    3.933    4.255    4.566    4.866    5.153    5.427    5.688    5.936    6.172    6.395    6.606    6.805    6.994    7.172    7.34    7.498    7.647    7.788    7.921    
CS135    1.139e-09    0.002327    0.4298    0.7464    1.122    1.602    2.176    2.827    3.537    4.293    5.08    5.885    6.697    7.506    8.303    9.079    9.83    10.55    11.24    11.89    12.5    13.08    13.61    14.11    14.57    15    15.4    15.76    16.09    16.39    16.66    16.9    17.12    17.32    17.49    17.64    
BA135    1.8e-14    5.616e-08    1.443e-05    0.0001268    0.0005687    0.001563    0.003309    0.005976    0.009714    0.01464    0.02086    0.02844    0.03741    0.04781    0.05962    0.07283    0.0874    0.1033    0.1204    0.1388    0.1582    0.1787    0.2003    0.2227    0.2459    0.27    0.2947    0.3201    0.3461    0.3726    0.3996    0.427    0.4547    0.4828    0.5112    0.5398    
XE136    5.199e-08    0.09921    17.92    24.47    29.97    35.36    40.56    45.38    49.69    53.44    56.63    59.3    61.52    63.35    64.85    66.09    67.12    67.99    68.72    69.35    69.91    70.4    70.85    71.26    71.64    72    72.35    72.68    72.99    73.3    73.6    73.89    74.17    74.45    74.72    74.99    
CS136    4.195e-10    0.0003355    0.03783    0.01305    0.01119    0.0116    0.01239    0.01332    0.0144    0.01567    0.01714    0.01879    0.02059    0.02248    0.02444    0.02641    0.02837    0.0303    0.03216    0.03395    0.03565    0.03726    0.03877    0.04018    0.04149    0.04271    0.04383    0.04486    0.0458    0.04666    0.04744    0.04814    0.04877    0.04933    0.04984    0.05028    
BA136    1.275e-11    0.0004438    0.1045    0.1886    0.2453    0.3037    0.3666    0.4344    0.5077    0.5873    0.6742    0.7695    0.874    0.9884    1.113    1.248    1.394    1.55    1.717    1.893    2.078    2.273    2.476    2.686    2.905    3.13    3.361    3.598    3.841    4.089    4.341    4.597    4.857    5.121    5.387    5.656    
CS137    2.64e-08    0.04732    8.538    11.59    14.13    16.58    18.92    21.07    22.95    24.55    25.87    26.94    27.79    28.44    28.94    29.32    29.59    29.78    29.91    29.99    30.04    30.06    30.05    30.03    29.99    29.95    29.9    29.84    29.78    29.71    29.64    29.56    29.49    29.41    29.33    29.24    
BA137    1.319e-11    8.723e-05    0.02538    0.09997    0.1958    0.3101    0.4418    0.5896    0.7517    0.9259    1.11    1.302    1.5    1.702    1.907    2.115    2.323    2.532    2.741    2.949    3.156    3.362    3.567    3.77    3.972    4.172    4.371    4.568    4.763    4.957    5.148    5.338    5.527    5.713    5.898    6.081    
BA138    2.308e-08    0.04197    7.579    10.35    12.69    14.99    17.22    19.29    21.15    22.77    24.16    25.32    26.3    27.1    27.76    28.31    28.77    29.16    29.5    29.78    30.04    30.27    30.48    30.68    30.86    31.04    31.21    31.38    31.54    31.7    31.85    32.01    32.16    32.31    32.46    32.61    
LA139    2.231e-08    0.04111    7.408    10.04    12.2    14.29    16.29    18.11    19.7    21.04    22.13    22.99    23.65    24.14    24.49    24.72    24.86    24.93    24.94    24.91    24.84    24.75    24.64    24.52    24.38    24.24    24.09    23.94    23.79    23.63    23.47    23.32    23.15    22.99    22.83    22.67    
BA140    2.206e-08    0.01729    1.907    0.5816    0.4472    0.4173    0.3912    0.3559    0.3142    0.2706    0.2286    0.1906    0.1574    0.1294    0.1063    0.08755    0.07261    0.06083    0.05163    0.04449    0.03899    0.03475    0.03149    0.02897    0.02702    0.02549    0.02427    0.0233    0.0225    0.02183    0.02127    0.02078    0.02036    0.01999    0.01966    0.01936    
LA140    6.16e-10    0.002292    0.2534    0.07971    0.06265    0.05935    0.05652    0.05244    0.04744    0.04211    0.03693    0.0322    0.02804    0.02451    0.02158    0.01919    0.01727    0.01574    0.01454    0.01359    0.01285    0.01226    0.0118    0.01143    0.01113    0.01089    0.01068    0.01051    0.01035    0.01022    0.01009    0.00998    0.009876    0.009777    0.009684    0.009594    
CE140    1.229e-10    0.02366    5.505    9.88    12.49    14.96    17.37    19.66    21.76    23.64    25.3    26.74    28    29.09    30.05    30.89    31.64    32.31    32.93    33.5    34.04    34.54    35.03    35.49    35.95    36.39    36.82    37.24    37.65    38.06    38.46    38.85    39.24    39.63    40.01    40.38    
CE141    2.017e-08    0.0264    3.57    1.441    1.045    0.9667    0.9116    0.8346    0.7402    0.6398    0.5426    0.4541    0.3769    0.3119    0.2583    0.2149    0.1805    0.1534    0.1323    0.116    0.1034    0.09384    0.08649    0.08085    0.0765    0.07311    0.07045    0.06831    0.06657    0.06513    0.06391    0.06286    0.06195    0.06114    0.0604    0.05972    
PR141    2.287e-10    0.01315    3.543    8.133    10.51    12.47    14.28    15.93    17.35    18.53    19.47    20.18    20.69    21.04    21.25    21.34    21.35    21.29    21.18    21.02    20.84    20.64    20.42    20.2    19.96    19.73    19.49    19.25    19.01    18.77    18.53    18.3    18.07    17.84    17.61    17.39    
CE142    2.019e-08    0.03765    6.823    9.357    11.46    13.5    15.45    17.26    18.86    20.25    21.42    22.4    23.2    23.85    24.38    24.82    25.17    25.46    25.7    25.91    26.08    26.24    26.37    26.49    26.6    26.71    26.8    26.89    26.98    27.06    27.14    27.22    27.29    27.36    27.43    27.5    
ND142    5.884e-15    5.003e-05    0.0235    0.1578    0.3494    0.5786    0.8405    1.131    1.446    1.779    2.125    2.479    2.836    3.193    3.546    3.893    4.233    4.563    4.882    5.191    5.489    5.775    6.049    6.312    6.564    6.804    7.033    7.252    7.46    7.658    7.846    8.024    8.193    8.353    8.504    8.647    
CE143    1.487e-08    0.002373    0.2023    0.05653    0.04188    0.03816    0.03521    0.0317    0.0278    0.02386    0.02015    0.01683    0.01397    0.01158    0.00962    0.008042    0.006789    0.005806    0.005041    0.004449    0.003994    0.003645    0.003378    0.003172    0.003012    0.002888    0.00279    0.002712    0.002648    0.002596    0.002553    0.002517    0.002486    0.002461    0.002438    0.002419    
PR143    4.029e-09    0.01464    1.63    0.5006    0.3849    0.359    0.3362    0.3059    0.2702    0.2331    0.1977    0.1656    0.1378    0.1144    0.09512    0.07956    0.06717    0.05742    0.04981    0.04393    0.0394    0.03592    0.03324    0.03118    0.02958    0.02833    0.02734    0.02655    0.0259    0.02536    0.0249    0.02451    0.02417    0.02388    0.02361    0.02337    
ND143    9.504e-11    0.01715    3.764    5.072    4.86    4.625    4.422    4.198    3.926    3.607    3.259    2.902    2.555    2.234    1.946    1.697    1.486    1.312    1.171    1.059    0.9719    0.9055    0.856    0.8199    0.7944    0.7772    0.7663    0.7601    0.7574    0.7572    0.7588    0.7617    0.7653    0.7694    0.7738    0.7782    
CE144    1.612e-08    0.02747    4.755    5.258    5.355    5.396    5.377    5.267    5.054    4.749    4.377    3.965    3.539    3.12    2.723    2.358    2.03    1.742    1.493    1.281    1.101    0.9517    0.8278    0.7259    0.6424    0.5743    0.5189    0.4737    0.4369    0.4068    0.3821    0.3616    0.3445    0.3301    0.3178    0.3071    
ND144    2.462e-11    0.00346    1.189    4.878    8.647    12.3    15.85    19.27    22.51    25.52    28.27    30.73    32.89    34.77    36.38    37.75    38.9    39.88    40.7    41.4    41.98    42.49    42.92    43.3    43.64    43.95    44.23    44.49    44.73    44.96    45.19    45.4    45.61    45.82    46.03    46.23    
ND145    1.152e-08    0.02308    4.122    5.395    6.346    7.224    8.018    8.69    9.219    9.598    9.839    9.958    9.975    9.912    9.787    9.617    9.416    9.195    8.962    8.725    8.489    8.256    8.031    7.814    7.606    7.409    7.222    7.045    6.878    6.722    6.574    6.436    6.306    6.185    6.071    5.964    
ND146    1.073e-08    0.0198    3.625    5.227    6.701    8.215    9.749    11.26    12.71    14.07    15.35    16.53    17.62    18.64    19.58    20.45    21.27    22.04    22.77    23.45    24.11    24.73    25.33    25.91    26.46    26.99    27.51    28.01    28.49    28.96    29.42    29.86    30.29    30.72    31.13    31.53    
ND147    8.598e-09    0.006137    0.6562    0.1985    0.1532    0.1434    0.1351    0.1237    0.1102    0.09596    0.08226    0.06982    0.05899    0.04986    0.04235    0.0363    0.03151    0.02777    0.02488    0.02268    0.02103    0.01979    0.01888    0.01822    0.01774    0.01739    0.01715    0.01698    0.01687    0.0168    0.01676    0.01675    0.01675    0.01677    0.01679    0.01682    
PM147    2.869e-10    0.008734    1.819    2.084    1.869    1.716    1.61    1.51    1.397    1.268    1.13    0.9919    0.8598    0.7391    0.6327    0.5415    0.4652    0.4026    0.3522    0.3122    0.2808    0.2566    0.238    0.2239    0.2133    0.2054    0.1996    0.1953    0.1922    0.1899    0.1883    0.1871    0.1863    0.1858    0.1854    0.1851    
SM147    9.349e-14    0.000124    0.04742    0.2141    0.3511    0.4563    0.5388    0.6035    0.6521    0.6853    0.7038    0.7089    0.7023    0.6861    0.6625    0.6335    0.601    0.5666    0.5316    0.4969    0.4633    0.4314    0.4014    0.3736    0.3479    0.3245    0.3033    0.2841    0.2669    0.2514    0.2376    0.2252    0.2142    0.2045    0.1958    0.1881    
ND148    7.38e-09    0.01338    2.421    3.299    4.034    4.752    5.446    6.087    6.658    7.15    7.564    7.905    8.182    8.403    8.578    8.716    8.823    8.906    8.97    9.02    9.058    9.088    9.11    9.128    9.141    9.152    9.159    9.165    9.169    9.172    9.173    9.173    9.172    9.171    9.169    9.165    
PM148    4.384e-13    0.0001729    0.03603    0.04209    0.0378    0.03468    0.03253    0.03051    0.02822    0.02564    0.02286    0.02007    0.0174    0.01496    0.0128    0.01096    0.009414    0.008146    0.007125    0.006313    0.005678    0.005186    0.004809    0.004523    0.004308    0.004148    0.00403    0.003943    0.00388    0.003834    0.003801    0.003777    0.003761    0.003749    0.003741    0.003736    
SM148    2.361e-14    0.0004493    0.1747    0.7789    1.364    1.908    2.425    2.92    3.39    3.829    4.232    4.596    4.92    5.205    5.454    5.671    5.859    6.023    6.166    6.291    6.402    6.5    6.587    6.666    6.738    6.803    6.864    6.92    6.973    7.023    7.07    7.115    7.158    7.199    7.239    7.277    
PM149    4.528e-09    0.001107    0.102    0.0401    0.03233    0.02979    0.02791    0.02579    0.02335    0.02075    0.01815    0.01569    0.01347    0.01152    0.009871    0.008494    0.00737    0.006467    0.005749    0.005186    0.004749    0.004411    0.004152    0.003954    0.003803    0.003688    0.0036    0.003532    0.00348    0.003439    0.003406    0.00338    0.003359    0.003342    0.003328    0.003316    
ND150    4.393e-09    0.007876    1.421    1.938    2.373    2.801    3.216    3.603    3.949    4.249    4.504    4.717    4.891    5.033    5.147    5.239    5.312    5.372    5.42    5.459    5.492    5.519    5.542    5.563    5.58    5.596    5.61    5.623    5.635    5.646    5.656    5.665    5.674    5.683    5.691    5.698    
SM150    2.994e-10    0.009813    1.806    2.724    3.319    3.777    4.132    4.386    4.539    4.596    4.566    4.465    4.307    4.109    3.885    3.647    3.405    3.168    2.939    2.725    2.525    2.343    2.178    2.029    1.897    1.779    1.676    1.584    1.504    1.434    1.373    1.32    1.274    1.233    1.198    1.167    
SM151    7.774e-10    0.001297    0.119    0.05297    0.0509    0.05322    0.05499    0.05554    0.05496    0.05347    0.0513    0.04868    0.04578    0.04277    0.03975    0.03681    0.034    0.03138    0.02895    0.02674    0.02474    0.02294    0.02134    0.01993    0.01867    0.01757    0.01661    0.01576    0.01503    0.01438    0.01382    0.01334    0.01291    0.01254    0.01222    0.01194    
SM152    2.748e-09    0.01013    1.751    2.124    2.299    2.463    2.606    2.704    2.748    2.739    2.683    2.59    2.47    2.331    2.183    2.032    1.883    1.739    1.603    1.476    1.359    1.253    1.157    1.072    0.9952    0.9273    0.8674    0.8146    0.7683    0.7276    0.692    0.6608    0.6336    0.6098    0.589    0.5707    
SM153    1.414e-09    0.0004126    0.04555    0.03218    0.03253    0.0341    0.03549    0.03627    0.03634    0.03574    0.03459    0.03304    0.03122    0.02925    0.02721    0.02519    0.02323    0.02138    0.01965    0.01805    0.0166    0.01529    0.01411    0.01306    0.01213    0.0113    0.01057    0.009936    0.009375    0.008885    0.008455    0.00808    0.007752    0.007465    0.007214    0.006995    
EU153    2.739e-10    0.003368    0.6555    1.103    1.375    1.566    1.709    1.812    1.876    1.901    1.89    1.849    1.783    1.699    1.604    1.502    1.398    1.295    1.196    1.102    1.015    0.9338    0.8602    0.7937    0.7339    0.6806    0.6332    0.5913    0.5543    0.5218    0.4932    0.4682    0.4462    0.427    0.4101    0.3954    
SM154    1.273e-09    0.002337    0.423    0.5859    0.7261    0.8652    1.001    1.13    1.246    1.348    1.436    1.51    1.571    1.62    1.66    1.692    1.717    1.736    1.75    1.761    1.769    1.774    1.777    1.779    1.779    1.778    1.777    1.774    1.771    1.768    1.764    1.759    1.754    1.749    1.744    1.739    
EU154    9.832e-13    0.00036    0.1058    0.3095    0.4408    0.5271    0.589    0.6343    0.6649    0.6813    0.6842    0.675    0.6559    0.6292    0.597    0.5616    0.5245    0.4872    0.4507    0.4158    0.383    0.3525    0.3246    0.2993    0.2764    0.2559    0.2377    0.2215    0.2073    0.1947    0.1836    0.1739    0.1653    0.1579    0.1513    0.1456    
GD154    1.381e-16    1.417e-06    0.0007043    0.005557    0.01402    0.02416    0.03493    0.04574    0.05621    0.06602    0.07491    0.08268    0.08917    0.09433    0.09814    0.1007    0.102    0.1023    0.1016    0.1001    0.09795    0.09528    0.09221    0.08885    0.08529    0.08163    0.07792    0.07424    0.07062    0.0671    0.06371    0.06047    0.05739    0.05448    0.05175    0.0492    
EU155    7.642e-10    0.0006586    0.08941    0.1135    0.1567    0.1869    0.2082    0.2233    0.2332    0.2381    0.2385    0.2349    0.228    0.2186    0.2074    0.1951    0.1823    0.1694    0.1569    0.1449    0.1337    0.1233    0.1137    0.105    0.09719    0.09019    0.08394    0.0784    0.0735    0.06919    0.06539    0.06205    0.05913    0.05656    0.05431    0.05234    
EU156    3e-10    0.0008479    0.1206    0.1215    0.1681    0.2023    0.2258    0.2421    0.2526    0.2576    0.2578    0.2537    0.2462    0.2359    0.2237    0.2104    0.1966    0.1827    0.1692    0.1562    0.144    0.1328    0.1224    0.1131    0.1046    0.09701    0.09025    0.08426    0.07895    0.07428    0.07016    0.06655    0.06338    0.0606    0.05816    0.05602    
GD156    7.374e-12    0.000902    0.2505    0.7291    1.394    2.25    3.237    4.309    5.436    6.591    7.75    8.891    9.995    11.05    12.04    12.96    13.82    14.6    15.31    15.95    16.53    17.04    17.5    17.91    18.28    18.6    18.89    19.14    19.37    19.57    19.74    19.9    20.04    20.16    20.27    20.37    
GD158    3.291e-10    0.001152    0.2219    0.3608    0.5229    0.7186    0.9398    1.179    1.43    1.69    1.953    2.217    2.48    2.74    2.996    3.246    3.49    3.729    3.962    4.188    4.41    4.626    4.837    5.043    5.246    5.444    5.639    5.83    6.019    6.205    6.388    6.568    6.747    6.923    7.097    7.27    
TB159    3.508e-11    0.0001878    0.03372    0.04656    0.05766    0.06953    0.0822    0.09531    0.1085    0.1217    0.1346    0.1475    0.1603    0.1731    0.186    0.1992    0.2127    0.2266    0.2408    0.2554    0.2705    0.2859    0.3018    0.318    0.3345    0.3514    0.3685    0.3859    0.4035    0.4214    0.4394    0.4575    0.4758    0.4942    0.5126    0.5312    
GD160    5.081e-11    9.146e-05    0.01646    0.02253    0.02777    0.03308    0.03838    0.04346    0.04813    0.0523    0.05591    0.05898    0.06155    0.06367    0.06541    0.06682    0.06798    0.06892    0.0697    0.07034    0.07088    0.07134    0.07173    0.07208    0.07239    0.07268    0.07293    0.07317    0.0734    0.07361    0.07381    0.074    0.07419    0.07437    0.07454    0.0747    
DY160    7.369e-17    3.16e-07    0.0001491    0.0009881    0.002247    0.003705    0.005322    0.007088    0.008993    0.01102    0.01315    0.01536    0.01763    0.01995    0.02232    0.02473    0.02718    0.02968    0.03223    0.03483    0.03748    0.04021    0.04299    0.04584    0.04876    0.05175    0.05481    0.05793    0.06112    0.06437    0.06768    0.07104    0.07445    0.07791    0.08141    0.08495    
DY162    1.265e-11    2.74e-05    0.005396    0.009105    0.01097    0.01215    0.01313    0.01405    0.01493    0.01576    0.01656    0.01735    0.01816    0.01902    0.01995    0.02097    0.0221    0.02334    0.02469    0.02615    0.02773    0.0294    0.03118    0.03305    0.03501    0.03704    0.03915    0.04133    0.04358    0.04588    0.04824    0.05065    0.05311    0.05561    0.05815    0.06072    
DY163    5.245e-12    1.118e-05    0.002314    0.005026    0.007986    0.01078    0.01329    0.01554    0.01755    0.01935    0.02099    0.0225    0.02391    0.02526    0.0266    0.02796    0.02938    0.03089    0.03251    0.03426    0.03614    0.03818    0.04037    0.04271    0.0452    0.04783    0.05061    0.05352    0.05656    0.05971    0.06299    0.06637    0.06985    0.07342    0.07708    0.08082    
HO165    9.553e-13    4.093e-06    0.0009216    0.002029    0.003536    0.00555    0.007961    0.01064    0.01349    0.01643    0.0194    0.02236    0.02529    0.02817    0.03101    0.03381    0.03658    0.03936    0.04215    0.045    0.04793    0.05096    0.05412    0.05743    0.06091    0.06458    0.06844    0.0725    0.07678    0.08128    0.086    0.09093    0.09609    0.1015    0.107    0.1128    
ER166    1.246e-14    1.031e-06    0.0002081    0.0004615    0.0008381    0.001412    0.002227    0.003305    0.004654    0.006269    0.008141    0.01025    0.01258    0.01511    0.01783    0.02071    0.02373    0.0269    0.03019    0.03362    0.03717    0.04084    0.04466    0.04862    0.05273    0.05701    0.06146    0.06611    0.07097    0.07604    0.08134    0.08689    0.09269    0.09875    0.1051    0.1117    
