TIME    3   100   220   340   460   580   700   820   1040   1160   1280   1400   1520   1640   1760   1880   2000   2120   2240   2360   2480   2600   2720   2840   2960   3080   3200   3320   3440   3560   3680   3800   3920   4040   4160   4280   
NEUT_PROD    241   269   180   176   185   187   179   164   125   106   89.2   74.5   62.2   52   43.8   37.3   32.2   28.2   25.1   22.6   20.8   19.3   18.2   17.2   16.5   15.9   15.3   14.9   14.4   14   13.7   13.3   12.9   12.6   12.2   11.9   
NEUT_DEST    1020   495   339   260   243   232   218   200   159   140   123   108   94.9   84.1   75   67.5   61.3   56.2   52   48.5   45.6   43.1   41.1   39.3   37.7   36.4   35.1   34.1   33.1   32.2   31.3   30.5   29.8   29.1   28.4   27.8   
BUd    0.882    -584    -185    -34.6    27.5    51.8    58.9    57.7    93.2    39.5    33.3    27.7    23    19    15.8    13.2    11.2    9.55    8.3    7.33    6.58    6    5.55    5.2    4.92    4.69    4.5    4.34    4.2    4.07    3.95    3.84    3.73    3.63    3.53    3.43    
HE4    0.001343    1.409    3.973    6.107    7.586    8.538    9.128    9.489    9.826    9.917    9.977    10.02    10.05    10.07    10.09    10.11    10.13    10.14    10.16    10.17    10.19    10.2    10.21    10.23    10.24    10.25    10.27    10.28    10.29    10.31    10.32    10.33    10.34    10.35    10.36    10.37    
U234    1.2e-06    0.05988    0.381    0.8836    1.422    1.898    2.268    2.523    2.69    2.691    2.643    2.56    2.453    2.332    2.204    2.072    1.941    1.813    1.689    1.571    1.46    1.354    1.256    1.163    1.077    0.9968    0.9223    0.8531    0.7889    0.7294    0.6743    0.6233    0.5761    0.5325    0.4921    0.4548    
U235    6.233e-10    0.001203    0.0162    0.05539    0.1164    0.1899    0.2654    0.335    0.435    0.4642    0.4815    0.4883    0.4864    0.4775    0.4634    0.4455    0.425    0.403    0.3803    0.3574    0.3348    0.3127    0.2915    0.2713    0.2521    0.234    0.2171    0.2012    0.1863    0.1725    0.1596    0.1477    0.1366    0.1263    0.1168    0.1079    
U236    1.713e-11    2.006e-05    0.0005598    0.003048    0.009085    0.01972    0.03523    0.05529    0.1055    0.1338    0.1629    0.1922    0.2211    0.249    0.2756    0.3007    0.3241    0.3457    0.3655    0.3835    0.3998    0.4144    0.4274    0.4388    0.4489    0.4575    0.465    0.4712    0.4764    0.4807    0.484    0.4864    0.4881    0.4891    0.4895    0.4892    
NP237    0.01273    0.2522    0.3405    0.3415    0.3145    0.2808    0.2478    0.2178    0.1686    0.1489    0.1321    0.1178    0.1057    0.09546    0.08687    0.07971    0.07376    0.06885    0.06483    0.06157    0.05894    0.05684    0.05519    0.0539    0.05292    0.05219    0.05165    0.05128    0.05102    0.05086    0.05077    0.05073    0.05072    0.05073    0.05075    0.05076    
PU238    0.06691    74.28    180.7    235.4    242.6    221.8    189    154    93.72    71.83    54.41    40.87    30.51    22.67    16.8    12.43    9.184    6.783    5.01    3.703    2.74    2.031    1.509    1.124    0.8405    0.6315    0.4774    0.3636    0.2796    0.2176    0.1717    0.1377    0.1125    0.09375    0.07981    0.06941    
PU239    0.0001733    7.027    32.71    58.46    73.44    76.87    72.15    63.1    42.18    33.17    25.66    19.6    14.82    11.13    8.306    6.176    4.58    3.39    2.507    1.853    1.37    1.014    0.7518    0.5583    0.4157    0.3107    0.2332    0.1761    0.1339    0.1028    0.07979    0.06278    0.05018    0.04084    0.0339    0.02873    
PU240    2.306e-06    0.561    5.484    15.46    27.14    37.07    43.42    45.89    41.98    37.59    32.69    27.79    23.23    19.19    15.72    12.82    10.45    8.548    7.034    5.845    4.918    4.199    3.645    3.217    2.886    2.63    2.43    2.271    2.143    2.038    1.95    1.874    1.807    1.746    1.689    1.636    
PU241    1.04e-07    0.04267    0.7665    3.059    6.724    10.77    14.2    16.44    17.12    16.04    14.46    12.65    10.82    9.096    7.549    6.212    5.087    4.161    3.412    2.814    2.342    1.973    1.686    1.464    1.292    1.159    1.056    0.9752    0.9111    0.8595    0.8171    0.7815    0.7508    0.7236    0.699    0.6762    
PU242    2.786    81.18    106.5    111.6    110    107    104.2    101.9    98.36    96.57    94.54    92.2    89.53    86.57    83.38    80.02    76.55    73.03    69.51    66.04    62.64    59.35    56.18    53.13    50.23    47.46    44.83    42.34    39.99    37.76    35.66    33.68    31.81    30.05    28.39    26.82    
PU243    0.000521    0.01518    0.01993    0.02087    0.02058    0.02001    0.01949    0.01906    0.0184    0.01806    0.01768    0.01725    0.01675    0.01619    0.0156    0.01497    0.01432    0.01366    0.013    0.01235    0.01172    0.0111    0.01051    0.009939    0.009395    0.008878    0.008386    0.00792    0.00748    0.007063    0.00667    0.0063    0.00595    0.005621    0.00531    0.005017    
PU244    9.334e-07    0.002184    0.006745    0.01204    0.01747    0.02282    0.02804    0.03311    0.04284    0.04751    0.05204    0.05644    0.06069    0.06478    0.0687    0.07246    0.07603    0.07943    0.08263    0.08565    0.08849    0.09115    0.09362    0.09592    0.09806    0.1    0.1018    0.1035    0.105    0.1064    0.1077    0.1088    0.1098    0.1107    0.1115    0.1122    
AM241    970.4    367.2    134.8    49.5    18.22    6.771    2.603    1.099    0.3502    0.2827    0.2453    0.2156    0.1877    0.1609    0.1359    0.1134    0.09374    0.07706    0.06321    0.05192    0.04286    0.03566    0.03001    0.02559    0.02216    0.0195    0.01744    0.01583    0.01458    0.01358    0.01279    0.01213    0.01159    0.01112    0.01071    0.01034    
AM243    0.2219    22.4    31.97    35.42    36.41    36.4    35.96    35.37    34.1    33.48    32.86    32.23    31.57    30.87    30.12    29.31    28.46    27.56    26.62    25.66    24.67    23.67    22.67    21.67    20.68    19.71    18.77    17.85    16.95    16.09    15.27    14.47    13.71    12.99    12.3    11.64    
CM242    13.25    310.7    295.5    213.7    139.5    86.66    52.43    31.27    11.93    7.084    4.251    2.59    1.612    1.029    0.6773    0.4601    0.3228    0.2332    0.173    0.1314    0.1017    0.08017    0.06421    0.05226    0.04323    0.03637    0.03112    0.0271    0.024    0.0216    0.01973    0.01825    0.01707    0.01611    0.01532    0.01465    
CM243    0.004951    4.209    6.977    6.664    5.129    3.535    2.288    1.426    0.5434    0.331    0.1998    0.1207    0.07367    0.04571    0.02902    0.01895    0.01276    0.008873    0.006363    0.004694    0.003549    0.002743    0.002162    0.001734    0.001416    0.001176    0.0009933    0.0008541    0.0007474    0.000665    0.000601    0.0005509    0.0005112    0.0004794    0.0004533    0.0004315    
CM244    0.0004672    2.686    8.503    15.1    21.49    27.34    32.59    37.25    45.16    48.43    51.32    53.88    56.11    58.05    59.71    61.09    62.21    63.08    63.71    64.11    64.29    64.27    64.05    63.66    63.1    62.4    61.56    60.61    59.54    58.39    57.16    55.86    54.5    53.11    51.67    50.21    
CM245    2.172e-07    0.02922    0.1216    0.2385    0.3561    0.4654    0.564    0.6519    0.8008    0.8623    0.9169    0.9651    1.007    1.044    1.076    1.102    1.124    1.141    1.154    1.163    1.167    1.168    1.165    1.159    1.149    1.137    1.123    1.106    1.087    1.067    1.045    1.022    0.9975    0.9723    0.9465    0.9201    
CM246    6.765e-10    0.004339    0.04028    0.1298    0.2779    0.482    0.7367    1.036    1.748    2.152    2.582    3.034    3.506    3.994    4.495    5.007    5.528    6.054    6.584    7.115    7.646    8.174    8.697    9.214    9.724    10.22    10.71    11.19    11.66    12.11    12.55    12.98    13.39    13.78    14.16    14.52    
CM247    2.396e-14    6.404e-06    0.0001216    0.000592    0.001681    0.003592    0.006455    0.01033    0.02116    0.02804    0.03584    0.04447    0.05388    0.06398    0.0747    0.08597    0.09771    0.1099    0.1224    0.1351    0.1481    0.1612    0.1744    0.1877    0.2009    0.2141    0.2272    0.2401    0.2528    0.2653    0.2776    0.2896    0.3013    0.3127    0.3237    0.3343    
CM248    1.15e-17    1.276e-07    5.154e-06    3.955e-05    0.0001563    0.0004334    0.0009655    0.001856    0.005137    0.007731    0.01108    0.01528    0.0204    0.02651    0.03365    0.04189    0.05126    0.06179    0.0735    0.08642    0.1006    0.1159    0.1324    0.1502    0.1691    0.1892    0.2105    0.2328    0.2563    0.2807    0.3062    0.3326    0.3599    0.3881    0.4172    0.447    
SE77    2.515e-12    3.005e-05    0.005395    0.007259    0.008499    0.009565    0.01046    0.01115    0.01189    0.01199    0.01194    0.01178    0.01153    0.01123    0.01088    0.01052    0.01013    0.009747    0.009364    0.008988    0.008622    0.008268    0.007929    0.007604    0.007293    0.006997    0.006715    0.006447    0.006192    0.00595    0.00572    0.005502    0.005294    0.005097    0.00491    0.004732    
SE78    4.763e-11    9.058e-05    0.01646    0.02276    0.02806    0.03317    0.03801    0.04245    0.04982    0.05277    0.05529    0.05745    0.05932    0.06093    0.06234    0.06359    0.06471    0.06572    0.06664    0.06749    0.06829    0.06903    0.06973    0.07039    0.07102    0.07162    0.0722    0.07275    0.07327    0.07378    0.07426    0.07473    0.07518    0.07561    0.07602    0.07642    
SE79    1.092e-10    0.000196    0.03546    0.04818    0.05856    0.06837    0.07748    0.08559    0.09832    0.103    0.1068    0.1098    0.1122    0.1141    0.1155    0.1167    0.1176    0.1183    0.1189    0.1194    0.1198    0.1201    0.1204    0.1207    0.1209    0.1211    0.1213    0.1215    0.1216    0.1218    0.1219    0.122    0.1221    0.1222    0.1223    0.1224    
SE80    2.631e-10    0.0004704    0.0852    0.1161    0.1414    0.1654    0.1877    0.2077    0.2395    0.2515    0.2613    0.2694    0.2759    0.2813    0.2858    0.2895    0.2927    0.2955    0.298    0.3002    0.3023    0.3042    0.306    0.3077    0.3094    0.311    0.3125    0.314    0.3155    0.317    0.3184    0.3198    0.3211    0.3225    0.3238    0.3251    
BR81    4.012e-10    0.0007206    0.1302    0.176    0.2128    0.2472    0.2789    0.3067    0.3488    0.3636    0.3749    0.3832    0.3892    0.3933    0.3959    0.3973    0.3979    0.3978    0.3972    0.3962    0.3949    0.3935    0.3918    0.3901    0.3883    0.3864    0.3844    0.3825    0.3804    0.3784    0.3764    0.3743    0.3722    0.3701    0.368    0.3659    
SE82    4.965e-10    0.0008884    0.1607    0.219    0.2673    0.3135    0.357    0.3965    0.4603    0.4848    0.505    0.5216    0.5351    0.5462    0.5554    0.563    0.5694    0.5749    0.5797    0.584    0.5878    0.5913    0.5946    0.5977    0.6006    0.6034    0.6061    0.6087    0.6113    0.6137    0.6161    0.6185    0.6208    0.623    0.6252    0.6274    
KR82    1.898e-12    1.735e-05    0.003363    0.005884    0.008435    0.01114    0.01395    0.0168    0.02239    0.02506    0.02762    0.03004    0.03233    0.03447    0.03646    0.03832    0.04004    0.04163    0.04309    0.04443    0.04566    0.04678    0.0478    0.04872    0.04956    0.05032    0.05099    0.0516    0.05214    0.05262    0.05304    0.05341    0.05373    0.054    0.05423    0.05441    
KR83    6.682e-10    0.001232    0.2122    0.2361    0.2404    0.2412    0.2388    0.2321    0.2062    0.1891    0.1708    0.1525    0.1348    0.1185    0.1037    0.09071    0.07943    0.06981    0.06171    0.05498    0.04944    0.04491    0.04124    0.03828    0.03591    0.03401    0.03249    0.03127    0.03029    0.0295    0.02886    0.02833    0.02789    0.02752    0.02719    0.0269    
KR84    1.194e-09    0.002237    0.4153    0.6216    0.8085    0.9924    1.171    1.338    1.629    1.749    1.854    1.944    2.021    2.086    2.142    2.189    2.23    2.266    2.296    2.323    2.348    2.369    2.389    2.408    2.425    2.441    2.457    2.471    2.486    2.5    2.513    2.526    2.539    2.552    2.564    2.576    
KR85    2.862e-10    0.0005567    0.1004    0.135    0.1624    0.1881    0.2116    0.2322    0.2637    0.2739    0.2812    0.2861    0.289    0.2902    0.2902    0.2892    0.2874    0.2851    0.2824    0.2795    0.2763    0.273    0.2696    0.2661    0.2627    0.2593    0.2558    0.2524    0.2491    0.2457    0.2425    0.2392    0.236    0.2329    0.2298    0.2267    
RB85    1.009e-09    0.001983    0.3589    0.4928    0.604    0.7117    0.8144    0.9087    1.064    1.126    1.178    1.223    1.26    1.291    1.318    1.341    1.362    1.38    1.396    1.411    1.425    1.438    1.45    1.462    1.474    1.485    1.495    1.506    1.516    1.525    1.535    1.544    1.554    1.563    1.571    1.58    
KR86    1.978e-09    0.003544    0.6407    0.8742    1.069    1.258    1.439    1.605    1.879    1.986    2.075    2.149    2.21    2.261    2.302    2.337    2.367    2.392    2.414    2.434    2.451    2.467    2.482    2.496    2.509    2.522    2.534    2.545    2.557    2.568    2.578    2.589    2.599    2.609    2.619    2.628    
SR86    3.224e-14    1.495e-06    0.0004076    0.001086    0.001784    0.002579    0.003471    0.004451    0.006645    0.007825    0.009042    0.01029    0.01158    0.01289    0.01421    0.01556    0.01692    0.01829    0.01967    0.02106    0.02246    0.02386    0.02527    0.02669    0.02811    0.02953    0.03096    0.03239    0.03383    0.03527    0.03671    0.03815    0.0396    0.04105    0.0425    0.04395    
RB87    2.418e-09    0.004437    0.802    1.095    1.338    1.574    1.799    2.006    2.345    2.478    2.588    2.679    2.754    2.816    2.867    2.909    2.945    2.975    3.001    3.025    3.045    3.064    3.082    3.098    3.113    3.128    3.142    3.155    3.168    3.181    3.193    3.205    3.217    3.228    3.24    3.251    
SR88    3.309e-09    0.006298    1.139    1.557    1.903    2.237    2.555    2.845    3.322    3.507    3.661    3.789    3.894    3.981    4.053    4.113    4.164    4.207    4.246    4.279    4.31    4.338    4.364    4.389    4.412    4.434    4.455    4.476    4.496    4.516    4.535    4.554    4.572    4.59    4.608    4.625    
SR89    4.413e-09    0.006088    0.8977    0.4766    0.336    0.2961    0.2745    0.25    0.2034    0.163    0.1341    0.1105    0.09082    0.07471    0.06171    0.05137    0.04324    0.0369    0.03199    0.0282    0.02528    0.02302    0.02127    0.0199    0.01881    0.01794    0.01722    0.01662    0.01611    0.01567    0.01528    0.01492    0.0146    0.01431    0.01403    0.01376    
Y89    3.222e-11    0.001915    0.549    1.494    2.069    2.527    2.945    3.33    3.963    4.229    4.443    4.618    4.761    4.877    4.97    5.046    5.109    5.16    5.203    5.239    5.27    5.297    5.321    5.343    5.363    5.381    5.398    5.414    5.43    5.444    5.458    5.471    5.484    5.496    5.507    5.518    
SR90    5.572e-09    0.009972    1.801    2.439    2.962    3.461    3.93    4.351    5.023    5.269    5.463    5.613    5.727    5.81    5.869    5.91    5.935    5.949    5.954    5.953    5.946    5.935    5.921    5.905    5.887    5.867    5.847    5.825    5.803    5.78    5.757    5.733    5.708    5.684    5.659    5.633    
ZR90    9.056e-14    1.523e-05    0.004962    0.02295    0.04693    0.07586    0.1094    0.1472    0.2273    0.2747    0.3244    0.3757    0.4283    0.482    0.5364    0.5914    0.6467    0.7023    0.7581    0.8139    0.8698    0.9256    0.9814    1.037    1.093    1.148    1.203    1.259    1.314    1.369    1.423    1.478    1.532    1.586    1.64    1.694    
Y91    3.351e-09    0.009348    1.412    0.8284    0.5923    0.5163    0.4769    0.4359    0.3606    0.2912    0.2406    0.1993    0.1649    0.1367    0.1139    0.09565    0.08127    0.07004    0.06133    0.05459    0.04939    0.04538    0.04226    0.03982    0.03789    0.03635    0.03508    0.03402    0.03311    0.03233    0.03163    0.031    0.03043    0.0299    0.0294    0.02892    
ZR91    2.26e-11    0.002529    0.7362    2.12    3.01    3.716    4.354    4.942    5.91    6.325    6.663    6.939    7.166    7.352    7.504    7.629    7.732    7.819    7.892    7.955    8.01    8.059    8.103    8.144    8.181    8.216    8.25    8.281    8.312    8.341    8.369    8.396    8.423    8.448    8.473    8.497    
ZR92    7.196e-09    0.01467    2.653    3.637    4.45    5.235    5.985    6.672    7.803    8.246    8.617    8.924    9.179    9.39    9.567    9.715    9.842    9.952    10.05    10.14    10.21    10.29    10.36    10.42    10.48    10.54    10.6    10.66    10.71    10.76    10.82    10.87    10.92    10.97    11.02    11.07    
ZR93    5.236e-09    0.01913    3.456    4.731    5.764    6.755    7.693    8.544    9.914    10.43    10.85    11.19    11.45    11.66    11.82    11.94    12.03    12.1    12.15    12.19    12.21    12.23    12.25    12.26    12.26    12.26    12.26    12.26    12.25    12.25    12.24    12.23    12.22    12.21    12.19    12.18    
ZR94    1.199e-08    0.02164    3.915    5.361    6.574    7.753    8.882    9.924    11.66    12.35    12.94    13.43    13.85    14.21    14.52    14.79    15.02    15.23    15.43    15.6    15.77    15.93    16.08    16.22    16.37    16.5    16.64    16.77    16.91    17.03    17.16    17.29    17.41    17.54    17.66    17.78    
ZR95    1.354e-08    0.01964    3.003    1.85    1.342    1.167    1.077    0.9859    0.8211    0.6652    0.5488    0.4529    0.3729    0.3068    0.2532    0.2102    0.1761    0.1495    0.1288    0.1129    0.1005    0.09107    0.08375    0.07807    0.07362    0.07008    0.06723    0.06487    0.06289    0.06119    0.0597    0.05838    0.05718    0.05607    0.05504    0.05405    
NB95    7.892e-11    0.003511    0.8434    1.06    0.7818    0.6403    0.5786    0.5326    0.4672    0.3806    0.3124    0.2579    0.2127    0.1752    0.1445    0.1197    0.09998    0.08446    0.07236    0.06298    0.05574    0.05016    0.04585    0.04252    0.03991    0.03784    0.03619    0.03483    0.03369    0.03271    0.03186    0.03109    0.0304    0.02977    0.02917    0.02859    
MO95    7.031e-13    0.001318    0.5724    3.066    5.084    6.551    7.762    8.827    10.44    11.14    11.65    12    12.24    12.37    12.42    12.41    12.35    12.25    12.12    11.97    11.8    11.62    11.44    11.25    11.07    10.88    10.69    10.5    10.31    10.13    9.95    9.772    9.596    9.424    9.254    9.087    
ZR96    1.447e-08    0.02595    4.69    6.399    7.827    9.214    10.54    11.76    13.78    14.56    15.22    15.76    16.21    16.57    16.87    17.12    17.33    17.51    17.66    17.79    17.91    18.02    18.12    18.21    18.3    18.38    18.46    18.53    18.61    18.68    18.75    18.82    18.88    18.95    19.01    19.07    
MO96    3.17e-12    2.744e-05    0.008363    0.06513    0.1798    0.3363    0.5255    0.743    1.244    1.523    1.815    2.117    2.426    2.737    3.05    3.363    3.673    3.98    4.284    4.583    4.877    5.166    5.449    5.727    6    6.267    6.528    6.784    7.035    7.28    7.52    7.755    7.985    8.21    8.429    8.644    
MO97    5.778e-09    0.028    5.059    6.974    8.515    10    11.41    12.71    14.81    15.63    16.29    16.83    17.27    17.62    17.89    18.11    18.29    18.43    18.55    18.65    18.73    18.8    18.86    18.91    18.96    19    19.04    19.08    19.11    19.15    19.18    19.21    19.24    19.27    19.3    19.32    
MO98    1.687e-08    0.03026    5.471    7.483    9.176    10.83    12.42    13.89    16.35    17.33    18.16    18.86    19.44    19.94    20.35    20.71    21.02    21.29    21.54    21.76    21.96    22.16    22.34    22.51    22.68    22.84    23    23.16    23.31    23.46    23.61    23.76    23.9    24.04    24.19    24.32    
MO99    1.558e-08    0.004401    0.3751    0.1046    0.07742    0.0705    0.065    0.05846    0.04361    0.03678    0.03062    0.02531    0.02085    0.01718    0.01423    0.01188    0.01003    0.008593    0.00748    0.006623    0.005965    0.005461    0.005073    0.004773    0.00454    0.004356    0.004209    0.00409    0.003993    0.003912    0.003845    0.003788    0.00374    0.0037    0.003664    0.00363    
TC99    1.96e-09    0.03054    5.487    7.644    9.111    10.45    11.67    12.71    14.16    14.58    14.81    14.9    14.86    14.72    14.5    14.22    13.91    13.57    13.21    12.84    12.46    12.09    11.72    11.36    11.01    10.67    10.34    10.01    9.701    9.4    9.109    8.828    8.557    8.296    8.044    7.801    
MO100    2.044e-08    0.03661    6.615    9.024    11.04    13    14.87    16.6    19.45    20.56    21.49    22.25    22.88    23.4    23.82    24.17    24.46    24.71    24.92    25.1    25.27    25.41    25.55    25.67    25.79    25.9    26.01    26.11    26.21    26.31    26.4    26.49    26.58    26.66    26.75    26.83    
RU100    1.325e-12    0.0002916    0.09501    0.3838    0.7449    1.164    1.636    2.152    3.285    3.882    4.488    5.095    5.698    6.292    6.874    7.439    7.987    8.516    9.025    9.515    9.984    10.43    10.86    11.27    11.66    12.04    12.39    12.73    13.05    13.35    13.64    13.92    14.18    14.43    14.66    14.88    
RU101    1.753e-08    0.03165    5.709    7.749    9.44    11.08    12.65    14.09    16.44    17.34    18.07    18.66    19.12    19.49    19.77    19.99    20.16    20.29    20.39    20.48    20.54    20.59    20.64    20.68    20.72    20.75    20.78    20.81    20.84    20.87    20.9    20.93    20.96    20.99    21.02    21.05    
RU102    1.807e-08    0.03256    5.887    8.082    9.951    11.8    13.59    15.28    18.16    19.33    20.34    21.2    21.94    22.58    23.13    23.61    24.03    24.42    24.76    25.09    25.39    25.68    25.96    26.22    26.48    26.73    26.98    27.22    27.46    27.7    27.94    28.17    28.4    28.63    28.85    29.07    
RU103    2.089e-08    0.02677    3.768    1.708    1.218    1.112    1.049    0.9643    0.7867    0.6388    0.5339    0.4455    0.371    0.3095    0.2597    0.22    0.1888    0.1644    0.1456    0.1312    0.1201    0.1117    0.1053    0.1003    0.09653    0.09357    0.09122    0.08933    0.08778    0.08649    0.0854    0.08445    0.08362    0.08287    0.08219    0.08154    
RH103    1.926e-10    0.01041    2.788    5.907    6.654    6.864    6.92    6.851    6.301    5.904    5.407    4.877    4.346    3.835    3.359    2.928    2.545    2.211    1.924    1.68    1.475    1.305    1.164    1.049    0.9543    0.8775    0.815    0.7643    0.7232    0.6896    0.6622    0.6396    0.6209    0.6053    0.5922    0.5809    
RU104    1.82e-08    0.03293    5.953    8.153    10    11.82    13.58    15.23    17.98    19.08    19.99    20.75    21.37    21.89    22.3    22.65    22.93    23.17    23.37    23.54    23.69    23.82    23.94    24.05    24.16    24.25    24.34    24.43    24.51    24.59    24.67    24.74    24.81    24.88    24.95    25.02    
PD104    2.598e-13    0.0005454    0.256    1.683    3.518    5.453    7.417    9.375    13.09    14.81    16.4    17.84    19.12    20.25    21.24    22.1    22.84    23.48    24.03    24.5    24.91    25.26    25.58    25.85    26.1    26.32    26.52    26.7    26.87    27.03    27.18    27.33    27.47    27.6    27.73    27.85    
PD105    2.864e-09    0.02009    3.616    5.007    6.056    7.054    7.998    8.849    10.17    10.65    11    11.26    11.43    11.53    11.57    11.57    11.53    11.47    11.38    11.29    11.18    11.07    10.95    10.82    10.7    10.58    10.45    10.33    10.21    10.09    9.97    9.853    9.738    9.624    9.512    9.402    
RU106    1.335e-08    0.02305    4.022    4.671    4.968    5.196    5.355    5.413    5.346    5.049    4.693    4.299    3.891    3.484    3.094    2.729    2.395    2.095    1.828    1.595    1.393    1.22    1.072    0.9464    0.8406    0.7516    0.6769    0.6144    0.562    0.5181    0.4812    0.4502    0.4239    0.4016    0.3824    0.3659    
PD106    1.348e-09    0.01047    2.04    3.707    5.424    7.219    9.067    10.93    14.38    16.09    17.69    19.18    20.54    21.78    22.9    23.92    24.85    25.69    26.45    27.15    27.79    28.38    28.92    29.43    29.91    30.36    30.79    31.2    31.59    31.97    32.33    32.68    33.02    33.36    33.68    34    
PD107    1.003e-08    0.01812    3.256    4.404    5.365    6.316    7.244    8.107    9.53    10.07    10.5    10.83    11.07    11.23    11.34    11.4    11.42    11.41    11.37    11.32    11.25    11.18    11.09    11.01    10.92    10.82    10.73    10.63    10.54    10.44    10.35    10.25    10.16    10.06    9.968    9.876    
PD108    7.063e-09    0.01271    2.287    3.123    3.841    4.563    5.278    5.958    7.121    7.585    7.972    8.288    8.54    8.738    8.89    9.004    9.088    9.147    9.186    9.21    9.221    9.223    9.217    9.205    9.187    9.166    9.141    9.113    9.082    9.05    9.015    8.979    8.941    8.902    8.862    8.82    
AG109    1.889e-09    0.007903    1.387    1.714    1.917    2.101    2.265    2.396    2.53    2.537    2.511    2.461    2.393    2.315    2.232    2.148    2.066    1.989    1.918    1.853    1.794    1.742    1.696    1.655    1.619    1.588    1.561    1.536    1.515    1.496    1.479    1.463    1.449    1.436    1.424    1.413    
PD110    2.022e-09    0.003639    0.6551    0.8979    1.109    1.323    1.538    1.745    2.106    2.255    2.382    2.489    2.579    2.652    2.713    2.763    2.805    2.84    2.869    2.894    2.916    2.935    2.952    2.967    2.982    2.995    3.008    3.02    3.031    3.042    3.053    3.064    3.074    3.083    3.093    3.102    
AG110M    7.914e-14    1.348e-05    0.004121    0.01301    0.02022    0.02595    0.03063    0.03448    0.04117    0.04222    0.04279    0.04286    0.0425    0.04178    0.04079    0.03962    0.03835    0.03704    0.03574    0.03449    0.03331    0.03222    0.03123    0.03033    0.02953    0.02881    0.02818    0.02762    0.02713    0.02669    0.02631    0.02596    0.02565    0.02537    0.02511    0.02488    
CD110    1.761e-12    0.0003397    0.1091    0.409    0.7593    1.144    1.559    1.997    2.908    3.365    3.813    4.245    4.658    5.05    5.419    5.766    6.089    6.391    6.673    6.937    7.184    7.415    7.632    7.837    8.031    8.214    8.389    8.555    8.714    8.866    9.011    9.151    9.286    9.415    9.54    9.66    
CD111    4.304e-11    0.001513    0.2726    0.4207    0.5215    0.6249    0.733    0.842    1.051    1.148    1.24    1.326    1.408    1.487    1.564    1.639    1.712    1.785    1.857    1.93    2.002    2.075    2.148    2.221    2.294    2.367    2.44    2.513    2.586    2.659    2.732    2.805    2.877    2.948    3.019    3.09    
CD112    1.167e-10    0.0006795    0.124    0.184    0.2402    0.3006    0.365    0.4317    0.5667    0.6332    0.6986    0.7631    0.8268    0.8901    0.9534    1.017    1.081    1.146    1.213    1.281    1.35    1.422    1.495    1.57    1.647    1.727    1.808    1.892    1.978    2.066    2.156    2.248    2.342    2.439    2.537    2.638    
CD114    2.146e-10    0.0007803    0.1406    0.1967    0.2433    0.2905    0.3378    0.3834    0.4639    0.4975    0.5267    0.5518    0.5732    0.5915    0.6073    0.621    0.6331    0.6439    0.6539    0.6631    0.6719    0.6805    0.6888    0.6972    0.7055    0.7139    0.7224    0.7311    0.7401    0.7492    0.7586    0.7682    0.7781    0.7883    0.7988    0.8096    
IN115    1.602e-11    0.000182    0.02967    0.02684    0.02253    0.02018    0.01885    0.01772    0.01494    0.01336    0.01174    0.01021    0.008816    0.007596    0.006555    0.005689    0.004982    0.004414    0.003964    0.003613    0.003341    0.003133    0.002975    0.002856    0.002767    0.002702    0.002654    0.002619    0.002594    0.002578    0.002567    0.002561    0.002558    0.002558    0.002561    0.002565    
CD116    1.232e-10    0.0002211    0.03997    0.05459    0.06684    0.07878    0.09026    0.1009    0.1185    0.1254    0.1312    0.136    0.1399    0.1431    0.1458    0.148    0.1498    0.1514    0.1527    0.1539    0.1549    0.1558    0.1567    0.1575    0.1582    0.159    0.1596    0.1603    0.1609    0.1615    0.1621    0.1627    0.1633    0.1639    0.1644    0.165    
SN116    5.771e-14    3.095e-05    0.009498    0.0314    0.05015    0.06647    0.0815    0.09564    0.1209    0.1319    0.1416    0.1501    0.1574    0.1637    0.1691    0.1738    0.1779    0.1814    0.1846    0.1875    0.1901    0.1925    0.1947    0.1969    0.1989    0.2009    0.2028    0.2047    0.2066    0.2084    0.2102    0.212    0.2138    0.2156    0.2174    0.2192    
SN117    1.126e-10    0.0002222    0.04015    0.05481    0.06687    0.07851    0.08956    0.09965    0.1161    0.1224    0.1276    0.1318    0.1352    0.1379    0.1401    0.1418    0.1432    0.1444    0.1453    0.1461    0.1468    0.1474    0.1479    0.1484    0.1488    0.1492    0.1496    0.1499    0.1502    0.1505    0.1508    0.1511    0.1514    0.1517    0.1519    0.1521    
SN118    1.222e-10    0.0002226    0.04028    0.05512    0.06757    0.07967    0.09127    0.102    0.1198    0.1268    0.1328    0.1378    0.1421    0.1456    0.1487    0.1513    0.1536    0.1556    0.1574    0.1591    0.1606    0.1621    0.1635    0.1648    0.1661    0.1674    0.1686    0.1699    0.1711    0.1722    0.1734    0.1745    0.1757    0.1768    0.1779    0.179    
SN119    1.259e-10    0.0002271    0.04106    0.05606    0.06853    0.08057    0.092    0.1024    0.1194    0.126    0.1314    0.1357    0.1393    0.1421    0.1444    0.1462    0.1477    0.1489    0.1499    0.1507    0.1514    0.152    0.1525    0.153    0.1534    0.1538    0.1542    0.1545    0.1548    0.1551    0.1554    0.1557    0.1559    0.1562    0.1564    0.1566    
SN120    1.298e-10    0.0002326    0.04209    0.05753    0.07045    0.08297    0.09493    0.1059    0.1241    0.1313    0.1373    0.1424    0.1466    0.1502    0.1532    0.1558    0.158    0.16    0.1618    0.1634    0.1649    0.1663    0.1677    0.169    0.1702    0.1715    0.1727    0.1738    0.175    0.1761    0.1772    0.1784    0.1795    0.1805    0.1816    0.1827    
SB121    3.501e-11    0.0002409    0.04345    0.05958    0.0719    0.08344    0.09409    0.1035    0.1177    0.1225    0.1261    0.1285    0.1301    0.1309    0.1312    0.1309    0.1304    0.1296    0.1285    0.1274    0.1261    0.1248    0.1234    0.122    0.1206    0.1191    0.1177    0.1163    0.1148    0.1134    0.112    0.1106    0.1092    0.1079    0.1065    0.1052    
SN122    1.439e-10    0.0002575    0.04658    0.0635    0.07755    0.09107    0.1039    0.1155    0.1345    0.1418    0.1479    0.1529    0.157    0.1603    0.1631    0.1654    0.1673    0.169    0.1704    0.1717    0.1728    0.1738    0.1748    0.1757    0.1766    0.1774    0.1782    0.179    0.1797    0.1804    0.1811    0.1818    0.1825    0.1832    0.1838    0.1844    
TE122    1.101e-15    9.522e-07    0.0003102    0.001256    0.002458    0.003872    0.005479    0.007256    0.01121    0.01332    0.01549    0.01769    0.01991    0.02213    0.02433    0.02651    0.02866    0.03078    0.03285    0.03489    0.03688    0.03882    0.04072    0.04258    0.04438    0.04615    0.04786    0.04954    0.05117    0.05275    0.0543    0.0558    0.05726    0.05868    0.06006    0.06139    
SB123    1.289e-10    0.0002403    0.04434    0.06489    0.08183    0.09742    0.1117    0.1244    0.144    0.1513    0.1571    0.1614    0.1645    0.1667    0.1681    0.1689    0.1692    0.1691    0.1688    0.1683    0.1676    0.1668    0.1659    0.165    0.164    0.163    0.1619    0.1608    0.1598    0.1587    0.1576    0.1565    0.1554    0.1543    0.1531    0.152    
SN124    2.143e-10    0.0003833    0.06935    0.09443    0.1151    0.1349    0.1535    0.1703    0.1972    0.2075    0.2159    0.2227    0.2283    0.2327    0.2364    0.2394    0.2418    0.2439    0.2457    0.2472    0.2486    0.2498    0.2509    0.252    0.2529    0.2539    0.2548    0.2556    0.2564    0.2572    0.258    0.2587    0.2594    0.2601    0.2608    0.2615    
TE124    3.61e-14    2.88e-07    0.0001015    0.0005525    0.001305    0.002293    0.003487    0.004866    0.008005    0.009867    0.01178    0.01376    0.0158    0.01788    0.02    0.02213    0.02429    0.02644    0.02861    0.03077    0.03292    0.03507    0.03721    0.03934    0.04145    0.04356    0.04564    0.04772    0.04978    0.05182    0.05385    0.05586    0.05786    0.05983    0.06179    0.06374    
SB125    2.928e-10    0.0008072    0.1448    0.1984    0.2286    0.253    0.2724    0.2859    0.2991    0.296    0.2894    0.28    0.2688    0.2563    0.2432    0.2299    0.2167    0.2038    0.1914    0.1796    0.1684    0.1579    0.1481    0.1389    0.1304    0.1224    0.115    0.1082    0.1019    0.09603    0.0906    0.08558    0.08092    0.07662    0.07263    0.06893    
TE125    8.499e-14    9.825e-06    0.003305    0.01609    0.03268    0.05173    0.07267    0.09501    0.1382    0.1621    0.1857    0.2086    0.2306    0.2517    0.2716    0.2905    0.3082    0.3248    0.3403    0.3548    0.3684    0.381    0.3927    0.4036    0.4138    0.4233    0.4321    0.4404    0.448    0.4552    0.4619    0.4682    0.474    0.4795    0.4846    0.4895    
SN126    7.392e-10    0.001322    0.2392    0.3257    0.3967    0.4642    0.5272    0.5837    0.6736    0.7075    0.7352    0.7576    0.7758    0.7905    0.8026    0.8125    0.8208    0.8278    0.8339    0.8393    0.8441    0.8485    0.8526    0.8564    0.8601    0.8635    0.8669    0.8701    0.8732    0.8763    0.8793    0.8822    0.885    0.8878    0.8905    0.8931    
TE126    1.014e-11    3.123e-05    0.006409    0.01032    0.01326    0.01615    0.01899    0.02174    0.02685    0.02917    0.03137    0.03346    0.03549    0.03745    0.03937    0.04126    0.04313    0.04498    0.04682    0.04866    0.05048    0.05231    0.05413    0.05595    0.05778    0.0596    0.06142    0.06324    0.06506    0.06688    0.0687    0.07052    0.07234    0.07416    0.07598    0.0778    
TE127M    2.357e-11    0.0003876    0.06322    0.0548    0.0441    0.03794    0.0339    0.03037    0.02485    0.02043    0.0168    0.01378    0.01127    0.009227    0.007575    0.00626    0.005226    0.004421    0.0038    0.003323    0.002958    0.002679    0.002466    0.002302    0.002174    0.002075    0.001995    0.00193    0.001875    0.001829    0.001789    0.001753    0.001721    0.001691    0.001663    0.001637    
I127    6.442e-11    0.00277    0.5085    0.7739    0.9581    1.123    1.271    1.401    1.594    1.662    1.713    1.748    1.771    1.785    1.791    1.791    1.786    1.778    1.767    1.754    1.74    1.725    1.71    1.694    1.677    1.661    1.644    1.627    1.611    1.594    1.578    1.561    1.545    1.529    1.512    1.496    
TE128    2.959e-09    0.005695    1.031    1.407    1.716    2.01    2.284    2.532    2.927    3.077    3.201    3.301    3.383    3.45    3.505    3.551    3.589    3.622    3.651    3.677    3.7    3.722    3.742    3.761    3.779    3.796    3.813    3.829    3.844    3.86    3.875    3.889    3.904    3.918    3.931    3.945    
XE128    4.066e-13    1.013e-05    0.003252    0.01362    0.02719    0.04339    0.06192    0.08251    0.1285    0.1532    0.1787    0.2046    0.2309    0.2573    0.2837    0.31    0.3361    0.3619    0.3875    0.4127    0.4375    0.462    0.4861    0.5098    0.5332    0.5561    0.5786    0.6008    0.6226    0.6439    0.6649    0.6856    0.7058    0.7257    0.7452    0.7644    
TE129M    7.566e-10    0.0009954    0.1362    0.05607    0.03972    0.03586    0.03304    0.02956    0.02267    0.018    0.0147    0.01199    0.00976    0.007968    0.00655    0.005442    0.004584    0.003926    0.003424    0.003041    0.00275    0.002528    0.002358    0.002226    0.002123    0.00204    0.001972    0.001916    0.001868    0.001826    0.001789    0.001756    0.001725    0.001698    0.001672    0.001646    
I129    4.335e-09    0.009027    1.661    2.301    2.726    3.09    3.403    3.652    3.944    3.997    3.999    3.96    3.889    3.796    3.686    3.565    3.437    3.307    3.176    3.047    2.92    2.797    2.678    2.564    2.454    2.35    2.25    2.154    2.064    1.977    1.895    1.817    1.743    1.672    1.605    1.541    
TE130    9.437e-09    0.01697    3.07    4.184    5.109    5.999    6.842    7.61    8.858    9.34    9.738    10.06    10.33    10.55    10.73    10.87    11    11.1    11.19    11.27    11.34    11.4    11.46    11.52    11.57    11.62    11.67    11.71    11.76    11.8    11.84    11.88    11.92    11.96    12    12.04    
XE130    1.074e-11    0.0001519    0.04449    0.1613    0.3069    0.4739    0.6589    0.8583    1.284    1.503    1.721    1.935    2.145    2.348    2.543    2.73    2.907    3.076    3.236    3.387    3.529    3.663    3.788    3.906    4.017    4.12    4.216    4.307    4.391    4.469    4.542    4.609    4.672    4.73    4.784    4.833    
I131    1.185e-08    0.01052    0.8973    0.2494    0.1831    0.1653    0.1511    0.1347    0.09879    0.08278    0.06848    0.05626    0.0461    0.03783    0.03121    0.02597    0.02187    0.0187    0.01625    0.01438    0.01294    0.01184    0.01099    0.01034    0.009826    0.009423    0.009099    0.008836    0.008619    0.008438    0.008285    0.008157    0.008048    0.007955    0.007872    0.007794    
XE131    5.368e-10    0.02278    4.034    5.67    6.232    6.612    6.866    6.979    6.769    6.49    6.131    5.722    5.285    4.842    4.408    3.994    3.607    3.251    2.928    2.638    2.381    2.154    1.954    1.781    1.63    1.499    1.386    1.288    1.204    1.132    1.07    1.016    0.97    0.9301    0.8956    0.8657    
TE132    1.781e-08    0.005845    0.4995    0.1393    0.1027    0.09308    0.08535    0.07632    0.05595    0.04717    0.03904    0.03207    0.02625    0.0215    0.01768    0.01466    0.01229    0.01045    0.009024    0.007931    0.007093    0.00645    0.005956    0.005573    0.005274    0.005037    0.004847    0.004692    0.004565    0.004458    0.004368    0.004292    0.004227    0.004171    0.004121    0.004073    
XE132    2.494e-09    0.03624    6.686    10.42    13.53    16.62    19.67    22.6    27.82    30.07    32.07    33.84    35.4    36.77    37.96    39.01    39.93    40.74    41.46    42.1    42.67    43.18    43.64    44.06    44.45    44.81    45.14    45.45    45.74    46.01    46.27    46.51    46.75    46.98    47.19    47.41    
I133    1.847e-08    0.002112    0.1801    0.05014    0.03702    0.03364    0.03095    0.02776    0.02059    0.01732    0.01437    0.01182    0.009693    0.007946    0.006539    0.00542    0.004541    0.003857    0.003328    0.00292    0.002607    0.002366    0.002181    0.002038    0.001926    0.001837    0.001766    0.001708    0.00166    0.001621    0.001587    0.001559    0.001535    0.001514    0.001495    0.001478    
XE133    7.638e-09    0.01261    1.075    0.2998    0.2216    0.2015    0.1856    0.1667    0.1242    0.1048    0.0873    0.07225    0.05964    0.04932    0.041    0.0344    0.02922    0.02519    0.02208    0.01969    0.01786    0.01646    0.01539    0.01456    0.01391    0.0134    0.013    0.01267    0.0124    0.01218    0.012    0.01184    0.01171    0.0116    0.0115    0.01141    
CS133    4.751e-10    0.04417    7.93    11.56    13.62    15.4    16.96    18.24    19.8    20.12    20.18    20.01    19.68    19.21    18.65    18.03    17.36    16.68    15.98    15.3    14.63    13.98    13.35    12.74    12.17    11.62    11.09    10.6    10.13    9.684    9.263    8.865    8.488    8.132    7.795    7.476    
XE134    2.839e-08    0.05306    9.581    13.1    16.05    18.95    21.75    24.35    28.72    30.44    31.89    33.1    34.09    34.9    35.58    36.13    36.6    36.99    37.32    37.62    37.87    38.11    38.32    38.51    38.7    38.87    39.04    39.2    39.35    39.5    39.65    39.79    39.93    40.06    40.19    40.32    
CS134    1.841e-12    0.0005794    0.1819    0.6767    1.146    1.568    1.947    2.282    2.84    3.017    3.146    3.231    3.275    3.283    3.261    3.213    3.146    3.063    2.97    2.869    2.764    2.656    2.548    2.441    2.337    2.235    2.137    2.042    1.952    1.866    1.783    1.705    1.631    1.561    1.494    1.431    
BA134    1.313e-15    9.556e-06    0.005049    0.04785    0.1436    0.2879    0.4757    0.702    1.207    1.52    1.849    2.188    2.534    2.881    3.226    3.565    3.897    4.22    4.531    4.831    5.118    5.392    5.653    5.901    6.136    6.359    6.57    6.77    6.958    7.136    7.305    7.463    7.612    7.753    7.886    8.011    
CS135    1.139e-09    0.002327    0.4298    0.7464    1.122    1.602    2.176    2.827    4.296    5.089    5.899    6.713    7.523    8.32    9.096    9.846    10.57    11.25    11.9    12.51    13.09    13.62    14.12    14.59    15.01    15.41    15.77    16.09    16.39    16.67    16.91    17.13    17.33    17.5    17.65    17.78    
BA135    1.8e-14    5.616e-08    1.443e-05    0.0001268    0.0005687    0.001563    0.003309    0.005976    0.01444    0.02048    0.02789    0.0367    0.04694    0.05861    0.07167    0.0861    0.1018    0.1188    0.137    0.1564    0.1768    0.1981    0.2204    0.2436    0.2675    0.2921    0.3174    0.3432    0.3696    0.3965    0.4237    0.4514    0.4794    0.5076    0.5361    0.5648    
XE136    5.199e-08    0.09921    17.92    24.47    29.97    35.36    40.56    45.38    53.44    56.62    59.29    61.5    63.33    64.83    66.08    67.11    67.98    68.71    69.35    69.9    70.4    70.85    71.26    71.64    72    72.35    72.68    72.99    73.3    73.6    73.89    74.18    74.45    74.73    74.99    75.25    
CS136    4.195e-10    0.0003355    0.03783    0.01305    0.01119    0.0116    0.01239    0.01332    0.01616    0.01716    0.01883    0.02063    0.02254    0.02449    0.02647    0.02843    0.03035    0.03221    0.03399    0.03569    0.03729    0.0388    0.04021    0.04152    0.04274    0.04386    0.04489    0.04583    0.04668    0.04746    0.04816    0.04879    0.04936    0.04986    0.0503    0.05068    
BA136    1.275e-11    0.0004438    0.1045    0.1886    0.2453    0.3037    0.3666    0.4344    0.5909    0.6784    0.7738    0.8785    0.9931    1.118    1.254    1.4    1.556    1.723    1.899    2.085    2.279    2.482    2.693    2.912    3.137    3.368    3.606    3.849    4.097    4.349    4.605    4.865    5.129    5.395    5.664    5.936    
CS137    2.64e-08    0.04732    8.538    11.59    14.13    16.58    18.92    21.07    24.57    25.89    26.96    27.8    28.46    28.96    29.34    29.61    29.8    29.93    30.02    30.06    30.08    30.07    30.05    30.02    29.97    29.92    29.86    29.8    29.73    29.66    29.59    29.51    29.43    29.35    29.27    29.18    
BA137    1.319e-11    8.723e-05    0.02538    0.09997    0.1958    0.3101    0.4418    0.5896    0.8972    1.082    1.274    1.472    1.675    1.881    2.088    2.297    2.506    2.715    2.923    3.131    3.337    3.543    3.746    3.948    4.149    4.348    4.545    4.741    4.935    5.127    5.317    5.506    5.693    5.878    6.061    6.243    
BA138    2.308e-08    0.04197    7.579    10.35    12.69    14.99    17.22    19.29    22.77    24.15    25.31    26.28    27.09    27.75    28.3    28.76    29.15    29.49    29.78    30.03    30.26    30.48    30.67    30.86    31.04    31.21    31.37    31.53    31.69    31.85    32    32.15    32.3    32.45    32.6    32.75    
LA139    2.231e-08    0.04111    7.408    10.04    12.2    14.29    16.29    18.11    21.03    22.12    22.98    23.64    24.13    24.48    24.71    24.85    24.92    24.93    24.9    24.84    24.75    24.64    24.51    24.38    24.24    24.09    23.94    23.79    23.63    23.47    23.31    23.15    22.99    22.83    22.67    22.51    
BA140    2.206e-08    0.01729    1.907    0.5816    0.4472    0.4173    0.3912    0.3559    0.2634    0.2281    0.1903    0.1574    0.1295    0.1064    0.08774    0.0728    0.06101    0.05179    0.04463    0.0391    0.03484    0.03156    0.02902    0.02706    0.02552    0.0243    0.02331    0.02251    0.02183    0.02127    0.02078    0.02036    0.01998    0.01965    0.01935    0.01905    
LA140    6.16e-10    0.002292    0.2534    0.07971    0.06265    0.05935    0.05652    0.05244    0.04116    0.03686    0.03216    0.02803    0.02452    0.0216    0.01921    0.01729    0.01576    0.01456    0.01361    0.01286    0.01227    0.01181    0.01144    0.01114    0.01089    0.01068    0.01051    0.01035    0.01022    0.01009    0.00998    0.009874    0.009776    0.009682    0.009592    0.009503    
CE140    1.229e-10    0.02366    5.505    9.88    12.49    14.96    17.37    19.66    23.72    25.37    26.81    28.07    29.16    30.12    30.96    31.71    32.39    33    33.58    34.11    34.62    35.1    35.57    36.02    36.46    36.89    37.31    37.73    38.13    38.53    38.93    39.32    39.7    40.08    40.46    40.83    
CE141    2.017e-08    0.0264    3.57    1.441    1.045    0.9667    0.9116    0.8346    0.6674    0.5434    0.4535    0.3768    0.312    0.2586    0.2154    0.1809    0.1538    0.1327    0.1163    0.1037    0.09408    0.08668    0.081    0.07662    0.07321    0.07053    0.06838    0.06662    0.06517    0.06394    0.06289    0.06196    0.06115    0.06041    0.05973    0.05907    
PR141    2.287e-10    0.01315    3.543    8.133    10.51    12.47    14.28    15.93    18.5    19.46    20.17    20.68    21.03    21.24    21.33    21.34    21.28    21.17    21.02    20.84    20.64    20.42    20.19    19.96    19.72    19.49    19.25    19.01    18.77    18.53    18.3    18.07    17.84    17.61    17.39    17.16    
CE142    2.019e-08    0.03765    6.823    9.357    11.46    13.5    15.45    17.26    20.25    21.42    22.39    23.19    23.85    24.38    24.81    25.17    25.46    25.7    25.91    26.08    26.24    26.37    26.5    26.61    26.71    26.81    26.9    26.98    27.07    27.14    27.22    27.29    27.36    27.43    27.5    27.56    
ND142    5.884e-15    5.003e-05    0.0235    0.1578    0.3494    0.5786    0.8405    1.131    1.777    2.122    2.476    2.833    3.19    3.543    3.89    4.229    4.559    4.879    5.188    5.485    5.771    6.046    6.309    6.56    6.801    7.03    7.249    7.457    7.655    7.843    8.021    8.19    8.35    8.502    8.645    8.779    
CE143    1.487e-08    0.002373    0.2023    0.05653    0.04188    0.03816    0.03521    0.0317    0.02375    0.0201    0.01681    0.01397    0.01159    0.009635    0.008059    0.006806    0.005821    0.005054    0.004461    0.004004    0.003653    0.003383    0.003176    0.003016    0.002891    0.002792    0.002713    0.002649    0.002596    0.002553    0.002516    0.002486    0.00246    0.002437    0.002417    0.002399    
PR143    4.029e-09    0.01464    1.63    0.5006    0.3849    0.359    0.3362    0.3059    0.2286    0.1972    0.1654    0.1378    0.1145    0.09525    0.07971    0.06732    0.05756    0.04994    0.04404    0.03949    0.03599    0.0333    0.03122    0.02962    0.02836    0.02736    0.02656    0.02591    0.02536    0.0249    0.02451    0.02417    0.02387    0.0236    0.02336    0.02313    
ND143    9.504e-11    0.01715    3.764    5.072    4.86    4.625    4.422    4.198    3.621    3.263    2.903    2.555    2.234    1.947    1.698    1.487    1.313    1.172    1.06    0.9731    0.9065    0.8568    0.8206    0.795    0.7776    0.7666    0.7603    0.7575    0.7572    0.7588    0.7616    0.7652    0.7693    0.7736    0.778    0.7823    
CE144    1.612e-08    0.02747    4.755    5.258    5.355    5.396    5.377    5.267    4.934    4.513    4.066    3.614    3.176    2.765    2.39    2.055    1.761    1.508    1.292    1.11    0.9586    0.8331    0.73    0.6457    0.5769    0.5208    0.4753    0.4381    0.4077    0.3828    0.3621    0.3449    0.3303    0.3179    0.3072    0.2978    
ND144    2.462e-11    0.00346    1.189    4.878    8.647    12.3    15.85    19.27    25.44    28.24    30.73    32.92    34.81    36.44    37.82    38.98    39.97    40.79    41.49    42.08    42.59    43.02    43.41    43.75    44.05    44.33    44.59    44.83    45.07    45.29    45.51    45.72    45.92    46.13    46.33    46.53    
ND145    1.152e-08    0.02308    4.122    5.395    6.346    7.224    8.018    8.69    9.595    9.834    9.952    9.97    9.908    9.784    9.615    9.415    9.195    8.963    8.727    8.491    8.259    8.034    7.818    7.611    7.414    7.227    7.05    6.884    6.727    6.58    6.442    6.313    6.191    6.077    5.971    5.871    
ND146    1.073e-08    0.0198    3.625    5.227    6.701    8.215    9.749    11.26    14.07    15.34    16.52    17.62    18.63    19.57    20.45    21.27    22.04    22.76    23.45    24.11    24.73    25.33    25.9    26.46    26.99    27.51    28.01    28.49    28.96    29.42    29.86    30.3    30.72    31.13    31.53    31.93    
ND147    8.598e-09    0.006137    0.6562    0.1985    0.1532    0.1434    0.1351    0.1237    0.09341    0.08207    0.06973    0.05897    0.04989    0.0424    0.03636    0.03157    0.02782    0.02493    0.02273    0.02106    0.01982    0.01891    0.01823    0.01775    0.0174    0.01716    0.01699    0.01688    0.0168    0.01676    0.01675    0.01675    0.01676    0.01679    0.01682    0.01685    
PM147    2.869e-10    0.008734    1.819    2.084    1.869    1.716    1.61    1.51    1.283    1.136    0.9946    0.861    0.7398    0.6333    0.5421    0.4658    0.4032    0.3528    0.3127    0.2813    0.257    0.2383    0.2242    0.2135    0.2056    0.1997    0.1954    0.1923    0.19    0.1884    0.1872    0.1863    0.1858    0.1854    0.1851    0.1849    
SM147    9.349e-14    0.000124    0.04742    0.2141    0.3511    0.4563    0.5388    0.6035    0.6732    0.6939    0.7004    0.695    0.6797    0.6569    0.6286    0.5967    0.5629    0.5283    0.4941    0.4609    0.4293    0.3995    0.3719    0.3465    0.3233    0.3022    0.2832    0.266    0.2507    0.2369    0.2247    0.2137    0.204    0.1954    0.1878    0.181    
ND148    7.38e-09    0.01338    2.421    3.299    4.034    4.752    5.446    6.087    7.151    7.563    7.904    8.18    8.402    8.577    8.715    8.822    8.906    8.97    9.02    9.059    9.088    9.111    9.129    9.142    9.153    9.161    9.166    9.17    9.173    9.174    9.174    9.174    9.172    9.17    9.167    9.163    
PM148    4.384e-13    0.0001729    0.03603    0.04209    0.0378    0.03468    0.03253    0.03051    0.02573    0.02298    0.02012    0.01742    0.01497    0.01282    0.01097    0.009426    0.008159    0.007137    0.006324    0.005688    0.005194    0.004816    0.004529    0.004313    0.004152    0.004033    0.003945    0.003882    0.003835    0.003802    0.003778    0.003761    0.003749    0.003741    0.003735    0.003731    
SM148    2.361e-14    0.0004493    0.1747    0.7789    1.364    1.908    2.425    2.92    3.843    4.247    4.611    4.934    5.218    5.467    5.683    5.871    6.035    6.177    6.302    6.412    6.51    6.597    6.676    6.747    6.813    6.873    6.93    6.982    7.032    7.079    7.124    7.167    7.208    7.248    7.286    7.323    
PM149    4.528e-09    0.001107    0.102    0.0401    0.03233    0.02979    0.02791    0.02579    0.02073    0.01817    0.0157    0.01348    0.01153    0.009881    0.008506    0.007382    0.006478    0.00576    0.005196    0.004757    0.004418    0.004158    0.003958    0.003807    0.003691    0.003602    0.003534    0.003481    0.003439    0.003407    0.00338    0.003359    0.003342    0.003328    0.003316    0.003305    
ND150    4.393e-09    0.007876    1.421    1.938    2.373    2.801    3.216    3.603    4.248    4.503    4.715    4.889    5.031    5.145    5.237    5.311    5.371    5.419    5.459    5.491    5.519    5.542    5.562    5.58    5.595    5.61    5.622    5.634    5.645    5.655    5.665    5.674    5.682    5.69    5.698    5.705    
SM150    2.994e-10    0.009813    1.806    2.724    3.319    3.777    4.132    4.386    4.62    4.588    4.484    4.324    4.124    3.898    3.658    3.416    3.177    2.948    2.732    2.532    2.349    2.183    2.034    1.901    1.783    1.679    1.587    1.507    1.437    1.375    1.322    1.275    1.235    1.199    1.169    1.142    
SM151    7.774e-10    0.001297    0.119    0.05297    0.0509    0.05322    0.05499    0.05554    0.05357    0.05147    0.04883    0.04593    0.0429    0.03987    0.03692    0.0341    0.03147    0.02903    0.02681    0.0248    0.023    0.0214    0.01997    0.01871    0.01761    0.01664    0.01579    0.01505    0.0144    0.01384    0.01335    0.01293    0.01256    0.01223    0.01195    0.01171    
SM152    2.748e-09    0.01013    1.751    2.124    2.299    2.463    2.606    2.704    2.74    2.686    2.594    2.474    2.336    2.189    2.038    1.888    1.744    1.607    1.48    1.363    1.257    1.16    1.074    0.9976    0.9295    0.8693    0.8163    0.7697    0.7289    0.6932    0.6619    0.6345    0.6106    0.5896    0.5713    0.5553    
SM153    1.414e-09    0.0004126    0.04555    0.03218    0.03253    0.0341    0.03549    0.03627    0.03565    0.03462    0.03309    0.03128    0.02931    0.02728    0.02525    0.0233    0.02144    0.0197    0.0181    0.01665    0.01533    0.01415    0.01309    0.01215    0.01133    0.0106    0.009956    0.009393    0.0089    0.008469    0.008092    0.007762    0.007474    0.007222    0.007002    0.006808    
EU153    2.739e-10    0.003368    0.6555    1.103    1.375    1.566    1.709    1.812    1.899    1.89    1.849    1.785    1.702    1.607    1.505    1.401    1.299    1.199    1.105    1.017    0.9363    0.8625    0.7957    0.7358    0.6823    0.6347    0.5926    0.5555    0.5228    0.4941    0.469    0.4469    0.4276    0.4107    0.3959    0.3829    
SM154    1.273e-09    0.002337    0.423    0.5859    0.7261    0.8652    1.001    1.13    1.348    1.436    1.51    1.571    1.62    1.66    1.692    1.717    1.736    1.751    1.762    1.769    1.775    1.778    1.78    1.78    1.779    1.778    1.775    1.772    1.769    1.764    1.76    1.755    1.75    1.745    1.739    1.734    
EU154    9.832e-13    0.00036    0.1058    0.3095    0.4408    0.5271    0.589    0.6343    0.6799    0.6837    0.6751    0.6564    0.6299    0.598    0.5627    0.5256    0.4884    0.4519    0.4169    0.384    0.3535    0.3255    0.3001    0.2771    0.2566    0.2383    0.2221    0.2077    0.1951    0.1839    0.1742    0.1656    0.1581    0.1515    0.1458    0.1407    
GD154    1.381e-16    1.417e-06    0.0007043    0.005557    0.01402    0.02416    0.03493    0.04574    0.06348    0.07265    0.08068    0.08742    0.0928    0.09682    0.09954    0.101    0.1014    0.1009    0.0995    0.09746    0.09487    0.09187    0.08857    0.08507    0.08144    0.07778    0.07412    0.07053    0.06703    0.06366    0.06043    0.05737    0.05447    0.05175    0.0492    0.04682    
EU155    7.642e-10    0.0006586    0.08941    0.1135    0.1567    0.1869    0.2082    0.2233    0.2403    0.2383    0.2349    0.2281    0.2188    0.2077    0.1954    0.1827    0.1698    0.1573    0.1453    0.134    0.1236    0.114    0.1053    0.09744    0.0904    0.08414    0.07858    0.07366    0.06932    0.06551    0.06216    0.05922    0.05664    0.05439    0.05241    0.05067    
EU156    3e-10    0.0008479    0.1206    0.1215    0.1681    0.2023    0.2258    0.2421    0.2611    0.2576    0.2537    0.2463    0.2361    0.224    0.2108    0.197    0.1831    0.1696    0.1566    0.1444    0.1331    0.1228    0.1133    0.1049    0.09725    0.09046    0.08444    0.07912    0.07443    0.07029    0.06666    0.06348    0.06069    0.05824    0.05609    0.0542    
GD156    7.374e-12    0.000902    0.2505    0.7291    1.394    2.25    3.237    4.309    6.912    8.072    9.209    10.31    11.36    12.35    13.27    14.13    14.91    15.62    16.26    16.83    17.35    17.81    18.22    18.58    18.9    19.19    19.44    19.66    19.86    20.03    20.19    20.32    20.44    20.55    20.65    20.73    
GD158    3.291e-10    0.001152    0.2219    0.3608    0.5229    0.7186    0.9398    1.179    1.769    2.035    2.301    2.566    2.829    3.086    3.339    3.586    3.827    4.062    4.291    4.515    4.733    4.946    5.155    5.359    5.56    5.757    5.95    6.141    6.328    6.513    6.695    6.876    7.054    7.23    7.404    7.576    
TB159    3.508e-11    0.0001878    0.03372    0.04656    0.05766    0.06953    0.0822    0.09531    0.1225    0.1359    0.1492    0.1625    0.1757    0.1891    0.2027    0.2167    0.2309    0.2456    0.2606    0.276    0.2919    0.3081    0.3247    0.3416    0.3588    0.3763    0.394    0.412    0.4301    0.4484    0.4669    0.4855    0.5041    0.5229    0.5417    0.5606    
GD160    5.081e-11    9.146e-05    0.01646    0.02253    0.02777    0.03308    0.03838    0.04346    0.05229    0.05589    0.05896    0.06152    0.06364    0.06538    0.0668    0.06796    0.0689    0.06968    0.07033    0.07087    0.07133    0.07173    0.07208    0.07239    0.07267    0.07293    0.07317    0.07339    0.07361    0.07381    0.074    0.07419    0.07436    0.07453    0.0747    0.07485    
DY160    7.369e-17    3.16e-07    0.0001491    0.0009881    0.002247    0.003705    0.005322    0.007088    0.01078    0.01302    0.0153    0.01764    0.02003    0.02247    0.02495    0.02748    0.03006    0.03268    0.03536    0.0381    0.0409    0.04377    0.0467    0.0497    0.05277    0.0559    0.0591    0.06236    0.06568    0.06906    0.07249    0.07597    0.0795    0.08307    0.08668    0.09032    
DY162    1.265e-11    2.74e-05    0.005396    0.009105    0.01097    0.01215    0.01313    0.01405    0.01574    0.01659    0.01739    0.01821    0.01909    0.02005    0.02111    0.02228    0.02357    0.02497    0.02649    0.02812    0.02986    0.03169    0.03362    0.03563    0.03773    0.03989    0.04213    0.04443    0.04679    0.04921    0.05167    0.05418    0.05673    0.05932    0.06194    0.06459    
DY163    5.245e-12    1.118e-05    0.002314    0.005026    0.007986    0.01078    0.01329    0.01554    0.01935    0.02099    0.02251    0.02394    0.02531    0.02667    0.02806    0.02951    0.03107    0.03274    0.03455    0.0365    0.03861    0.04087    0.04329    0.04586    0.04858    0.05144    0.05444    0.05756    0.06081    0.06417    0.06763    0.0712    0.07486    0.0786    0.08242    0.08631    
HO165    9.553e-13    4.093e-06    0.0009216    0.002029    0.003536    0.00555    0.007961    0.01064    0.01658    0.01957    0.02251    0.02543    0.0283    0.03113    0.03393    0.03672    0.03951    0.04234    0.04523    0.0482    0.05129    0.05452    0.05791    0.06148    0.06524    0.06921    0.07339    0.07779    0.08242    0.08727    0.09234    0.09763    0.1031    0.1089    0.1148    0.1209    
ER166    1.246e-14    1.031e-06    0.0002081    0.0004615    0.0008381    0.001412    0.002227    0.003305    0.006385    0.00827    0.01039    0.01273    0.01527    0.01799    0.02087    0.0239    0.02708    0.03038    0.03382    0.03738    0.04108    0.04493    0.04892    0.05308    0.05741    0.06193    0.06665    0.07159    0.07676    0.08216    0.08782    0.09374    0.09993    0.1064    0.1132    0.1202    
