TIME    3   100   220   340   460   580   700   820   940   1060   1180   1300   1420   1540   1660   1780   1900   2020   2140   2260   2380   2500   2620   2740   2860   2980   3100   3220   3340   3460   3580   3700   3820   3940   4060   4180   
NEUT_PROD    0.743   26.3   54.9   77.1   93.8   106   114   119   121   122   120   118   115   111   106   102   96.8   91.9   87   82.2   77.6   73.1   68.8   64.7   60.8   57   53.5   50.2   47.1   44.2   41.5   38.9   36.5   34.3   32.2   30.2   
NEUT_DEST    190   179   166   158   152   146   140   135   131   126   122   117   112   108   103   98.8   94.5   90.2   86.2   82.2   78.5   74.9   71.4   68.2   65.1   62.1   59.4   56.7   54.2   51.9   49.7   47.6   45.6   43.8   42   40.4   
BUd    -0.00153    -4.04    2.65    11.3    18.2    23.3    27.1    29.7    31.4    32.4    32.7    32.5    32    31.2    30.2    29.1    27.9    26.6    25.3    24    22.7    21.4    20.2    19    17.9    16.8    15.8    14.9    13.9    13.1    12.3    11.5    10.8    10.2    9.53    8.95    
HE4    2.772e-05    0.01608    0.06419    0.1359    0.2247    0.3252    0.4335    0.5462    0.6608    0.7754    0.8885    0.9991    1.106    1.209    1.308    1.403    1.492    1.577    1.657    1.733    1.804    1.871    1.934    1.993    2.049    2.1    2.149    2.194    2.237    2.277    2.314    2.349    2.381    2.412    2.44    2.467    
PU238    9.837e-09    1.664e-05    0.0001744    0.00109    0.003859    0.009503    0.01852    0.03076    0.04557    0.06198    0.07896    0.09553    0.1109    0.1246    0.1361    0.1453    0.1522    0.1569    0.1595    0.1602    0.1594    0.1572    0.1538    0.1496    0.1447    0.1393    0.1335    0.1275    0.1213    0.1152    0.1091    0.1031    0.09733    0.0917    0.08629    0.08112    
PU239    0.0002516    0.01429    0.01936    0.01902    0.01727    0.01585    0.01552    0.01656    0.01894    0.02242    0.02667    0.03133    0.03606    0.04056    0.04462    0.0481    0.0509    0.05299    0.0544    0.05516    0.05532    0.05497    0.05417    0.053    0.05154    0.04985    0.04798    0.046    0.04394    0.04184    0.03973    0.03764    0.03559    0.0336    0.03167    0.02981    
PU240    0.0009011    0.8263    2.891    5.384    7.848    10.04    11.86    13.28    14.31    14.99    15.36    15.48    15.4    15.15    14.78    14.31    13.78    13.2    12.59    11.97    11.34    10.72    10.12    9.528    8.961    8.417    7.898    7.404    6.937    6.496    6.08    5.689    5.322    4.977    4.655    4.354    
PU241    3.621e-06    0.09234    0.5712    1.362    2.292    3.219    4.056    4.756    5.306    5.707    5.974    6.122    6.17    6.138    6.04    5.893    5.708    5.495    5.265    5.023    4.775    4.526    4.28    4.038    3.804    3.578    3.361    3.153    2.957    2.77    2.594    2.428    2.272    2.126    1.988    1.859    
PU242    4.176e-07    0.006491    0.08658    0.3288    0.7799    1.443    2.292    3.285    4.378    5.524    6.685    7.827    8.923    9.955    10.91    11.77    12.53    13.2    13.77    14.24    14.63    14.92    15.14    15.27    15.34    15.35    15.3    15.2    15.05    14.86    14.64    14.39    14.11    13.81    13.5    13.16    
PU244    0.002313    0.07041    0.1275    0.1737    0.211    0.241    0.265    0.2842    0.2994    0.3114    0.3207    0.328    0.3334    0.3375    0.3404    0.3424    0.3436    0.3442    0.3443    0.3441    0.3435    0.3426    0.3416    0.3404    0.339    0.3376    0.336    0.3344    0.3327    0.331    0.3293    0.3275    0.3257    0.3238    0.322    0.3201    
AM241    3.525e-08    0.000272    0.00314    0.01033    0.02114    0.03383    0.04673    0.05859    0.06873    0.07683    0.08286    0.08695    0.08933    0.09023    0.08993    0.08865    0.08661    0.08399    0.08095    0.07762    0.07411    0.07051    0.06687    0.06326    0.05971    0.05627    0.05293    0.04974    0.04668    0.04378    0.04102    0.03842    0.03597    0.03366    0.03149    0.02946    
AM243    994    818.9    670.6    549.2    449.7    368.4    301.8    247.3    202.7    166.3    136.5    112.2    92.37    76.19    62.99    52.23    43.47    36.33    30.52    25.8    21.95    18.82    16.27    14.19    12.49    11.11    9.969    9.033    8.26    7.617    7.078    6.624    6.236    5.902    5.611    5.354    
CM242    1.954e-06    0.0001028    0.000948    0.004349    0.01149    0.02227    0.03563    0.05018    0.06462    0.07792    0.08942    0.09878    0.1059    0.1108    0.1138    0.115    0.1148    0.1134    0.1109    0.1078    0.104    0.0999    0.09551    0.09098    0.08638    0.0818    0.07728    0.07287    0.06861    0.0645    0.06057    0.05683    0.05328    0.04991    0.04674    0.04375    
CM244    5.871    174.6    304.9    399.8    466.6    511.1    538.2    551.7    554.7    549.7    538.7    523.3    504.8    484.2    462.3    439.6    416.8    394    371.7    350.1    329.1    309    289.9    271.7    254.4    238.2    222.8    208.4    194.9    182.2    170.3    159.2    148.9    139.2    130.2    121.7    
CM245    0.005149    2.317    4.873    6.779    8.138    9.062    9.644    9.959    10.07    10.02    9.849    9.592    9.272    8.908    8.516    8.108    7.694    7.28    6.873    6.475    6.091    5.721    5.368    5.033    4.714    4.413    4.13    3.863    3.613    3.378    3.158    2.952    2.76    2.58    2.413    2.256    
CM246    2.601e-05    0.4852    2.31    5.236    8.953    13.21    17.81    22.59    27.45    32.28    37.02    41.61    46.03    50.24    54.23    57.99    61.51    64.81    67.87    70.7    73.33    75.74    77.95    79.98    81.82    83.5    85.02    86.39    87.62    88.72    89.7    90.56    91.32    91.98    92.54    93.03    
CM247    1.352e-09    0.0009081    0.008786    0.02955    0.06583    0.1179    0.1847    0.2644    0.3545    0.4528    0.5569    0.6648    0.7745    0.8845    0.9934    1.1    1.204    1.303    1.399    1.49    1.575    1.656    1.732    1.803    1.868    1.929    1.986    2.037    2.084    2.128    2.167    2.202    2.235    2.263    2.289    2.312    
CM248    8.925e-13    2.205e-05    0.0004552    0.002407    0.007428    0.01719    0.0333    0.05716    0.08992    0.1325    0.1854    0.2491    0.3237    0.4091    0.5052    0.6116    0.7279    0.8536    0.988    1.131    1.281    1.438    1.601    1.77    1.944    2.122    2.304    2.49    2.678    2.868    3.061    3.254    3.449    3.644    3.84    4.035    
SE78    1.143e-10    0.001059    0.001655    0.00272    0.004163    0.005925    0.007979    0.0103    0.01285    0.01553    0.01828    0.02102    0.02372    0.02635    0.0289    0.03135    0.03371    0.03596    0.03812    0.04018    0.04215    0.04402    0.0458    0.04749    0.0491    0.05063    0.05208    0.05345    0.05476    0.056    0.05717    0.05829    0.05935    0.06035    0.0613    0.0622    
SE79    2.622e-10    0.002284    0.00351    0.005727    0.008713    0.01233    0.01651    0.02119    0.02626    0.03156    0.03689    0.04213    0.0472    0.05205    0.05666    0.06101    0.0651    0.06894    0.07254    0.0759    0.07902    0.08194    0.08464    0.08716    0.08949    0.09164    0.09364    0.09548    0.09719    0.09876    0.1002    0.1015    0.1028    0.1039    0.1049    0.1059    
SE80    6.313e-10    0.005487    0.008449    0.0138    0.021    0.02973    0.03983    0.05117    0.06349    0.07637    0.0894    0.1023    0.1147    0.1268    0.1382    0.1491    0.1595    0.1692    0.1784    0.1871    0.1953    0.203    0.2102    0.217    0.2233    0.2293    0.2349    0.2402    0.2451    0.2497    0.2541    0.2582    0.2621    0.2657    0.2691    0.2723    
BR81    9.634e-10    0.008389    0.01283    0.02087    0.03167    0.04471    0.05971    0.07646    0.09453    0.1133    0.132    0.1503    0.1678    0.1844    0.2    0.2145    0.228    0.2405    0.252    0.2625    0.2721    0.2809    0.2888    0.296    0.3025    0.3083    0.3135    0.318    0.3221    0.3256    0.3287    0.3313    0.3335    0.3353    0.3368    0.338    
SE82    1.195e-09    0.01035    0.01597    0.02617    0.03997    0.05676    0.07624    0.09815    0.122    0.1469    0.1721    0.197    0.2212    0.2445    0.2667    0.2878    0.3079    0.3268    0.3446    0.3614    0.3772    0.392    0.4059    0.4189    0.4311    0.4425    0.4532    0.4633    0.4726    0.4814    0.4897    0.4974    0.5046    0.5114    0.5178    0.5238    
KR83    1.609e-09    0.01378    0.01764    0.02638    0.03763    0.05002    0.06291    0.07588    0.08824    0.0991    0.1078    0.114    0.1178    0.1196    0.1198    0.1185    0.1162    0.1132    0.1096    0.1056    0.1015    0.09717    0.09286    0.0886    0.08443    0.08038    0.0765    0.07278    0.06924    0.06589    0.06272    0.05973    0.05693    0.0543    0.05184    0.04953    
KR84    2.88e-09    0.02663    0.04494    0.07643    0.1198    0.1742    0.2389    0.3134    0.3962    0.4851    0.5775    0.6714    0.765    0.8572    0.9471    1.034    1.118    1.198    1.274    1.347    1.416    1.481    1.543    1.601    1.656    1.708    1.757    1.803    1.846    1.887    1.926    1.962    1.996    2.029    2.059    2.088    
KR85    6.892e-10    0.006466    0.009863    0.01604    0.02435    0.03438    0.0459    0.05872    0.07247    0.08664    0.1007    0.1143    0.1272    0.1392    0.1503    0.1605    0.1698    0.1783    0.1858    0.1926    0.1986    0.2038    0.2084    0.2124    0.2157    0.2185    0.2208    0.2227    0.2241    0.2251    0.2258    0.2261    0.2261    0.2259    0.2254    0.2246    
RB85    2.432e-09    0.02311    0.03592    0.05903    0.09045    0.1288    0.1735    0.224    0.279    0.3368    0.3956    0.454    0.5111    0.5663    0.6194    0.6703    0.7187    0.7649    0.8087    0.8502    0.8896    0.9269    0.9622    0.9956    1.027    1.057    1.085    1.112    1.137    1.161    1.184    1.205    1.226    1.245    1.263    1.281    
KR86    4.773e-09    0.04126    0.06383    0.105    0.161    0.2294    0.309    0.3986    0.4962    0.5985    0.7022    0.8048    0.9046    1.001    1.093    1.181    1.264    1.342    1.416    1.486    1.552    1.614    1.672    1.727    1.778    1.826    1.87    1.913    1.952    1.989    2.024    2.056    2.087    2.115    2.142    2.168    
RB87    5.833e-09    0.05165    0.07992    0.1314    0.2013    0.2868    0.3862    0.4981    0.6199    0.7475    0.8768    1.005    1.129    1.249    1.363    1.472    1.575    1.673    1.765    1.852    1.933    2.01    2.081    2.149    2.212    2.271    2.326    2.377    2.426    2.471    2.514    2.553    2.59    2.625    2.658    2.689    
SR88    7.977e-09    0.07334    0.1136    0.1865    0.2855    0.4064    0.5469    0.7051    0.8773    1.058    1.24    1.421    1.597    1.766    1.928    2.082    2.229    2.367    2.497    2.62    2.736    2.844    2.946    3.042    3.132    3.216    3.295    3.369    3.438    3.503    3.564    3.622    3.675    3.726    3.773    3.818    
SR89    1.06e-08    0.05962    0.03921    0.05688    0.07755    0.09637    0.1139    0.1305    0.1442    0.1532    0.1567    0.1559    0.1522    0.1467    0.1402    0.1333    0.1263    0.1193    0.1124    0.1058    0.09937    0.09328    0.0875    0.08202    0.07686    0.07199    0.06743    0.06315    0.05914    0.05539    0.05188    0.04861    0.04556    0.04272    0.04007    0.0376    
Y89    1.139e-10    0.03356    0.1046    0.1791    0.2835    0.417    0.5763    0.7587    0.9611    1.178    1.403    1.629    1.852    2.068    2.275    2.472    2.658    2.835    3    3.156    3.302    3.439    3.567    3.686    3.797    3.901    3.997    4.087    4.17    4.248    4.32    4.387    4.449    4.507    4.56    4.61    
SR90    1.343e-08    0.116    0.1781    0.2915    0.445    0.6315    0.8472    1.089    1.35    1.622    1.895    2.162    2.419    2.664    2.894    3.111    3.312    3.499    3.672    3.832    3.979    4.113    4.236    4.347    4.448    4.54    4.622    4.696    4.762    4.821    4.872    4.917    4.956    4.99    5.018    5.042    
ZR90    3.326e-13    0.0002923    0.001535    0.00356    0.006771    0.01151    0.01805    0.02667    0.03757    0.05092    0.0668    0.08519    0.106    0.1293    0.1547    0.1823    0.2119    0.2433    0.2764    0.3112    0.3474    0.3849    0.4237    0.4637    0.5047    0.5466    0.5894    0.6329    0.6772    0.7221    0.7676    0.8135    0.8599    0.9067    0.9538    1.001    
Y91    9.857e-09    0.09346    0.06727    0.09562    0.1305    0.1629    0.1932    0.2216    0.2455    0.2614    0.2684    0.268    0.2624    0.2536    0.2431    0.2317    0.2199    0.2082    0.1967    0.1855    0.1747    0.1644    0.1546    0.1453    0.1366    0.1283    0.1205    0.1132    0.1064    0.1    0.09402    0.08844    0.08322    0.07836    0.07382    0.06959    
ZR91    8.923e-11    0.04483    0.1477    0.2571    0.4093    0.6051    0.8401    1.11    1.412    1.736    2.073    2.414    2.751    3.078    3.393    3.693    3.978    4.248    4.503    4.743    4.968    5.18    5.378    5.563    5.737    5.899    6.051    6.193    6.325    6.448    6.564    6.671    6.772    6.866    6.953    7.035    
ZR92    1.735e-08    0.1708    0.2653    0.4359    0.6678    0.9512    1.281    1.652    2.057    2.481    2.912    3.338    3.753    4.153    4.537    4.902    5.249    5.577    5.888    6.181    6.457    6.717    6.962    7.192    7.408    7.612    7.803    7.983    8.152    8.311    8.461    8.602    8.735    8.86    8.978    9.089    
ZR93    1.557e-08    0.2226    0.3452    0.5655    0.8647    1.229    1.652    2.128    2.643    3.182    3.724    4.259    4.775    5.269    5.738    6.18    6.595    6.984    7.347    7.685    7.998    8.289    8.558    8.806    9.034    9.245    9.438    9.614    9.776    9.923    10.06    10.18    10.29    10.39    10.48    10.56    
ZR94    2.892e-08    0.2521    0.3911    0.6439    0.9879    1.409    1.899    2.453    3.058    3.693    4.339    4.981    5.61    6.219    6.805    7.366    7.902    8.413    8.899    9.361    9.8    10.22    10.61    10.99    11.34    11.68    12    12.3    12.59    12.87    13.13    13.38    13.62    13.85    14.06    14.27    
ZR95    3.258e-08    0.1985    0.1495    0.2117    0.2893    0.3624    0.4308    0.4946    0.5483    0.5845    0.6009    0.6005    0.5884    0.5689    0.5452    0.5195    0.4928    0.4661    0.4397    0.4142    0.3895    0.3659    0.3435    0.3222    0.3021    0.2831    0.2653    0.2486    0.2329    0.2182    0.2045    0.1917    0.1797    0.1686    0.1582    0.1485    
NB95    2.762e-10    0.05368    0.08118    0.1011    0.1388    0.1775    0.213    0.2452    0.2729    0.2934    0.305    0.3081    0.3046    0.2964    0.2856    0.2731    0.2599    0.2464    0.2329    0.2197    0.2069    0.1946    0.1829    0.1717    0.161    0.151    0.1416    0.1327    0.1244    0.1165    0.1092    0.1024    0.09603    0.09007    0.08452    0.07934    
MO95    3.382e-12    0.03242    0.2062    0.4    0.6572    0.9958    1.41    1.89    2.426    3.004    3.606    4.21    4.798    5.359    5.884    6.369    6.813    7.215    7.577    7.9    8.185    8.434    8.65    8.835    8.99    9.118    9.221    9.3    9.358    9.396    9.416    9.42    9.409    9.383    9.346    9.297    
ZR96    3.494e-08    0.302    0.4674    0.7694    1.181    1.683    2.268    2.928    3.646    4.398    5.16    5.914    6.648    7.354    8.03    8.673    9.283    9.859    10.4    10.91    11.39    11.84    12.27    12.66    13.04    13.38    13.71    14.01    14.3    14.57    14.82    15.05    15.27    15.47    15.66    15.84    
MO96    1.041e-11    0.0004737    0.004197    0.0128    0.02742    0.05005    0.08269    0.1271    0.1847    0.2568    0.344    0.4466    0.5642    0.6962    0.8417    0.9996    1.169    1.349    1.537    1.735    1.939    2.149    2.365    2.585    2.809    3.036    3.265    3.496    3.728    3.961    4.193    4.426    4.657    4.888    5.117    5.344    
MO97    1.79e-08    0.3257    0.5087    0.8343    1.278    1.82    2.449    3.158    3.929    4.736    5.551    6.355    7.135    7.884    8.596    9.271    9.908    10.51    11.07    11.59    12.08    12.54    12.97    13.36    13.73    14.07    14.39    14.69    14.96    15.21    15.44    15.66    15.86    16.04    16.21    16.37    
MO98    4.074e-08    0.3523    0.5466    0.9012    1.385    1.978    2.669    3.449    4.301    5.195    6.104    7.007    7.889    8.742    9.562    10.35    11.09    11.8    12.48    13.12    13.72    14.29    14.83    15.34    15.83    16.28    16.71    17.12    17.51    17.87    18.22    18.55    18.86    19.16    19.44    19.71    
MO99    3.554e-08    0.0244    0.008173    0.01369    0.01832    0.02276    0.02751    0.03243    0.0366    0.03913    0.03992    0.03943    0.03817    0.03652    0.03469    0.0328    0.03092    0.02909    0.02733    0.02565    0.02406    0.02256    0.02114    0.01981    0.01856    0.01739    0.0163    0.01528    0.01432    0.01343    0.01261    0.01184    0.01112    0.01045    0.009831    0.009253    
TC99    6.693e-09    0.3532    0.557    0.8959    1.356    1.91    2.544    3.246    3.993    4.755    5.501    6.208    6.862    7.456    7.988    8.458    8.868    9.219    9.515    9.76    9.957    10.11    10.22    10.3    10.34    10.35    10.33    10.29    10.22    10.14    10.04    9.918    9.787    9.645    9.493    9.332    
MO100    4.935e-08    0.4261    0.6593    1.086    1.666    2.376    3.203    4.135    5.149    6.211    7.288    8.353    9.39    10.39    11.34    12.25    13.11    13.92    14.69    15.41    16.09    16.72    17.32    17.88    18.4    18.89    19.35    19.78    20.18    20.55    20.9    21.23    21.53    21.82    22.09    22.34    
RU100    4.079e-12    0.00562    0.02587    0.0576    0.1067    0.1775    0.2735    0.3975    0.5518    0.7375    0.9542    1.201    1.475    1.773    2.094    2.434    2.789    3.159    3.539    3.928    4.323    4.722    5.124    5.526    5.928    6.327    6.723    7.114    7.499    7.878    8.25    8.614    8.969    9.316    9.653    9.981    
RU101    4.238e-08    0.3678    0.567    0.9325    1.431    2.039    2.747    3.541    4.404    5.303    6.211    7.103    7.966    8.791    9.574    10.31    11.01    11.66    12.27    12.84    13.36    13.85    14.31    14.73    15.12    15.48    15.82    16.13    16.41    16.67    16.92    17.14    17.35    17.54    17.71    17.87    
RU102    4.372e-08    0.3791    0.5908    0.978    1.509    2.162    2.926    3.792    4.74    5.739    6.758    7.774    8.772    9.742    10.68    11.58    12.44    13.27    14.06    14.81    15.53    16.21    16.86    17.47    18.06    18.62    19.16    19.66    20.15    20.61    21.05    21.48    21.88    22.27    22.64    23    
RU103    5.023e-08    0.2515    0.1437    0.2191    0.2997    0.3718    0.4399    0.5046    0.5585    0.593    0.6064    0.6032    0.5891    0.5687    0.5448    0.5194    0.4934    0.4675    0.4422    0.4177    0.3942    0.3717    0.3504    0.3303    0.3112    0.2933    0.2765    0.2608    0.246    0.2323    0.2194    0.2074    0.1962    0.1858    0.1761    0.1671    
RH103    6.809e-10    0.1731    0.4245    0.6374    0.9314    1.276    1.644    2.019    2.386    2.724    3.011    3.233    3.387    3.477    3.511    3.499    3.45    3.373    3.275    3.162    3.039    2.91    2.778    2.645    2.514    2.385    2.261    2.14    2.025    1.915    1.811    1.712    1.619    1.531    1.449    1.371    
RU104    4.409e-08    0.3834    0.5966    0.9865    1.521    2.177    2.944    3.809    4.753    5.743    6.747    7.742    8.712    9.646    10.54    11.39    12.2    12.96    13.68    14.36    14.99    15.59    16.15    16.67    17.16    17.61    18.04    18.44    18.81    19.16    19.48    19.78    20.06    20.33    20.57    20.8    
PD104    1.222e-12    0.01418    0.1111    0.2629    0.4883    0.8061    1.226    1.752    2.383    3.114    3.934    4.824    5.766    6.74    7.729    8.719    9.698    10.66    11.59    12.49    13.35    14.18    14.97    15.72    16.43    17.1    17.74    18.34    18.9    19.44    19.94    20.41    20.85    21.27    21.66    22.03    
RH105    2.309e-08    0.008412    0.002842    0.004776    0.00641    0.00798    0.009653    0.01138    0.01285    0.01374    0.01403    0.01387    0.01345    0.01288    0.01226    0.0116    0.01096    0.01032    0.009714    0.009131    0.008577    0.008053    0.007559    0.007094    0.006658    0.00625    0.005868    0.00551    0.005177    0.004866    0.004576    0.004306    0.004055    0.00382    0.003603    0.0034    
PD105    9.269e-09    0.2328    0.3657    0.5964    0.9113    1.295    1.739    2.236    2.772    3.326    3.88    4.417    4.929    5.409    5.856    6.268    6.646    6.989    7.3    7.58    7.83    8.051    8.247    8.417    8.564    8.69    8.796    8.884    8.954    9.009    9.05    9.077    9.092    9.096    9.091    9.076    
RU106    3.243e-08    0.2606    0.3494    0.5394    0.7889    1.072    1.374    1.684    1.986    2.26    2.49    2.668    2.794    2.871    2.907    2.906    2.877    2.823    2.752    2.666    2.57    2.467    2.359    2.25    2.139    2.03    1.922    1.817    1.715    1.617    1.523    1.434    1.349    1.268    1.192    1.12    
PD106    4.363e-09    0.1296    0.2637    0.4828    0.7979    1.215    1.737    2.366    3.096    3.916    4.809    5.759    6.748    7.762    8.789    9.819    10.84    11.85    12.84    13.81    14.76    15.67    16.56    17.42    18.24    19.04    19.81    20.54    21.25    21.93    22.58    23.2    23.81    24.38    24.94    25.47    
PD107    2.444e-08    0.2098    0.3238    0.5361    0.8282    1.187    1.606    2.075    2.584    3.112    3.643    4.161    4.658    5.129    5.57    5.982    6.362    6.712    7.033    7.324    7.588    7.826    8.039    8.228    8.396    8.543    8.671    8.78    8.874    8.951    9.015    9.065    9.104    9.131    9.148    9.155    
PD108    1.723e-08    0.1474    0.2296    0.3827    0.5945    0.8568    1.164    1.512    1.891    2.288    2.691    3.089    3.475    3.846    4.199    4.533    4.847    5.141    5.416    5.67    5.907    6.125    6.325    6.509    6.677    6.83    6.969    7.095    7.208    7.309    7.399    7.479    7.549    7.609    7.661    7.706    
AG109    5.829e-09    0.08973    0.1273    0.2012    0.3003    0.4169    0.5461    0.6842    0.8255    0.9626    1.089    1.201    1.297    1.378    1.444    1.497    1.538    1.57    1.592    1.608    1.618    1.622    1.622    1.619    1.613    1.605    1.595    1.583    1.57    1.557    1.543    1.529    1.514    1.5    1.485    1.47    
PD110    4.941e-09    0.0422    0.06604    0.1105    0.1722    0.249    0.3394    0.442    0.5543    0.6724    0.7927    0.9124    1.03    1.143    1.252    1.356    1.454    1.548    1.637    1.72    1.799    1.873    1.942    2.007    2.068    2.125    2.178    2.228    2.275    2.319    2.36    2.398    2.433    2.467    2.498    2.527    
AG110M    3.392e-13    0.0002482    0.0009005    0.001693    0.002777    0.004175    0.005857    0.00778    0.009888    0.01211    0.01434    0.0165    0.01852    0.02034    0.02194    0.02332    0.02447    0.02541    0.02617    0.02676    0.0272    0.02752    0.02773    0.02784    0.02788    0.02785    0.02777    0.02765    0.02749    0.02731    0.02711    0.02689    0.02666    0.02642    0.02617    0.02592    
CD110    7.726e-12    0.00649    0.02781    0.06011    0.1093    0.179    0.2719    0.3896    0.5328    0.7011    0.8928    1.105    1.335    1.578    1.832    2.094    2.361    2.631    2.902    3.172    3.44    3.705    3.966    4.222    4.473    4.718    4.958    5.191    5.417    5.637    5.851    6.058    6.259    6.453    6.641    6.823    
CD111    1.519e-10    0.01747    0.03045    0.05    0.07784    0.113    0.1551    0.2038    0.2582    0.317    0.3787    0.442    0.5062    0.5709    0.636    0.7012    0.7666    0.8322    0.8979    0.9638    1.03    1.096    1.163    1.229    1.296    1.363    1.43    1.497    1.565    1.632    1.699    1.767    1.834    1.901    1.969    2.036    
CD112    3.754e-10    0.00796    0.01342    0.02312    0.03696    0.05476    0.0765    0.1021    0.1314    0.1637    0.1985    0.2353    0.2738    0.3137    0.3549    0.3974    0.4411    0.486    0.5321    0.5794    0.6279    0.6777    0.7288    0.7812    0.835    0.8903    0.947    1.005    1.065    1.126    1.189    1.254    1.32    1.388    1.458    1.529    
CD114    5.656e-10    0.009053    0.01442    0.02405    0.03746    0.05416    0.07385    0.09625    0.1208    0.1468    0.1733    0.1998    0.2258    0.2512    0.2756    0.2992    0.3217    0.3433    0.3639    0.3836    0.4023    0.4203    0.4374    0.4537    0.4693    0.4843    0.4987    0.5126    0.5259    0.5388    0.5513    0.5635    0.5754    0.587    0.5983    0.6095    
CD116    2.978e-10    0.002574    0.00399    0.006578    0.01011    0.01443    0.01947    0.02516    0.03135    0.03784    0.04442    0.05093    0.05728    0.06339    0.06924    0.0748    0.08008    0.08507    0.08978    0.09422    0.09839    0.1023    0.106    0.1094    0.1126    0.1157    0.1185    0.1211    0.1236    0.1259    0.1281    0.1301    0.132    0.1338    0.1355    0.1371    
SN116    2.667e-13    0.0005707    0.002162    0.004126    0.006869    0.0105    0.01501    0.02035    0.02646    0.03321    0.04042    0.04789    0.05545    0.06297    0.07034    0.0775    0.08442    0.09107    0.09744    0.1035    0.1093    0.1149    0.1201    0.1252    0.1299    0.1345    0.1388    0.1429    0.1468    0.1506    0.1541    0.1575    0.1608    0.1639    0.1669    0.1698    
SN117    2.716e-10    0.002586    0.004002    0.006568    0.01006    0.01431    0.01926    0.02482    0.03087    0.03719    0.04358    0.04989    0.056    0.06188    0.06747    0.07278    0.07778    0.0825    0.08692    0.09106    0.09494    0.09856    0.1019    0.1051    0.108    0.1107    0.1133    0.1156    0.1178    0.1198    0.1217    0.1234    0.125    0.1265    0.1279    0.1291    
SN118    2.948e-10    0.002594    0.004024    0.006626    0.01017    0.01451    0.01956    0.02527    0.03149    0.03803    0.04468    0.05128    0.05773    0.06398    0.06998    0.07572    0.0812    0.08641    0.09135    0.09605    0.1005    0.1047    0.1087    0.1125    0.116    0.1194    0.1226    0.1257    0.1285    0.1313    0.1339    0.1363    0.1387    0.1409    0.143    0.145    
SN119    3.037e-10    0.002644    0.004093    0.006727    0.01031    0.01468    0.01976    0.02548    0.0317    0.03821    0.04479    0.05129    0.0576    0.06366    0.06945    0.07493    0.0801    0.08498    0.08956    0.09384    0.09786    0.1016    0.1051    0.1083    0.1114    0.1142    0.1168    0.1192    0.1215    0.1236    0.1255    0.1273    0.1289    0.1305    0.1319    0.1332    
SN120    3.129e-10    0.00271    0.004198    0.006906    0.01059    0.01509    0.02033    0.02624    0.03269    0.03945    0.04632    0.05314    0.05979    0.06623    0.0724    0.07831    0.08394    0.08928    0.09435    0.09916    0.1037    0.108    0.1121    0.1159    0.1196    0.123    0.1262    0.1293    0.1322    0.135    0.1376    0.1401    0.1424    0.1447    0.1468    0.1488    
SB121    1.136e-10    0.002798    0.004343    0.007057    0.01073    0.01517    0.02028    0.02599    0.03213    0.03849    0.04481    0.05095    0.05678    0.06225    0.06734    0.07203    0.07631    0.08022    0.08375    0.08692    0.08975    0.09225    0.09446    0.09638    0.09804    0.09945    0.1006    0.1016    0.1024    0.103    0.1034    0.1037    0.1038    0.1038    0.1037    0.1035    
SN122    3.465e-10    0.003    0.004633    0.007603    0.01163    0.01654    0.02224    0.02866    0.03564    0.04295    0.05035    0.05767    0.06478    0.07163    0.07818    0.08441    0.09031    0.09589    0.1011    0.1061    0.1108    0.1151    0.1192    0.1231    0.1267    0.1301    0.1333    0.1362    0.139    0.1416    0.1441    0.1464    0.1485    0.1505    0.1524    0.1542    
SB123    3.104e-10    0.002847    0.004701    0.007829    0.01207    0.01727    0.02334    0.03018    0.03763    0.04543    0.05334    0.06112    0.06865    0.07582    0.08258    0.08891    0.09479    0.1002    0.1052    0.1098    0.114    0.1178    0.1212    0.1243    0.1271    0.1296    0.1317    0.1337    0.1353    0.1368    0.138    0.139    0.1399    0.1406    0.1411    0.1415    
SN124    5.155e-10    0.004467    0.006885    0.01127    0.01721    0.02443    0.0328    0.0422    0.05242    0.0631    0.0739    0.08455    0.09489    0.1048    0.1143    0.1233    0.1318    0.1398    0.1473    0.1544    0.1611    0.1673    0.1731    0.1785    0.1836    0.1883    0.1928    0.1969    0.2007    0.2043    0.2077    0.2108    0.2137    0.2164    0.219    0.2213    
SB125    7.111e-10    0.009317    0.01441    0.02252    0.03329    0.04592    0.05998    0.07514    0.09089    0.1064    0.1211    0.1342    0.1456    0.1553    0.1631    0.1693    0.174    0.1772    0.1792    0.1801    0.1799    0.1789    0.1772    0.1748    0.1718    0.1684    0.1646    0.1605    0.1562    0.1516    0.147    0.1422    0.1374    0.1326    0.1278    0.1231    
TE125    2.992e-13    0.0001936    0.001071    0.002457    0.004578    0.007615    0.0117    0.01694    0.0234    0.03112    0.04006    0.05013    0.0612    0.07313    0.08578    0.09901    0.1127    0.1266    0.1408    0.1551    0.1694    0.1836    0.1977    0.2116    0.2253    0.2387    0.2517    0.2644    0.2768    0.2888    0.3003    0.3115    0.3223    0.3326    0.3426    0.3521    
SN126    1.775e-09    0.01541    0.02373    0.03878    0.05908    0.08372    0.1122    0.1443    0.179    0.2154    0.2521    0.2883    0.3235    0.3572    0.3894    0.42    0.4489    0.4761    0.5018    0.5259    0.5485    0.5698    0.5896    0.6082    0.6256    0.6419    0.6571    0.6713    0.6846    0.697    0.7086    0.7195    0.7296    0.7391    0.7479    0.7562    
TE126    2.465e-11    0.0004089    0.0007428    0.001238    0.001923    0.002778    0.003795    0.004972    0.006295    0.007737    0.009268    0.01086    0.01249    0.01415    0.01583    0.01753    0.01924    0.02096    0.02269    0.02442    0.02615    0.02789    0.02962    0.03136    0.03311    0.03485    0.03659    0.03833    0.04007    0.04181    0.04354    0.04528    0.04701    0.04875    0.05048    0.05221    
TE127M    7.931e-11    0.004135    0.004206    0.005715    0.007749    0.009809    0.01179    0.01366    0.0153    0.01652    0.01722    0.01743    0.01726    0.01683    0.01622    0.01551    0.01476    0.01398    0.01321    0.01246    0.01172    0.01102    0.01035    0.009717    0.009116    0.008549    0.008015    0.007514    0.007045    0.006605    0.006195    0.005811    0.005453    0.005119    0.004808    0.004518    
I127    2.651e-10    0.03259    0.05567    0.0905    0.1377    0.1952    0.262    0.3369    0.4183    0.5032    0.5887    0.6722    0.7522    0.8277    0.8983    0.9636    1.024    1.079    1.129    1.174    1.215    1.251    1.284    1.312    1.338    1.359    1.378    1.394    1.407    1.418    1.426    1.433    1.437    1.44    1.441    1.441    
TE128    7.207e-09    0.0664    0.1025    0.1676    0.2556    0.3624    0.4861    0.6251    0.7762    0.9342    1.094    1.252    1.405    1.552    1.693    1.827    1.953    2.073    2.186    2.292    2.391    2.485    2.573    2.655    2.732    2.805    2.872    2.936    2.995    3.051    3.103    3.152    3.198    3.241    3.281    3.319    
XE128    9.852e-13    0.0001921    0.0009131    0.002073    0.00388    0.006502    0.01008    0.01474    0.0206    0.02771    0.03612    0.04579    0.05668    0.06872    0.08183    0.09592    0.1109    0.1267    0.1432    0.1604    0.1781    0.1963    0.215    0.234    0.2533    0.2729    0.2927    0.3126    0.3326    0.3528    0.3729    0.393    0.4132    0.4332    0.4532    0.473    
TE129M    1.809e-09    0.009112    0.004727    0.007335    0.009918    0.01218    0.01433    0.0164    0.01812    0.01918    0.01952    0.01932    0.01876    0.01802    0.01717    0.01628    0.01539    0.01451    0.01365    0.01283    0.01204    0.01129    0.01059    0.009918    0.00929    0.0087    0.008148    0.00763    0.007146    0.006694    0.006272    0.005879    0.005512    0.00517    0.004852    0.004556    
I129    1.044e-08    0.1068    0.1679    0.269    0.4044    0.5657    0.7479    0.947    1.157    1.367    1.571    1.76    1.931    2.082    2.214    2.326    2.42    2.496    2.556    2.601    2.632    2.651    2.658    2.656    2.645    2.626    2.6    2.568    2.53    2.488    2.443    2.394    2.342    2.288    2.233    2.177    
TE130    2.273e-08    0.1977    0.3053    0.501    0.7665    1.09    1.466    1.889    2.349    2.83    3.318    3.799    4.267    4.717    5.147    5.556    5.943    6.309    6.653    6.977    7.281    7.567    7.834    8.085    8.32    8.54    8.745    8.937    9.117    9.285    9.442    9.589    9.726    9.855    9.975    10.09    
XE130    3.254e-11    0.002667    0.01092    0.02396    0.04394    0.07244    0.1107    0.1596    0.2198    0.2917    0.3748    0.4684    0.5716    0.6832    0.8018    0.9264    1.056    1.189    1.325    1.462    1.601    1.739    1.878    2.015    2.15    2.284    2.414    2.542    2.667    2.789    2.907    3.021    3.131    3.238    3.34    3.438    
I131    2.851e-08    0.05833    0.01939    0.03236    0.04317    0.05351    0.06461    0.07616    0.08595    0.09186    0.09365    0.09241    0.08937    0.0854    0.08102    0.07652    0.07206    0.06772    0.06356    0.0596    0.05584    0.0523    0.04896    0.04583    0.0429    0.04015    0.03759    0.03519    0.03296    0.03087    0.02894    0.02713    0.02545    0.02388    0.02243    0.02108    
XE131    1.901e-09    0.2594    0.4113    0.6197    0.8994    1.223    1.576    1.948    2.324    2.681    2.998    3.261    3.467    3.617    3.715    3.768    3.782    3.762    3.716    3.647    3.561    3.462    3.352    3.236    3.115    2.991    2.866    2.742    2.62    2.5    2.383    2.27    2.162    2.058    1.959    1.864    
TE132    4.092e-08    0.03243    0.01089    0.01824    0.02436    0.03021    0.03645    0.04293    0.0484    0.0517    0.0527    0.052    0.05029    0.04806    0.04559    0.04306    0.04054    0.03809    0.03574    0.0335    0.03138    0.02937    0.02748    0.0257    0.02404    0.02248    0.02102    0.01966    0.01839    0.01721    0.01611    0.01508    0.01413    0.01324    0.01241    0.01164    
XE132    8.024e-09    0.4281    0.7489    1.262    1.975    2.871    3.943    5.183    6.574    8.077    9.655    11.27    12.9    14.51    16.1    17.66    19.17    20.63    22.04    23.39    24.68    25.91    27.08    28.2    29.26    30.26    31.21    32.11    32.95    33.75    34.51    35.22    35.89    36.52    37.12    37.68    
I133    3.823e-08    0.01171    0.003915    0.006555    0.008765    0.01088    0.01315    0.01549    0.01748    0.01868    0.01905    0.0188    0.01819    0.01739    0.0165    0.01558    0.01468    0.01379    0.01294    0.01213    0.01136    0.01064    0.009953    0.00931    0.008708    0.008144    0.007616    0.007123    0.006664    0.006235    0.005836    0.005464    0.005118    0.004795    0.004495    0.004216    
XE133    2.379e-08    0.0699    0.0234    0.03917    0.05239    0.06506    0.07862    0.09269    0.1046    0.1119    0.1141    0.1127    0.1092    0.1045    0.09927    0.0939    0.08856    0.08337    0.07838    0.07362    0.06911    0.06484    0.06083    0.05706    0.05352    0.05021    0.04712    0.04423    0.04154    0.03902    0.03668    0.03451    0.03248    0.03059    0.02884    0.0272    
CS133    2.104e-09    0.5094    0.8368    1.322    1.98    2.771    3.669    4.656    5.7    6.754    7.771    8.716    9.571    10.32    10.98    11.53    11.98    12.35    12.64    12.84    12.98    13.06    13.08    13.05    12.98    12.86    12.71    12.54    12.34    12.11    11.87    11.62    11.35    11.07    10.79    10.5    
XE134    6.873e-08    0.6171    0.9578    1.582    2.435    3.483    4.705    6.085    7.588    9.165    10.76    12.35    13.89    15.38    16.81    18.16    19.45    20.67    21.82    22.9    23.91    24.87    25.76    26.6    27.39    28.13    28.81    29.46    30.06    30.63    31.15    31.65    32.11    32.54    32.95    33.33    
CS134    4.83e-12    0.01083    0.04602    0.09112    0.1536    0.2358    0.3376    0.4578    0.5944    0.7441    0.902    1.062    1.22    1.371    1.512    1.64    1.754    1.855    1.94    2.012    2.07    2.115    2.149    2.171    2.183    2.187    2.182    2.17    2.151    2.127    2.098    2.065    2.028    1.988    1.946    1.902    
BA134    4.297e-15    0.0002684    0.003046    0.01003    0.02269    0.04302    0.07314    0.1151    0.1708    0.2418    0.3292    0.4337    0.5551    0.6929    0.8461    1.013    1.193    1.384    1.585    1.793    2.008    2.227    2.45    2.674    2.9    3.126    3.351    3.573    3.794    4.011    4.224    4.432    4.636    4.835    5.029    5.217    
CS135    2.75e-09    0.02748    0.05292    0.0981    0.1674    0.2638    0.3913    0.5539    0.7542    0.9934    1.271    1.587    1.938    2.323    2.738    3.179    3.643    4.125    4.621    5.128    5.642    6.158    6.675    7.189    7.697    8.198    8.689    9.168    9.634    10.09    10.52    10.94    11.35    11.73    12.1    12.45    
XE136    1.257e-07    1.154    1.789    2.952    4.542    6.491    8.763    11.33    14.12    17.05    20.03    22.97    25.84    28.61    31.26    33.78    36.17    38.44    40.57    42.59    44.48    46.26    47.94    49.51    50.98    52.36    53.65    54.86    55.99    57.05    58.05    58.98    59.85    60.67    61.44    62.16    
BA136    4.356e-11    0.006613    0.01355    0.02262    0.03559    0.05219    0.07254    0.09692    0.1255    0.1583    0.1953    0.2364    0.2819    0.3321    0.3873    0.448    0.5145    0.5872    0.6663    0.7521    0.8447    0.9444    1.051    1.165    1.286    1.414    1.549    1.691    1.839    1.994    2.156    2.324    2.497    2.677    2.862    3.052    
CS137    6.383e-08    0.55    0.8481    1.395    2.139    3.049    4.105    5.292    6.579    7.921    9.273    10.6    11.88    13.11    14.27    15.36    16.38    17.34    18.23    19.05    19.81    20.51    21.15    21.74    22.28    22.77    23.22    23.63    23.99    24.32    24.62    24.89    25.12    25.33    25.51    25.67    
BA137    3.26e-11    0.001521    0.006744    0.01513    0.02834    0.04769    0.07429    0.1091    0.153    0.2064    0.2697    0.3427    0.425    0.5163    0.6161    0.7237    0.8385    0.9602    1.088    1.221    1.36    1.503    1.65    1.801    1.955    2.113    2.272    2.434    2.598    2.763    2.93    3.097    3.266    3.435    3.604    3.774    
BA138    5.587e-08    0.4881    0.7575    1.251    1.927    2.757    3.726    4.82    6.012    7.264    8.533    9.792    11.02    12.2    13.34    14.42    15.44    16.42    17.34    18.2    19.02    19.79    20.51    21.19    21.83    22.43    22.99    23.52    24.02    24.49    24.93    25.34    25.73    26.1    26.45    26.77    
LA139    5.399e-08    0.4773    0.7348    1.208    1.853    2.64    3.553    4.576    5.684    6.835    7.99    9.12    10.21    11.24    12.2    13.11    13.95    14.72    15.44    16.09    16.69    17.23    17.72    18.16    18.56    18.91    19.22    19.49    19.73    19.94    20.11    20.26    20.38    20.48    20.55    20.6    
BA140    5.266e-08    0.1283    0.04869    0.08365    0.1127    0.1393    0.1662    0.193    0.2153    0.2289    0.2333    0.2307    0.2239    0.2148    0.2046    0.1938    0.1831    0.1725    0.1622    0.1524    0.143    0.134    0.1256    0.1176    0.1101    0.103    0.09644    0.09026    0.08448    0.07908    0.07405    0.06935    0.06497    0.06089    0.0571    0.05356    
LA140    1.95e-09    0.01704    0.006637    0.01138    0.0154    0.01914    0.02296    0.02681    0.0301    0.03225    0.03318    0.03319    0.03263    0.03175    0.0307    0.02958    0.02842    0.02727    0.02614    0.02505    0.02399    0.02299    0.02203    0.02111    0.02025    0.01943    0.01866    0.01793    0.01725    0.0166    0.01599    0.01542    0.01488    0.01438    0.0139    0.01345    
CE140    5.395e-10    0.3488    0.7139    1.176    1.832    2.65    3.616    4.717    5.934    7.233    8.573    9.924    11.26    12.57    13.84    15.07    16.26    17.4    18.49    19.54    20.55    21.51    22.44    23.32    24.17    24.98    25.76    26.51    27.22    27.91    28.58    29.21    29.82    30.41    30.98    31.53    
CE141    4.844e-08    0.2391    0.1226    0.194    0.2645    0.327    0.3866    0.4438    0.4912    0.5208    0.5314    0.5272    0.5137    0.4947    0.4729    0.4499    0.4264    0.4032    0.3805    0.3586    0.3377    0.3176    0.2987    0.2807    0.2638    0.2479    0.2329    0.219    0.2059    0.1936    0.1822    0.1716    0.1616    0.1524    0.1438    0.1358    
PR141    8.086e-10    0.2194    0.578    0.9502    1.481    2.147    2.927    3.807    4.768    5.78    6.806    7.815    8.784    9.699    10.55    11.34    12.07    12.73    13.33    13.87    14.35    14.78    15.15    15.48    15.77    16.01    16.22    16.38    16.52    16.62    16.7    16.75    16.78    16.78    16.77    16.74    
CE142    4.878e-08    0.4393    0.6837    1.127    1.731    2.471    3.333    4.304    5.361    6.469    7.591    8.701    9.781    10.82    11.81    12.75    13.65    14.49    15.28    16.03    16.73    17.38    17.99    18.56    19.1    19.6    20.06    20.49    20.9    21.27    21.62    21.95    22.25    22.54    22.8    23.04    
ND142    3.412e-14    0.0013    0.01038    0.02582    0.0503    0.08661    0.137    0.2032    0.2868    0.3886    0.5088    0.647    0.8019    0.9722    1.156    1.352    1.559    1.775    1.998    2.227    2.46    2.697    2.936    3.176    3.417    3.656    3.894    4.13    4.363    4.592    4.818    5.039    5.255    5.466    5.671    5.871    
CE143    3.229e-08    0.01316    0.004413    0.007389    0.009888    0.01229    0.01485    0.01752    0.01978    0.02116    0.0216    0.02136    0.0207    0.01982    0.01885    0.01785    0.01685    0.01588    0.01495    0.01406    0.01322    0.01242    0.01166    0.01096    0.01029    0.009673    0.009092    0.00855    0.008044    0.007572    0.007133    0.006724    0.006342    0.005988    0.005657    0.00535    
PR143    1.318e-08    0.1096    0.04189    0.07181    0.0967    0.1195    0.1425    0.1655    0.1848    0.1965    0.2005    0.1985    0.193    0.1854    0.1769    0.168    0.159    0.1502    0.1417    0.1335    0.1257    0.1182    0.1112    0.1045    0.0983    0.09244    0.08694    0.0818    0.07699    0.0725    0.06831    0.06441    0.06076    0.05737    0.05421    0.05127    
ND143    4.36e-10    0.2417    0.3792    0.5375    0.7581    0.9995    1.244    1.483    1.704    1.893    2.035    2.126    2.171    2.178    2.156    2.112    2.054    1.987    1.915    1.841    1.766    1.692    1.621    1.553    1.488    1.426    1.369    1.315    1.265    1.218    1.175    1.135    1.099    1.065    1.035    1.006    
CE144    3.899e-08    0.3086    0.3947    0.595    0.8545    1.142    1.441    1.741    2.025    2.274    2.471    2.61    2.694    2.73    2.726    2.69    2.63    2.551    2.459    2.358    2.252    2.143    2.034    1.925    1.818    1.715    1.615    1.52    1.428    1.342    1.26    1.182    1.109    1.041    0.9762    0.9158    
ND144    8.893e-11    0.06999    0.3306    0.6824    1.19    1.88    2.761    3.832    5.085    6.5    8.047    9.687    11.38    13.1    14.8    16.48    18.11    19.68    21.19    22.63    23.99    25.29    26.51    27.67    28.76    29.78    30.74    31.64    32.49    33.28    34.03    34.73    35.39    36    36.58    37.13    
ND145    2.786e-08    0.266    0.3964    0.6392    0.9659    1.357    1.801    2.288    2.802    3.321    3.824    4.295    4.726    5.114    5.458    5.759    6.019    6.24    6.424    6.576    6.697    6.79    6.859    6.905    6.931    6.939    6.932    6.911    6.879    6.835    6.784    6.724    6.659    6.588    6.514    6.436    
ND146    2.596e-08    0.2329    0.38    0.6437    1.011    1.473    2.026    2.668    3.388    4.169    4.992    5.841    6.704    7.574    8.445    9.311    10.17    11.02    11.85    12.67    13.48    14.26    15.03    15.79    16.52    17.23    17.93    18.61    19.27    19.91    20.53    21.14    21.73    22.3    22.86    23.4    
ND147    2.049e-08    0.04405    0.01646    0.02825    0.03809    0.0472    0.05651    0.06587    0.07376    0.07867    0.08044    0.07985    0.07782    0.075    0.0718    0.06846    0.06509    0.06179    0.05859    0.05552    0.05261    0.04985    0.04724    0.04479    0.0425    0.04036    0.03836    0.0365    0.03476    0.03315    0.03166    0.03027    0.02899    0.0278    0.02671    0.02569    
PM147    1.008e-09    0.1178    0.1589    0.2229    0.3117    0.406    0.4989    0.5877    0.6675    0.732    0.7765    0.8007    0.8073    0.8004    0.7838    0.7607    0.7334    0.7038    0.6731    0.6421    0.6115    0.5816    0.5529    0.5253    0.4991    0.4742    0.4508    0.4288    0.4082    0.3889    0.3708    0.3541    0.3384    0.3239    0.3104    0.298    
SM147    4.521e-13    0.002761    0.01454    0.02803    0.04626    0.06986    0.09829    0.1308    0.1663    0.2036    0.2412    0.2772    0.3103    0.3397    0.3647    0.3851    0.4012    0.4131    0.4212    0.4258    0.4274    0.4263    0.423    0.4177    0.4109    0.4028    0.3937    0.3837    0.3732    0.3623    0.3511    0.3399    0.3286    0.3173    0.3063    0.2955    
ND148    1.787e-08    0.1559    0.2415    0.3986    0.6133    0.8766    1.183    1.529    1.904    2.297    2.694    3.085    3.465    3.829    4.176    4.504    4.813    5.103    5.374    5.628    5.863    6.083    6.286    6.474    6.648    6.809    6.957    7.093    7.218    7.332    7.437    7.533    7.62    7.7    7.772    7.837    
PM148    2.057e-12    0.002332    0.0032    0.004475    0.006258    0.00816    0.01004    0.01183    0.01344    0.01475    0.01566    0.01615    0.01629    0.01616    0.01583    0.01536    0.01481    0.01421    0.01359    0.01297    0.01235    0.01175    0.01117    0.01061    0.01008    0.00958    0.009107    0.008662    0.008245    0.007855    0.007491    0.007151    0.006836    0.006542    0.00627    0.006017    
SM148    1.456e-13    0.01013    0.05274    0.1077    0.1862    0.2925    0.4276    0.5909    0.781    0.9949    1.228    1.474    1.727    1.983    2.238    2.489    2.733    2.971    3.2    3.42    3.63    3.831    4.023    4.205    4.378    4.542    4.698    4.845    4.984    5.116    5.24    5.357    5.468    5.573    5.671    5.765    
PM149    1.018e-08    0.006628    0.003109    0.004907    0.006684    0.008463    0.01031    0.01217    0.01379    0.01491    0.01547    0.01558    0.01538    0.01498    0.01447    0.0139    0.01329    0.01268    0.01207    0.01148    0.0109    0.01035    0.009831    0.009336    0.008868    0.008427    0.008014    0.007626    0.007263    0.006924    0.006607    0.006312    0.006036    0.00578    0.005542    0.00532    
ND150    1.065e-08    0.09154    0.1419    0.2345    0.3614    0.5172    0.6989    0.904    1.127    1.361    1.598    1.832    2.06    2.279    2.488    2.687    2.874    3.051    3.217    3.373    3.519    3.655    3.782    3.9    4.01    4.112    4.207    4.295    4.377    4.452    4.522    4.587    4.647    4.702    4.753    4.799    
SM150    1.226e-09    0.1157    0.1974    0.3206    0.4852    0.6824    0.9049    1.146    1.396    1.643    1.874    2.08    2.256    2.401    2.513    2.596    2.652    2.684    2.695    2.688    2.666    2.632    2.587    2.535    2.476    2.413    2.346    2.278    2.209    2.139    2.07    2.001    1.935    1.87    1.807    1.746    
SM151    2.465e-09    0.007729    0.004012    0.006645    0.009407    0.01241    0.01571    0.01923    0.02262    0.02552    0.02781    0.02952    0.03075    0.03159    0.0321    0.03233    0.03233    0.03212    0.03175    0.03123    0.03061    0.02991    0.02913    0.02831    0.02746    0.02659    0.02571    0.02483    0.02396    0.0231    0.02227    0.02146    0.02068    0.01992    0.0192    0.01851    
SM152    6.796e-09    0.1134    0.1572    0.2416    0.3547    0.4857    0.6289    0.7804    0.9335    1.079    1.21    1.321    1.412    1.482    1.533    1.568    1.587    1.594    1.589    1.575    1.553    1.524    1.49    1.453    1.412    1.37    1.325    1.281    1.236    1.191    1.146    1.103    1.061    1.02    0.9805    0.9426    
SM153    3.177e-09    0.002958    0.002417    0.003795    0.005462    0.007327    0.009357    0.01149    0.0136    0.0155    0.01711    0.0184    0.0194    0.02012    0.02061    0.02089    0.02099    0.02094    0.02076    0.02048    0.0201    0.01966    0.01916    0.01862    0.01805    0.01746    0.01686    0.01625    0.01565    0.01506    0.01447    0.0139    0.01335    0.01282    0.0123    0.01181    
EU153    9.243e-10    0.04173    0.07942    0.13    0.1971    0.278    0.3694    0.4686    0.5717    0.6737    0.7695    0.8552    0.9283    0.988    1.035    1.068    1.091    1.103    1.107    1.103    1.092    1.076    1.056    1.032    1.005    0.9764    0.9463    0.9151    0.8835    0.8517    0.8202    0.789    0.7585    0.7287    0.6999    0.6721    
SM154    3.093e-09    0.02723    0.04287    0.0714    0.1107    0.1593    0.2163    0.2809    0.3516    0.4261    0.502    0.5774    0.6511    0.7223    0.7904    0.8553    0.9166    0.9744    1.029    1.079    1.126    1.17    1.211    1.248    1.283    1.314    1.343    1.369    1.393    1.415    1.434    1.452    1.467    1.481    1.493    1.504    
EU154    4.265e-12    0.00642    0.02156    0.03772    0.05904    0.08565    0.1165    0.1507    0.1869    0.2238    0.2594    0.2922    0.3209    0.345    0.3643    0.379    0.3893    0.3958    0.3988    0.3988    0.3962    0.3915    0.3849    0.377    0.3679    0.3579    0.3473    0.3363    0.325    0.3135    0.3021    0.2908    0.2796    0.2687    0.2582    0.2479    
GD154    6.267e-16    3.83e-05    0.00036    0.001014    0.00204    0.003525    0.005534    0.008098    0.01122    0.01487    0.01897    0.02344    0.02813    0.03291    0.03767    0.04227    0.04664    0.0507    0.05439    0.05767    0.06054    0.06297    0.06497    0.06656    0.06775    0.06856    0.06902    0.06916    0.06901    0.06859    0.06795    0.0671    0.06608    0.06491    0.06361    0.06221    
EU155    1.83e-09    0.005801    0.008101    0.01455    0.02241    0.03198    0.04307    0.05531    0.06816    0.08102    0.09326    0.1044    0.1141    0.1222    0.1287    0.1336    0.137    0.1391    0.14    0.1399    0.139    0.1373    0.135    0.1322    0.129    0.1255    0.1219    0.118    0.1141    0.1101    0.1062    0.1023    0.09843    0.09467    0.09102    0.08749    
EU156    8.911e-10    0.007965    0.00888    0.01642    0.02517    0.03563    0.04771    0.061    0.07492    0.08875    0.1019    0.1138    0.1241    0.1328    0.1396    0.1448    0.1485    0.1507    0.1516    0.1514    0.1503    0.1485    0.1459    0.1429    0.1394    0.1356    0.1316    0.1274    0.1232    0.1189    0.1146    0.1103    0.1061    0.1021    0.09809    0.09425    
GD156    3.002e-11    0.01538    0.05016    0.1112    0.2099    0.3527    0.5467    0.7977    1.11    1.483    1.916    2.405    2.942    3.519    4.129    4.762    5.412    6.07    6.73    7.387    8.036    8.673    9.294    9.897    10.48    11.04    11.58    12.09    12.58    13.05    13.49    13.91    14.3    14.67    15.02    15.35    
GD158    8.973e-10    0.01417    0.02599    0.04783    0.08041    0.1244    0.1807    0.2503    0.3334    0.4296    0.5382    0.6582    0.7885    0.928    1.076    1.231    1.392    1.558    1.728    1.902    2.079    2.258    2.439    2.621    2.803    2.986    3.169    3.352    3.534    3.716    3.897    4.077    4.255    4.433    4.609    4.784    
TB159    1.121e-10    0.002172    0.003424    0.005737    0.008997    0.01311    0.01802    0.02371    0.03008    0.03699    0.04431    0.05193    0.05981    0.06793    0.07631    0.08495    0.09388    0.1031    0.1126    0.1225    0.1327    0.1433    0.1542    0.1654    0.177    0.1889    0.2012    0.2138    0.2267    0.2399    0.2534    0.2672    0.2812    0.2955    0.31    0.3248    
GD160    1.24e-10    0.001061    0.001657    0.002767    0.004307    0.006219    0.008467    0.01102    0.0138    0.01673    0.0197    0.02266    0.02555    0.02834    0.03101    0.03356    0.03598    0.03826    0.04042    0.04245    0.04435    0.04614    0.04781    0.04937    0.05083    0.05219    0.05346    0.05465    0.05575    0.05677    0.05773    0.05861    0.05944    0.0602    0.06092    0.06158    
