TIME    3   100   220   340   460   580   700   820   1040   1160   1280   1400   1520   1640   1760   1880   2000   2120   2240   2360   2480   2600   2720   2840   2960   3080   3200   3320   3440   3560   3680   3800   3920   4040   4160   4280   
NEUT_PROD    0.743   26.3   54.9   77.1   93.8   106   114   119   121   120   118   114   111   106   102   96.8   92   87.1   82.3   77.7   73.2   68.9   64.7   60.8   57.1   53.6   50.3   47.2   44.2   41.5   38.9   36.5   34.3   32.2   30.2   28.4   
NEUT_DEST    190   179   166   158   152   146   140   135   126   122   117   112   108   103   98.9   94.6   90.4   86.3   82.4   78.6   75   71.6   68.3   65.2   62.2   59.4   56.8   54.3   52   49.8   47.7   45.7   43.8   42.1   40.5   38.9   
BUd    -0.00153    -4.04    2.65    11.3    18.2    23.3    27.1    29.7    47.3    32.6    32.4    32    31.2    30.2    29.1    27.9    26.6    25.3    24    22.7    21.5    20.2    19.1    17.9    16.9    15.8    14.9    14    13.1    12.3    11.5    10.8    10.2    9.54    8.96    8.41    
HE4    2.772e-05    0.01608    0.06419    0.1359    0.2247    0.3252    0.4335    0.5462    0.7564    0.8698    0.9805    1.088    1.191    1.29    1.385    1.474    1.559    1.64    1.715    1.787    1.854    1.917    1.976    2.031    2.083    2.132    2.177    2.22    2.26    2.297    2.332    2.364    2.395    2.423    2.45    2.475    
PU238    9.837e-09    1.664e-05    0.0001744    0.00109    0.003859    0.009503    0.01852    0.03076    0.05861    0.07547    0.09139    0.1062    0.1196    0.1311    0.1406    0.148    0.1532    0.1564    0.1577    0.1573    0.1556    0.1526    0.1487    0.144    0.1388    0.1331    0.1272    0.1212    0.1151    0.1091    0.1031    0.09734    0.09173    0.08633    0.08116    0.07623    
PU239    0.0002516    0.01429    0.01936    0.01902    0.01727    0.01585    0.01552    0.01656    0.02123    0.02551    0.03007    0.03462    0.03897    0.04295    0.04644    0.04933    0.05157    0.05315    0.0541    0.05444    0.05426    0.05361    0.05257    0.05121    0.0496    0.0478    0.04587    0.04385    0.04178    0.0397    0.03762    0.03559    0.0336    0.03167    0.02982    0.02804    
PU240    0.0009011    0.8263    2.891    5.384    7.848    10.04    11.86    13.28    14.23    14.87    15.16    15.2    15.02    14.7    14.27    13.75    13.19    12.59    11.97    11.35    10.73    10.13    9.537    8.969    8.425    7.905    7.411    6.944    6.502    6.085    5.694    5.326    4.981    4.659    4.357    4.074    
PU241    3.621e-06    0.09234    0.5712    1.362    2.292    3.219    4.056    4.756    5.485    5.746    5.944    6.045    6.054    5.986    5.859    5.688    5.484    5.26    5.021    4.776    4.529    4.283    4.042    3.807    3.581    3.364    3.157    2.96    2.773    2.597    2.43    2.274    2.127    1.99    1.861    1.74    
PU242    4.176e-07    0.006491    0.08658    0.3288    0.7799    1.443    2.292    3.285    5.487    6.591    7.686    8.753    9.769    10.71    11.58    12.35    13.02    13.6    14.08    14.48    14.78    15    15.15    15.23    15.24    15.2    15.11    14.97    14.78    14.57    14.32    14.05    13.75    13.44    13.11    12.77    
PU244    0.002313    0.07041    0.1275    0.1737    0.211    0.241    0.265    0.2842    0.3114    0.3207    0.328    0.3334    0.3375    0.3404    0.3423    0.3435    0.3442    0.3443    0.344    0.3434    0.3426    0.3415    0.3403    0.3389    0.3375    0.3359    0.3343    0.3326    0.3309    0.3291    0.3274    0.3255    0.3237    0.3219    0.32    0.3181    
AM241    3.525e-08    0.000272    0.00314    0.01033    0.02114    0.03383    0.04673    0.05859    0.07041    0.07834    0.08341    0.08664    0.08829    0.08859    0.08776    0.08604    0.08364    0.08075    0.07752    0.07407    0.07051    0.06689    0.0633    0.05976    0.05631    0.05298    0.04978    0.04673    0.04382    0.04106    0.03846    0.036    0.03369    0.03152    0.02948    0.02757    
AM243    994    818.9    670.6    549.2    449.7    368.4    301.8    247.3    166.3    136.5    112.2    92.36    76.16    62.96    52.19    43.43    36.29    30.48    25.75    21.9    18.77    16.22    14.14    12.45    11.06    9.929    8.995    8.223    7.582    7.046    6.593    6.207    5.875    5.586    5.33    5.102    
CM242    1.954e-06    0.0001028    0.000948    0.004349    0.01149    0.02227    0.03563    0.05018    0.0766    0.08584    0.09454    0.1018    0.1072    0.1108    0.1127    0.1131    0.1121    0.1101    0.1072    0.1037    0.09968    0.09539    0.09093    0.08638    0.08182    0.07732    0.07293    0.06866    0.06456    0.06063    0.05688    0.05333    0.04996    0.04678    0.04379    0.04098    
CM244    5.871    174.6    304.9    399.8    466.6    511.1    538.2    551.7    550.8    539.7    524.2    505.7    485    463    440.3    417.4    394.6    372.3    350.5    329.5    309.4    290.2    272    254.7    238.4    223.1    208.6    195.1    182.4    170.5    159.4    149    139.3    130.2    121.8    113.9    
CM245    0.005149    2.317    4.873    6.779    8.138    9.062    9.644    9.959    10.04    9.868    9.609    9.288    8.922    8.529    8.121    7.705    7.291    6.882    6.484    6.099    5.729    5.375    5.038    4.72    4.418    4.134    3.867    3.616    3.381    3.161    2.955    2.762    2.582    2.414    2.258    2.112    
CM246    2.601e-05    0.4852    2.31    5.236    8.953    13.21    17.81    22.59    32.28    37.03    41.64    46.06    50.28    54.28    58.04    61.57    64.87    67.94    70.78    73.4    75.82    78.03    80.06    81.91    83.59    85.11    86.48    87.71    88.81    89.79    90.65    91.41    92.07    92.64    93.12    93.52    
CM247    1.352e-09    0.0009081    0.008786    0.02955    0.06583    0.1179    0.1847    0.2644    0.4528    0.557    0.665    0.7749    0.885    0.9941    1.101    1.205    1.305    1.4    1.491    1.577    1.658    1.734    1.805    1.87    1.931    1.988    2.039    2.087    2.13    2.169    2.205    2.237    2.266    2.291    2.314    2.334    
CM248    8.925e-13    2.205e-05    0.0004552    0.002407    0.007428    0.01719    0.0333    0.05716    0.1325    0.1854    0.2491    0.3237    0.4092    0.5054    0.6119    0.7282    0.854    0.9885    1.131    1.282    1.439    1.602    1.771    1.945    2.124    2.306    2.492    2.68    2.871    3.063    3.257    3.452    3.648    3.843    4.039    4.234    
SE78    1.143e-10    0.001059    0.001655    0.00272    0.004163    0.005925    0.007979    0.0103    0.01564    0.0184    0.02115    0.02385    0.02649    0.02904    0.0315    0.03386    0.03612    0.03829    0.04036    0.04233    0.0442    0.04599    0.04769    0.0493    0.05083    0.05228    0.05366    0.05497    0.05621    0.05739    0.05851    0.05957    0.06057    0.06152    0.06242    0.06328    
SE79    2.622e-10    0.002284    0.00351    0.005727    0.008713    0.01233    0.01651    0.02119    0.03179    0.03715    0.0424    0.04747    0.05232    0.05693    0.06129    0.0654    0.06925    0.07285    0.07622    0.07936    0.08228    0.08499    0.08751    0.08984    0.092    0.094    0.09585    0.09755    0.09912    0.1006    0.1019    0.1031    0.1043    0.1053    0.1062    0.1071    
SE80    6.313e-10    0.005487    0.008449    0.0138    0.021    0.02973    0.03983    0.05117    0.07695    0.09003    0.1029    0.1154    0.1274    0.1389    0.1498    0.1602    0.17    0.1792    0.1879    0.1961    0.2038    0.2111    0.2179    0.2242    0.2302    0.2358    0.2411    0.2461    0.2507    0.2551    0.2592    0.263    0.2667    0.2701    0.2733    0.2763    
BR81    9.634e-10    0.008389    0.01283    0.02087    0.03167    0.04471    0.05971    0.07646    0.1141    0.133    0.1513    0.1688    0.1854    0.201    0.2155    0.2291    0.2416    0.2531    0.2636    0.2733    0.2821    0.29    0.2972    0.3037    0.3095    0.3147    0.3192    0.3233    0.3268    0.3299    0.3325    0.3347    0.3365    0.338    0.3392    0.34    
SE82    1.195e-09    0.01035    0.01597    0.02617    0.03997    0.05676    0.07624    0.09815    0.1479    0.1732    0.1981    0.2223    0.2456    0.2679    0.2891    0.3091    0.3281    0.346    0.3628    0.3786    0.3935    0.4074    0.4204    0.4327    0.4441    0.4549    0.4649    0.4743    0.4831    0.4914    0.4991    0.5063    0.5131    0.5195    0.5255    0.5311    
KR82    6.196e-12    0.0002139    0.0004171    0.0007473    0.001218    0.001834    0.002603    0.00353    0.00586    0.007218    0.008677    0.01022    0.01182    0.01346    0.01514    0.01683    0.01852    0.02021    0.02188    0.02353    0.02514    0.02672    0.02825    0.02973    0.03116    0.03254    0.03386    0.03513    0.03633    0.03748    0.03857    0.03959    0.04056    0.04147    0.04232    0.04312    
KR83    1.609e-09    0.01378    0.01764    0.02638    0.03763    0.05002    0.06291    0.07588    0.1004    0.1089    0.1148    0.1184    0.1201    0.1201    0.1188    0.1165    0.1135    0.1099    0.1059    0.1018    0.09745    0.09312    0.08884    0.08465    0.08059    0.07668    0.07294    0.06939    0.06602    0.06284    0.05985    0.05703    0.0544    0.05193    0.04961    0.04745    
KR84    2.88e-09    0.02663    0.04494    0.07643    0.1198    0.1742    0.2389    0.3134    0.4878    0.5808    0.6749    0.7687    0.861    0.951    1.038    1.122    1.202    1.279    1.352    1.421    1.487    1.548    1.607    1.662    1.714    1.763    1.809    1.853    1.893    1.932    1.968    2.003    2.035    2.065    2.094    2.121    
KR85    6.892e-10    0.006466    0.009863    0.01604    0.02435    0.03438    0.0459    0.05872    0.08754    0.1016    0.1152    0.128    0.1401    0.1512    0.1614    0.1707    0.1791    0.1867    0.1935    0.1995    0.2047    0.2093    0.2133    0.2166    0.2195    0.2218    0.2236    0.225    0.226    0.2266    0.227    0.227    0.2267    0.2262    0.2254    0.2245    
RB85    2.432e-09    0.02311    0.03592    0.05903    0.09045    0.1288    0.1735    0.224    0.3389    0.3979    0.4563    0.5133    0.5686    0.6218    0.6727    0.7213    0.7676    0.8115    0.8532    0.8927    0.9301    0.9655    0.9989    1.031    1.061    1.089    1.116    1.141    1.165    1.188    1.209    1.23    1.249    1.267    1.285    1.301    
KR86    4.773e-09    0.04126    0.06383    0.105    0.161    0.2294    0.309    0.3986    0.6027    0.7065    0.8091    0.9088    1.005    1.097    1.185    1.268    1.347    1.421    1.492    1.557    1.619    1.678    1.732    1.783    1.831    1.876    1.919    1.958    1.995    2.03    2.063    2.093    2.122    2.149    2.174    2.198    
RB87    5.833e-09    0.05165    0.07992    0.1314    0.2013    0.2868    0.3862    0.4981    0.7527    0.8823    1.01    1.134    1.254    1.369    1.478    1.581    1.679    1.771    1.858    1.94    2.016    2.088    2.156    2.219    2.278    2.333    2.385    2.434    2.479    2.521    2.561    2.598    2.633    2.666    2.696    2.725    
SR88    7.977e-09    0.07334    0.1136    0.1865    0.2855    0.4064    0.5469    0.7051    1.065    1.248    1.429    1.605    1.774    1.936    2.09    2.237    2.376    2.506    2.629    2.745    2.854    2.956    3.052    3.142    3.227    3.306    3.38    3.449    3.514    3.576    3.633    3.687    3.737    3.785    3.829    3.871    
SR89    1.06e-08    0.05962    0.03921    0.05688    0.07755    0.09637    0.1139    0.1305    0.167    0.1598    0.1566    0.1522    0.1467    0.1404    0.1336    0.1266    0.1196    0.1128    0.1061    0.09968    0.09355    0.08773    0.08222    0.07702    0.07213    0.06755    0.06325    0.05922    0.05546    0.05195    0.04867    0.04561    0.04276    0.0401    0.03763    0.03532    
Y89    1.139e-10    0.03356    0.1046    0.1791    0.2835    0.417    0.5763    0.7587    1.174    1.41    1.639    1.862    2.078    2.284    2.482    2.669    2.845    3.012    3.168    3.314    3.451    3.579    3.699    3.81    3.914    4.011    4.101    4.184    4.262    4.334    4.401    4.463    4.521    4.575    4.624    4.67    
SR90    1.343e-08    0.116    0.1781    0.2915    0.445    0.6315    0.8472    1.089    1.635    1.909    2.176    2.433    2.677    2.908    3.124    3.326    3.514    3.687    3.847    3.994    4.129    4.252    4.364    4.465    4.557    4.639    4.713    4.779    4.837    4.889    4.934    4.973    5.006    5.035    5.058    5.078    
ZR90    3.326e-13    0.0002923    0.001535    0.00356    0.006771    0.01151    0.01805    0.02667    0.04919    0.06517    0.08369    0.1047    0.128    0.1536    0.1813    0.211    0.2425    0.2758    0.3107    0.347    0.3847    0.4237    0.4638    0.5049    0.547    0.59    0.6337    0.6781    0.7232    0.7688    0.8149    0.8614    0.9084    0.9557    1.003    1.051    
Y91    9.857e-09    0.09346    0.06727    0.09562    0.1305    0.1629    0.1932    0.2216    0.2856    0.2749    0.2696    0.2626    0.2536    0.2433    0.2321    0.2205    0.2088    0.1973    0.1861    0.1752    0.1649    0.155    0.1457    0.1369    0.1285    0.1207    0.1134    0.1066    0.1001    0.09414    0.08854    0.08332    0.07844    0.07389    0.06965    0.0657    
ZR91    8.923e-11    0.04483    0.1477    0.2571    0.4093    0.6051    0.8401    1.11    1.725    2.082    2.427    2.765    3.092    3.407    3.708    3.993    4.264    4.519    4.76    4.986    5.198    5.396    5.582    5.756    5.919    6.071    6.213    6.345    6.469    6.585    6.692    6.793    6.887    6.974    7.056    7.132    
ZR92    1.735e-08    0.1708    0.2653    0.4359    0.6678    0.9512    1.281    1.652    2.499    2.93    3.356    3.771    4.171    4.554    4.92    5.268    5.597    5.909    6.203    6.48    6.74    6.986    7.216    7.433    7.637    7.829    8.009    8.178    8.337    8.487    8.628    8.761    8.886    9.005    9.116    9.221    
ZR93    1.557e-08    0.2226    0.3452    0.5655    0.8647    1.229    1.652    2.128    3.204    3.748    4.281    4.797    5.291    5.76    6.203    6.619    7.009    7.373    7.712    8.026    8.317    8.587    8.835    9.064    9.275    9.468    9.645    9.806    9.954    10.09    10.21    10.32    10.42    10.51    10.59    10.66    
ZR94    2.892e-08    0.2521    0.3911    0.6439    0.9879    1.409    1.899    2.453    3.718    4.366    5.008    5.636    6.245    6.831    7.394    7.932    8.444    8.932    9.395    9.835    10.25    10.65    11.02    11.38    11.72    12.04    12.34    12.63    12.91    13.17    13.42    13.66    13.89    14.11    14.31    14.51    
ZR95    3.258e-08    0.1985    0.1495    0.2117    0.2893    0.3624    0.4308    0.4946    0.6379    0.6165    0.6047    0.589    0.5689    0.5456    0.5203    0.4939    0.4674    0.4411    0.4154    0.3907    0.3669    0.3444    0.3229    0.3027    0.2837    0.2658    0.249    0.2332    0.2185    0.2048    0.1919    0.1799    0.1688    0.1583    0.1486    0.1396    
NB95    2.762e-10    0.05368    0.08118    0.1011    0.1388    0.1775    0.213    0.2452    0.3255    0.3198    0.3128    0.3057    0.2966    0.2857    0.2734    0.2603    0.2469    0.2335    0.2203    0.2075    0.1951    0.1833    0.172    0.1614    0.1513    0.1418    0.1329    0.1245    0.1167    0.1094    0.1025    0.09613    0.09016    0.08459    0.0794    0.07457    
MO95    3.382e-12    0.03242    0.2062    0.4    0.6572    0.9958    1.41    1.89    2.949    3.608    4.232    4.826    5.387    5.912    6.397    6.841    7.244    7.606    7.929    8.215    8.465    8.681    8.866    9.021    9.149    9.252    9.331    9.389    9.426    9.446    9.449    9.437    9.412    9.373    9.324    9.265    
ZR96    3.494e-08    0.302    0.4674    0.7694    1.181    1.683    2.268    2.928    4.428    5.192    5.945    6.678    7.384    8.06    8.704    9.315    9.892    10.44    10.95    11.43    11.88    12.31    12.71    13.08    13.43    13.75    14.06    14.34    14.61    14.86    15.09    15.31    15.52    15.71    15.89    16.06    
MO96    1.041e-11    0.0004737    0.004197    0.0128    0.02742    0.05005    0.08269    0.1271    0.2547    0.3415    0.4445    0.5628    0.6956    0.8418    1    1.171    1.351    1.541    1.738    1.943    2.154    2.371    2.592    2.817    3.044    3.274    3.506    3.739    3.972    4.206    4.439    4.671    4.902    5.132    5.36    5.586    
MO97    1.79e-08    0.3257    0.5087    0.8343    1.278    1.82    2.449    3.158    4.767    5.584    6.388    7.167    7.915    8.628    9.303    9.941    10.54    11.1    11.63    12.12    12.58    13.01    13.41    13.77    14.12    14.44    14.73    15    15.25    15.49    15.7    15.9    16.09    16.26    16.41    16.56    
MO98    4.074e-08    0.3523    0.5466    0.9012    1.385    1.978    2.669    3.449    5.23    6.141    7.043    7.924    8.776    9.597    10.38    11.13    11.84    12.52    13.16    13.77    14.34    14.88    15.39    15.88    16.33    16.77    17.18    17.56    17.93    18.27    18.6    18.92    19.21    19.49    19.76    20.02    
MO99    3.554e-08    0.0244    0.008173    0.01369    0.01832    0.02276    0.02751    0.03243    0.04069    0.04009    0.03943    0.03813    0.03651    0.03474    0.03289    0.03104    0.02922    0.02745    0.02576    0.02416    0.02264    0.02121    0.01987    0.01861    0.01743    0.01633    0.0153    0.01435    0.01345    0.01262    0.01185    0.01113    0.01046    0.00984    0.009261    0.008723    
TC99    6.693e-09    0.3532    0.557    0.8959    1.356    1.91    2.544    3.246    4.787    5.534    6.238    6.89    7.482    8.013    8.483    8.893    9.245    9.542    9.788    9.985    10.14    10.25    10.33    10.37    10.38    10.36    10.31    10.25    10.16    10.06    9.942    9.811    9.668    9.515    9.353    9.184    
MO100    4.935e-08    0.4261    0.6593    1.086    1.666    2.376    3.203    4.135    6.254    7.332    8.396    9.431    10.43    11.38    12.29    13.15    13.97    14.74    15.46    16.14    16.78    17.38    17.94    18.46    18.95    19.41    19.84    20.24    20.61    20.96    21.29    21.59    21.88    22.15    22.4    22.63    
RU100    4.079e-12    0.00562    0.02587    0.0576    0.1067    0.1775    0.2735    0.3975    0.7381    0.9562    1.204    1.479    1.779    2.101    2.441    2.798    3.169    3.55    3.94    4.336    4.737    5.139    5.543    5.945    6.346    6.743    7.135    7.521    7.901    8.274    8.638    8.994    9.342    9.68    10.01    10.33    
RU101    4.238e-08    0.3678    0.567    0.9325    1.431    2.039    2.747    3.541    5.34    6.247    7.138    7.999    8.823    9.607    10.35    11.04    11.7    12.31    12.88    13.4    13.9    14.35    14.77    15.17    15.53    15.86    16.17    16.46    16.72    16.96    17.19    17.39    17.58    17.76    17.92    18.07    
RU102    4.372e-08    0.3791    0.5908    0.978    1.509    2.162    2.926    3.792    5.776    6.796    7.811    8.807    9.777    10.71    11.62    12.48    13.31    14.1    14.85    15.57    16.26    16.91    17.52    18.11    18.68    19.21    19.72    20.21    20.67    21.11    21.54    21.94    22.33    22.7    23.06    23.4    
RU103    5.023e-08    0.2515    0.1437    0.2191    0.2997    0.3718    0.4399    0.5046    0.6414    0.6135    0.6038    0.5886    0.5684    0.5452    0.5203    0.4947    0.4689    0.4436    0.419    0.3954    0.3728    0.3514    0.3311    0.3119    0.2939    0.277    0.2612    0.2464    0.2326    0.2197    0.2077    0.1965    0.186    0.1763    0.1673    0.1589    
RH103    6.809e-10    0.1731    0.4245    0.6374    0.9314    1.276    1.644    2.019    2.734    3.053    3.269    3.414    3.496    3.526    3.511    3.461    3.383    3.285    3.171    3.048    2.918    2.786    2.652    2.52    2.391    2.266    2.145    2.029    1.919    1.814    1.715    1.621    1.533    1.451    1.373    1.3    
RU104    4.409e-08    0.3834    0.5966    0.9865    1.521    2.177    2.944    3.809    5.781    6.786    7.779    8.747    9.68    10.57    11.43    12.24    13    13.72    14.4    15.04    15.63    16.19    16.72    17.21    17.66    18.09    18.49    18.86    19.21    19.53    19.84    20.12    20.38    20.62    20.85    21.07    
PD104    1.222e-12    0.01418    0.1111    0.2629    0.4883    0.8061    1.226    1.752    3.098    3.928    4.83    5.781    6.762    7.756    8.749    9.731    10.69    11.63    12.53    13.4    14.23    15.02    15.77    16.48    17.16    17.79    18.39    18.96    19.49    20    20.47    20.91    21.33    21.72    22.09    22.44    
RH105    2.309e-08    0.008412    0.002842    0.004776    0.00641    0.00798    0.009653    0.01138    0.01427    0.01408    0.01387    0.01343    0.01288    0.01227    0.01164    0.011    0.01037    0.009755    0.009169    0.00861    0.008082    0.007583    0.007115    0.006675    0.006264    0.00588    0.005521    0.005186    0.004873    0.004582    0.004311    0.004059    0.003825    0.003606    0.003403    0.003214    
PD105    9.269e-09    0.2328    0.3657    0.5964    0.9113    1.295    1.739    2.236    3.343    3.897    4.433    4.943    5.422    5.869    6.282    6.66    7.005    7.316    7.597    7.847    8.07    8.265    8.436    8.584    8.71    8.816    8.903    8.974    9.029    9.069    9.096    9.111    9.115    9.109    9.094    9.071    
RU106    3.243e-08    0.2606    0.3494    0.5394    0.7889    1.072    1.374    1.684    2.345    2.557    2.719    2.833    2.901    2.931    2.926    2.893    2.838    2.764    2.677    2.58    2.476    2.367    2.257    2.146    2.035    1.927    1.821    1.719    1.621    1.526    1.436    1.351    1.27    1.193    1.121    1.053    
PD106    4.363e-09    0.1296    0.2637    0.4828    0.7979    1.215    1.737    2.366    3.873    4.784    5.746    6.746    7.768    8.801    9.836    10.86    11.88    12.87    13.85    14.8    15.71    16.6    17.46    18.29    19.09    19.86    20.59    21.3    21.98    22.64    23.26    23.87    24.44    25    25.53    26.04    
PD107    2.444e-08    0.2098    0.3238    0.5361    0.8282    1.187    1.606    2.075    3.132    3.661    4.176    4.671    5.141    5.582    5.993    6.375    6.725    7.046    7.339    7.603    7.842    8.055    8.245    8.413    8.56    8.688    8.798    8.891    8.969    9.032    9.083    9.121    9.148    9.165    9.172    9.171    
PD108    1.723e-08    0.1474    0.2296    0.3827    0.5945    0.8568    1.164    1.512    2.302    2.704    3.099    3.484    3.854    4.207    4.541    4.856    5.15    5.425    5.681    5.918    6.136    6.337    6.522    6.69    6.843    6.983    7.108    7.221    7.323    7.413    7.493    7.562    7.623    7.675    7.719    7.756    
AG109    5.829e-09    0.08973    0.1273    0.2012    0.3003    0.4169    0.5461    0.6842    0.9707    1.096    1.206    1.301    1.38    1.446    1.499    1.54    1.572    1.595    1.611    1.621    1.625    1.625    1.622    1.616    1.608    1.597    1.586    1.573    1.56    1.546    1.531    1.517    1.502    1.487    1.473    1.458    
PD110    4.941e-09    0.0422    0.06604    0.1105    0.1722    0.249    0.3394    0.442    0.6763    0.7963    0.9154    1.032    1.145    1.254    1.358    1.457    1.551    1.639    1.723    1.802    1.876    1.945    2.01    2.072    2.129    2.182    2.232    2.279    2.323    2.363    2.402    2.437    2.471    2.502    2.531    2.558    
AG110M    3.392e-13    0.0002482    0.0009005    0.001693    0.002777    0.004175    0.005857    0.00778    0.01248    0.01461    0.01671    0.01867    0.02045    0.02203    0.02338    0.02452    0.02546    0.02622    0.02681    0.02725    0.02757    0.02778    0.02789    0.02793    0.0279    0.02782    0.0277    0.02754    0.02736    0.02716    0.02693    0.0267    0.02646    0.02621    0.02596    0.02571    
CD110    7.726e-12    0.00649    0.02781    0.06011    0.1093    0.179    0.2719    0.3896    0.7015    0.8947    1.108    1.339    1.583    1.837    2.099    2.367    2.637    2.908    3.179    3.447    3.713    3.974    4.231    4.482    4.728    4.968    5.201    5.428    5.648    5.862    6.07    6.271    6.465    6.654    6.836    7.012    
CD111    1.519e-10    0.01747    0.03045    0.05    0.07784    0.113    0.1551    0.2038    0.3185    0.3802    0.4432    0.5073    0.5719    0.637    0.7023    0.7678    0.8335    0.8994    0.9655    1.032    1.098    1.165    1.231    1.298    1.365    1.433    1.5    1.567    1.635    1.702    1.77    1.838    1.905    1.972    2.039    2.106    
CD112    3.754e-10    0.00796    0.01342    0.02312    0.03696    0.05476    0.0765    0.1021    0.1644    0.1991    0.2359    0.2743    0.3142    0.3554    0.398    0.4417    0.4867    0.5328    0.5802    0.6288    0.6787    0.7299    0.7824    0.8363    0.8917    0.9485    1.007    1.067    1.128    1.191    1.256    1.322    1.39    1.46    1.532    1.605    
CD114    5.656e-10    0.009053    0.01442    0.02405    0.03746    0.05416    0.07385    0.09625    0.1476    0.174    0.2004    0.2264    0.2516    0.2761    0.2996    0.3222    0.3438    0.3645    0.3842    0.403    0.4209    0.4381    0.4545    0.4701    0.4851    0.4995    0.5134    0.5268    0.5397    0.5522    0.5644    0.5763    0.5879    0.5993    0.6105    0.6216    
CD116    2.978e-10    0.002574    0.00399    0.006578    0.01011    0.01443    0.01947    0.02516    0.0381    0.04469    0.05119    0.05752    0.06363    0.06948    0.07506    0.08035    0.08535    0.09008    0.09452    0.0987    0.1026    0.1063    0.1098    0.113    0.116    0.1189    0.1215    0.124    0.1263    0.1285    0.1305    0.1324    0.1342    0.1359    0.1374    0.1389    
SN116    2.667e-13    0.0005707    0.002162    0.004126    0.006869    0.0105    0.01501    0.02035    0.03324    0.04055    0.04808    0.05565    0.06317    0.07054    0.0777    0.08462    0.09128    0.09767    0.1038    0.1096    0.1151    0.1204    0.1255    0.1302    0.1348    0.1391    0.1432    0.1472    0.1509    0.1545    0.1579    0.1611    0.1643    0.1672    0.1701    0.1729    
SN117    2.716e-10    0.002586    0.004002    0.006568    0.01006    0.01431    0.01926    0.02482    0.03745    0.04385    0.05015    0.05626    0.06213    0.06773    0.07304    0.07806    0.08279    0.08722    0.09138    0.09527    0.09889    0.1023    0.1054    0.1084    0.1111    0.1136    0.116    0.1181    0.1202    0.122    0.1238    0.1254    0.1268    0.1282    0.1295    0.1307    
SN118    2.948e-10    0.002594    0.004024    0.006626    0.01017    0.01451    0.01956    0.02527    0.03829    0.04495    0.05155    0.058    0.06424    0.07025    0.076    0.08149    0.08671    0.09168    0.09638    0.1008    0.1051    0.1091    0.1128    0.1164    0.1198    0.123    0.1261    0.129    0.1317    0.1343    0.1367    0.1391    0.1413    0.1434    0.1455    0.1474    
SN119    3.037e-10    0.002644    0.004093    0.006727    0.01031    0.01468    0.01976    0.02548    0.03846    0.04506    0.05156    0.05787    0.06393    0.06972    0.07521    0.0804    0.08528    0.08987    0.09417    0.0982    0.102    0.1055    0.1087    0.1117    0.1146    0.1172    0.1196    0.1219    0.1239    0.1259    0.1277    0.1293    0.1308    0.1323    0.1336    0.1348    
SN120    3.129e-10    0.00271    0.004198    0.006906    0.01059    0.01509    0.02033    0.02624    0.03972    0.04661    0.05343    0.06008    0.06651    0.07269    0.07861    0.08425    0.08961    0.0947    0.09951    0.1041    0.1084    0.1125    0.1163    0.12    0.1234    0.1267    0.1297    0.1327    0.1354    0.138    0.1405    0.1429    0.1451    0.1472    0.1493    0.1512    
SB121    1.136e-10    0.002798    0.004343    0.007057    0.01073    0.01517    0.02028    0.02599    0.03876    0.0451    0.05123    0.05705    0.06252    0.0676    0.0723    0.0766    0.08051    0.08404    0.08722    0.09006    0.09257    0.09478    0.09671    0.09837    0.09978    0.101    0.1019    0.1027    0.1033    0.1037    0.104    0.1041    0.1041    0.104    0.1038    0.1035    
SN122    3.465e-10    0.003    0.004633    0.007603    0.01163    0.01654    0.02224    0.02866    0.04326    0.05068    0.05799    0.0651    0.07195    0.0785    0.08474    0.09066    0.09626    0.1015    0.1065    0.1112    0.1156    0.1197    0.1235    0.1272    0.1305    0.1337    0.1367    0.1395    0.1421    0.1445    0.1468    0.149    0.151    0.1529    0.1547    0.1563    
SB123    3.104e-10    0.002847    0.004701    0.007829    0.01207    0.01727    0.02334    0.03018    0.04557    0.0536    0.06144    0.06899    0.07617    0.08294    0.08928    0.09518    0.1006    0.1056    0.1102    0.1144    0.1182    0.1217    0.1248    0.1275    0.13    0.1322    0.1341    0.1358    0.1372    0.1385    0.1395    0.1404    0.141    0.1416    0.1419    0.1422    
SN124    5.155e-10    0.004467    0.006885    0.01127    0.01721    0.02443    0.0328    0.0422    0.06356    0.07439    0.08505    0.09538    0.1053    0.1148    0.1238    0.1323    0.1404    0.1479    0.155    0.1617    0.1679    0.1737    0.1792    0.1843    0.189    0.1935    0.1976    0.2015    0.205    0.2084    0.2115    0.2144    0.2171    0.2197    0.222    0.2242    
SB125    7.111e-10    0.009317    0.01441    0.02252    0.03329    0.04592    0.05998    0.07514    0.1085    0.1231    0.1361    0.1474    0.1569    0.1647    0.1708    0.1754    0.1786    0.1805    0.1813    0.1811    0.18    0.1782    0.1757    0.1727    0.1693    0.1654    0.1613    0.1569    0.1523    0.1476    0.1428    0.138    0.1331    0.1283    0.1235    0.1188    
TE125    2.992e-13    0.0001936    0.001071    0.002457    0.004578    0.007615    0.0117    0.01694    0.02999    0.03908    0.04931    0.06054    0.07262    0.0854    0.09875    0.1125    0.1266    0.1409    0.1553    0.1697    0.184    0.1982    0.2122    0.2259    0.2394    0.2525    0.2653    0.2777    0.2897    0.3013    0.3126    0.3234    0.3338    0.3437    0.3533    0.3625    
SN126    1.775e-09    0.01541    0.02373    0.03878    0.05908    0.08372    0.1122    0.1443    0.217    0.2538    0.2901    0.3252    0.359    0.3913    0.4219    0.4509    0.4782    0.504    0.5281    0.5508    0.5721    0.592    0.6107    0.6281    0.6444    0.6596    0.6739    0.6872    0.6996    0.7112    0.7221    0.7322    0.7417    0.7505    0.7588    0.7666    
TE126    2.465e-11    0.0004089    0.0007428    0.001238    0.001923    0.002778    0.003795    0.004972    0.007862    0.009413    0.01101    0.01265    0.01431    0.016    0.01771    0.01942    0.02115    0.02288    0.02461    0.02635    0.0281    0.02984    0.03159    0.03333    0.03508    0.03683    0.03857    0.04032    0.04206    0.0438    0.04554    0.04728    0.04902    0.05076    0.05249    0.05423    
TE127M    7.931e-11    0.004135    0.004206    0.005715    0.007749    0.009809    0.01179    0.01366    0.0179    0.01791    0.01776    0.01741    0.0169    0.01626    0.01555    0.0148    0.01402    0.01325    0.0125    0.01176    0.01106    0.01038    0.009742    0.009137    0.008567    0.008031    0.007527    0.007056    0.006615    0.006203    0.005818    0.005459    0.005124    0.004812    0.004522    0.004251    
I127    2.651e-10    0.03259    0.05567    0.0905    0.1377    0.1952    0.262    0.3369    0.5052    0.5919    0.6758    0.756    0.8315    0.9021    0.9676    1.028    1.083    1.133    1.179    1.219    1.256    1.289    1.317    1.342    1.364    1.383    1.399    1.412    1.423    1.431    1.437    1.442    1.445    1.446    1.445    1.443    
TE128    7.207e-09    0.0664    0.1025    0.1676    0.2556    0.3624    0.4861    0.6251    0.941    1.101    1.259    1.413    1.56    1.701    1.835    1.962    2.082    2.195    2.301    2.401    2.495    2.583    2.666    2.743    2.815    2.883    2.947    3.006    3.062    3.114    3.163    3.209    3.252    3.292    3.33    3.365    
XE128    9.852e-13    0.0001921    0.0009131    0.002073    0.00388    0.006502    0.01008    0.01474    0.02771    0.03616    0.04589    0.05684    0.06893    0.0821    0.09624    0.1113    0.1271    0.1437    0.1609    0.1787    0.197    0.2158    0.2348    0.2542    0.2739    0.2937    0.3137    0.3338    0.354    0.3742    0.3944    0.4146    0.4347    0.4548    0.4747    0.4945    
TE129M    1.809e-09    0.009112    0.004727    0.007335    0.009918    0.01218    0.01433    0.0164    0.02071    0.01974    0.01936    0.01877    0.01802    0.01719    0.01632    0.01543    0.01456    0.0137    0.01287    0.01208    0.01133    0.01062    0.009943    0.009311    0.008718    0.008162    0.007642    0.007157    0.006703    0.00628    0.005885    0.005518    0.005175    0.004856    0.004559    0.004283    
I129    1.044e-08    0.1068    0.1679    0.269    0.4044    0.5657    0.7479    0.947    1.378    1.583    1.771    1.942    2.093    2.224    2.336    2.43    2.506    2.566    2.611    2.642    2.661    2.668    2.666    2.654    2.635    2.608    2.576    2.538    2.496    2.45    2.401    2.349    2.295    2.239    2.182    2.125    
TE130    2.273e-08    0.1977    0.3053    0.501    0.7665    1.09    1.466    1.889    2.85    3.339    3.82    4.288    4.738    5.168    5.578    5.966    6.333    6.678    7.003    7.308    7.594    7.863    8.114    8.349    8.569    8.775    8.967    9.147    9.315    9.472    9.62    9.757    9.886    10.01    10.12    10.22    
XE130    3.254e-11    0.002667    0.01092    0.02396    0.04394    0.07244    0.1107    0.1596    0.2919    0.3757    0.47    0.5738    0.686    0.8052    0.9303    1.06    1.194    1.33    1.468    1.607    1.747    1.885    2.023    2.159    2.293    2.424    2.552    2.678    2.8    2.918    3.032    3.143    3.249    3.352    3.45    3.544    
I131    2.851e-08    0.05833    0.01939    0.03236    0.04317    0.05351    0.06461    0.07616    0.09561    0.09412    0.09247    0.0893    0.08541    0.08115    0.07675    0.07235    0.06802    0.06385    0.05986    0.05607    0.05249    0.04913    0.04597    0.04301    0.04025    0.03766    0.03526    0.03301    0.03092    0.02897    0.02716    0.02548    0.02391    0.02245    0.02109    0.01983    
XE131    1.901e-09    0.2594    0.4113    0.6197    0.8994    1.223    1.576    1.948    2.705    3.023    3.283    3.485    3.631    3.728    3.78    3.793    3.774    3.727    3.658    3.572    3.472    3.362    3.245    3.123    2.999    2.873    2.749    2.626    2.505    2.388    2.275    2.166    2.062    1.962    1.867    1.777    
TE132    4.092e-08    0.03243    0.01089    0.01824    0.02436    0.03021    0.03645    0.04293    0.05354    0.05295    0.05202    0.05024    0.04806    0.04567    0.04319    0.0407    0.03826    0.0359    0.03364    0.0315    0.02947    0.02757    0.02578    0.0241    0.02253    0.02107    0.0197    0.01842    0.01724    0.01613    0.0151    0.01414    0.01325    0.01242    0.01165    0.01093    
XE132    8.024e-09    0.4281    0.7489    1.262    1.975    2.871    3.943    5.183    8.116    9.701    11.32    12.95    14.56    16.16    17.72    19.23    20.7    22.11    23.46    24.76    25.99    27.17    28.29    29.35    30.35    31.3    32.2    33.05    33.85    34.61    35.32    35.99    36.62    37.22    37.78    38.31    
I133    3.823e-08    0.01171    0.003915    0.006555    0.008765    0.01088    0.01315    0.01549    0.01943    0.01913    0.01881    0.01817    0.01738    0.01652    0.01563    0.01473    0.01385    0.013    0.01218    0.01141    0.01068    0.009986    0.009338    0.00873    0.008162    0.007632    0.007136    0.006675    0.006244    0.005843    0.00547    0.005123    0.0048    0.004499    0.00422    0.00396    
XE133    2.379e-08    0.0699    0.0234    0.03917    0.05239    0.06506    0.07862    0.09269    0.1163    0.1146    0.1128    0.1091    0.1045    0.09942    0.09417    0.0889    0.08373    0.07873    0.07394    0.06938    0.06508    0.06103    0.05722    0.05366    0.05033    0.04722    0.04431    0.04161    0.03908    0.03674    0.03455    0.03252    0.03062    0.02887    0.02723    0.02571    
CS133    2.104e-09    0.5094    0.8368    1.322    1.98    2.771    3.669    4.656    6.792    7.814    8.756    9.605    10.36    11.01    11.56    12.02    12.38    12.67    12.88    13.02    13.09    13.11    13.08    13.01    12.89    12.75    12.57    12.37    12.14    11.9    11.64    11.37    11.1    10.81    10.52    10.23    
XE134    6.873e-08    0.6171    0.9578    1.582    2.435    3.483    4.705    6.085    9.228    10.83    12.41    13.95    15.44    16.86    18.22    19.51    20.73    21.88    22.97    23.99    24.94    25.84    26.68    27.47    28.21    28.9    29.54    30.15    30.71    31.24    31.73    32.2    32.63    33.03    33.41    33.77    
CS134    4.83e-12    0.01083    0.04602    0.09112    0.1536    0.2358    0.3376    0.4578    0.752    0.9096    1.07    1.227    1.378    1.518    1.646    1.76    1.86    1.946    2.017    2.076    2.121    2.154    2.177    2.189    2.193    2.188    2.175    2.157    2.132    2.103    2.07    2.033    1.993    1.95    1.906    1.86    
BA134    4.297e-15    0.0002684    0.003046    0.01003    0.02269    0.04302    0.07314    0.1151    0.2319    0.3202    0.4255    0.5478    0.6864    0.8404    1.008    1.189    1.381    1.582    1.791    2.006    2.226    2.449    2.674    2.901    3.127    3.352    3.576    3.797    4.014    4.228    4.437    4.642    4.841    5.035    5.224    5.406    
CS135    2.75e-09    0.02748    0.05292    0.0981    0.1674    0.2638    0.3913    0.5539    0.9933    1.274    1.591    1.945    2.331    2.747    3.19    3.655    4.139    4.637    5.145    5.66    6.178    6.696    7.211    7.721    8.222    8.714    9.195    9.662    10.11    10.55    10.97    11.38    11.76    12.13    12.48    12.81    
XE136    1.257e-07    1.154    1.789    2.952    4.542    6.491    8.763    11.33    17.17    20.15    23.09    25.95    28.72    31.37    33.89    36.29    38.56    40.7    42.72    44.62    46.41    48.09    49.66    51.13    52.51    53.81    55.02    56.15    57.22    58.21    59.15    60.02    60.84    61.61    62.33    63.01    
BA136    4.356e-11    0.006613    0.01355    0.02262    0.03559    0.05219    0.07254    0.09692    0.1621    0.1997    0.241    0.2866    0.3368    0.3922    0.4531    0.5198    0.5927    0.6721    0.7582    0.8511    0.9511    1.058    1.172    1.294    1.422    1.557    1.7    1.849    2.004    2.166    2.334    2.508    2.688    2.874    3.064    3.26    
CS137    6.383e-08    0.55    0.8481    1.395    2.139    3.049    4.105    5.292    7.984    9.337    10.66    11.94    13.17    14.33    15.42    16.44    17.4    18.29    19.11    19.88    20.58    21.22    21.81    22.36    22.85    23.3    23.7    24.07    24.4    24.7    24.96    25.2    25.4    25.58    25.74    25.88    
BA137    3.26e-11    0.001521    0.006744    0.01513    0.02834    0.04769    0.07429    0.1091    0.1984    0.2622    0.3357    0.4186    0.5104    0.6106    0.7187    0.8341    0.9562    1.084    1.218    1.357    1.501    1.649    1.8    1.955    2.113    2.273    2.436    2.6    2.766    2.933    3.101    3.27    3.44    3.61    3.78    3.95    
BA138    5.587e-08    0.4881    0.7575    1.251    1.927    2.757    3.726    4.82    7.311    8.582    9.838    11.06    12.24    13.38    14.46    15.49    16.46    17.39    18.25    19.07    19.84    20.57    21.25    21.89    22.49    23.05    23.58    24.08    24.55    24.99    25.41    25.8    26.16    26.51    26.84    27.15    
LA139    5.399e-08    0.4773    0.7348    1.208    1.853    2.64    3.553    4.576    6.882    8.037    9.164    10.25    11.27    12.24    13.15    13.99    14.77    15.48    16.14    16.74    17.28    17.77    18.21    18.61    18.96    19.27    19.55    19.78    19.99    20.16    20.31    20.43    20.53    20.6    20.66    20.69    
BA140    5.266e-08    0.1283    0.04869    0.08365    0.1127    0.1393    0.1662    0.193    0.2441    0.234    0.2306    0.2236    0.2147    0.2047    0.1943    0.1837    0.1731    0.1628    0.1529    0.1435    0.1345    0.1259    0.1179    0.1103    0.1033    0.09662    0.09041    0.08461    0.07919    0.07414    0.06943    0.06504    0.06095    0.05714    0.0536    0.0503    
LA140    1.95e-09    0.01704    0.006637    0.01138    0.0154    0.01914    0.02296    0.02681    0.03424    0.03329    0.03319    0.0326    0.03175    0.03074    0.02965    0.02851    0.02736    0.02624    0.02514    0.02407    0.02306    0.02209    0.02117    0.0203    0.01948    0.0187    0.01797    0.01728    0.01663    0.01602    0.01545    0.01491    0.0144    0.01392    0.01347    0.01305    
CE140    5.395e-10    0.3488    0.7139    1.176    1.832    2.65    3.616    4.717    7.378    8.736    10.09    11.42    12.73    14    15.23    16.42    17.56    18.66    19.71    20.72    21.69    22.62    23.5    24.35    25.17    25.95    26.7    27.41    28.1    28.77    29.4    30.02    30.61    31.18    31.73    32.26    
CE141    4.844e-08    0.2391    0.1226    0.194    0.2645    0.327    0.3866    0.4438    0.5593    0.5356    0.5274    0.5131    0.4945    0.4733    0.4508    0.4276    0.4045    0.3818    0.3599    0.3387    0.3186    0.2995    0.2814    0.2644    0.2484    0.2334    0.2194    0.2062    0.1939    0.1825    0.1718    0.1619    0.1526    0.144    0.1359    0.1285    
PR141    8.086e-10    0.2194    0.578    0.9502    1.481    2.147    2.927    3.807    5.785    6.847    7.858    8.825    9.739    10.59    11.38    12.11    12.77    13.37    13.91    14.4    14.82    15.2    15.53    15.82    16.06    16.26    16.43    16.57    16.67    16.75    16.8    16.82    16.83    16.81    16.78    16.73    
CE142    4.878e-08    0.4393    0.6837    1.127    1.731    2.471    3.333    4.304    6.516    7.64    8.748    9.826    10.86    11.86    12.8    13.7    14.54    15.33    16.08    16.78    17.44    18.05    18.62    19.16    19.66    20.12    20.56    20.96    21.34    21.69    22.01    22.32    22.6    22.86    23.11    23.34    
ND142    3.412e-14    0.0013    0.01038    0.02582    0.0503    0.08661    0.137    0.2032    0.3874    0.5084    0.6474    0.8032    0.9742    1.159    1.356    1.563    1.78    2.003    2.233    2.467    2.705    2.945    3.186    3.427    3.667    3.906    4.143    4.376    4.606    4.832    5.054    5.27    5.482    5.688    5.888    6.082    
CE143    3.229e-08    0.01316    0.004413    0.007389    0.009888    0.01229    0.01485    0.01752    0.022    0.0217    0.02136    0.02067    0.01982    0.01888    0.0179    0.01692    0.01595    0.01502    0.01412    0.01327    0.01246    0.0117    0.01099    0.01032    0.009696    0.009112    0.008566    0.008058    0.007584    0.007143    0.006732    0.00635    0.005994    0.005664    0.005356    0.005069    
PR143    1.318e-08    0.1096    0.04189    0.07181    0.0967    0.1195    0.1425    0.1655    0.2117    0.2012    0.1985    0.1927    0.1854    0.1771    0.1684    0.1596    0.1508    0.1422    0.134    0.1261    0.1186    0.1115    0.1048    0.09854    0.09264    0.08711    0.08194    0.07712    0.07261    0.06841    0.06449    0.06084    0.05744    0.05427    0.05132    0.04858    
ND143    4.36e-10    0.2417    0.3792    0.5375    0.7581    0.9995    1.244    1.483    1.963    2.091    2.162    2.193    2.191    2.165    2.119    2.06    1.993    1.921    1.846    1.771    1.697    1.625    1.557    1.491    1.43    1.372    1.318    1.267    1.22    1.177    1.138    1.101    1.067    1.036    1.008    0.9821    
CE144    3.899e-08    0.3086    0.3947    0.595    0.8545    1.142    1.441    1.741    2.378    2.549    2.667    2.735    2.76    2.749    2.708    2.644    2.563    2.47    2.368    2.26    2.151    2.04    1.931    1.823    1.719    1.619    1.523    1.431    1.344    1.262    1.184    1.111    1.042    0.9774    0.9168    0.8601    
ND144    8.893e-11    0.06999    0.3306    0.6824    1.19    1.88    2.761    3.832    6.514    8.118    9.797    11.52    13.25    14.97    16.65    18.29    19.86    21.38    22.82    24.19    25.49    26.72    27.87    28.96    29.99    30.95    31.85    32.7    33.5    34.24    34.94    35.6    36.22    36.8    37.35    37.86    
ND145    2.786e-08    0.266    0.3964    0.6392    0.9659    1.357    1.801    2.288    3.347    3.849    4.318    4.747    5.134    5.478    5.779    6.04    6.261    6.447    6.599    6.721    6.815    6.883    6.93    6.956    6.964    6.957    6.936    6.903    6.86    6.807    6.748    6.682    6.611    6.537    6.458    6.378    
ND146    2.596e-08    0.2329    0.38    0.6437    1.011    1.473    2.026    2.668    4.192    5.017    5.867    6.731    7.602    8.473    9.341    10.2    11.05    11.89    12.71    13.52    14.31    15.08    15.83    16.57    17.29    17.99    18.67    19.33    19.97    20.6    21.2    21.79    22.37    22.93    23.47    23.99    
ND147    2.049e-08    0.04405    0.01646    0.02825    0.03809    0.0472    0.05651    0.06587    0.08316    0.08067    0.07981    0.07771    0.07497    0.07188    0.06862    0.0653    0.06201    0.05881    0.05573    0.05279    0.05001    0.04738    0.04492    0.04261    0.04045    0.03844    0.03657    0.03483    0.03321    0.03171    0.03032    0.02904    0.02785    0.02675    0.02573    0.02479    
PM147    1.008e-09    0.1178    0.1589    0.2229    0.3117    0.406    0.4989    0.5877    0.7653    0.7978    0.8122    0.8132    0.8033    0.7855    0.762    0.7348    0.7053    0.6747    0.6437    0.6131    0.5831    0.5542    0.5265    0.5002    0.4753    0.4517    0.4296    0.4089    0.3895    0.3715    0.3546    0.339    0.3244    0.3109    0.2984    0.2868    
SM147    4.521e-13    0.002761    0.01454    0.02803    0.04626    0.06986    0.09829    0.1308    0.1996    0.2399    0.2774    0.3113    0.3408    0.3659    0.3863    0.4024    0.4143    0.4223    0.4269    0.4285    0.4274    0.4241    0.4188    0.412    0.4038    0.3946    0.3847    0.3741    0.3632    0.3519    0.3406    0.3293    0.318    0.3069    0.296    0.2855    
ND148    1.787e-08    0.1559    0.2415    0.3986    0.6133    0.8766    1.183    1.529    2.314    2.711    3.102    3.48    3.844    4.191    4.519    4.829    5.119    5.391    5.645    5.882    6.101    6.305    6.494    6.668    6.829    6.977    7.113    7.238    7.353    7.458    7.554    7.641    7.721    7.793    7.858    7.917    
PM148    2.057e-12    0.002332    0.0032    0.004475    0.006258    0.00816    0.01004    0.01183    0.01529    0.01609    0.01639    0.01641    0.01622    0.01586    0.01539    0.01484    0.01425    0.01363    0.013    0.01238    0.01178    0.0112    0.01064    0.0101    0.0096    0.009125    0.008678    0.008259    0.007868    0.007503    0.007163    0.006846    0.006552    0.006279    0.006026    0.005792    
SM148    1.456e-13    0.01013    0.05274    0.1077    0.1862    0.2925    0.4276    0.5909    1.009    1.249    1.499    1.755    2.012    2.268    2.519    2.764    3.002    3.231    3.452    3.663    3.864    4.056    4.239    4.412    4.577    4.732    4.879    5.019    5.15    5.275    5.392    5.503    5.608    5.706    5.8    5.888    
PM149    1.018e-08    0.006628    0.003109    0.004907    0.006684    0.008463    0.01031    0.01217    0.01546    0.01566    0.01566    0.01541    0.015    0.0145    0.01393    0.01333    0.01272    0.01211    0.01151    0.01094    0.01039    0.00986    0.009361    0.00889    0.008447    0.008031    0.007641    0.007276    0.006936    0.006618    0.006322    0.006046    0.005789    0.00555    0.005328    0.005121    
ND150    1.065e-08    0.09154    0.1419    0.2345    0.3614    0.5172    0.6989    0.904    1.37    1.607    1.841    2.068    2.287    2.496    2.695    2.883    3.06    3.226    3.382    3.529    3.665    3.792    3.911    4.021    4.123    4.218    4.306    4.388    4.464    4.534    4.598    4.658    4.713    4.764    4.811    4.854    
SM150    1.226e-09    0.1157    0.1974    0.3206    0.4852    0.6824    0.9049    1.146    1.671    1.904    2.11    2.283    2.424    2.534    2.615    2.669    2.7    2.71    2.702    2.679    2.644    2.598    2.545    2.486    2.422    2.355    2.286    2.216    2.146    2.076    2.007    1.94    1.875    1.812    1.751    1.693    
SM151    2.465e-09    0.007729    0.004012    0.006645    0.009407    0.01241    0.01571    0.01923    0.02616    0.02812    0.02977    0.03097    0.0318    0.0323    0.03253    0.03251    0.03229    0.03191    0.03139    0.03075    0.03004    0.02925    0.02842    0.02756    0.02668    0.02579    0.0249    0.02403    0.02317    0.02233    0.02152    0.02073    0.01997    0.01925    0.01856    0.0179    
SM152    6.796e-09    0.1134    0.1572    0.2416    0.3547    0.4857    0.6289    0.7804    1.092    1.222    1.333    1.422    1.492    1.543    1.577    1.596    1.602    1.597    1.582    1.56    1.531    1.497    1.459    1.418    1.374    1.33    1.285    1.239    1.194    1.15    1.106    1.064    1.023    0.983    0.9448    0.9083    
SM153    3.177e-09    0.002958    0.002417    0.003795    0.005462    0.007327    0.009357    0.01149    0.01571    0.01726    0.01854    0.01951    0.02023    0.02072    0.021    0.0211    0.02105    0.02086    0.02057    0.02019    0.01974    0.01924    0.01869    0.01812    0.01752    0.01691    0.01631    0.0157    0.0151    0.01451    0.01394    0.01338    0.01285    0.01233    0.01184    0.01137    
EU153    9.243e-10    0.04173    0.07942    0.13    0.1971    0.278    0.3694    0.4686    0.6776    0.7753    0.8616    0.9348    0.9944    1.041    1.074    1.097    1.109    1.112    1.108    1.097    1.081    1.06    1.036    1.009    0.9801    0.9496    0.9182    0.8864    0.8544    0.8226    0.7912    0.7605    0.7306    0.7016    0.6737    0.6468    
SM154    3.093e-09    0.02723    0.04287    0.0714    0.1107    0.1593    0.2163    0.2809    0.4289    0.5048    0.5801    0.6537    0.7248    0.793    0.8579    0.9194    0.9774    1.032    1.083    1.13    1.174    1.214    1.252    1.286    1.318    1.347    1.373    1.397    1.419    1.438    1.456    1.471    1.485    1.497    1.508    1.517    
EU154    4.265e-12    0.00642    0.02156    0.03772    0.05904    0.08565    0.1165    0.1507    0.224    0.261    0.2943    0.3232    0.3473    0.3666    0.3812    0.3915    0.3979    0.4008    0.4007    0.3981    0.3932    0.3866    0.3786    0.3694    0.3593    0.3486    0.3374    0.326    0.3145    0.303    0.2916    0.2804    0.2695    0.2588    0.2485    0.2386    
GD154    6.267e-16    3.83e-05    0.00036    0.001014    0.00204    0.003525    0.005534    0.008098    0.01416    0.01837    0.02295    0.02776    0.03264    0.03749    0.04217    0.0466    0.05072    0.05445    0.05778    0.06068    0.06314    0.06517    0.06677    0.06797    0.06879    0.06926    0.0694    0.06924    0.06883    0.06818    0.06732    0.06629    0.06511    0.06381    0.0624    0.06092    
EU155    1.83e-09    0.005801    0.008101    0.01455    0.02241    0.03198    0.04307    0.05531    0.08422    0.09377    0.1051    0.1149    0.123    0.1295    0.1343    0.1377    0.1398    0.1407    0.1406    0.1396    0.1379    0.1355    0.1327    0.1295    0.126    0.1223    0.1184    0.1145    0.1105    0.1065    0.1026    0.09871    0.09492    0.09125    0.0877    0.08428    
EU156    8.911e-10    0.007965    0.00888    0.01642    0.02517    0.03563    0.04771    0.061    0.09529    0.1024    0.1144    0.1249    0.1336    0.1404    0.1456    0.1492    0.1514    0.1523    0.1522    0.151    0.1491    0.1466    0.1435    0.14    0.1361    0.1321    0.1279    0.1236    0.1192    0.1149    0.1106    0.1064    0.1023    0.09833    0.09448    0.09076    
GD156    3.002e-11    0.01538    0.05016    0.1112    0.2099    0.3527    0.5467    0.7977    1.597    2.039    2.529    3.068    3.648    4.26    4.896    5.548    6.209    6.871    7.531    8.182    8.82    9.443    10.05    10.63    11.19    11.73    12.25    12.74    13.2    13.64    14.06    14.46    14.83    15.18    15.5    15.81    
GD158    8.973e-10    0.01417    0.02599    0.04783    0.08041    0.1244    0.1807    0.2503    0.4572    0.5676    0.6886    0.8202    0.9611    1.11    1.267    1.429    1.597    1.769    1.944    2.123    2.303    2.486    2.669    2.853    3.037    3.222    3.406    3.589    3.772    3.954    4.135    4.315    4.494    4.671    4.847    5.022    
TB159    1.121e-10    0.002172    0.003424    0.005737    0.008997    0.01311    0.01802    0.02371    0.03744    0.0449    0.05264    0.06066    0.06893    0.07746    0.08627    0.09537    0.1048    0.1145    0.1245    0.1349    0.1456    0.1567    0.1681    0.1799    0.192    0.2044    0.2172    0.2302    0.2436    0.2573    0.2712    0.2854    0.2999    0.3145    0.3294    0.3446    
GD160    1.24e-10    0.001061    0.001657    0.002767    0.004307    0.006219    0.008467    0.01102    0.01683    0.01979    0.02274    0.02561    0.02839    0.03106    0.03361    0.03604    0.03833    0.04049    0.04252    0.04443    0.04622    0.04789    0.04946    0.05092    0.05229    0.05356    0.05474    0.05585    0.05687    0.05783    0.05871    0.05954    0.06031    0.06102    0.06168    0.06229    
