TIME    3   100   220   340   460   580   700   820   940   1060   1180   1300   1420   1540   1660   1780   1900   2020   2140   2260   2380   2500   2620   2740   2860   2980   3100   3220   3340   3460   3580   3700   3820   3940   4060   4180   
NEUT_PROD    27.3   183   181   173   164   155   146   136   127   119   111   103   96.2   89.5   83.4   77.6   72.3   67.4   62.8   58.6   54.6   51   47.6   44.5   41.6   38.9   36.4   34.1   32   30   28.2   26.4   24.8   23.4   22   20.7   
NEUT_DEST    65.6   113   112   109   128   123   119   114   109   104   99   94.2   89.6   85.1   80.9   76.9   73.1   69.6   66.2   63   60   57.3   54.6   52.2   49.9   47.7   45.7   43.8   42   40.3   38.7   37.3   35.9   34.6   33.4   32.2   
BUd    0.156    -0.0626    49.7    49.9    47.8    45.4    42.9    40.3    37.8    35.3    33    30.8    28.7    26.7    24.9    23.2    21.6    20.1    18.7    17.5    16.3    15.2    14.2    13.3    12.4    11.6    10.8    10.1    9.51    8.91    8.36    7.85    7.37    6.93    6.52    6.14    
HE4    0.005148    0.1656    0.3511    0.5232    0.6829    0.8313    0.9691    1.097    1.216    1.327    1.429    1.524    1.613    1.695    1.772    1.843    1.909    1.97    2.027    2.08    2.13    2.176    2.219    2.259    2.296    2.331    2.363    2.393    2.422    2.448    2.473    2.496    2.518    2.538    2.557    2.575    
PU238    1.906e-09    7.288e-05    0.001706    0.00843    0.02262    0.04377    0.06935    0.09622    0.1216    0.1436    0.1611    0.1739    0.1821    0.1862    0.1867    0.1845    0.1802    0.1742    0.1671    0.1593    0.1512    0.1428    0.1345    0.1264    0.1185    0.1109    0.1037    0.0969    0.09048    0.08445    0.0788    0.07352    0.06859    0.064    0.05973    0.05575    
PU239    4.771e-09    6.815e-06    0.0001717    0.001162    0.003893    0.008844    0.01581    0.02409    0.03278    0.04106    0.04833    0.05423    0.05861    0.0615    0.06303    0.06339    0.06279    0.06144    0.05952    0.0572    0.05462    0.05189    0.04908    0.04627    0.04351    0.04083    0.03825    0.03579    0.03346    0.03125    0.02918    0.02724    0.02543    0.02373    0.02215    0.02068    
PU240    0.307    8.15    14.27    17.7    19.39    19.97    19.84    19.29    18.48    17.54    16.53    15.52    14.52    13.56    12.64    11.77    10.96    10.2    9.49    8.83    8.216    7.646    7.117    6.626    6.171    5.749    5.358    4.995    4.658    4.346    4.056    3.788    3.538    3.306    3.091    2.891    
PU241    0.001856    1.287    3.668    5.621    6.894    7.585    7.854    7.839    7.644    7.341    6.977    6.586    6.186    5.791    5.41    5.045    4.701    4.377    4.073    3.79    3.527    3.282    3.054    2.843    2.647    2.465    2.297    2.14    1.995    1.861    1.736    1.621    1.513    1.413    1.321    1.235    
PU242    4.861e-06    0.1247    0.7648    1.928    3.429    5.084    6.756    8.356    9.828    11.15    12.3    13.28    14.1    14.77    15.3    15.7    15.99    16.17    16.26    16.27    16.21    16.09    15.92    15.7    15.44    15.15    14.84    14.5    14.14    13.77    13.39    13    12.61    12.22    11.82    11.43    
AM241    2.436e-07    0.004982    0.02584    0.05391    0.079    0.09708    0.1079    0.113    0.1137    0.1116    0.1076    0.1026    0.09711    0.09137    0.08564    0.08007    0.07472    0.06964    0.06486    0.06038    0.05619    0.05229    0.04865    0.04528    0.04215    0.03925    0.03655    0.03405    0.03173    0.02958    0.02759    0.02574    0.02402    0.02243    0.02095    0.01958    
AM243    2.071e-09    0.002067    0.02532    0.09776    0.2351    0.439    0.7017    1.01    1.351    1.709    2.072    2.43    2.774    3.097    3.396    3.667    3.908    4.118    4.298    4.448    4.569    4.662    4.731    4.775    4.798    4.801    4.786    4.755    4.709    4.651    4.583    4.504    4.418    4.324    4.225    4.122    
CM242    3.001e-07    0.0008244    0.009017    0.02824    0.05426    0.08101    0.1041    0.1215    0.133    0.139    0.1407    0.1392    0.1354    0.13    0.1238    0.1171    0.1102    0.1033    0.09663    0.09023    0.08415    0.07841    0.07303    0.068    0.0633    0.05893    0.05487    0.0511    0.04759    0.04434    0.04133    0.03853    0.03593    0.03352    0.03129    0.02921    
CM244    997.8    929    861.3    798.5    740.3    686.4    636.5    590.3    547.5    507.8    471.2    437.3    405.9    376.9    350    325.2    302.2    281    261.3    243.1    226.2    210.6    196.2    182.8    170.4    158.9    148.2    138.4    129.2    120.7    112.8    105.4    98.59    92.25    86.35    80.86    
CM245    1.731    16.6    15.98    14.84    13.76    12.75    11.83    10.97    10.17    9.435    8.753    8.122    7.539    6.999    6.5    6.038    5.611    5.216    4.85    4.512    4.199    3.909    3.64    3.391    3.161    2.947    2.749    2.566    2.395    2.237    2.09    1.954    1.827    1.709    1.6    1.498    
CM246    0.01328    6.291    14.47    22.08    29.07    35.49    41.38    46.77    51.71    56.24    60.37    64.14    67.59    70.72    73.58    76.17    78.52    80.64    82.57    84.3    85.85    87.24    88.48    89.59    90.56    91.42    92.17    92.81    93.36    93.83    94.22    94.53    94.78    94.96    95.08    95.15    
CM247    9.26e-07    0.01649    0.07697    0.1711    0.2873    0.4166    0.5526    0.6907    0.8274    0.9606    1.088    1.21    1.325    1.432    1.533    1.626    1.712    1.791    1.864    1.93    1.991    2.047    2.097    2.142    2.184    2.22    2.253    2.283    2.309    2.332    2.352    2.37    2.385    2.397    2.408    2.417    
CM248    7.676e-10    0.0005193    0.005248    0.01845    0.04301    0.08062    0.1322    0.1979    0.2776    0.3707    0.4767    0.5947    0.7238    0.8631    1.012    1.169    1.333    1.504    1.681    1.862    2.049    2.238    2.431    2.626    2.824    3.023    3.222    3.423    3.623    3.824    4.024    4.224    4.422    4.619    4.815    5.009    
SE78    3.535e-10    9.81e-06    6.148e-05    0.0001589    0.007132    0.01236    0.0167    0.02048    0.02387    0.02696    0.0298    0.03244    0.03489    0.03719    0.03934    0.04136    0.04326    0.04505    0.04674    0.04834    0.04984    0.05126    0.05261    0.05388    0.05508    0.05622    0.0573    0.05832    0.05929    0.06021    0.06108    0.0619    0.06268    0.06342    0.06412    0.06478    
SE79    8.528e-10    2.23e-05    0.0001389    0.0003567    0.01539    0.0263    0.03508    0.04251    0.04897    0.05469    0.05981    0.06442    0.0686    0.0724    0.07587    0.07903    0.08193    0.08458    0.08702    0.08925    0.0913    0.09318    0.09491    0.09649    0.09795    0.09928    0.1005    0.1016    0.1027    0.1036    0.1045    0.1052    0.1059    0.1066    0.1072    0.1077    
SE80    1.746e-09    4.551e-05    0.0002838    0.00073    0.03675    0.063    0.08422    0.1023    0.1181    0.1322    0.1449    0.1565    0.167    0.1767    0.1857    0.1939    0.2015    0.2086    0.2152    0.2214    0.2271    0.2324    0.2374    0.242    0.2464    0.2505    0.2543    0.2579    0.2613    0.2645    0.2675    0.2703    0.273    0.2755    0.2779    0.2801    
BR81    3.129e-09    8.181e-05    0.0005085    0.001303    0.05649    0.09615    0.1277    0.154    0.1766    0.1963    0.2137    0.2291    0.2428    0.255    0.2659    0.2756    0.2843    0.292    0.2988    0.3049    0.3103    0.315    0.3191    0.3227    0.3258    0.3284    0.3307    0.3325    0.334    0.3351    0.336    0.3366    0.3369    0.337    0.3369    0.3366    
SE82    5.69e-09    0.0001483    0.0009245    0.002377    0.07113    0.1215    0.1624    0.1974    0.2281    0.2555    0.2802    0.3026    0.3231    0.342    0.3593    0.3752    0.39    0.4037    0.4164    0.4281    0.4391    0.4493    0.4587    0.4676    0.4758    0.4835    0.4908    0.4975    0.5038    0.5097    0.5153    0.5205    0.5254    0.5299    0.5343    0.5383    
KR82    7.972e-13    3.09e-07    3.516e-06    1.36e-05    0.001437    0.003024    0.00472    0.006509    0.008366    0.01027    0.01219    0.01412    0.01604    0.01794    0.0198    0.02163    0.0234    0.02512    0.02678    0.02837    0.02991    0.03137    0.03277    0.0341    0.03536    0.03656    0.03768    0.03874    0.03974    0.04067    0.04154    0.04235    0.0431    0.0438    0.04444    0.04503    
KR83    9.34e-09    0.0002472    0.001427    0.003367    0.09347    0.1369    0.1569    0.1641    0.164    0.1597    0.153    0.1452    0.1369    0.1286    0.1205    0.1127    0.1055    0.09873    0.09246    0.08668    0.08136    0.07647    0.07198    0.06787    0.06409    0.06062    0.05744    0.05451    0.05183    0.04935    0.04707    0.04496    0.04302    0.04123    0.03957    0.03803    
KR84    1.818e-08    0.0004981    0.003223    0.008594    0.189    0.3456    0.4889    0.6217    0.7453    0.8601    0.9668    1.066    1.158    1.243    1.322    1.395    1.463    1.527    1.585    1.64    1.691    1.739    1.784    1.825    1.864    1.901    1.935    1.968    1.998    2.027    2.054    2.079    2.103    2.126    2.148    2.168    
KR85    3.708e-09    0.0001054    0.0006541    0.001671    0.04471    0.07554    0.09975    0.1197    0.1365    0.1509    0.1634    0.1741    0.1835    0.1915    0.1985    0.2045    0.2096    0.2139    0.2175    0.2204    0.2228    0.2247    0.2261    0.2271    0.2277    0.2279    0.2279    0.2276    0.227    0.2261    0.2251    0.2239    0.2225    0.221    0.2194    0.2176    
RB85    1.376e-08    0.0003937    0.002461    0.006339    0.1607    0.2756    0.3698    0.451    0.523    0.5878    0.6468    0.701    0.7509    0.7971    0.8401    0.8801    0.9174    0.9524    0.9851    1.016    1.045    1.072    1.097    1.122    1.144    1.166    1.186    1.206    1.224    1.241    1.258    1.273    1.288    1.303    1.316    1.329    
KR86    3.22e-08    0.0008393    0.005234    0.01345    0.2907    0.4953    0.6626    0.8061    0.9326    1.046    1.148    1.242    1.327    1.406    1.478    1.545    1.606    1.664    1.717    1.766    1.812    1.855    1.895    1.932    1.967    1.999    2.03    2.058    2.085    2.11    2.134    2.156    2.176    2.196    2.214    2.232    
RB87    3.854e-08    0.00103    0.006423    0.01651    0.3633    0.6194    0.8283    1.007    1.165    1.306    1.434    1.55    1.656    1.753    1.843    1.925    2.002    2.072    2.138    2.199    2.255    2.308    2.357    2.402    2.445    2.485    2.522    2.556    2.589    2.619    2.647    2.674    2.699    2.723    2.745    2.765    
SR88    4.829e-08    0.001339    0.008359    0.0215    0.5124    0.8753    1.171    1.424    1.647    1.847    2.027    2.191    2.341    2.479    2.605    2.723    2.831    2.932    3.025    3.112    3.192    3.267    3.337    3.403    3.464    3.521    3.575    3.625    3.672    3.716    3.757    3.796    3.833    3.867    3.9    3.931    
SR89    6.234e-08    0.001183    0.005413    0.01023    0.3819    0.3435    0.2811    0.2353    0.2029    0.1788    0.1599    0.1444    0.1313    0.12    0.1101    0.1013    0.0935    0.08645    0.08008    0.07429    0.06902    0.0642    0.05978    0.05572    0.05199    0.04855    0.04538    0.04246    0.03975    0.03725    0.03493    0.03278    0.03079    0.02894    0.02723    0.02563    
Y89    6.445e-10    0.0004677    0.004874    0.01621    0.2673    0.7633    1.197    1.561    1.871    2.143    2.385    2.603    2.8    2.98    3.144    3.295    3.433    3.56    3.677    3.785    3.884    3.976    4.061    4.14    4.213    4.28    4.342    4.4    4.453    4.502    4.548    4.59    4.63    4.666    4.699    4.73    
SR90    8.06e-08    0.002098    0.01305    0.03345    0.8088    1.373    1.826    2.208    2.538    2.829    3.087    3.317    3.522    3.707    3.872    4.021    4.155    4.275    4.382    4.478    4.564    4.64    4.708    4.767    4.82    4.865    4.904    4.938    4.966    4.99    5.009    5.024    5.035    5.043    5.047    5.049    
ZR90    5.817e-13    3.713e-06    5.309e-05    0.0002332    0.002737    0.01164    0.02552    0.04347    0.06486    0.08924    0.1163    0.1456    0.177    0.2104    0.2454    0.2819    0.3198    0.3589    0.3991    0.4404    0.4825    0.5254    0.5691    0.6134    0.6583    0.7036    0.7494    0.7957    0.8422    0.889    0.9361    0.9834    1.031    1.078    1.126    1.174    
Y91    5.909e-08    0.001907    0.009008    0.01743    0.6037    0.5762    0.4832    0.4077    0.3525    0.3111    0.2786    0.252    0.2296    0.2103    0.1934    0.1785    0.1651    0.1531    0.1422    0.1323    0.1233    0.1151    0.1075    0.1006    0.09421    0.08833    0.0829    0.07788    0.07325    0.06895    0.06497    0.06129    0.05786    0.05468    0.05173    0.04898    
ZR91    4.703e-10    0.0006456    0.006948    0.02363    0.3634    1.081    1.734    2.289    2.765    3.182    3.553    3.887    4.19    4.467    4.72    4.953    5.167    5.365    5.548    5.717    5.873    6.018    6.153    6.278    6.394    6.502    6.602    6.696    6.783    6.864    6.94    7.01    7.076    7.137    7.195    7.248    
ZR92    1.102e-07    0.00327    0.02043    0.05258    1.198    2.05    2.745    3.341    3.867    4.338    4.765    5.154    5.51    5.838    6.141    6.421    6.68    6.922    7.146    7.355    7.551    7.733    7.904    8.064    8.213    8.354    8.486    8.61    8.727    8.838    8.942    9.04    9.133    9.221    9.304    9.383    
ZR93    9.854e-08    0.004341    0.0271    0.06963    1.562    2.669    3.563    4.321    4.983    5.568    6.092    6.563    6.988    7.374    7.724    8.043    8.333    8.597    8.838    9.057    9.256    9.437    9.602    9.751    9.887    10.01    10.12    10.22    10.31    10.39    10.46    10.52    10.58    10.63    10.67    10.71    
ZR94    1.825e-07    0.004792    0.02992    0.07706    1.767    3.022    4.053    4.944    5.734    6.448    7.098    7.695    8.247    8.759    9.236    9.68    10.1    10.49    10.85    11.2    11.52    11.83    12.12    12.4    12.66    12.91    13.14    13.37    13.59    13.79    13.99    14.18    14.36    14.53    14.7    14.86    
ZR95    2.228e-07    0.004488    0.02154    0.04224    1.293    1.272    1.084    0.9201    0.7964    0.7023    0.6281    0.5674    0.5161    0.4719    0.4332    0.3988    0.3681    0.3405    0.3155    0.2928    0.2721    0.2531    0.2358    0.2198    0.2052    0.1916    0.1792    0.1677    0.157    0.1472    0.1381    0.1297    0.1218    0.1146    0.1078    0.1016    
NB95    1.785e-09    0.0009479    0.007126    0.01718    0.382    0.5997    0.568    0.4933    0.4279    0.3768    0.3366    0.3038    0.2763    0.2527    0.232    0.2136    0.1972    0.1824    0.169    0.1569    0.1458    0.1356    0.1263    0.1177    0.1098    0.1026    0.0959    0.08972    0.08401    0.07872    0.07383    0.0693    0.06509    0.06119    0.05757    0.05421    
MO95    2.121e-11    0.0004325    0.007837    0.03401    0.3295    1.52    2.835    3.973    4.919    5.708    6.373    6.939    7.422    7.836    8.188    8.488    8.74    8.951    9.125    9.265    9.376    9.459    9.518    9.556    9.574    9.575    9.56    9.53    9.488    9.434    9.37    9.298    9.217    9.129    9.034    8.934    
ZR96    2.53e-07    0.006597    0.04114    0.1057    2.141    3.645    4.875    5.931    6.861    7.694    8.447    9.132    9.758    10.33    10.86    11.35    11.8    12.22    12.61    12.96    13.3    13.61    13.9    14.16    14.41    14.65    14.87    15.07    15.26    15.44    15.6    15.76    15.91    16.04    16.17    16.29    
MO96    2.696e-10    2.167e-05    0.0002205    0.0009841    0.006393    0.03493    0.09704    0.1899    0.3085    0.4484    0.606    0.7787    0.964    1.16    1.365    1.578    1.797    2.022    2.25    2.482    2.717    2.953    3.19    3.428    3.666    3.904    4.141    4.376    4.61    4.843    5.073    5.3    5.525    5.748    5.967    6.184    
MO97    1.227e-07    0.007042    0.04408    0.1134    2.308    3.958    5.294    6.432    7.428    8.314    9.109    9.828    10.48    11.08    11.62    12.12    12.57    12.99    13.38    13.73    14.06    14.36    14.63    14.89    15.12    15.33    15.53    15.72    15.88    16.04    16.18    16.31    16.43    16.54    16.64    16.74    
MO98    3.053e-07    0.007963    0.04969    0.1279    2.506    4.273    5.725    6.98    8.093    9.095    10.01    10.84    11.61    12.32    12.98    13.6    14.17    14.7    15.2    15.67    16.11    16.52    16.91    17.28    17.62    17.95    18.26    18.56    18.83    19.1    19.35    19.59    19.82    20.04    20.25    20.45    
MO99    2.986e-07    0.0009797    0.002792    0.00428    0.1568    0.1013    0.07581    0.06127    0.05174    0.0449    0.03968    0.0355    0.03206    0.02914    0.02664    0.02445    0.02251    0.02079    0.01925    0.01786    0.0166    0.01545    0.01441    0.01345    0.01258    0.01177    0.01103    0.01035    0.009719    0.009137    0.008599    0.0081    0.007638    0.00721    0.006812    0.006443    
TC99    5.403e-08    0.008956    0.05624    0.1439    2.535    4.365    5.742    6.832    7.716    8.439    9.031    9.513    9.903    10.21    10.45    10.63    10.75    10.83    10.87    10.87    10.84    10.78    10.7    10.6    10.48    10.34    10.19    10.03    9.859    9.681    9.496    9.305    9.111    8.914    8.715    8.514    
MO100    3.673e-07    0.00957    0.05966    0.1533    3.027    5.152    6.889    8.381    9.695    10.87    11.93    12.9    13.79    14.6    15.34    16.03    16.67    17.26    17.8    18.31    18.77    19.21    19.62    19.99    20.34    20.67    20.97    21.26    21.52    21.77    22    22.22    22.42    22.61    22.79    22.96    
RU100    1.51e-11    0.0001048    0.001387    0.00566    0.05491    0.2033    0.4205    0.6898    0.9999    1.342    1.71    2.099    2.503    2.918    3.342    3.772    4.204    4.638    5.07    5.499    5.924    6.344    6.757    7.162    7.559    7.948    8.327    8.696    9.054    9.402    9.74    10.07    10.38    10.69    10.98    11.26    
RU101    3.596e-07    0.009438    0.05871    0.1505    2.644    4.475    5.959    7.222    8.323    9.299    10.17    10.96    11.67    12.31    12.89    13.43    13.91    14.36    14.76    15.13    15.47    15.78    16.07    16.33    16.57    16.79    17    17.18    17.35    17.51    17.66    17.79    17.91    18.03    18.13    18.23    
RU102    3.886e-07    0.01018    0.0636    0.1639    2.744    4.681    6.289    7.69    8.942    10.08    11.12    12.08    12.97    13.81    14.58    15.31    15.99    16.64    17.24    17.82    18.36    18.87    19.36    19.82    20.27    20.69    21.09    21.47    21.84    22.2    22.54    22.86    23.18    23.48    23.77    24.06    
RU103    3.758e-07    0.00653    0.02829    0.05149    1.608    1.327    1.063    0.8916    0.7736    0.686    0.6168    0.5598    0.5116    0.47    0.4334    0.401    0.3721    0.3461    0.3225    0.3011    0.2817    0.2639    0.2476    0.2327    0.219    0.2063    0.1947    0.184    0.1741    0.1649    0.1565    0.1486    0.1414    0.1347    0.1285    0.1227    
RH103    4.911e-09    0.003177    0.02926    0.0866    1.344    3.122    4.116    4.579    4.733    4.706    4.574    4.381    4.158    3.921    3.682    3.448    3.224    3.012    2.812    2.626    2.453    2.292    2.144    2.007    1.88    1.763    1.656    1.556    1.465    1.38    1.302    1.23    1.164    1.102    1.045    0.9922    
RU104    4.259e-07    0.01119    0.06988    0.1797    2.8    4.761    6.375    7.767    8.999    10.1    11.1    12.01    12.85    13.61    14.31    14.96    15.56    16.11    16.62    17.09    17.53    17.94    18.32    18.67    18.99    19.29    19.57    19.84    20.08    20.31    20.52    20.71    20.9    21.07    21.23    21.38    
PD104    8.324e-12    0.0002006    0.004196    0.02069    0.1676    0.8614    1.931    3.189    4.524    5.869    7.186    8.452    9.656    10.79    11.86    12.85    13.78    14.65    15.46    16.2    16.9    17.55    18.16    18.72    19.24    19.73    20.19    20.61    21.01    21.39    21.74    22.06    22.37    22.66    22.93    23.18    
RH105    2.238e-07    0.0003866    0.001102    0.00169    0.05431    0.03522    0.02646    0.02146    0.01818    0.01582    0.01402    0.01257    0.01137    0.01036    0.009484    0.00872    0.008045    0.007443    0.006904    0.006417    0.005976    0.005575    0.005208    0.004873    0.004566    0.004283    0.004023    0.003783    0.003562    0.003358    0.003168    0.002993    0.002831    0.00268    0.00254    0.00241    
PD105    8.599e-08    0.00674    0.04222    0.1083    1.697    2.905    3.856    4.643    5.313    5.89    6.391    6.828    7.209    7.541    7.829    8.08    8.296    8.48    8.637    8.769    8.878    8.967    9.037    9.09    9.128    9.152    9.164    9.164    9.154    9.135    9.108    9.074    9.032    8.985    8.932    8.875    
RU106    3.875e-07    0.009622    0.05664    0.136    1.897    2.847    3.373    3.643    3.751    3.752    3.682    3.567    3.422    3.261    3.09    2.917    2.745    2.577    2.416    2.261    2.114    1.976    1.845    1.723    1.609    1.502    1.403    1.31    1.224    1.144    1.07    1.001    0.937    0.8775    0.8223    0.771    
PD106    4.049e-08    0.003693    0.02668    0.07903    1.014    2.122    3.334    4.599    5.882    7.159    8.413    9.633    10.81    11.95    13.03    14.08    15.07    16.02    16.92    17.78    18.6    19.38    20.12    20.83    21.51    22.15    22.77    23.36    23.92    24.46    24.98    25.48    25.96    26.42    26.86    27.28    
PD107    3.356e-07    0.008782    0.05451    0.1394    1.603    2.684    3.561    4.304    4.948    5.513    6.011    6.451    6.84    7.185    7.49    7.759    7.995    8.202    8.382    8.538    8.672    8.785    8.881    8.96    9.023    9.073    9.11    9.136    9.151    9.157    9.154    9.142    9.124    9.1    9.069    9.033    
PD108    2.567e-07    0.006689    0.04164    0.1068    1.143    1.923    2.57    3.13    3.624    4.067    4.466    4.826    5.152    5.448    5.717    5.96    6.181    6.381    6.562    6.725    6.872    7.004    7.122    7.227    7.32    7.403    7.474    7.537    7.59    7.636    7.674    7.704    7.728    7.746    7.759    7.765    
AG109    7.64e-08    0.003717    0.0223    0.05482    0.6697    1.05    1.298    1.465    1.578    1.653    1.701    1.729    1.742    1.745    1.74    1.73    1.716    1.699    1.681    1.661    1.641    1.62    1.6    1.58    1.56    1.541    1.522    1.504    1.486    1.469    1.452    1.436    1.421    1.405    1.391    1.376    
PD110    7.916e-08    0.002063    0.01286    0.03307    0.332    0.5593    0.7494    0.9156    1.064    1.198    1.32    1.432    1.535    1.629    1.717    1.797    1.871    1.94    2.004    2.063    2.118    2.17    2.217    2.261    2.302    2.341    2.376    2.409    2.44    2.469    2.496    2.522    2.545    2.567    2.588    2.607    
AG110M    4.316e-12    7.722e-06    8.867e-05    0.0003181    0.002466    0.007282    0.01237    0.01688    0.02057    0.02345    0.02562    0.0272    0.02829    0.02902    0.02945    0.02966    0.0297    0.02963    0.02946    0.02923    0.02895    0.02865    0.02832    0.02799    0.02765    0.02731    0.02698    0.02665    0.02633    0.02601    0.02571    0.02541    0.02513    0.02485    0.02458    0.02432    
CD110    9.837e-11    0.0001974    0.002485    0.009857    0.07097    0.2345    0.4598    0.724    1.013    1.316    1.627    1.941    2.254    2.564    2.869    3.166    3.457    3.739    4.013    4.279    4.536    4.785    5.025    5.257    5.481    5.698    5.907    6.108    6.303    6.49    6.671    6.846    7.015    7.177    7.334    7.485    
CD111    2.528e-09    0.0009236    0.006016    0.01574    0.1417    0.2572    0.3502    0.4318    0.5068    0.5777    0.646    0.7127    0.7782    0.8432    0.9078    0.9722    1.037    1.101    1.166    1.231    1.296    1.362    1.427    1.493    1.559    1.625    1.692    1.758    1.824    1.891    1.957    2.023    2.089    2.154    2.22    2.285    
CD112    6.564e-09    0.0004334    0.002786    0.007368    0.06524    0.1158    0.1627    0.208    0.2525    0.2967    0.3409    0.3855    0.4304    0.4759    0.5222    0.5693    0.6173    0.6664    0.7167    0.7682    0.821    0.8751    0.9307    0.9878    1.046    1.107    1.168    1.232    1.297    1.364    1.432    1.503    1.575    1.648    1.724    1.801    
CD114    8.2e-09    0.0004313    0.002712    0.007004    0.07112    0.1215    0.1634    0.2001    0.2329    0.2627    0.29    0.3152    0.3385    0.3602    0.3804    0.3994    0.4172    0.4339    0.4498    0.4648    0.4791    0.4927    0.5057    0.5183    0.5303    0.542    0.5533    0.5643    0.5751    0.5857    0.5961    0.6063    0.6165    0.6266    0.6367    0.6467    
IN115    5.936e-10    7.021e-05    0.0003764    0.0008159    0.01347    0.01697    0.0167    0.01536    0.01389    0.01255    0.0114    0.01042    0.009589    0.008867    0.008237    0.007681    0.007187    0.006743    0.006344    0.005983    0.005655    0.005356    0.005083    0.004834    0.004606    0.004397    0.004206    0.00403    0.003869    0.003721    0.003586    0.003462    0.003348    0.003244    0.003148    0.003061    
CD116    2.396e-09    6.254e-05    0.0003902    0.001003    0.01843    0.03136    0.04196    0.05107    0.05912    0.06632    0.07284    0.07878    0.08421    0.0892    0.09379    0.09803    0.1019    0.1056    0.1089    0.1121    0.1149    0.1176    0.1201    0.1225    0.1247    0.1267    0.1286    0.1304    0.132    0.1336    0.135    0.1364    0.1377    0.1388    0.14    0.141    
SN116    2.781e-12    1.487e-05    0.0001749    0.0006359    0.005483    0.01707    0.02985    0.04202    0.05317    0.06326    0.07244    0.08081    0.08849    0.09559    0.1022    0.1083    0.114    0.1194    0.1244    0.1291    0.1336    0.1378    0.1417    0.1455    0.1491    0.1525    0.1557    0.1588    0.1618    0.1646    0.1673    0.1699    0.1724    0.1749    0.1772    0.1795    
SN117    1.811e-09    5.199e-05    0.0003242    0.0008332    0.0182    0.03102    0.04143    0.05032    0.05811    0.06504    0.07128    0.07693    0.08206    0.08675    0.09105    0.09498    0.09859    0.1019    0.105    0.1078    0.1104    0.1128    0.115    0.117    0.1189    0.1206    0.1222    0.1237    0.1251    0.1263    0.1275    0.1286    0.1296    0.1305    0.1313    0.1321    
SN118    1.985e-09    5.264e-05    0.0003286    0.0008459    0.01828    0.03122    0.04185    0.05102    0.05915    0.06647    0.07314    0.07925    0.08489    0.0901    0.09495    0.09946    0.1037    0.1076    0.1113    0.1148    0.118    0.1211    0.124    0.1267    0.1293    0.1318    0.1341    0.1363    0.1384    0.1404    0.1423    0.1441    0.1459    0.1475    0.1491    0.1507    
SN119    1.988e-09    5.215e-05    0.0003253    0.0008365    0.01858    0.03169    0.04239    0.05155    0.0596    0.06677    0.07323    0.07909    0.08441    0.08928    0.09373    0.0978    0.1016    0.105    0.1082    0.1111    0.1138    0.1162    0.1185    0.1206    0.1226    0.1244    0.126    0.1275    0.1289    0.1302    0.1314    0.1325    0.1335    0.1345    0.1353    0.1361    
SN120    1.958e-09    5.108e-05    0.0003188    0.0008203    0.01898    0.03242    0.04344    0.05292    0.06131    0.06886    0.07572    0.08201    0.08779    0.09313    0.09809    0.1027    0.107    0.111    0.1148    0.1183    0.1216    0.1247    0.1276    0.1304    0.133    0.1355    0.1378    0.14    0.1421    0.1441    0.146    0.1478    0.1496    0.1512    0.1528    0.1543    
SB121    6.537e-10    5.012e-05    0.0003131    0.0008026    0.0195    0.03338    0.04427    0.05328    0.06091    0.06749    0.07319    0.07815    0.08248    0.08625    0.08954    0.09238    0.09483    0.09693    0.09872    0.1002    0.1014    0.1024    0.1032    0.1038    0.1042    0.1045    0.1046    0.1046    0.1044    0.1042    0.1038    0.1034    0.1029    0.1023    0.1016    0.1009    
SN122    1.926e-09    5.019e-05    0.000313    0.0008046    0.02082    0.03553    0.04752    0.05777    0.06679    0.07485    0.08213    0.08875    0.09481    0.1004    0.1055    0.1102    0.1146    0.1186    0.1224    0.1259    0.1291    0.1321    0.1349    0.1376    0.14    0.1423    0.1444    0.1464    0.1483    0.1501    0.1517    0.1533    0.1547    0.1561    0.1574    0.1586    
SB123    1.65e-09    4.465e-05    0.0002848    0.0007473    0.01983    0.03571    0.04929    0.06102    0.07123    0.08017    0.08804    0.09498    0.1011    0.1066    0.1114    0.1157    0.1195    0.1229    0.1259    0.1285    0.1308    0.1328    0.1345    0.136    0.1373    0.1383    0.1392    0.1399    0.1404    0.1408    0.141    0.1411    0.1411    0.141    0.1408    0.1406    
SN124    2.395e-09    6.239e-05    0.0003889    0.0009994    0.03064    0.05233    0.06991    0.0849    0.09803    0.1097    0.1203    0.1298    0.1385    0.1465    0.1538    0.1605    0.1667    0.1724    0.1777    0.1826    0.1871    0.1913    0.1952    0.1988    0.2022    0.2053    0.2082    0.2109    0.2134    0.2158    0.218    0.22    0.2219    0.2236    0.2253    0.2268    
SB125    2.622e-09    8.443e-05    0.0005224    0.001317    0.06241    0.1073    0.1379    0.1597    0.1755    0.1867    0.1944    0.1993    0.2019    0.2028    0.2022    0.2005    0.1977    0.1942    0.1901    0.1854    0.1804    0.1752    0.1697    0.1641    0.1584    0.1527    0.147    0.1414    0.1358    0.1304    0.125    0.1198    0.1147    0.1098    0.105    0.1004    
TE125    1.039e-12    1.276e-06    1.844e-05    8.026e-05    0.001618    0.007652    0.01695    0.02855    0.0418    0.05622    0.07145    0.08721    0.1033    0.1195    0.1357    0.1518    0.1677    0.1833    0.1986    0.2135    0.228    0.242    0.2556    0.2686    0.2812    0.2933    0.305    0.3161    0.3268    0.3369    0.3467    0.3559    0.3648    0.3732    0.3812    0.3888    
SN126    6.253e-09    0.0001629    0.001016    0.002611    0.1042    0.1783    0.2382    0.2892    0.3338    0.3735    0.4092    0.4416    0.4712    0.4983    0.5231    0.546    0.5671    0.5867    0.6047    0.6215    0.637    0.6515    0.6649    0.6774    0.689    0.6998    0.7099    0.7193    0.7281    0.7363    0.744    0.7512    0.7579    0.7642    0.7701    0.7756    
TE126    6.157e-12    3.317e-07    2.746e-06    8.767e-06    0.0027    0.005299    0.007534    0.009587    0.01153    0.01342    0.01525    0.01706    0.01885    0.02062    0.02238    0.02413    0.02587    0.02761    0.02934    0.03107    0.0328    0.03452    0.03624    0.03796    0.03968    0.04139    0.04311    0.04482    0.04653    0.04823    0.04994    0.05164    0.05334    0.05504    0.05674    0.05843    
TE127M    2.999e-10    5.43e-05    0.0002894    0.0006193    0.02701    0.03312    0.03157    0.02824    0.02491    0.02202    0.01961    0.01761    0.01593    0.01449    0.01325    0.01217    0.01121    0.01035    0.009581    0.008885    0.008252    0.007676    0.007149    0.006667    0.006223    0.005816    0.00544    0.005094    0.004774    0.004478    0.004205    0.003952    0.003717    0.003499    0.003297    0.00311    
I127    1.024e-09    0.0004036    0.002634    0.006955    0.2241    0.4163    0.5704    0.6986    0.8073    0.9007    0.9817    1.052    1.114    1.168    1.215    1.256    1.292    1.323    1.35    1.373    1.393    1.409    1.422    1.433    1.441    1.447    1.451    1.454    1.454    1.453    1.451    1.448    1.443    1.438    1.431    1.424    
TE128    2.785e-08    0.0007477    0.004665    0.012    0.4505    0.7719    1.032    1.254    1.448    1.622    1.778    1.92    2.05    2.168    2.278    2.379    2.472    2.558    2.639    2.713    2.782    2.847    2.907    2.962    3.015    3.064    3.109    3.152    3.192    3.229    3.264    3.297    3.328    3.357    3.385    3.411    
XE128    8.946e-14    1.685e-06    2.324e-05    9.732e-05    0.001638    0.006697    0.01443    0.02431    0.03598    0.04915    0.06359    0.07913    0.0956    0.1129    0.1308    0.1494    0.1684    0.1878    0.2076    0.2277    0.2479    0.2683    0.2889    0.3095    0.3301    0.3507    0.3713    0.3918    0.4122    0.4325    0.4526    0.4726    0.4924    0.5121    0.5315    0.5506    
TE129M    7.264e-09    0.0001302    0.0005454    0.0009719    0.05682    0.0443    0.03473    0.02877    0.02472    0.02173    0.01939    0.01748    0.01587    0.01449    0.01328    0.01221    0.01127    0.01041    0.009645    0.008948    0.008314    0.007735    0.007205    0.006719    0.006272    0.005861    0.005481    0.005131    0.004807    0.004508    0.004231    0.003974    0.003736    0.003515    0.00331    0.003119    
I129    4.741e-08    0.00144    0.009105    0.0234    0.733    1.267    1.661    1.963    2.198    2.383    2.526    2.637    2.719    2.778    2.817    2.839    2.846    2.84    2.824    2.798    2.765    2.726    2.68    2.631    2.577    2.52    2.461    2.401    2.338    2.275    2.212    2.148    2.084    2.021    1.958    1.895    
TE130    1.297e-07    0.003394    0.02116    0.05439    1.374    2.345    3.135    3.81    4.404    4.934    5.412    5.847    6.244    6.608    6.943    7.252    7.537    7.8    8.044    8.271    8.481    8.676    8.858    9.027    9.185    9.332    9.469    9.596    9.716    9.827    9.932    10.03    10.12    10.21    10.29    10.36    
XE130    1.304e-11    2.219e-05    0.000292    0.001203    0.02203    0.0805    0.1654    0.2695    0.3881    0.5177    0.6556    0.7995    0.9476    1.098    1.251    1.403    1.555    1.706    1.854    2    2.143    2.283    2.419    2.551    2.679    2.803    2.922    3.037    3.147    3.252    3.353    3.45    3.542    3.629    3.712    3.791    
I131    2.087e-07    0.00196    0.005587    0.008566    0.3731    0.2401    0.179    0.1442    0.1214    0.1051    0.09268    0.08278    0.07463    0.06775    0.06184    0.05669    0.05215    0.04811    0.04449    0.04123    0.03828    0.0356    0.03315    0.03092    0.02887    0.02699    0.02525    0.02365    0.02218    0.02082    0.01956    0.01839    0.01731    0.0163    0.01537    0.01451    
XE131    1.345e-08    0.005583    0.03512    0.08791    1.822    3.156    3.93    4.382    4.627    4.732    4.741    4.681    4.573    4.433    4.271    4.095    3.912    3.727    3.542    3.36    3.184    3.013    2.85    2.694    2.546    2.406    2.274    2.15    2.033    1.924    1.821    1.726    1.636    1.553    1.475    1.403    
TE132    3.086e-07    0.001169    0.003336    0.005122    0.2083    0.1343    0.1003    0.08094    0.06823    0.05911    0.05215    0.04658    0.04199    0.03812    0.03478    0.03186    0.02929    0.027    0.02495    0.02311    0.02143    0.01991    0.01852    0.01725    0.01608    0.01501    0.01403    0.01312    0.01228    0.0115    0.01079    0.01012    0.009506    0.008935    0.008404    0.007912    
XE132    5.255e-08    0.009435    0.06201    0.166    3.091    5.8    8.228    10.48    12.6    14.6    16.49    18.27    19.96    21.54    23.03    24.43    25.75    26.98    28.14    29.23    30.24    31.2    32.09    32.93    33.72    34.45    35.15    35.79    36.4    36.97    37.51    38.01    38.49    38.93    39.35    39.75    
I133    3.155e-07    0.0004567    0.001301    0.001994    0.0752    0.04852    0.03627    0.02927    0.02469    0.0214    0.01888    0.01687    0.01521    0.01381    0.0126    0.01155    0.01062    0.009787    0.009043    0.008373    0.007766    0.007214    0.006711    0.00625    0.005828    0.005439    0.005082    0.004752    0.004448    0.004167    0.003907    0.003666    0.003443    0.003236    0.003043    0.002865    
XE133    1.87e-07    0.002709    0.00772    0.01184    0.4489    0.2898    0.2168    0.1752    0.1479    0.1284    0.1135    0.1016    0.0918    0.08352    0.07639    0.07018    0.0647    0.05983    0.05546    0.05152    0.04796    0.04472    0.04177    0.03907    0.03659    0.03432    0.03222    0.0303    0.02852    0.02687    0.02535    0.02394    0.02264    0.02143    0.0203    0.01926    
CS133    1.605e-08    0.01251    0.07992    0.2053    3.655    6.5    8.528    10.06    11.24    12.15    12.85    13.38    13.76    14.02    14.18    14.25    14.25    14.19    14.08    13.92    13.72    13.49    13.24    12.96    12.67    12.36    12.05    11.73    11.4    11.07    10.74    10.41    10.08    9.76    9.441    9.126    
XE134    6.249e-07    0.01701    0.1061    0.2728    4.476    7.606    10.18    12.39    14.35    16.11    17.7    19.14    20.47    21.69    22.81    23.84    24.8    25.68    26.5    27.26    27.97    28.63    29.24    29.81    30.34    30.83    31.29    31.72    32.12    32.5    32.85    33.18    33.49    33.78    34.05    34.3    
CS134    8.081e-12    0.0001992    0.002533    0.009588    0.0997    0.3498    0.6484    0.9466    1.222    1.466    1.676    1.852    1.996    2.112    2.202    2.27    2.318    2.349    2.365    2.369    2.362    2.345    2.321    2.29    2.253    2.212    2.168    2.12    2.07    2.018    1.965    1.911    1.856    1.801    1.746    1.692    
BA134    4.323e-15    3.903e-06    0.0001078    0.0006709    0.004436    0.02636    0.07817    0.1625    0.2781    0.4219    0.5901    0.7789    0.9845    1.204    1.433    1.671    1.913    2.16    2.407    2.655    2.902    3.146    3.387    3.624    3.856    4.083    4.305    4.52    4.729    4.931    5.127    5.317    5.499    5.675    5.843    6.005    
CS135    2.109e-08    0.0006428    0.004384    0.01245    0.2038    0.4169    0.6684    0.9769    1.344    1.765    2.231    2.735    3.268    3.822    4.391    4.968    5.548    6.127    6.701    7.265    7.819    8.359    8.883    9.39    9.879    10.35    10.8    11.23    11.64    12.02    12.39    12.74    13.06    13.37    13.66    13.92    
XE136    1.077e-06    0.02996    0.1868    0.4803    8.318    14.14    18.91    23.03    26.66    29.92    32.88    35.57    38.03    40.3    42.39    44.31    46.1    47.75    49.28    50.7    52.02    53.26    54.4    55.47    56.47    57.4    58.27    59.09    59.85    60.57    61.24    61.87    62.46    63.01    63.53    64.02    
CS136    1.347e-09    1.459e-05    5.619e-05    0.000106    0.01543    0.01101    0.009284    0.008712    0.008779    0.009262    0.01004    0.01103    0.01218    0.01345    0.0148    0.01621    0.01766    0.01913    0.02061    0.02207    0.02352    0.02494    0.02633    0.02768    0.02899    0.03025    0.03146    0.03262    0.03373    0.03478    0.03578    0.03672    0.03761    0.03845    0.03923    0.03996    
BA136    5.54e-11    2.445e-05    0.0002081    0.0006399    0.04529    0.09677    0.1407    0.1824    0.2249    0.27    0.3193    0.3738    0.4343    0.5015    0.5759    0.6578    0.7475    0.845    0.9504    1.064    1.185    1.314    1.45    1.594    1.745    1.903    2.068    2.239    2.416    2.599    2.787    2.981    3.18    3.384    3.592    3.804    
CS137    5.282e-07    0.01376    0.08562    0.2196    3.945    6.68    8.899    10.79    12.43    13.89    15.18    16.35    17.4    18.34    19.2    19.97    20.67    21.3    21.88    22.39    22.86    23.27    23.65    23.99    24.29    24.55    24.79    25    25.18    25.34    25.47    25.59    25.68    25.76    25.82    25.87    
BA137    5.488e-11    2.414e-05    0.0003234    0.00137    0.01436    0.05289    0.1104    0.1834    0.2694    0.3666    0.4737    0.5894    0.7127    0.8428    0.9788    1.12    1.266    1.416    1.57    1.726    1.886    2.047    2.211    2.376    2.543    2.71    2.879    3.048    3.217    3.387    3.556    3.726    3.895    4.064    4.232    4.4    
BA138    5.174e-07    0.01368    0.08531    0.2193    3.547    6.024    8.061    9.817    11.37    12.77    14.03    15.18    16.24    17.21    18.11    18.94    19.71    20.42    21.08    21.7    22.27    22.81    23.31    23.78    24.22    24.63    25.01    25.38    25.72    26.04    26.35    26.64    26.91    27.17    27.42    27.65    
LA139    4.935e-07    0.01321    0.08213    0.2103    3.457    5.836    7.754    9.374    10.78    12.01    13.09    14.06    14.92    15.68    16.36    16.97    17.51    17.99    18.41    18.78    19.11    19.39    19.63    19.84    20.02    20.17    20.29    20.39    20.46    20.51    20.54    20.56    20.56    20.54    20.52    20.47    
BA140    4.63e-07    0.004558    0.01562    0.02543    0.8    0.5432    0.4195    0.3464    0.2971    0.2607    0.2322    0.209    0.1895    0.1728    0.1582    0.1454    0.134    0.1237    0.1145    0.1061    0.09852    0.09159    0.08524    0.07942    0.07408    0.06916    0.06463    0.06044    0.05658    0.053    0.04969    0.04663    0.04378    0.04115    0.0387    0.03642    
LA140    1.55e-08    0.0006021    0.002075    0.003401    0.1064    0.07333    0.05763    0.0485    0.04244    0.03803    0.03462    0.03186    0.02957    0.0276    0.0259    0.0244    0.02306    0.02186    0.02078    0.0198    0.0189    0.01807    0.01732    0.01662    0.01597    0.01537    0.01481    0.01429    0.0138    0.01335    0.01292    0.01252    0.01215    0.0118    0.01147    0.01116    
CE140    4.047e-09    0.008051    0.06387    0.1809    2.657    5.471    7.716    9.643    11.36    12.92    14.35    15.68    16.91    18.07    19.16    20.19    21.16    22.08    22.96    23.79    24.58    25.34    26.06    26.75    27.42    28.05    28.66    29.25    29.82    30.37    30.89    31.4    31.89    32.37    32.83    33.28    
CE141    3.647e-07    0.006397    0.0265    0.04694    1.516    1.177    0.9305    0.7778    0.6736    0.596    0.5346    0.4841    0.4414    0.4044    0.372    0.3433    0.3177    0.2946    0.2738    0.2549    0.2376    0.2219    0.2075    0.1942    0.1821    0.1709    0.1606    0.1511    0.1423    0.1342    0.1267    0.1197    0.1133    0.1073    0.1018    0.09662    
PR141    5.863e-09    0.00404    0.03819    0.1182    1.737    4.301    6.312    7.93    9.281    10.43    11.43    12.29    13.04    13.7    14.27    14.76    15.18    15.55    15.86    16.12    16.33    16.51    16.64    16.75    16.82    16.87    16.89    16.89    16.87    16.84    16.78    16.71    16.63    16.54    16.43    16.31    
CE142    3.895e-07    0.01057    0.06612    0.1702    3.145    5.367    7.184    8.742    10.11    11.34    12.45    13.45    14.37    15.21    15.99    16.7    17.35    17.95    18.51    19.03    19.5    19.95    20.36    20.74    21.09    21.41    21.72    22    22.26    22.5    22.73    22.94    23.13    23.31    23.48    23.64    
ND142    2.31e-13    1.85e-05    0.0003906    0.001969    0.01575    0.08167    0.1918    0.3354    0.5054    0.6964    0.9043    1.126    1.358    1.599    1.846    2.097    2.352    2.608    2.864    3.12    3.374    3.625    3.873    4.118    4.358    4.593    4.823    5.047    5.265    5.477    5.683    5.882    6.075    6.261    6.44    6.612    
CE143    2.683e-07    0.0005192    0.00148    0.00227    0.08452    0.05463    0.04093    0.03311    0.028    0.02434    0.02155    0.01932    0.01748    0.01592    0.01459    0.01342    0.01239    0.01148    0.01066    0.009917    0.009247    0.008638    0.008083    0.007575    0.00711    0.006682    0.006288    0.005925    0.00559    0.005281    0.004994    0.004729    0.004483    0.004255    0.004043    0.003847    
PR143    1.05e-07    0.00362    0.0125    0.0204    0.6822    0.4643    0.3591    0.297    0.2552    0.2245    0.2005    0.181    0.1646    0.1506    0.1384    0.1277    0.1181    0.1096    0.1019    0.09489    0.08855    0.08277    0.07749    0.07264    0.06819    0.0641    0.06033    0.05685    0.05363    0.05066    0.04791    0.04536    0.04299    0.0408    0.03876    0.03687    
ND143    3.378e-09    0.005395    0.03838    0.09576    1.734    2.88    3.243    3.262    3.132    2.942    2.736    2.534    2.347    2.176    2.022    1.885    1.763    1.655    1.558    1.472    1.395    1.327    1.265    1.21    1.161    1.116    1.076    1.04    1.008    0.9785    0.9522    0.9285    0.907    0.8877    0.8703    0.8545    
CE144    3.524e-07    0.008626    0.04997    0.1178    2.165    3.148    3.601    3.762    3.756    3.652    3.494    3.308    3.109    2.908    2.712    2.524    2.347    2.18    2.024    1.88    1.746    1.623    1.509    1.404    1.307    1.217    1.135    1.058    0.9881    0.9231    0.863    0.8074    0.756    0.7084    0.6642    0.6233    
ND144    7.39e-10    0.001306    0.01791    0.07206    0.6843    2.55    4.918    7.436    9.934    12.33    14.58    16.68    18.63    20.43    22.08    23.61    25.02    26.32    27.52    28.63    29.65    30.6    31.48    32.3    33.06    33.77    34.44    35.05    35.63    36.17    36.68    37.16    37.61    38.03    38.43    38.8    
ND145    2.407e-07    0.006987    0.04284    0.108    1.903    3.133    4.049    4.765    5.335    5.793    6.161    6.456    6.689    6.869    7.005    7.104    7.169    7.207    7.221    7.215    7.191    7.153    7.102    7.041    6.971    6.895    6.813    6.727    6.637    6.545    6.451    6.356    6.261    6.167    6.073    5.98    
ND146    2.332e-07    0.006276    0.03997    0.1051    1.703    3.013    4.192    5.295    6.348    7.36    8.338    9.286    10.21    11.1    11.96    12.81    13.62    14.41    15.18    15.93    16.65    17.35    18.04    18.7    19.34    19.96    20.56    21.14    21.71    22.26    22.79    23.31    23.81    24.3    24.77    25.23    
ND147    1.868e-07    0.001657    0.005542    0.008952    0.2752    0.1862    0.144    0.1192    0.1027    0.09058    0.0812    0.07362    0.0673    0.06193    0.05728    0.05321    0.04961    0.04641    0.04355    0.04097    0.03864    0.03653    0.03461    0.03287    0.03127    0.02982    0.02849    0.02727    0.02615    0.02513    0.02419    0.02333    0.02253    0.0218    0.02113    0.02052    
PM147    8.853e-09    0.002998    0.01978    0.0469    0.834    1.232    1.302    1.251    1.161    1.064    0.972    0.8892    0.8159    0.7514    0.6946    0.6444    0.5997    0.5599    0.524    0.4918    0.4626    0.4361    0.4121    0.3901    0.3701    0.3518    0.3351    0.3198    0.3057    0.2928    0.2809    0.2701    0.2601    0.2509    0.2424    0.2347    
SM147    3.872e-12    5.218e-05    0.0008017    0.003267    0.0281    0.1105    0.2015    0.2823    0.3479    0.3982    0.4349    0.4602    0.4763    0.4848    0.4874    0.4853    0.4796    0.4711    0.4605    0.4484    0.4352    0.4212    0.4068    0.3922    0.3776    0.3631    0.3489    0.335    0.3215    0.3085    0.296    0.2841    0.2726    0.2617    0.2514    0.2416    
ND148    1.686e-07    0.004442    0.02772    0.07119    1.135    1.923    2.568    3.12    3.604    4.036    4.424    4.774    5.092    5.381    5.645    5.885    6.104    6.305    6.488    6.655    6.808    6.948    7.075    7.192    7.298    7.394    7.482    7.561    7.633    7.698    7.757    7.809    7.857    7.899    7.936    7.969    
PM148    1.752e-11    5.935e-05    0.0003932    0.0009372    0.01653    0.02477    0.02627    0.02527    0.02347    0.02151    0.01965    0.01797    0.01649    0.01519    0.01404    0.01302    0.01212    0.01131    0.01059    0.009936    0.009346    0.008811    0.008325    0.007881    0.007477    0.007107    0.006768    0.006458    0.006174    0.005913    0.005674    0.005454    0.005252    0.005066    0.004895    0.004738    
SM148    1.212e-12    0.00019    0.002919    0.01208    0.1047    0.4077    0.7809    1.164    1.534    1.884    2.21    2.515    2.798    3.062    3.309    3.54    3.755    3.957    4.146    4.324    4.49    4.645    4.791    4.929    5.057    5.178    5.292    5.399    5.499    5.594    5.683    5.767    5.846    5.92    5.991    6.057    
PM149    9.834e-08    0.0002885    0.0009029    0.001506    0.04333    0.03318    0.02775    0.02402    0.02118    0.01891    0.01706    0.01551    0.0142    0.01307    0.0121    0.01124    0.01048    0.009805    0.009199    0.008652    0.008157    0.007708    0.007298    0.006924    0.006581    0.006266    0.005977    0.005711    0.005466    0.00524    0.005032    0.004839    0.00466    0.004495    0.004342    0.004201    
ND150    1.06e-07    0.00276    0.0172    0.04417    0.6705    1.136    1.518    1.846    2.136    2.395    2.629    2.841    3.035    3.212    3.373    3.522    3.658    3.784    3.899    4.005    4.103    4.193    4.276    4.352    4.423    4.488    4.548    4.603    4.653    4.7    4.743    4.782    4.818    4.851    4.882    4.909    
SM150    1.107e-08    0.003317    0.02153    0.05665    0.8544    1.553    2.09    2.488    2.769    2.957    3.07    3.127    3.139    3.118    3.072    3.008    2.93    2.844    2.752    2.657    2.561    2.464    2.369    2.277    2.187    2.1    2.017    1.938    1.863    1.791    1.724    1.66    1.6    1.543    1.49    1.44    
SM151    2.313e-08    0.0003407    0.001078    0.001862    0.05086    0.04183    0.03961    0.03915    0.03904    0.03883    0.03842    0.03778    0.03695    0.03598    0.03489    0.03373    0.03253    0.0313    0.03007    0.02886    0.02767    0.02651    0.02539    0.02431    0.02328    0.0223    0.02137    0.02049    0.01965    0.01886    0.01812    0.01742    0.01677    0.01615    0.01558    0.01504    
SM152    6.706e-08    0.003436    0.02031    0.04904    0.808    1.254    1.515    1.678    1.78    1.84    1.869    1.873    1.859    1.83    1.791    1.743    1.689    1.631    1.571    1.51    1.449    1.388    1.329    1.271    1.215    1.161    1.11    1.061    1.014    0.9703    0.9285    0.8891    0.8521    0.8172    0.7844    0.7537    
SM153    3.734e-08    0.0001318    0.0004999    0.0009784    0.02007    0.02173    0.02315    0.02412    0.0247    0.02495    0.02494    0.02471    0.0243    0.02376    0.02311    0.02239    0.02162    0.02081    0.01999    0.01917    0.01835    0.01755    0.01677    0.01601    0.01529    0.01459    0.01393    0.0133    0.0127    0.01213    0.0116    0.0111    0.01062    0.01018    0.009761    0.009369    
EU153    1.044e-08    0.001353    0.009169    0.02463    0.3187    0.6232    0.8607    1.031    1.148    1.224    1.269    1.291    1.296    1.286    1.267    1.239    1.206    1.169    1.129    1.087    1.044    1.001    0.9588    0.9171    0.8766    0.8373    0.7996    0.7635    0.729    0.6962    0.6652    0.6358    0.6081    0.582    0.5574    0.5343    
SM154    3.473e-08    0.0009254    0.005796    0.01496    0.203    0.3471    0.4682    0.5742    0.669    0.7546    0.8324    0.9034    0.9682    1.027    1.082    1.131    1.176    1.217    1.255    1.289    1.319    1.347    1.372    1.395    1.415    1.433    1.449    1.463    1.476    1.486    1.496    1.504    1.51    1.516    1.52    1.524    
EU154    4.356e-11    0.0001697    0.001806    0.006009    0.05747    0.1652    0.2631    0.3378    0.3906    0.4263    0.4488    0.4613    0.4664    0.4658    0.4608    0.4524    0.4416    0.4289    0.415    0.4002    0.385    0.3696    0.3542    0.339    0.3242    0.3097    0.2958    0.2825    0.2697    0.2576    0.2461    0.2351    0.2248    0.2151    0.2059    0.1973    
GD154    5.023e-15    8.014e-07    1.847e-05    0.0001012    0.0006075    0.003101    0.007885    0.01426    0.02146    0.0289    0.03618    0.04303    0.04928    0.05484    0.05967    0.06376    0.06713    0.0698    0.07182    0.07325    0.07414    0.07455    0.07452    0.07413    0.07341    0.07241    0.07119    0.06977    0.06821    0.06652    0.06475    0.06291    0.06103    0.05913    0.05722    0.05532    
EU155    2.036e-08    0.0002317    0.001143    0.002824    0.04181    0.06794    0.09756    0.1215    0.1388    0.1504    0.1578    0.1618    0.1633    0.1629    0.1611    0.1581    0.1543    0.1499    0.1451    0.14    0.1347    0.1294    0.1241    0.1188    0.1137    0.1087    0.1039    0.09935    0.09495    0.09077    0.08679    0.08302    0.07946    0.0761    0.07294    0.06997    
EU156    1.015e-08    0.000316    0.001507    0.003456    0.05528    0.07676    0.1065    0.1318    0.1503    0.1629    0.1708    0.1751    0.1767    0.1763    0.1742    0.171    0.1668    0.162    0.1568    0.1512    0.1455    0.1397    0.134    0.1283    0.1227    0.1173    0.1121    0.1071    0.1024    0.09781    0.09349    0.0894    0.08554    0.08189    0.07846    0.07523    
GD156    3.116e-10    0.0004257    0.004342    0.01557    0.1434    0.4144    0.823    1.366    2.011    2.726    3.484    4.267    5.057    5.845    6.62    7.378    8.112    8.819    9.497    10.14    10.76    11.34    11.89    12.41    12.9    13.36    13.79    14.19    14.57    14.92    15.24    15.55    15.83    16.09    16.33    16.56    
GD158    1.372e-08    0.0006017    0.004013    0.01098    0.1138    0.2176    0.3334    0.4652    0.6111    0.7685    0.9349    1.108    1.286    1.469    1.654    1.841    2.029    2.218    2.407    2.595    2.784    2.971    3.157    3.342    3.526    3.708    3.889    4.068    4.246    4.422    4.596    4.769    4.94    5.109    5.277    5.443    
TB159    1.938e-09    0.0001176    0.0007323    0.001876    0.01738    0.02934    0.03937    0.0484    0.05691    0.06519    0.07344    0.0818    0.09036    0.09919    0.1084    0.1179    0.1278    0.138    0.1487    0.1598    0.1712    0.183    0.1952    0.2078    0.2207    0.2339    0.2474    0.2612    0.2753    0.2896    0.3042    0.319    0.334    0.3492    0.3645    0.38    
GD160    1.92e-09    5.009e-05    0.0003122    0.0008021    0.00829    0.01396    0.01869    0.0228    0.02647    0.02977    0.03277    0.03551    0.03802    0.04032    0.04244    0.04438    0.04618    0.04784    0.04937    0.05079    0.0521    0.05331    0.05443    0.05547    0.05643    0.05732    0.05814    0.05891    0.05962    0.06028    0.06088    0.06145    0.06197    0.06246    0.06291    0.06332    
DY162    2.614e-10    9.866e-06    7.561e-05    0.0002165    0.002664    0.005214    0.007057    0.008289    0.009133    0.009771    0.01032    0.01086    0.01142    0.01203    0.0127    0.01344    0.01425    0.01513    0.01609    0.01711    0.01821    0.01937    0.02061    0.02191    0.02328    0.02472    0.02622    0.02779    0.02942    0.0311    0.03285    0.03465    0.0365    0.0384    0.04035    0.04234    
DY163    9.694e-11    3.33e-06    2.833e-05    9.582e-05    0.001186    0.002833    0.00481    0.006824    0.008703    0.01038    0.01186    0.01317    0.01436    0.01548    0.01655    0.01762    0.01871    0.01985    0.02104    0.02231    0.02366    0.0251    0.02664    0.02827    0.03001    0.03184    0.03379    0.03583    0.03797    0.04022    0.04256    0.04501    0.04754    0.05017    0.05288    0.05568    
HO165    1.154e-11    8.997e-07    7.991e-06    2.833e-05    0.0004577    0.00113    0.002087    0.003376    0.004961    0.006773    0.008738    0.01079    0.01289    0.015    0.0171    0.0192    0.02129    0.02338    0.02548    0.02762    0.0298    0.03203    0.03435    0.03675    0.03926    0.04188    0.04463    0.04752    0.05055    0.05373    0.05707    0.06057    0.06424    0.06807    0.07207    0.07624    
