TIME    3   100   220   340   460   580   700   820   940   1060   1180   1300   1420   1540   1660   1780   1900   2020   2140   2260   2380   2500   2620   2740   2860   2980   3100   3220   3340   3460   3580   3700   3820   3940   4060   4180   
NEUT_PROD    18.5   132   230   280   291   278   250   217   183   151   123   98.6   78.4   62   48.8   38.4   30.3   24.1   19.4   15.8   13.1   11   9.55   8.45   7.65   7.06   6.62   6.3   6.07   5.88   5.74   5.61   5.51   5.41   5.31   5.22   
NEUT_DEST    38.2   639   377   403   396   370   334   296   259   225   195   169   147   128   113   100   90.1   81.7   74.8   69.2   64.6   60.7   57.6   54.9   52.6   50.7   49   47.6   46.3   45.2   44.2   43.3   42.5   41.7   41.1   40.4   
BUd    0.143    25.5    63    89    100    99.7    92.4    81.8    69.9    58.4    47.8    38.5    30.7    24.3    19.2    15    11.8    9.29    7.36    5.89    4.78    3.95    3.32    2.86    2.51    2.26    2.07    1.93    1.83    1.75    1.69    1.65    1.61    1.57    1.54    1.51    
HE4    0.2092    5.634    9.766    12.17    13.57    14.39    14.87    15.16    15.33    15.43    15.49    15.53    15.55    15.57    15.58    15.59    15.6    15.6    15.61    15.61    15.62    15.62    15.63    15.63    15.64    15.64    15.65    15.65    15.66    15.66    15.66    15.67    15.67    15.68    15.68    15.69    
U234    0.0003963    0.3345    1.206    2.152    2.965    3.578    3.989    4.226    4.321    4.31    4.222    4.079    3.902    3.704    3.495    3.282    3.072    2.867    2.671    2.483    2.306    2.139    1.982    1.836    1.699    1.573    1.455    1.345    1.244    1.15    1.063    0.9825    0.908    0.8392    0.7755    0.7166    
U235    3.168e-07    0.008619    0.06142    0.1582    0.2795    0.405    0.5198    0.6154    0.6882    0.7382    0.7672    0.7783    0.7749    0.7601    0.7368    0.7076    0.6745    0.639    0.6024    0.5657    0.5296    0.4945    0.4608    0.4286    0.3982    0.3695    0.3426    0.3174    0.2939    0.2721    0.2517    0.2329    0.2153    0.1991    0.1841    0.1701    
U236    1.883e-10    0.0001762    0.002525    0.01029    0.02563    0.04913    0.08021    0.1175    0.1595    0.2045    0.251    0.2977    0.3437    0.3882    0.4306    0.4704    0.5076    0.5419    0.5733    0.6018    0.6275    0.6506    0.6711    0.6891    0.7049    0.7186    0.7303    0.7402    0.7484    0.755    0.7602    0.764    0.7667    0.7682    0.7688    0.7684    
NP237    7.662e-10    9.659e-06    5.385e-05    0.0001775    0.0004676    0.001017    0.001895    0.003142    0.004768    0.006762    0.009095    0.01173    0.01462    0.01771    0.02096    0.02433    0.02775    0.0312    0.03463    0.03801    0.04131    0.0445    0.04758    0.05051    0.0533    0.05592    0.05838    0.06066    0.06278    0.06472    0.06649    0.0681    0.06955    0.07084    0.07199    0.07298    
PU238    12.39    283    406.1    411.1    365.8    304.6    243.7    190.1    145.7    110.3    82.78    61.73    45.83    33.92    25.05    18.47    13.62    10.03    7.393    5.45    4.02    2.969    2.195    1.626    1.207    0.8981    0.6709    0.5036    0.3803    0.2895    0.2227    0.1735    0.1373    0.1107    0.09112    0.07677    
PU239    0.05704    36.87    92.25    122.5    128.1    118.5    101.9    83.65    66.52    51.74    39.61    29.98    22.5    16.79    12.47    9.233    6.823    5.035    3.713    2.738    2.019    1.49    1.1    0.813    0.6019    0.4465    0.3321    0.2479    0.1859    0.1402    0.1065    0.08175    0.0635    0.05007    0.04019    0.03293    
PU240    0.0001706    3.813    19.46    40.32    58.21    69.29    73.26    71.52    65.98    58.38    50.04    41.83    34.3    27.68    22.07    17.43    13.67    10.67    8.3    6.458    5.037    3.95    3.124    2.5    2.032    1.682    1.422    1.23    1.087    0.981    0.9024    0.8437    0.7991    0.7647    0.7374    0.7149    
PU241    5.18e-07    0.35    3.194    9.124    16.18    22.22    26.08    27.57    27.06    25.14    22.41    19.34    16.27    13.42    10.89    8.723    6.916    5.442    4.259    3.323    2.592    2.025    1.59    1.259    1.009    0.8202    0.6792    0.574    0.4959    0.438    0.395    0.3631    0.3391    0.3209    0.3069    0.2958    
PU242    8.274e-10    0.02011    0.3976    1.892    4.996    9.609    15.21    21.15    26.84    31.85    35.96    39.07    41.21    42.45    42.94    42.8    42.16    41.14    39.85    38.36    36.76    35.09    33.4    31.71    30.06    28.44    26.89    25.4    23.98    22.63    21.35    20.13    18.99    17.91    16.89    15.93    
AM241    2.25e-08    0.0008752    0.01497    0.06231    0.1418    0.2327    0.3121    0.3654    0.3888    0.3853    0.362    0.3261    0.2843    0.2415    0.2007    0.164    0.1322    0.1054    0.0833    0.06544    0.05122    0.04003    0.03132    0.02461    0.01947    0.01557    0.01263    0.01042    0.008773    0.007544    0.00663    0.005952    0.005447    0.005068    0.004782    0.004561    
AM243    1.182e-12    0.0002252    0.009193    0.06832    0.2504    0.6252    1.23    2.059    3.072    4.208    5.396    6.574    7.684    8.687    9.555    10.27    10.84    11.25    11.52    11.66    11.69    11.61    11.46    11.24    10.96    10.64    10.28    9.907    9.516    9.118    8.716    8.317    7.922    7.536    7.16    6.797    
CM242    986.3    631.3    366.1    212.3    123.2    71.55    41.65    24.34    14.33    8.522    5.147    3.173    2.006    1.306    0.877    0.607    0.4318    0.3142    0.2329    0.1749    0.1327    0.1014    0.07792    0.06017    0.04671    0.03649    0.02874    0.02287    0.01844    0.0151    0.0126    0.01072    0.009321    0.008272    0.007487    0.006896    
CM243    0.9117    14.24    12.79    8.858    5.597    3.394    2.018    1.189    0.6993    0.4125    0.2453    0.1477    0.09054    0.05682    0.03664    0.02435    0.01668    0.01175    0.008486    0.006248    0.004671    0.003533    0.002695    0.00207    0.001599    0.001243    0.000974    0.0007698    0.0006153    0.0004987    0.0004108    0.0003448    0.0002953    0.0002582    0.0002304    0.0002095    
CM244    0.001268    0.8393    2.012    2.825    3.276    3.507    3.661    3.847    4.142    4.591    5.213    6.007    6.958    8.04    9.222    10.47    11.75    13.03    14.28    15.48    16.6    17.64    18.58    19.42    20.15    20.76    21.27    21.66    21.96    22.15    22.26    22.28    22.22    22.09    21.9    21.65    
CM245    7.544e-07    0.009524    0.03051    0.04734    0.05735    0.06258    0.06566    0.06877    0.07348    0.08076    0.09111    0.1046    0.1211    0.14    0.161    0.1833    0.2064    0.2297    0.2526    0.2747    0.2955    0.3149    0.3325    0.3483    0.3621    0.3739    0.3836    0.3914    0.3974    0.4015    0.4039    0.4047    0.404    0.4021    0.3989    0.3947    
CM246    2.866e-09    0.001492    0.01149    0.03119    0.05743    0.08717    0.1187    0.1514    0.1858    0.2229    0.2642    0.3111    0.3652    0.4277    0.4999    0.5823    0.6756    0.7798    0.8947    1.02    1.155    1.3    1.452    1.612    1.778    1.949    2.124    2.303    2.483    2.665    2.847    3.028    3.208    3.386    3.562    3.734    
GE76    3.501e-09    0.01321    0.01401    0.01493    0.0159    0.01683    0.01765    0.01835    0.01892    0.01939    0.01976    0.02004    0.02027    0.02044    0.02057    0.02067    0.02074    0.0208    0.02085    0.02088    0.0209    0.02092    0.02094    0.02095    0.02096    0.02097    0.02098    0.02099    0.02099    0.021    0.021    0.02101    0.02101    0.02102    0.02102    0.02102    
SE77    1.784e-09    0.03209    0.03432    0.03468    0.03511    0.03538    0.03539    0.03509    0.03451    0.0337    0.03271    0.03158    0.03038    0.02912    0.02784    0.02657    0.02532    0.0241    0.02291    0.02178    0.02069    0.01966    0.01867    0.01773    0.01684    0.016    0.01521    0.01446    0.01375    0.01308    0.01244    0.01185    0.01128    0.01075    0.01024    0.009767    
SE78    2.416e-08    0.09709    0.1053    0.114    0.123    0.1317    0.1396    0.1466    0.1526    0.1578    0.1622    0.166    0.1692    0.172    0.1745    0.1766    0.1785    0.1802    0.1817    0.1831    0.1843    0.1855    0.1865    0.1875    0.1884    0.1893    0.1901    0.1908    0.1915    0.1921    0.1927    0.1933    0.1938    0.1943    0.1948    0.1952    
SE79    5.541e-08    0.2098    0.2219    0.2359    0.2505    0.2643    0.2765    0.2866    0.2948    0.3012    0.306    0.3096    0.3121    0.3139    0.315    0.3156    0.3159    0.3159    0.3157    0.3153    0.3148    0.3142    0.3136    0.3129    0.3122    0.3115    0.3107    0.31    0.3092    0.3085    0.3077    0.3069    0.3062    0.3054    0.3047    0.3039    
SE80    1.335e-07    0.5038    0.5347    0.5704    0.6077    0.643    0.6744    0.701    0.7229    0.7406    0.7548    0.766    0.7748    0.7817    0.7872    0.7915    0.795    0.7978    0.8002    0.8022    0.8039    0.8054    0.8068    0.808    0.8092    0.8103    0.8114    0.8124    0.8134    0.8144    0.8154    0.8164    0.8173    0.8183    0.8192    0.8201    
BR81    2.035e-07    0.7711    0.8099    0.8555    0.9031    0.9472    0.9849    1.015    1.038    1.054    1.064    1.07    1.071    1.07    1.067    1.062    1.055    1.048    1.04    1.031    1.022    1.013    1.004    0.9947    0.9853    0.976    0.9668    0.9575    0.9484    0.9393    0.9303    0.9214    0.9126    0.9039    0.8953    0.8867    
SE82    2.518e-07    0.9504    1.008    1.075    1.147    1.215    1.276    1.329    1.373    1.409    1.438    1.46    1.478    1.492    1.503    1.512    1.518    1.523    1.527    1.531    1.533    1.536    1.537    1.539    1.54    1.542    1.543    1.544    1.545    1.546    1.547    1.548    1.549    1.55    1.55    1.551    
KR82    1.273e-09    0.019    0.02821    0.03653    0.04481    0.05292    0.06075    0.06822    0.07529    0.08193    0.08812    0.09387    0.09917    0.104    0.1085    0.1125    0.1162    0.1195    0.1225    0.1252    0.1275    0.1296    0.1315    0.1331    0.1345    0.1356    0.1366    0.1374    0.1381    0.1386    0.139    0.1392    0.1393    0.1394    0.1393    0.1391    
KR83    3.386e-07    1.298    1.058    0.8835    0.7583    0.6614    0.5808    0.51    0.4461    0.3882    0.3359    0.2892    0.248    0.2121    0.1814    0.1552    0.1333    0.1152    0.1002    0.0881    0.07829    0.07043    0.06419    0.05926    0.0554    0.0524    0.05007    0.04827    0.0469    0.04584    0.04503    0.04441    0.04393    0.04354    0.04324    0.04298    
KR84    6.057e-07    2.411    2.892    3.337    3.749    4.123    4.457    4.748    4.999    5.211    5.39    5.539    5.663    5.765    5.849    5.918    5.975    6.023    6.063    6.096    6.125    6.15    6.172    6.191    6.209    6.225    6.24    6.254    6.268    6.281    6.294    6.307    6.319    6.331    6.343    6.355    
KR85    1.452e-07    0.5946    0.6216    0.6505    0.6815    0.7102    0.7341    0.7523    0.7648    0.772    0.7746    0.7733    0.7691    0.7624    0.7539    0.7441    0.7333    0.7218    0.7099    0.6977    0.6854    0.6731    0.6609    0.6488    0.6368    0.6251    0.6135    0.6022    0.5911    0.5803    0.5697    0.5593    0.5491    0.5392    0.5295    0.52    
RB85    5.119e-07    2.12    2.275    2.438    2.611    2.779    2.932    3.068    3.183    3.281    3.363    3.431    3.487    3.534    3.574    3.608    3.637    3.662    3.685    3.705    3.723    3.74    3.756    3.771    3.786    3.799    3.812    3.825    3.837    3.849    3.861    3.872    3.883    3.894    3.905    3.915    
KR86    1.003e-06    3.787    4.019    4.292    4.584    4.867    5.126    5.352    5.544    5.703    5.832    5.936    6.019    6.085    6.137    6.178    6.21    6.236    6.257    6.274    6.288    6.3    6.31    6.319    6.327    6.334    6.34    6.347    6.353    6.358    6.364    6.369    6.374    6.379    6.384    6.389    
SR86    2.258e-11    0.001877    0.005343    0.007974    0.01077    0.01371    0.0168    0.02    0.02329    0.02665    0.03008    0.03356    0.03707    0.04061    0.04418    0.04776    0.05135    0.05495    0.05856    0.06216    0.06577    0.06938    0.07299    0.07659    0.0802    0.08379    0.08739    0.09097    0.09456    0.09814    0.1017    0.1053    0.1088    0.1124    0.1159    0.1195    
RB87    1.226e-06    4.741    5.037    5.377    5.739    6.091    6.412    6.691    6.927    7.122    7.28    7.406    7.507    7.585    7.647    7.695    7.732    7.762    7.785    7.803    7.817    7.829    7.839    7.847    7.854    7.861    7.866    7.872    7.876    7.881    7.885    7.889    7.893    7.897    7.901    7.905    
SR88    1.678e-06    6.732    7.175    7.659    8.174    8.673    9.126    9.52    9.852    10.13    10.35    10.53    10.67    10.78    10.87    10.94    11    11.04    11.08    11.11    11.13    11.15    11.17    11.19    11.2    11.21    11.23    11.24    11.25    11.26    11.27    11.28    11.29    11.3    11.31    11.32    
SR89    2.231e-06    6.106    1.485    0.6292    0.4777    0.4323    0.3895    0.3396    0.2875    0.2377    0.1932    0.1549    0.123    0.09709    0.07631    0.05991    0.04711    0.03722    0.02964    0.02386    0.01949    0.0162    0.01373    0.01188    0.01049    0.009463    0.008691    0.008111    0.007671    0.007335    0.007074    0.006868    0.006703    0.006569    0.006457    0.006361    
Y89    2.309e-08    2.448    7.58    9.032    9.817    10.47    11.07    11.59    12.04    12.41    12.71    12.95    13.13    13.27    13.38    13.46    13.51    13.55    13.58    13.59    13.6    13.6    13.6    13.6    13.59    13.58    13.57    13.56    13.55    13.53    13.52    13.51    13.49    13.48    13.46    13.45    
SR90    2.826e-06    10.65    11.21    11.87    12.57    13.24    13.83    14.32    14.72    15.01    15.22    15.36    15.44    15.48    15.48    15.44    15.39    15.32    15.23    15.14    15.03    14.93    14.82    14.71    14.59    14.48    14.36    14.25    14.13    14.02    13.91    13.79    13.68    13.57    13.46    13.35    
ZR90    6.75e-11    0.02014    0.1158    0.2207    0.3327    0.4514    0.5763    0.7064    0.8409    0.9788    1.119    1.262    1.405    1.55    1.695    1.839    1.984    2.128    2.272    2.414    2.557    2.698    2.838    2.978    3.116    3.254    3.391    3.527    3.661    3.795    3.928    4.06    4.192    4.322    4.451    4.579    
Y91    2.033e-06    9.448    2.82    1.236    0.8786    0.7686    0.689    0.6039    0.5156    0.4307    0.3539    0.2875    0.2318    0.1862    0.1496    0.1206    0.09781    0.08017    0.06659    0.05622    0.04834    0.04237    0.03786    0.03447    0.03192    0.02999    0.02852    0.0274    0.02652    0.02584    0.02529    0.02483    0.02445    0.02412    0.02384    0.02358    
ZR91    1.793e-08    3.247    10.84    13.33    14.65    15.69    16.61    17.43    18.13    18.72    19.2    19.59    19.89    20.13    20.32    20.46    20.57    20.65    20.71    20.76    20.79    20.81    20.83    20.84    20.85    20.86    20.86    20.86    20.86    20.86    20.86    20.86    20.85    20.85    20.85    20.84    
ZR92    3.649e-06    15.68    16.8    17.95    19.17    20.35    21.43    22.37    23.18    23.84    24.38    24.83    25.18    25.47    25.69    25.88    26.03    26.15    26.26    26.35    26.42    26.49    26.55    26.61    26.66    26.71    26.76    26.81    26.85    26.9    26.94    26.99    27.03    27.07    27.12    27.16    
ZR93    3.206e-06    20.44    21.9    23.26    24.71    26.11    27.36    28.43    29.3    29.99    30.51    30.9    31.18    31.35    31.46    31.51    31.51    31.47    31.41    31.33    31.24    31.13    31.02    30.9    30.78    30.65    30.52    30.39    30.26    30.13    30    29.87    29.74    29.61    29.48    29.35    
ZR94    6.082e-06    23.13    24.66    26.44    28.34    30.18    31.88    33.38    34.68    35.78    36.7    37.47    38.12    38.67    39.14    39.54    39.89    40.21    40.49    40.75    41    41.23    41.45    41.66    41.86    42.07    42.26    42.46    42.65    42.84    43.03    43.22    43.41    43.59    43.78    43.96    
ZR95    6.849e-06    19.92    6.471    2.94    2.036    1.743    1.552    1.36    1.161    0.9692    0.7938    0.6407    0.5114    0.4049    0.3188    0.2504    0.1967    0.155    0.123    0.09854    0.08003    0.06611    0.0557    0.04796    0.04223    0.038    0.03489    0.0326    0.03092    0.02968    0.02876    0.02806    0.02754    0.02713    0.02681    0.02655    
NB95    5.6e-08    4.255    5.049    2.27    1.276    0.9775    0.8512    0.7507    0.6488    0.5476    0.4526    0.368    0.2954    0.2349    0.1855    0.1459    0.1147    0.09028    0.07143    0.05699    0.04602    0.03775    0.03154    0.02691    0.02348    0.02094    0.01907    0.01769    0.01668    0.01593    0.01537    0.01495    0.01463    0.01438    0.01417    0.01401    
MO95    6.687e-10    1.959    15.94    23.58    26.83    28.66    30    31.07    31.88    32.44    32.76    32.87    32.8    32.58    32.24    31.81    31.31    30.75    30.17    29.56    28.93    28.3    27.67    27.04    26.42    25.81    25.21    24.62    24.04    23.47    22.92    22.38    21.85    21.34    20.84    20.34    
ZR96    7.339e-06    27.72    29.41    31.4    33.53    35.6    37.5    39.15    40.55    41.71    42.65    43.4    43.99    44.46    44.82    45.1    45.32    45.48    45.61    45.71    45.79    45.85    45.9    45.94    45.97    46    46.03    46.05    46.07    46.09    46.11    46.13    46.14    46.16    46.17    46.19    
MO96    2.077e-09    0.03365    0.3187    0.8699    1.535    2.255    3.011    3.795    4.601    5.421    6.249    7.08    7.908    8.73    9.542    10.34    11.13    11.9    12.65    13.38    14.1    14.8    15.48    16.15    16.79    17.42    18.03    18.63    19.21    19.77    20.32    20.85    21.36    21.87    22.35    22.83    
MO97    3.67e-06    29.9    32.45    34.52    36.73    38.87    40.81    42.49    43.89    45.02    45.91    46.59    47.11    47.48    47.74    47.92    48.02    48.08    48.09    48.08    48.04    47.99    47.93    47.86    47.78    47.71    47.62    47.54    47.46    47.38    47.29    47.21    47.13    47.05    46.98    46.9    
MO98    8.554e-06    32.32    34.4    36.83    39.45    42.01    44.37    46.46    48.26    49.78    51.04    52.09    52.96    53.68    54.27    54.77    55.2    55.57    55.89    56.17    56.44    56.68    56.91    57.12    57.33    57.53    57.73    57.92    58.11    58.3    58.49    58.68    58.86    59.04    59.23    59.41    
MO99    7.502e-06    3.49    0.1146    0.1109    0.1091    0.1019    0.09106    0.07873    0.06637    0.05488    0.04471    0.03603    0.02881    0.02294    0.01823    0.01451    0.01161    0.009374    0.007658    0.006354    0.005371    0.004634    0.004086    0.00368    0.003382    0.003164    0.003005    0.002891    0.002808    0.002749    0.002708    0.00268    0.002661    0.00265    0.002645    0.002643    
TC99    1.358e-06    32.53    36.76    37.69    38.75    39.72    40.45    40.86    40.95    40.75    40.27    39.59    38.73    37.75    36.67    35.54    34.37    33.18    32    30.83    29.68    28.55    27.46    26.4    25.38    24.4    23.45    22.54    21.66    20.82    20.01    19.24    18.5    17.79    17.11    16.45    
MO100    1.036e-05    39.1    41.47    44.27    47.27    50.19    52.86    55.2    57.18    58.81    60.14    61.19    62.03    62.68    63.18    63.57    63.86    64.09    64.26    64.39    64.48    64.56    64.62    64.66    64.7    64.73    64.75    64.77    64.79    64.8    64.82    64.83    64.84    64.85    64.86    64.87    
RU100    8.388e-10    0.3868    1.961    3.558    5.186    6.846    8.529    10.22    11.91    13.59    15.23    16.84    18.39    19.9    21.35    22.73    24.06    25.32    26.52    27.66    28.74    29.76    30.73    31.64    32.5    33.31    34.06    34.78    35.44    36.07    36.65    37.2    37.7    38.18    38.61    39.02    
RU101    8.886e-06    33.78    35.58    37.75    40.1    42.39    44.48    46.28    47.77    48.97    49.9    50.59    51.1    51.44    51.67    51.8    51.85    51.85    51.82    51.75    51.67    51.57    51.47    51.36    51.26    51.15    51.05    50.95    50.86    50.77    50.68    50.6    50.53    50.45    50.39    50.32    
RU102    9.161e-06    34.76    37.14    39.92    42.93    45.9    48.68    51.19    53.4    55.3    56.93    58.31    59.49    60.5    61.37    62.13    62.8    63.4    63.95    64.45    64.93    65.38    65.81    66.23    66.63    67.03    67.42    67.8    68.18    68.56    68.93    69.3    69.67    70.04    70.4    70.77    
RU103    1.055e-05    26.43    4.454    1.981    1.749    1.665    1.526    1.345    1.153    0.9677    0.8005    0.656    0.5348    0.4356    0.3559    0.2929    0.2437    0.2056    0.1766    0.1546    0.1381    0.1258    0.1168    0.1103    0.1055    0.1022    0.09983    0.09824    0.0972    0.09655    0.09618    0.09601    0.096    0.09609    0.09625    0.09646    
RH103    1.378e-07    13.03    29.74    27.02    23.35    20.39    17.98    15.9    14.03    12.31    10.73    9.281    7.972    6.806    5.781    4.891    4.129    3.482    2.94    2.489    2.118    1.814    1.567    1.368    1.209    1.082    0.9815    0.9025    0.8406    0.7924    0.7552    0.7266    0.7048    0.6883    0.676    0.6669    
RU104    9.227e-06    35.15    37.44    40.03    42.82    45.57    48.11    50.37    52.29    53.9    55.21    56.26    57.09    57.73    58.23    58.6    58.89    59.1    59.25    59.36    59.44    59.49    59.52    59.54    59.55    59.56    59.55    59.55    59.54    59.53    59.51    59.5    59.48    59.47    59.45    59.43    
PD104    2.418e-10    0.8295    8.553    16.72    23.82    29.96    35.35    40.1    44.28    47.94    51.13    53.89    56.25    58.25    59.94    61.36    62.54    63.52    64.33    65    65.55    66    66.38    66.7    66.96    67.18    67.37    67.54    67.68    67.81    67.93    68.04    68.14    68.23    68.33    68.41    
RH105    4.91e-06    1.203    0.03986    0.03881    0.03846    0.03622    0.03265    0.02847    0.02419    0.02017    0.01657    0.01346    0.01087    0.008738    0.007025    0.005667    0.004603    0.003778    0.003145    0.002663    0.002299    0.002026    0.001823    0.001672    0.001562    0.001481    0.001422    0.001379    0.001348    0.001326    0.001311    0.0013    0.001293    0.001288    0.001286    0.001285    
PD105    1.887e-06    21.41    23.63    24.72    25.93    27.1    28.12    28.96    29.58    30    30.24    30.31    30.26    30.1    29.85    29.54    29.19    28.8    28.38    27.95    27.51    27.07    26.63    26.19    25.75    25.32    24.9    24.49    24.08    23.68    23.29    22.91    22.54    22.18    21.82    21.48    
RU106    6.765e-06    24.31    20.84    18.35    16.53    15.08    13.8    12.61    11.44    10.3    9.185    8.117    7.111    6.178    5.328    4.563    3.886    3.292    2.777    2.334    1.957    1.638    1.37    1.146    0.96    0.8059    0.679    0.5747    0.4895    0.4199    0.3633    0.3172    0.2799    0.2497    0.2252    0.2054    
PD106    8.883e-07    11.44    17.65    23.33    28.61    33.55    38.15    42.41    46.34    49.93    53.19    56.14    58.79    61.17    63.3    65.21    66.93    68.47    69.86    71.12    72.27    73.32    74.29    75.18    76.02    76.81    77.55    78.26    78.93    79.58    80.2    80.8    81.38    81.94    82.49    83.02    
PD107    5.084e-06    19.27    20.15    21.26    22.51    23.77    24.92    25.91    26.71    27.33    27.76    28.04    28.18    28.2    28.12    27.98    27.77    27.53    27.25    26.94    26.62    26.29    25.96    25.62    25.28    24.94    24.61    24.28    23.95    23.62    23.31    22.99    22.69    22.38    22.08    21.79    
PD108    3.578e-06    13.51    14.3    15.25    16.32    17.39    18.41    19.31    20.09    20.74    21.25    21.64    21.93    22.13    22.26    22.32    22.33    22.31    22.25    22.17    22.07    21.96    21.83    21.69    21.55    21.4    21.25    21.09    20.93    20.77    20.61    20.44    20.28    20.11    19.94    19.77    
AG109    1.187e-06    8.344    7.811    7.352    7.065    6.863    6.691    6.515    6.323    6.11    5.881    5.643    5.401    5.164    4.936    4.721    4.521    4.339    4.174    4.026    3.894    3.777    3.673    3.581    3.499    3.427    3.362    3.304    3.252    3.205    3.162    3.122    3.085    3.051    3.018    2.987    
PD110    1.024e-06    3.868    4.109    4.402    4.73    5.066    5.388    5.683    5.943    6.166    6.352    6.505    6.629    6.727    6.805    6.865    6.912    6.948    6.975    6.996    7.012    7.024    7.033    7.04    7.045    7.049    7.053    7.055    7.057    7.059    7.06    7.061    7.063    7.063    7.064    7.065    
AG110M    6.723e-11    0.01753    0.06551    0.09093    0.104    0.1103    0.113    0.1134    0.1124    0.1104    0.1077    0.1045    0.1009    0.09706    0.09317    0.0893    0.08555    0.08198    0.07863    0.07555    0.07273    0.07017    0.06787    0.06581    0.06398    0.06234    0.06089    0.05959    0.05843    0.0574    0.05646    0.05561    0.05484    0.05412    0.05346    0.05284    
CD110    1.529e-09    0.4485    2.033    3.493    4.864    6.169    7.418    8.612    9.75    10.83    11.84    12.8    13.68    14.51    15.27    15.98    16.63    17.24    17.79    18.31    18.79    19.24    19.65    20.04    20.41    20.75    21.07    21.38    21.67    21.95    22.21    22.45    22.69    22.91    23.13    23.33    
CD111    3.043e-08    1.604    2.151    2.277    2.442    2.63    2.829    3.031    3.23    3.425    3.613    3.796    3.973    4.147    4.317    4.485    4.652    4.818    4.984    5.149    5.314    5.479    5.644    5.809    5.973    6.136    6.299    6.461    6.623    6.783    6.941    7.098    7.254    7.408    7.56    7.711    
CD112    7.575e-08    0.7244    0.8669    0.9978    1.141    1.291    1.446    1.603    1.76    1.916    2.072    2.227    2.382    2.537    2.694    2.853    3.015    3.18    3.348    3.52    3.697    3.877    4.063    4.253    4.447    4.647    4.851    5.06    5.274    5.493    5.716    5.944    6.176    6.413    6.655    6.901    
CD113M    2.074e-09    0.008576    0.009622    0.01082    0.01218    0.01364    0.01518    0.01675    0.01834    0.01995    0.02156    0.0232    0.02486    0.02656    0.02831    0.03011    0.03197    0.0339    0.03591    0.03801    0.04019    0.04246    0.04483    0.0473    0.04988    0.05256    0.05535    0.05825    0.06127    0.0644    0.06765    0.07102    0.07451    0.07813    0.08187    0.08573    
CD114    1.166e-07    0.8296    0.9177    0.9834    1.057    1.132    1.205    1.273    1.334    1.387    1.432    1.471    1.505    1.533    1.558    1.579    1.598    1.615    1.632    1.647    1.662    1.677    1.692    1.707    1.723    1.739    1.755    1.772    1.79    1.809    1.828    1.848    1.869    1.89    1.913    1.936    
IN115    1.1e-08    0.188    0.1177    0.07069    0.04872    0.03825    0.03248    0.02846    0.02507    0.02194    0.01904    0.0164    0.01406    0.01203    0.01033    0.008933    0.007799    0.006897    0.006191    0.005645    0.005229    0.004918    0.004689    0.004524    0.004409    0.004332    0.004285    0.00426    0.004252    0.004258    0.004273    0.004297    0.004326    0.004361    0.0044    0.004442    
CD116    6.248e-08    0.2362    0.2508    0.2679    0.2862    0.3042    0.3206    0.3351    0.3474    0.3576    0.3659    0.3726    0.3778    0.382    0.3852    0.3877    0.3896    0.3911    0.3922    0.3931    0.3938    0.3944    0.3948    0.3952    0.3955    0.3957    0.396    0.3962    0.3964    0.3965    0.3967    0.3969    0.397    0.3972    0.3973    0.3974    
SN116    5.268e-11    0.04032    0.1618    0.2318    0.2766    0.3096    0.3368    0.3603    0.3809    0.3991    0.4149    0.4285    0.4401    0.4501    0.4586    0.4658    0.4721    0.4775    0.4823    0.4866    0.4905    0.4941    0.4975    0.5007    0.5038    0.5068    0.5097    0.5126    0.5154    0.5182    0.521    0.5239    0.5267    0.5295    0.5324    0.5352    
SN117    5.71e-08    0.2374    0.2528    0.2691    0.2865    0.3034    0.3187    0.3318    0.3428    0.3517    0.3587    0.3641    0.3682    0.3712    0.3734    0.3749    0.3758    0.3764    0.3766    0.3767    0.3765    0.3762    0.3759    0.3754    0.375    0.3745    0.3739    0.3734    0.3728    0.3723    0.3717    0.3712    0.3706    0.3701    0.3695    0.369    
SN118    6.197e-08    0.238    0.2536    0.2717    0.2909    0.3097    0.3269    0.3422    0.3553    0.3663    0.3755    0.3832    0.3896    0.3948    0.3993    0.403    0.4063    0.4091    0.4116    0.4139    0.4159    0.4179    0.4198    0.4215    0.4233    0.4249    0.4266    0.4282    0.4298    0.4314    0.433    0.4345    0.4361    0.4377    0.4392    0.4407    
SN119    6.386e-08    0.2427    0.2579    0.2753    0.2937    0.3114    0.3274    0.3412    0.3526    0.3619    0.3693    0.3749    0.3792    0.3824    0.3847    0.3863    0.3873    0.3879    0.3881    0.3882    0.388    0.3877    0.3873    0.3868    0.3863    0.3858    0.3852    0.3846    0.384    0.3833    0.3827    0.3821    0.3814    0.3808    0.3802    0.3795    
SN120    6.583e-08    0.2487    0.2646    0.2832    0.303    0.3223    0.3399    0.3554    0.3686    0.3797    0.3889    0.3965    0.4028    0.4079    0.4122    0.4158    0.4189    0.4216    0.4239    0.426    0.428    0.4298    0.4315    0.4331    0.4346    0.4362    0.4377    0.4391    0.4406    0.442    0.4435    0.4449    0.4463    0.4477    0.4491    0.4505    
SB121    2.322e-08    0.2573    0.2789    0.2924    0.3067    0.3202    0.3316    0.3404    0.3468    0.3507    0.3526    0.3527    0.3515    0.3491    0.3458    0.342    0.3376    0.3329    0.3279    0.3228    0.3177    0.3124    0.3072    0.302    0.2969    0.2918    0.2867    0.2818    0.2769    0.2721    0.2674    0.2628    0.2582    0.2538    0.2494    0.2451    
SN122    7.296e-08    0.2754    0.2921    0.3118    0.3327    0.3528    0.3709    0.3866    0.3998    0.4106    0.4193    0.4262    0.4317    0.4359    0.4393    0.4419    0.4439    0.4455    0.4467    0.4477    0.4485    0.4492    0.4497    0.4502    0.4507    0.451    0.4514    0.4517    0.452    0.4523    0.4526    0.4529    0.4531    0.4534    0.4537    0.4539    
TE122    8.944e-13    0.001264    0.006299    0.01153    0.01696    0.0226    0.02842    0.03436    0.04039    0.04644    0.05249    0.05849    0.06442    0.07025    0.07597    0.08157    0.08703    0.09235    0.09752    0.1025    0.1074    0.1122    0.1167    0.1212    0.1255    0.1296    0.1337    0.1375    0.1413    0.1449    0.1484    0.1518    0.155    0.1582    0.1612    0.1641    
SB123    6.538e-08    0.2586    0.3023    0.3353    0.3624    0.3852    0.4039    0.4188    0.4303    0.4386    0.4442    0.4475    0.4489    0.4489    0.4476    0.4455    0.4426    0.4392    0.4354    0.4314    0.4271    0.4228    0.4183    0.4138    0.4093    0.4048    0.4003    0.3958    0.3913    0.3869    0.3826    0.3783    0.374    0.3698    0.3657    0.3616    
SN124    1.087e-07    0.4101    0.4346    0.4632    0.4934    0.5223    0.5481    0.5701    0.5884    0.6031    0.6148    0.6238    0.6308    0.6361    0.64    0.6429    0.645    0.6465    0.6476    0.6483    0.6487    0.6489    0.649    0.649    0.6489    0.6488    0.6486    0.6484    0.6482    0.6479    0.6477    0.6474    0.6471    0.6469    0.6466    0.6463    
TE124    1.873e-11    0.0003883    0.002681    0.006151    0.01023    0.01471    0.01952    0.02457    0.02984    0.03526    0.04081    0.04644    0.05213    0.05785    0.06358    0.0693    0.075    0.08068    0.08632    0.09191    0.09745    0.1029    0.1084    0.1138    0.1191    0.1243    0.1295    0.1347    0.1397    0.1448    0.1497    0.1546    0.1594    0.1642    0.1688    0.1735    
SB125    1.499e-07    0.8612    0.9655    0.9508    0.9396    0.9258    0.906    0.8794    0.8467    0.8091    0.7681    0.7251    0.6813    0.6377    0.5951    0.5539    0.5145    0.4772    0.4421    0.4092    0.3785    0.3499    0.3235    0.299    0.2764    0.2555    0.2363    0.2186    0.2023    0.1874    0.1736    0.1609    0.1493    0.1386    0.1288    0.1198    
TE125    6.082e-11    0.01317    0.08457    0.1609    0.2374    0.3131    0.3873    0.4596    0.5294    0.5961    0.6596    0.7195    0.7758    0.8283    0.8772    0.9226    0.9645    1.003    1.039    1.071    1.101    1.129    1.154    1.177    1.198    1.217    1.235    1.251    1.266    1.279    1.291    1.302    1.312    1.321    1.329    1.337    
SN126    3.75e-07    1.415    1.5    1.599    1.702    1.8    1.888    1.962    2.023    2.072    2.11    2.14    2.163    2.181    2.194    2.204    2.212    2.217    2.221    2.224    2.227    2.228    2.229    2.23    2.231    2.231    2.232    2.232    2.232    2.233    2.233    2.233    2.233    2.233    2.233    2.233    
TE126    5.22e-09    0.03521    0.04907    0.05544    0.0621    0.06877    0.07525    0.08147    0.08742    0.09312    0.09861    0.1039    0.1091    0.1142    0.1192    0.1241    0.1289    0.1338    0.1386    0.1433    0.1481    0.1528    0.1575    0.1622    0.1669    0.1716    0.1762    0.1809    0.1855    0.1901    0.1947    0.1993    0.2039    0.2085    0.213    0.2175    
TE127M    1.619e-08    0.4015    0.2408    0.1369    0.09015    0.06726    0.05395    0.04449    0.03679    0.03018    0.02449    0.01965    0.01562    0.01233    0.009684    0.007592    0.005959    0.004697    0.003731    0.002998    0.002447    0.002036    0.00173    0.001506    0.001341    0.001222    0.001136    0.001074    0.00103    0.0009989    0.0009767    0.0009611    0.0009501    0.0009424    0.0009369    0.000933    
I127    5.318e-08    2.975    3.839    4.134    4.38    4.586    4.753    4.881    4.972    5.03    5.059    5.066    5.053    5.025    4.986    4.938    4.884    4.825    4.763    4.699    4.633    4.567    4.501    4.435    4.369    4.304    4.239    4.176    4.113    4.051    3.99    3.93    3.871    3.813    3.756    3.7    
TE128    1.519e-06    6.096    6.489    6.924    7.378    7.81    8.195    8.524    8.796    9.016    9.192    9.33    9.438    9.522    9.587    9.637    9.676    9.707    9.731    9.75    9.766    9.779    9.79    9.799    9.808    9.815    9.822    9.829    9.835    9.841    9.847    9.853    9.858    9.863    9.869    9.874    
XE128    2.088e-10    0.01333    0.07054    0.1326    0.1984    0.2674    0.3388    0.4121    0.4866    0.5618    0.6372    0.7125    0.7872    0.8612    0.9343    1.006    1.077    1.146    1.214    1.281    1.346    1.41    1.473    1.534    1.594    1.652    1.709    1.765    1.819    1.872    1.924    1.975    2.024    2.072    2.119    2.165    
TE129M    3.821e-07    0.9748    0.1285    0.06023    0.05528    0.05167    0.04591    0.03917    0.03244    0.0263    0.02098    0.01655    0.01294    0.01007    0.007817    0.006068    0.004727    0.003706    0.002936    0.002359    0.00193    0.001612    0.001379    0.001208    0.001085    0.0009952    0.0009309    0.0008848    0.0008518    0.0008281    0.0008112    0.0007989    0.0007901    0.0007838    0.0007792    0.0007758    
I129    2.2e-06    9.718    10.71    10.93    11.12    11.26    11.32    11.28    11.14    10.92    10.63    10.29    9.922    9.526    9.118    8.706    8.296    7.894    7.501    7.122    6.757    6.408    6.074    5.757    5.455    5.169    4.897    4.64    4.397    4.167    3.95    3.745    3.55    3.367    3.194    3.03    
XE129    7.118e-14    1.677e-05    0.0002527    0.0008202    0.001732    0.002994    0.004611    0.006582    0.008902    0.01157    0.01456    0.01788    0.02151    0.02543    0.02962    0.03408    0.03879    0.04372    0.04887    0.05421    0.05974    0.06544    0.07129    0.07729    0.08341    0.08965    0.09599    0.1024    0.1089    0.1155    0.1222    0.1289    0.1356    0.1424    0.1492    0.1561    
TE130    4.786e-06    18.15    19.25    20.54    21.9    23.22    24.41    25.43    26.29    27    27.56    28.01    28.35    28.62    28.83    28.99    29.11    29.2    29.27    29.33    29.37    29.4    29.42    29.44    29.46    29.47    29.48    29.49    29.5    29.5    29.51    29.52    29.52    29.53    29.53    29.54    
XE130    6.736e-09    0.1928    0.7974    1.417    2.043    2.673    3.303    3.927    4.54    5.137    5.713    6.266    6.794    7.295    7.767    8.212    8.63    9.02    9.384    9.723    10.04    10.33    10.6    10.85    11.07    11.28    11.47    11.65    11.81    11.95    12.08    12.2    12.31    12.4    12.48    12.55    
I131    5.991e-06    8.349    0.2728    0.2618    0.2553    0.2362    0.2091    0.1791    0.1495    0.1225    0.09896    0.07904    0.06264    0.0494    0.03887    0.0306    0.02418    0.01925    0.01549    0.01264    0.01049    0.008894    0.007706    0.006829    0.006184    0.005713    0.00537    0.005121    0.004942    0.004812    0.00472    0.004656    0.004612    0.004584    0.004569    0.004562    
XE131    3.847e-07    24.15    29.33    26.77    24.7    22.91    21.22    19.57    17.94    16.34    14.78    13.29    11.88    10.57    9.374    8.285    7.307    6.436    5.667    4.993    4.404    3.893    3.452    3.073    2.747    2.469    2.233    2.031    1.861    1.716    1.594    1.491    1.405    1.332    1.271    1.219    
TE132    8.641e-06    4.639    0.1516    0.1464    0.1434    0.1331    0.1182    0.1014    0.08482    0.06954    0.05613    0.04476    0.03536    0.02774    0.02167    0.01689    0.01318    0.01032    0.008129    0.006471    0.005222    0.004288    0.003593    0.00308    0.002702    0.002425    0.002223    0.002076    0.001969    0.001893    0.001838    0.001799    0.001772    0.001755    0.001744    0.001739    
XE132    1.639e-06    38.93    51.19    58.77    66.15    73.12    79.55    85.34    90.5    95.02    98.96    102.4    105.3    107.8    109.9    111.8    113.3    114.7    115.8    116.8    117.6    118.3    119    119.5    120    120.4    120.7    121.1    121.4    121.6    121.8    122.1    122.3    122.4    122.6    122.8    
I133    8.167e-06    1.675    0.05464    0.05277    0.0518    0.04826    0.043    0.03704    0.03109    0.02557    0.0207    0.01655    0.0131    0.0103    0.008064    0.006296    0.004918    0.003853    0.003038    0.002418    0.001951    0.001601    0.00134    0.001146    0.001003    0.0008984    0.0008216    0.0007656    0.0007248    0.0006952    0.0006738    0.0006586    0.000648    0.0006409    0.0006366    0.0006342    
XE133    4.871e-06    10    0.3288    0.318    0.3126    0.2917    0.2606    0.2254    0.1901    0.1575    0.1287    0.1041    0.08376    0.06722    0.054    0.04358    0.03547    0.0292    0.02442    0.02079    0.01805    0.01601    0.01449    0.01337    0.01255    0.01195    0.01151    0.01119    0.01097    0.01081    0.01069    0.01061    0.01056    0.01053    0.01051    0.01051    
CS133    4.182e-07    47.01    58.47    58.67    59.11    59.44    59.44    59.02    58.17    56.92    55.34    53.5    51.48    49.34    47.13    44.89    42.68    40.5    38.38    36.34    34.37    32.5    30.72    29.03    27.43    25.92    24.49    23.15    21.88    20.69    19.57    18.52    17.53    16.6    15.72    14.9    
XE134    1.44e-05    56.62    60.18    64.29    68.72    73.1    77.14    80.71    83.77    86.32    88.41    90.09    91.42    92.47    93.29    93.93    94.42    94.8    95.09    95.32    95.49    95.63    95.74    95.82    95.89    95.95    96    96.05    96.09    96.13    96.16    96.19    96.22    96.25    96.28    96.31    
CS134    1.012e-09    0.7594    3.647    5.63    7.009    7.975    8.646    9.093    9.364    9.491    9.501    9.415    9.252    9.028    8.757    8.453    8.125    7.783    7.434    7.084    6.737    6.397    6.067    5.748    5.442    5.149    4.87    4.606    4.355    4.117    3.893    3.682    3.483    3.295    3.119    2.953    
BA134    8.811e-13    0.01501    0.2389    0.7328    1.411    2.218    3.111    4.064    5.052    6.059    7.07    8.073    9.058    10.02    10.95    11.84    12.7    13.51    14.28    15.02    15.71    16.36    16.97    17.54    18.07    18.57    19.04    19.47    19.88    20.25    20.6    20.93    21.23    21.5    21.76    21.99    
CS135    5.773e-07    2.497    3.749    5.139    6.96    9.058    11.32    13.68    16.07    18.45    20.8    23.08    25.28    27.38    29.37    31.25    33.01    34.65    36.17    37.58    38.86    40.04    41.1    42.07    42.93    43.71    44.39    45    45.52    45.97    46.36    46.68    46.94    47.15    47.3    47.41    
BA135    9.645e-12    6.509e-05    0.0005708    0.002827    0.007785    0.01608    0.02812    0.04419    0.06442    0.08887    0.1175    0.1504    0.1872    0.2279    0.2723    0.3202    0.3714    0.4257    0.4828    0.5425    0.6046    0.6689    0.7351    0.8032    0.8728    0.9438    1.016    1.089    1.164    1.238    1.314    1.39    1.467    1.543    1.62    1.698    
XE136    2.636e-05    105.9    112.4    120    128.3    136.5    144    150.6    156.2    161    164.8    167.9    170.4    172.4    173.9    175.1    176.1    176.8    177.4    177.9    178.2    178.5    178.8    179    179.2    179.3    179.5    179.6    179.8    179.9    180    180.1    180.2    180.3    180.5    180.6    
CS136    2.104e-07    0.3058    0.02235    0.02545    0.03005    0.03476    0.03963    0.04474    0.05008    0.05562    0.06128    0.06697    0.07261    0.07813    0.08346    0.08857    0.09341    0.09797    0.1022    0.1062    0.1098    0.1132    0.1162    0.119    0.1215    0.1237    0.1257    0.1274    0.129    0.1303    0.1314    0.1324    0.1331    0.1337    0.1342    0.1345    
BA136    8.901e-09    0.5314    0.9141    1.034    1.179    1.35    1.546    1.769    2.02    2.3    2.61    2.95    3.321    3.721    4.151    4.609    5.093    5.603    6.136    6.692    7.269    7.864    8.477    9.105    9.749    10.4    11.07    11.75    12.44    13.13    13.84    14.54    15.26    15.98    16.7    17.42    
CS137    1.339e-05    50.5    53.21    56.48    60    63.42    66.51    69.15    71.32    73.02    74.31    75.23    75.85    76.22    76.39    76.41    76.3    76.1    75.82    75.5    75.13    74.73    74.31    73.88    73.44    72.99    72.54    72.09    71.64    71.18    70.73    70.28    69.84    69.39    68.95    68.51    
BA137    6.879e-09    0.1103    0.5003    0.9108    1.344    1.801    2.28    2.777    3.289    3.812    4.343    4.879    5.417    5.955    6.492    7.026    7.557    8.082    8.603    9.118    9.627    10.13    10.63    11.12    11.6    12.08    12.55    13.01    13.47    13.93    14.37    14.81    15.25    15.67    16.1    16.51    
BA138    1.17e-05    44.79    47.56    50.82    54.35    57.83    61.05    63.91    66.37    68.43    70.13    71.51    72.61    73.5    74.2    74.76    75.21    75.58    75.88    76.12    76.34    76.52    76.69    76.84    76.98    77.12    77.25    77.38    77.51    77.64    77.77    77.91    78.04    78.18    78.32    78.46    
LA139    1.131e-05    43.84    46.08    48.71    51.56    54.33    56.81    58.9    60.57    61.83    62.72    63.28    63.57    63.64    63.53    63.28    62.92    62.48    61.97    61.43    60.85    60.24    59.63    59    58.37    57.74    57.11    56.49    55.87    55.25    54.64    54.04    53.44    52.85    52.27    51.69    
BA140    1.105e-05    15.59    0.6373    0.6333    0.6424    0.6109    0.5524    0.4813    0.4076    0.3378    0.2751    0.2211    0.1759    0.1388    0.109    0.08532    0.06677    0.05239    0.04134    0.03291    0.02654    0.02175    0.01816    0.0155    0.01353    0.01208    0.01101    0.01023    0.009652    0.00923    0.00892    0.008692    0.008525    0.008403    0.008315    0.008252    
LA140    3.984e-07    2.068    0.09866    0.09849    0.1005    0.09724    0.09031    0.08159    0.07241    0.06362    0.05566    0.04873    0.04288    0.03802    0.03407    0.03088    0.02833    0.0263    0.0247    0.02342    0.0224    0.02158    0.02092    0.02038    0.01992    0.01954    0.0192    0.0189    0.01864    0.01839    0.01816    0.01794    0.01773    0.01753    0.01734    0.01715    
CE140    1.073e-07    28.14    48.34    52.16    56.26    60.36    64.27    67.84    71.04    73.85    76.3    78.43    80.29    81.92    83.37    84.66    85.83    86.9    87.89    88.83    89.71    90.55    91.37    92.15    92.92    93.66    94.4    95.11    95.82    96.51    97.2    97.87    98.53    99.19    99.83    100.5    
CE141    1.018e-05    25.71    3.154    1.566    1.496    1.435    1.309    1.147    0.9769    0.8142    0.6682    0.5424    0.4371    0.3511    0.282    0.2274    0.1848    0.1518    0.1266    0.1075    0.09307    0.08234    0.07439    0.06856    0.06431    0.06125    0.05907    0.05753    0.05647    0.05574    0.05527    0.05497    0.0548    0.05473    0.05472    0.05476    
PR141    1.637e-07    16.47    40.9    44.65    47.06    49.34    51.38    53.05    54.33    55.21    55.73    55.93    55.88    55.61    55.18    54.62    53.96    53.24    52.46    51.65    50.82    49.98    49.13    48.29    47.45    46.62    45.81    45    44.21    43.43    42.67    41.92    41.19    40.47    39.77    39.08    
CE142    1.024e-05    40.25    43.04    45.95    49.04    52.07    54.85    57.27    59.33    61.02    62.39    63.47    64.31    64.96    65.45    65.82    66.08    66.27    66.41    66.49    66.55    66.58    66.59    66.58    66.57    66.55    66.52    66.49    66.45    66.41    66.38    66.34    66.29    66.25    66.21    66.17    
PR142    1.435e-11    0.003932    0.009766    0.01066    0.01124    0.01178    0.01227    0.01267    0.01297    0.01318    0.01331    0.01336    0.01334    0.01328    0.01318    0.01304    0.01289    0.01271    0.01253    0.01233    0.01213    0.01193    0.01173    0.01153    0.01133    0.01113    0.01094    0.01075    0.01056    0.01037    0.01019    0.01001    0.009836    0.009664    0.009496    0.009331    
ND142    6.657e-12    0.07604    0.7977    1.667    2.568    3.494    4.441    5.402    6.369    7.333    8.286    9.222    10.13    11.02    11.88    12.7    13.49    14.25    14.97    15.66    16.31    16.93    17.52    18.07    18.59    19.08    19.55    19.98    20.39    20.77    21.12    21.46    21.76    22.05    22.31    22.55    
CE143    6.858e-06    1.882    0.06248    0.06047    0.05951    0.05565    0.04985    0.04324    0.03662    0.03047    0.02503    0.02039    0.01654    0.0134    0.01088    0.008897    0.007346    0.006147    0.005228    0.004529    0.004    0.003603    0.003306    0.003085    0.002921    0.0028    0.002711    0.002645    0.002597    0.002561    0.002534    0.002515    0.002501    0.00249    0.002483    0.002479    
PR143    2.684e-06    13.25    0.5645    0.5525    0.5597    0.5321    0.4817    0.4208    0.3581    0.299    0.2463    0.201    0.1631    0.1322    0.1073    0.08765    0.07226    0.06034    0.05119    0.04422    0.03894    0.03497    0.03201    0.0298    0.02816    0.02694    0.02605    0.02539    0.0249    0.02453    0.02426    0.02406    0.0239    0.02379    0.0237    0.02363    
ND143    8.64e-08    20.07    24.39    17.85    13.8    11.2    9.39    8.015    6.894    5.939    5.113    4.397    3.784    3.266    2.836    2.485    2.204    1.984    1.814    1.686    1.593    1.528    1.484    1.457    1.443    1.439    1.442    1.45    1.462    1.475    1.491    1.507    1.523    1.538    1.554    1.568    
CE144    8.169e-06    28.94    23.27    19.35    16.58    14.48    12.75    11.23    9.857    8.587    7.417    6.351    5.391    4.539    3.793    3.149    2.6    2.137    1.75    1.429    1.167    0.9525    0.7792    0.6399    0.5285    0.4399    0.3697    0.3143    0.2707    0.2366    0.2099    0.189    0.1727    0.1599    0.1499    0.142    
ND144    1.794e-08    4.696    24.96    40.32    52.34    62.15    70.39    77.42    83.43    88.57    92.92    96.57    99.62    102.1    104.2    105.8    107.2    108.3    109.1    109.8    110.3    110.8    111.1    111.4    111.7    111.9    112.1    112.2    112.4    112.5    112.7    112.8    113    113.1    113.3    113.4    
ND145    5.84e-06    24.55    24.75    25.08    25.58    26.07    26.42    26.59    26.55    26.33    25.95    25.44    24.83    24.16    23.44    22.71    21.97    21.24    20.52    19.83    19.16    18.52    17.92    17.35    16.81    16.3    15.83    15.38    14.96    14.57    14.2    13.86    13.54    13.24    12.97    12.71    
ND146    5.439e-06    21.22    24.16    27.33    30.64    33.96    37.18    40.24    43.11    45.78    48.26    50.55    52.67    54.64    56.47    58.18    59.79    61.3    62.73    64.08    65.36    66.58    67.75    68.86    69.93    70.96    71.95    72.9    73.82    74.71    75.57    76.4    77.2    77.99    78.75    79.49    
ND147    4.299e-06    5.46    0.2199    0.223    0.2266    0.217    0.1984    0.1755    0.1517    0.1291    0.1088    0.09138    0.07679    0.0649    0.0554    0.04794    0.04218    0.0378    0.03451    0.0321    0.03035    0.02913    0.02829    0.02775    0.02743    0.02728    0.02724    0.02729    0.02739    0.02754    0.02772    0.02792    0.02813    0.02835    0.02857    0.02879    
PM147    2.038e-07    10.04    9.462    6.261    4.549    3.588    2.986    2.551    2.197    1.889    1.616    1.374    1.164    0.9841    0.8335    0.7097    0.6097    0.5302    0.4679    0.4199    0.3834    0.3562    0.3363    0.322    0.312    0.3054    0.3013    0.2991    0.2982    0.2984    0.2992    0.3005    0.3022    0.3041    0.3062    0.3083    
SM147    8.916e-11    0.1765    1.114    1.624    1.875    1.989    2.026    2.017    1.976    1.914    1.835    1.744    1.645    1.542    1.437    1.333    1.232    1.135    1.044    0.9586    0.8799    0.8077    0.742    0.6825    0.6289    0.5809    0.5381    0.4999    0.4661    0.4361    0.4097    0.3865    0.366    0.3481    0.3325    0.3188    
ND148    3.742e-06    14.29    15.12    16.1    17.16    18.2    19.16    19.99    20.69    21.26    21.71    22.06    22.31    22.49    22.61    22.68    22.72    22.73    22.71    22.68    22.63    22.58    22.51    22.44    22.37    22.3    22.22    22.15    22.07    21.99    21.91    21.83    21.75    21.67    21.6    21.52    
PM148    4.065e-10    0.1987    0.1924    0.1274    0.09238    0.07273    0.06046    0.05163    0.04446    0.03824    0.03271    0.02782    0.02356    0.01992    0.01687    0.01437    0.01234    0.01073    0.009465    0.008491    0.007751    0.007198    0.006793    0.006503    0.006301    0.006167    0.006083    0.006037    0.006019    0.006021    0.006038    0.006065    0.006099    0.006137    0.006179    0.006222    
PM148M    1.635e-10    0.07585    0.07334    0.04859    0.03522    0.02774    0.02306    0.01969    0.01696    0.01458    0.01247    0.01061    0.008985    0.007597    0.006435    0.005479    0.004706    0.004091    0.00361    0.003238    0.002956    0.002745    0.002591    0.00248    0.002403    0.002352    0.00232    0.002303    0.002296    0.002297    0.002303    0.002313    0.002326    0.002341    0.002357    0.002373    
SM148    2.826e-11    0.6426    3.973    6.302    7.989    9.322    10.44    11.41    12.27    13.02    13.68    14.25    14.74    15.16    15.52    15.83    16.09    16.32    16.51    16.67    16.81    16.93    17.04    17.13    17.22    17.29    17.35    17.41    17.47    17.52    17.56    17.61    17.65    17.68    17.72    17.76    
PM149    2.149e-06    0.8993    0.09678    0.07334    0.0609    0.05258    0.04592    0.04003    0.03465    0.02975    0.02538    0.02156    0.0183    0.01557    0.01332    0.01151    0.01006    0.008925    0.008038    0.007356    0.006835    0.006442    0.006149    0.005932    0.005773    0.005658    0.005576    0.005519    0.005479    0.005453    0.005437    0.005427    0.005423    0.005421    0.005423    0.005426    
ND150    2.227e-06    8.4    8.892    9.484    10.13    10.76    11.35    11.87    12.31    12.67    12.96    13.19    13.37    13.5    13.6    13.67    13.72    13.75    13.76    13.77    13.76    13.75    13.74    13.72    13.71    13.69    13.66    13.64    13.62    13.59    13.57    13.55    13.52    13.5    13.47    13.45    
SM150    2.447e-07    10.52    13.17    13.78    13.87    13.67    13.29    12.78    12.18    11.51    10.79    10.05    9.311    8.585    7.887    7.228    6.613    6.047    5.531    5.065    4.647    4.275    3.946    3.656    3.402    3.18    2.987    2.82    2.675    2.549    2.441    2.348    2.268    2.2    2.141    2.091    
SM151    5.027e-07    1.052    0.1482    0.153    0.1536    0.1501    0.144    0.1363    0.1276    0.1185    0.1094    0.1004    0.09185    0.08378    0.07628    0.0694    0.06314    0.0575    0.05246    0.04797    0.044    0.04051    0.03745    0.03477    0.03245    0.03043    0.02868    0.02716    0.02586    0.02473    0.02377    0.02294    0.02222    0.02161    0.02109    0.02064    
SM152    1.419e-06    10.66    9.996    8.988    8.421    8.031    7.682    7.319    6.923    6.497    6.051    5.596    5.146    4.709    4.294    3.904    3.544    3.214    2.915    2.645    2.405    2.191    2.002    1.836    1.691    1.564    1.453    1.357    1.273    1.201    1.139    1.085    1.039    0.9991    0.9649    0.9355    
SM153    6.687e-07    0.3574    0.1264    0.1142    0.1075    0.1025    0.0977    0.0926    0.08707    0.08121    0.07518    0.06915    0.06326    0.05763    0.05233    0.04742    0.04291    0.03881    0.03512    0.03181    0.02888    0.02628    0.02399    0.02199    0.02023    0.0187    0.01737    0.01622    0.01522    0.01436    0.01362    0.01298    0.01243    0.01195    0.01155    0.0112    
EU153    1.871e-07    3.682    5.447    5.861    5.864    5.727    5.533    5.307    5.052    4.772    4.473    4.163    3.849    3.538    3.236    2.949    2.68    2.431    2.202    1.995    1.808    1.64    1.492    1.36    1.244    1.142    1.053    0.9756    0.9081    0.8496    0.7989    0.7551    0.7172    0.6846    0.6566    0.6324    
SM154    6.458e-07    2.493    2.695    2.917    3.148    3.373    3.582    3.766    3.924    4.055    4.161    4.245    4.308    4.354    4.386    4.406    4.416    4.419    4.415    4.405    4.392    4.375    4.356    4.335    4.312    4.288    4.263    4.236    4.21    4.183    4.155    4.128    4.1    4.072    4.044    4.016    
EU154    8.464e-10    0.4627    1.611    2.009    2.105    2.089    2.033    1.958    1.872    1.776    1.672    1.562    1.449    1.336    1.226    1.119    1.019    0.9251    0.8386    0.7597    0.6883    0.6242    0.5669    0.5161    0.4713    0.4318    0.3973    0.3671    0.3408    0.318    0.2982    0.281    0.2662    0.2535    0.2425    0.233    
GD154    1.241e-13    0.002188    0.02747    0.06886    0.1114    0.1497    0.1826    0.2099    0.232    0.2492    0.2619    0.2704    0.2751    0.2765    0.275    0.271    0.2649    0.2571    0.2481    0.2381    0.2274    0.2163    0.2051    0.1938    0.1828    0.172    0.1616    0.1516    0.1421    0.1332    0.1248    0.117    0.1097    0.1029    0.09667    0.09092    
EU155    3.827e-07    0.6251    0.5155    0.6799    0.7255    0.7245    0.7059    0.68    0.6496    0.6159    0.5796    0.5415    0.5026    0.4637    0.4257    0.3892    0.3547    0.3225    0.2929    0.2658    0.2414    0.2194    0.1998    0.1824    0.167    0.1535    0.1416    0.1312    0.1222    0.1143    0.1075    0.1016    0.09652    0.0921    0.0883    0.08501    
EU156    1.825e-07    0.8347    0.5055    0.7099    0.7759    0.7808    0.7626    0.7347    0.7016    0.6649    0.6255    0.5842    0.542    0.4999    0.4588    0.4193    0.382    0.3473    0.3152    0.286    0.2596    0.2358    0.2146    0.1958    0.1791    0.1645    0.1516    0.1404    0.1306    0.1221    0.1148    0.1084    0.1028    0.09805    0.09392    0.09037    
GD156    5.988e-09    1.139    3.574    6.439    9.898    13.48    17    20.38    23.59    26.61    29.43    32.04    34.43    36.61    38.57    40.32    41.88    43.25    44.46    45.51    46.42    47.2    47.87    48.44    48.92    49.32    49.65    49.92    50.14    50.32    50.45    50.55    50.62    50.66    50.68    50.68    
GD158    1.842e-07    1.255    1.678    2.21    2.857    3.55    4.26    4.972    5.678    6.373    7.055    7.72    8.366    8.994    9.603    10.19    10.76    11.32    11.86    12.38    12.89    13.38    13.86    14.33    14.79    15.24    15.68    16.11    16.54    16.96    17.37    17.77    18.17    18.56    18.95    19.33    
TB159    2.265e-08    0.1993    0.2153    0.2307    0.2511    0.2752    0.302    0.3307    0.3606    0.3915    0.4234    0.456    0.4896    0.5241    0.5595    0.596    0.6335    0.672    0.7114    0.7517    0.7928    0.8347    0.8772    0.9203    0.964    1.008    1.052    1.097    1.142    1.187    1.233    1.278    1.324    1.369    1.414    1.46    
GD160    2.574e-08    0.09723    0.1031    0.1103    0.1183    0.1265    0.1343    0.1414    0.1477    0.153    0.1574    0.1609    0.1638    0.166    0.1677    0.169    0.17    0.1707    0.1712    0.1715    0.1717    0.1718    0.1719    0.1719    0.1718    0.1718    0.1717    0.1716    0.1715    0.1713    0.1712    0.1711    0.1709    0.1708    0.1706    0.1705    
TB160    1.191e-11    0.002308    0.006241    0.00721    0.007878    0.008618    0.009454    0.01036    0.01132    0.01232    0.01335    0.01441    0.0155    0.01661    0.01776    0.01894    0.02015    0.0214    0.02268    0.02399    0.02532    0.02669    0.02807    0.02948    0.0309    0.03234    0.03379    0.03526    0.03673    0.03821    0.0397    0.04119    0.04268    0.04418    0.04567    0.04716    
DY160    6.868e-14    0.0004801    0.004864    0.01067    0.01631    0.02175    0.02709    0.03244    0.03785    0.04337    0.049    0.05477    0.06067    0.06671    0.0729    0.07925    0.08576    0.09245    0.09931    0.1063    0.1136    0.121    0.1285    0.1363    0.1442    0.1522    0.1604    0.1687    0.1771    0.1857    0.1943    0.2031    0.2119    0.2208    0.2297    0.2387    
DY161    1.027e-09    0.03713    0.02649    0.01854    0.01639    0.01648    0.01741    0.01865    0.02    0.02142    0.02292    0.02451    0.0262    0.028    0.02991    0.03194    0.03408    0.03633    0.03868    0.04112    0.04365    0.04626    0.04895    0.0517    0.05452    0.0574    0.06032    0.06329    0.06631    0.06936    0.07244    0.07555    0.07868    0.08183    0.08499    0.08817    
DY162    6.409e-09    0.03012    0.04593    0.04724    0.04519    0.04327    0.0423    0.04226    0.04297    0.04423    0.04593    0.04801    0.05042    0.05315    0.0562    0.05956    0.06322    0.06716    0.07138    0.07586    0.08058    0.08552    0.09067    0.09602    0.1015    0.1072    0.113    0.119    0.1251    0.1313    0.1375    0.1439    0.1503    0.1568    0.1634    0.17    
DY163    2.664e-09    0.01245    0.02466    0.0366    0.04552    0.05162    0.05574    0.05868    0.06099    0.06306    0.06513    0.06734    0.06981    0.07259    0.07575    0.07931    0.0833    0.08772    0.09259    0.0979    0.1036    0.1098    0.1164    0.1233    0.1306    0.1382    0.1462    0.1545    0.163    0.1718    0.1808    0.19    0.1994    0.2089    0.2187    0.2285    
HO165    4.958e-10    0.004751    0.009708    0.0159    0.02403    0.0331    0.04232    0.05125    0.05968    0.06754    0.07488    0.08178    0.08834    0.09469    0.1009    0.1072    0.1135    0.1201    0.1269    0.1341    0.1418    0.1499    0.1585    0.1677    0.1775    0.1879    0.1988    0.2104    0.2225    0.2353    0.2486    0.2625    0.2769    0.2918    0.3072    0.323    
ER166    1.098e-11    0.001137    0.002252    0.0038    0.006171    0.009475    0.0137    0.01877    0.02457    0.03099    0.0379    0.04522    0.05287    0.0608    0.06896    0.07734    0.08594    0.09475    0.1038    0.1131    0.1227    0.1326    0.1429    0.1536    0.1648    0.1765    0.1887    0.2014    0.2148    0.2289    0.2436    0.259    0.2751    0.292    0.3096    0.328    
ER168    9.726e-13    0.0001078    0.0003749    0.0005932    0.0008888    0.001337    0.002006    0.002959    0.004258    0.005954    0.008094    0.01071    0.01384    0.0175    0.02172    0.0265    0.03187    0.03784    0.04441    0.05162    0.05946    0.06797    0.07715    0.08704    0.09766    0.109    0.1212    0.1342    0.1481    0.1629    0.1786    0.1953    0.2131    0.2319    0.2519    0.2731    
