TIME    3   100   220   340   460   580   700   820   1040   1160   1280   1400   1520   1640   1760   1880   2000   2120   2240   2360   2480   2600   2720   2840   2960   3080   3200   3320   3440   3560   3680   3800   3920   4040   4160   4280   
NEUT_PROD    27.3   183   181   173   164   155   146   136   119   111   103   96.1   89.5   83.4   77.7   72.4   67.5   62.9   58.7   54.7   51.1   47.7   44.6   41.7   39   36.5   34.2   32   30   28.2   26.5   24.9   23.4   22   20.7   19.5   
NEUT_DEST    65.6   113   112   109   128   123   119   114   107   100   95.1   90.4   85.9   81.6   77.5   73.7   70.1   66.7   63.5   60.5   57.7   55.1   52.6   50.2   48.1   46   44.1   42.3   40.6   39   37.6   36.2   34.9   33.6   32.5   31.4   
BUd    0.156    -0.0626    49.7    49.9    47.8    45.4    42.9    40.3    73.3    32.9    30.7    28.6    26.7    24.8    23.2    21.6    20.1    18.7    17.5    16.3    15.2    14.2    13.3    12.4    11.6    10.9    10.2    9.52    8.92    8.37    7.86    7.38    6.94    6.53    6.14    5.79    
HE4    0.005148    0.1656    0.3511    0.5232    0.6829    0.8313    0.9691    1.097    1.308    1.411    1.506    1.595    1.677    1.754    1.825    1.891    1.952    2.01    2.063    2.112    2.158    2.201    2.241    2.279    2.314    2.346    2.376    2.405    2.431    2.456    2.479    2.501    2.521    2.54    2.558    2.575    
PU238    1.906e-09    7.288e-05    0.001706    0.00843    0.02262    0.04377    0.06935    0.09622    0.1374    0.1559    0.1685    0.1764    0.1804    0.1812    0.1794    0.1756    0.1703    0.1639    0.1567    0.149    0.1412    0.1332    0.1254    0.1178    0.1104    0.1034    0.09665    0.09032    0.08435    0.07875    0.0735    0.0686    0.06402    0.05976    0.05579    0.05209    
PU239    4.771e-09    6.815e-06    0.0001717    0.001162    0.003893    0.008844    0.01581    0.02409    0.03952    0.04661    0.05246    0.05676    0.05958    0.0611    0.06153    0.06107    0.0599    0.05819    0.05608    0.0537    0.05114    0.04849    0.04582    0.04316    0.04057    0.03806    0.03565    0.03336    0.03119    0.02914    0.02722    0.02542    0.02373    0.02215    0.02069    0.01932    
PU240    0.307    8.15    14.27    17.7    19.39    19.97    19.84    19.29    16.79    16.05    15.2    14.32    13.43    12.56    11.73    10.94    10.19    9.488    8.833    8.222    7.654    7.125    6.635    6.18    5.757    5.365    5.002    4.665    4.352    4.062    3.792    3.542    3.31    3.094    2.894    2.707    
PU241    0.001856    1.287    3.668    5.621    6.894    7.585    7.854    7.839    7.123    6.753    6.411    6.062    5.709    5.356    5.012    4.681    4.366    4.068    3.789    3.527    3.284    3.057    2.846    2.65    2.468    2.3    2.143    1.998    1.864    1.739    1.623    1.515    1.415    1.322    1.236    1.156    
PU242    4.861e-06    0.1247    0.7648    1.928    3.429    5.084    6.756    8.356    11.11    12.2    13.14    13.93    14.59    15.11    15.51    15.8    15.99    16.09    16.11    16.06    15.95    15.79    15.58    15.33    15.05    14.74    14.41    14.06    13.69    13.32    12.94    12.55    12.16    11.77    11.37    10.99    
AM241    2.436e-07    0.004982    0.02584    0.05391    0.079    0.09708    0.1079    0.113    0.1029    0.1023    0.09885    0.09435    0.08942    0.08431    0.07918    0.07415    0.06929    0.06466    0.06027    0.05615    0.05228    0.04868    0.04532    0.0422    0.03929    0.0366    0.0341    0.03178    0.02962    0.02763    0.02577    0.02406    0.02246    0.02098    0.0196    0.01832    
AM243    2.071e-09    0.002067    0.02532    0.09776    0.2351    0.439    0.7017    1.01    1.708    2.067    2.419    2.756    3.073    3.365    3.631    3.868    4.075    4.253    4.401    4.522    4.616    4.685    4.731    4.755    4.759    4.746    4.717    4.673    4.617    4.55    4.474    4.389    4.298    4.2    4.098    3.993    
CM242    3.001e-07    0.0008244    0.009017    0.02824    0.05426    0.08101    0.1041    0.1215    0.1393    0.1374    0.1349    0.1311    0.1263    0.1208    0.1147    0.1084    0.1021    0.09577    0.08965    0.08378    0.07819    0.07291    0.06794    0.06329    0.05895    0.05491    0.05114    0.04765    0.0444    0.04138    0.03858    0.03598    0.03357    0.03133    0.02925    0.02732    
CM244    997.8    929    861.3    798.5    740.3    686.4    636.5    590.3    508.9    472.2    438.2    406.7    377.6    350.7    325.8    302.8    281.5    261.8    243.5    226.6    211    196.5    183.1    170.7    159.1    148.5    138.5    129.4    120.8    112.9    105.5    98.7    92.34    86.43    80.93    75.81    
CM245    1.731    16.6    15.98    14.84    13.76    12.75    11.83    10.97    9.454    8.771    8.139    7.555    7.014    6.514    6.051    5.622    5.226    4.86    4.52    4.206    3.916    3.646    3.397    3.166    2.952    2.753    2.569    2.398    2.24    2.093    1.956    1.829    1.711    1.601    1.499    1.404    
CM246    0.01328    6.291    14.47    22.08    29.07    35.49    41.38    46.77    56.24    60.39    64.17    67.62    70.76    73.62    76.22    78.58    80.71    82.63    84.37    85.93    87.32    88.57    89.67    90.65    91.51    92.26    92.9    93.46    93.92    94.31    94.63    94.87    95.05    95.18    95.25    95.27    
CM247    9.26e-07    0.01649    0.07697    0.1711    0.2873    0.4166    0.5526    0.6907    0.9606    1.089    1.21    1.325    1.433    1.533    1.627    1.713    1.792    1.865    1.932    1.993    2.048    2.099    2.144    2.185    2.222    2.255    2.285    2.311    2.334    2.354    2.372    2.387    2.4    2.411    2.419    2.426    
CM248    7.676e-10    0.0005193    0.005248    0.01845    0.04301    0.08062    0.1322    0.1979    0.3707    0.4767    0.5947    0.7239    0.8632    1.012    1.169    1.333    1.504    1.681    1.863    2.049    2.239    2.432    2.628    2.825    3.024    3.224    3.425    3.626    3.826    4.027    4.226    4.425    4.623    4.819    5.013    5.206    
SE78    3.535e-10    9.81e-06    6.148e-05    0.0001589    0.007132    0.01236    0.0167    0.02048    0.02805    0.03092    0.03357    0.03605    0.03836    0.04053    0.04257    0.04449    0.0463    0.048    0.04961    0.05113    0.05256    0.05392    0.0552    0.05642    0.05757    0.05865    0.05968    0.06066    0.06158    0.06246    0.06328    0.06407    0.06481    0.06552    0.06619    0.06682    
SE79    8.528e-10    2.23e-05    0.0001389    0.0003567    0.01539    0.0263    0.03508    0.04251    0.05704    0.06216    0.06677    0.07094    0.07474    0.0782    0.08137    0.08426    0.08692    0.08935    0.09158    0.09363    0.09551    0.09724    0.09882    0.1003    0.1016    0.1028    0.1039    0.105    0.1059    0.1067    0.1075    0.1082    0.1089    0.1095    0.11    0.1105    
SE80    1.746e-09    4.551e-05    0.0002838    0.00073    0.03675    0.063    0.08422    0.1023    0.1379    0.1506    0.1622    0.1727    0.1824    0.1914    0.1997    0.2073    0.2144    0.2211    0.2272    0.2329    0.2383    0.2433    0.248    0.2523    0.2564    0.2603    0.2639    0.2673    0.2705    0.2735    0.2763    0.279    0.2815    0.2839    0.2862    0.2883    
BR81    3.129e-09    8.181e-05    0.0005085    0.001303    0.05649    0.09615    0.1277    0.154    0.205    0.2222    0.2376    0.2512    0.2633    0.2741    0.2838    0.2924    0.3001    0.3069    0.3129    0.3182    0.3229    0.3269    0.3304    0.3335    0.336    0.3382    0.3399    0.3413    0.3424    0.3432    0.3437    0.344    0.344    0.3438    0.3435    0.3429    
SE82    5.69e-09    0.0001483    0.0009245    0.002377    0.07113    0.1215    0.1624    0.1974    0.2661    0.2908    0.3133    0.3338    0.3526    0.3699    0.3859    0.4007    0.4144    0.4271    0.4389    0.4499    0.4601    0.4696    0.4785    0.4868    0.4945    0.5017    0.5085    0.5148    0.5207    0.5263    0.5315    0.5364    0.541    0.5453    0.5494    0.5532    
KR82    7.972e-13    3.09e-07    3.516e-06    1.36e-05    0.001437    0.003024    0.00472    0.006509    0.0105    0.01251    0.01451    0.01649    0.01845    0.02037    0.02224    0.02406    0.02583    0.02752    0.02916    0.03072    0.03222    0.03364    0.03499    0.03628    0.03749    0.03863    0.03971    0.04072    0.04166    0.04254    0.04336    0.04411    0.04482    0.04546    0.04605    0.04659    
KR83    9.34e-09    0.0002472    0.001427    0.003367    0.09347    0.1369    0.1569    0.1641    0.1733    0.1633    0.1529    0.1427    0.133    0.1238    0.1153    0.1075    0.1003    0.09375    0.08774    0.08225    0.07723    0.07265    0.06845    0.06462    0.0611    0.05788    0.05493    0.05222    0.04972    0.04743    0.04531    0.04336    0.04155    0.03988    0.03834    0.03691    
KR84    1.818e-08    0.0004981    0.003223    0.008594    0.189    0.3456    0.4889    0.6217    0.888    0.998    1.1    1.193    1.28    1.36    1.434    1.503    1.567    1.626    1.682    1.733    1.781    1.826    1.868    1.907    1.944    1.978    2.011    2.041    2.07    2.097    2.123    2.147    2.17    2.192    2.212    2.232    
KR85    3.708e-09    0.0001054    0.0006541    0.001671    0.04471    0.07554    0.09975    0.1197    0.158    0.1703    0.1809    0.1901    0.198    0.2049    0.2107    0.2157    0.2199    0.2234    0.2263    0.2286    0.2303    0.2316    0.2325    0.233    0.2332    0.233    0.2326    0.2319    0.231    0.2299    0.2286    0.2271    0.2255    0.2238    0.2219    0.22    
RB85    1.376e-08    0.0003937    0.002461    0.006339    0.1607    0.2756    0.3698    0.451    0.6111    0.6702    0.7245    0.7745    0.8209    0.864    0.9042    0.9417    0.9768    1.01    1.041    1.07    1.097    1.123    1.147    1.17    1.192    1.212    1.232    1.25    1.267    1.284    1.3    1.315    1.329    1.343    1.356    1.368    
KR86    3.22e-08    0.0008393    0.005234    0.01345    0.2907    0.4953    0.6626    0.8061    1.088    1.191    1.284    1.369    1.448    1.52    1.587    1.649    1.706    1.759    1.809    1.855    1.898    1.938    1.975    2.01    2.043    2.073    2.102    2.129    2.154    2.177    2.199    2.22    2.24    2.258    2.275    2.292    
RB87    3.854e-08    0.00103    0.006423    0.01651    0.3633    0.6194    0.8283    1.007    1.359    1.487    1.603    1.708    1.806    1.895    1.978    2.055    2.125    2.191    2.252    2.309    2.361    2.411    2.456    2.499    2.539    2.576    2.61    2.643    2.673    2.702    2.728    2.753    2.777    2.799    2.82    2.839    
SR88    4.829e-08    0.001339    0.008359    0.0215    0.5124    0.8753    1.171    1.424    1.922    2.102    2.266    2.416    2.554    2.681    2.798    2.907    3.007    3.101    3.188    3.269    3.344    3.414    3.48    3.541    3.599    3.652    3.703    3.75    3.794    3.835    3.874    3.911    3.946    3.978    4.009    4.038    
SR89    6.234e-08    0.001183    0.005413    0.01023    0.3819    0.3435    0.2811    0.2353    0.2438    0.1722    0.1468    0.1317    0.1201    0.1102    0.1015    0.09368    0.08666    0.0803    0.07451    0.06923    0.06439    0.05995    0.05588    0.05213    0.04867    0.04549    0.04255    0.03983    0.03732    0.03499    0.03283    0.03084    0.02898    0.02726    0.02566    0.02417    
Y89    6.445e-10    0.0004677    0.004874    0.01621    0.2673    0.7633    1.197    1.561    2.174    2.468    2.696    2.895    3.075    3.239    3.389    3.527    3.655    3.772    3.88    3.98    4.072    4.157    4.235    4.308    4.375    4.438    4.495    4.548    4.598    4.643    4.685    4.725    4.761    4.794    4.825    4.853    
SR90    8.06e-08    0.002098    0.01305    0.03345    0.8088    1.373    1.826    2.208    2.951    3.208    3.436    3.641    3.824    3.989    4.137    4.27    4.389    4.496    4.592    4.677    4.752    4.819    4.878    4.929    4.974    5.012    5.045    5.073    5.095    5.114    5.128    5.138    5.145    5.148    5.149    5.147    
ZR90    5.817e-13    3.713e-06    5.309e-05    0.0002332    0.002737    0.01164    0.02552    0.04347    0.08632    0.1144    0.1449    0.1774    0.2118    0.2479    0.2855    0.3245    0.3647    0.406    0.4482    0.4914    0.5354    0.5801    0.6254    0.6713    0.7177    0.7646    0.8118    0.8593    0.9072    0.9552    1.003    1.052    1.101    1.149    1.198    1.247    
Y91    5.909e-08    0.001907    0.009008    0.01743    0.6037    0.5762    0.4832    0.4077    0.4181    0.3044    0.2584    0.2312    0.2108    0.1937    0.1788    0.1655    0.1536    0.1427    0.1328    0.1238    0.1155    0.1079    0.101    0.09455    0.08864    0.08318    0.07815    0.07349    0.06917    0.06518    0.06147    0.05804    0.05485    0.05188    0.04913    0.04656    
ZR91    4.703e-10    0.0006456    0.006948    0.02363    0.3634    1.081    1.734    2.289    3.216    3.669    4.023    4.33    4.608    4.862    5.094    5.309    5.507    5.69    5.859    6.016    6.161    6.296    6.421    6.538    6.646    6.747    6.84    6.927    7.009    7.084    7.155    7.22    7.282    7.339    7.392    7.442    
ZR92    1.102e-07    0.00327    0.02043    0.05258    1.198    2.05    2.745    3.341    4.513    4.94    5.329    5.685    6.014    6.316    6.597    6.857    7.099    7.325    7.535    7.731    7.914    8.085    8.245    8.396    8.537    8.669    8.794    8.911    9.022    9.126    9.225    9.318    9.406    9.49    9.569    9.644    
ZR93    9.854e-08    0.004341    0.0271    0.06963    1.562    2.669    3.563    4.321    5.796    6.319    6.789    7.213    7.597    7.947    8.265    8.554    8.818    9.058    9.276    9.475    9.656    9.82    9.969    10.1    10.23    10.34    10.43    10.52    10.6    10.67    10.74    10.79    10.84    10.88    10.92    10.95    
ZR94    1.825e-07    0.004792    0.02992    0.07706    1.767    3.022    4.053    4.944    6.707    7.358    7.956    8.509    9.022    9.5    9.946    10.36    10.76    11.12    11.47    11.8    12.11    12.4    12.68    12.94    13.19    13.43    13.66    13.87    14.08    14.28    14.47    14.65    14.83    14.99    15.16    15.31    
ZR95    2.228e-07    0.004488    0.02154    0.04224    1.293    1.272    1.084    0.9201    0.9349    0.6908    0.5844    0.5205    0.473    0.4336    0.3993    0.3688    0.3413    0.3163    0.2936    0.2729    0.2539    0.2365    0.2204    0.2057    0.1921    0.1796    0.1681    0.1574    0.1475    0.1383    0.1299    0.122    0.1147    0.108    0.1017    0.09586    
NB95    1.785e-09    0.0009479    0.007126    0.01718    0.382    0.5997    0.568    0.4933    0.4777    0.3963    0.3229    0.2817    0.2541    0.2324    0.2139    0.1975    0.1828    0.1694    0.1573    0.1462    0.136    0.1266    0.118    0.1101    0.1028    0.09612    0.08992    0.08418    0.07888    0.07397    0.06942    0.0652    0.06129    0.05766    0.05429    0.05115    
MO95    2.121e-11    0.0004325    0.007837    0.03401    0.3295    1.52    2.835    3.973    5.67    6.542    7.188    7.69    8.104    8.452    8.745    8.992    9.197    9.365    9.501    9.606    9.685    9.739    9.772    9.785    9.781    9.761    9.727    9.681    9.623    9.554    9.477    9.392    9.3    9.201    9.097    8.989    
ZR96    2.53e-07    0.006597    0.04114    0.1057    2.141    3.645    4.875    5.931    8.004    8.755    9.44    10.07    10.64    11.17    11.66    12.11    12.53    12.92    13.28    13.61    13.92    14.21    14.48    14.73    14.96    15.18    15.38    15.58    15.75    15.92    16.08    16.22    16.36    16.49    16.61    16.72    
MO96    2.696e-10    2.167e-05    0.0002205    0.0009841    0.006393    0.03493    0.09704    0.1899    0.4458    0.6062    0.7847    0.9767    1.18    1.392    1.611    1.837    2.067    2.302    2.54    2.78    3.022    3.265    3.509    3.752    3.995    4.237    4.477    4.716    4.953    5.187    5.419    5.649    5.875    6.099    6.319    6.536    
MO97    1.227e-07    0.007042    0.04408    0.1134    2.308    3.958    5.294    6.432    8.647    9.443    10.16    10.81    11.41    11.95    12.45    12.9    13.32    13.71    14.06    14.38    14.68    14.96    15.21    15.45    15.66    15.86    16.04    16.21    16.36    16.5    16.63    16.75    16.86    16.97    17.06    17.14    
MO98    3.053e-07    0.007963    0.04969    0.1279    2.506    4.273    5.725    6.98    9.456    10.37    11.2    11.97    12.68    13.35    13.96    14.53    15.07    15.57    16.04    16.48    16.9    17.29    17.66    18.01    18.34    18.65    18.94    19.22    19.49    19.74    19.98    20.21    20.43    20.64    20.84    21.04    
MO99    2.986e-07    0.0009797    0.002792    0.00428    0.1568    0.1013    0.07581    0.06127    0.06078    0.03965    0.03553    0.03206    0.02915    0.02666    0.02449    0.02258    0.02087    0.01933    0.01793    0.01667    0.01552    0.01447    0.01351    0.01262    0.01181    0.01107    0.01038    0.009749    0.009164    0.008622    0.008122    0.007658    0.007228    0.006829    0.006459    0.006115    
TC99    5.403e-08    0.008956    0.05624    0.1439    2.535    4.365    5.742    6.832    8.794    9.385    9.852    10.23    10.52    10.75    10.91    11.03    11.1    11.12    11.12    11.08    11.01    10.92    10.81    10.68    10.54    10.38    10.21    10.03    9.847    9.656    9.459    9.259    9.056    8.851    8.645    8.439    
MO100    3.673e-07    0.00957    0.05966    0.1533    3.027    5.152    6.889    8.381    11.31    12.37    13.34    14.22    15.03    15.78    16.47    17.1    17.69    18.24    18.74    19.21    19.65    20.05    20.43    20.78    21.11    21.42    21.7    21.97    22.22    22.45    22.66    22.87    23.06    23.24    23.4    23.56    
RU100    1.51e-11    0.0001048    0.001387    0.00566    0.05491    0.2033    0.4205    0.6898    1.35    1.733    2.136    2.554    2.983    3.42    3.862    4.305    4.749    5.192    5.631    6.065    6.494    6.915    7.328    7.733    8.129    8.514    8.89    9.254    9.608    9.951    10.28    10.6    10.91    11.21    11.49    11.77    
RU101    3.596e-07    0.009438    0.05871    0.1505    2.644    4.475    5.959    7.222    9.675    10.54    11.32    12.03    12.67    13.25    13.78    14.27    14.71    15.11    15.48    15.82    16.13    16.42    16.68    16.92    17.14    17.34    17.53    17.7    17.86    18    18.13    18.25    18.37    18.47    18.57    18.65    
RU102    3.886e-07    0.01018    0.0636    0.1639    2.744    4.681    6.289    7.69    10.47    11.51    12.47    13.37    14.2    14.98    15.71    16.39    17.04    17.65    18.23    18.77    19.29    19.78    20.25    20.7    21.12    21.53    21.91    22.28    22.64    22.98    23.31    23.63    23.94    24.23    24.52    24.79    
RU103    3.758e-07    0.00653    0.02829    0.05149    1.608    1.327    1.063    0.8916    0.9389    0.6462    0.5636    0.5121    0.4702    0.4339    0.4019    0.3732    0.3473    0.3238    0.3024    0.2829    0.2651    0.2487    0.2337    0.2199    0.2072    0.1956    0.1848    0.1748    0.1657    0.1572    0.1493    0.142    0.1353    0.1291    0.1233    0.1179    
RH103    4.911e-09    0.003177    0.02926    0.0866    1.344    3.122    4.116    4.579    4.904    4.902    4.65    4.363    4.076    3.8    3.539    3.294    3.066    2.855    2.66    2.48    2.315    2.163    2.023    1.894    1.775    1.666    1.566    1.473    1.388    1.309    1.236    1.169    1.107    1.05    0.997    0.948    
RU104    4.259e-07    0.01119    0.06988    0.1797    2.8    4.761    6.375    7.767    10.5    11.5    12.4    13.24    14    14.7    15.35    15.95    16.5    17.01    17.48    17.92    18.33    18.71    19.06    19.38    19.69    19.97    20.23    20.47    20.7    20.91    21.11    21.29    21.46    21.62    21.77    21.91    
PD104    8.324e-12    0.0002006    0.004196    0.02069    0.1676    0.8614    1.931    3.189    5.867    7.274    8.626    9.896    11.08    12.18    13.21    14.16    15.04    15.86    16.62    17.33    17.98    18.59    19.16    19.69    20.18    20.64    21.07    21.47    21.84    22.19    22.52    22.83    23.12    23.39    23.65    23.89    
RH105    2.238e-07    0.0003866    0.001102    0.00169    0.05431    0.03522    0.02646    0.02146    0.02129    0.014    0.01257    0.01137    0.01036    0.009494    0.008738    0.008069    0.007471    0.006933    0.006445    0.006003    0.0056    0.005231    0.004894    0.004585    0.0043    0.004039    0.003797    0.003575    0.003369    0.003179    0.003003    0.00284    0.002689    0.002548    0.002418    0.002297    
PD105    8.599e-08    0.00674    0.04222    0.1083    1.697    2.905    3.856    4.643    6.119    6.62    7.05    7.426    7.753    8.037    8.283    8.496    8.678    8.832    8.961    9.067    9.153    9.22    9.27    9.305    9.327    9.335    9.333    9.321    9.299    9.269    9.232    9.188    9.138    9.083    9.023    8.959    
RU106    3.875e-07    0.009622    0.05664    0.136    1.897    2.847    3.373    3.643    4.127    3.978    3.801    3.608    3.407    3.207    3.01    2.82    2.638    2.464    2.301    2.147    2.002    1.867    1.741    1.624    1.515    1.413    1.319    1.232    1.15    1.075    1.005    0.9406    0.8805    0.8248    0.7731    0.7251    
PD106    4.049e-08    0.003693    0.02668    0.07903    1.014    2.122    3.334    4.599    7.19    8.524    9.809    11.04    12.22    13.34    14.41    15.42    16.39    17.31    18.19    19.02    19.81    20.56    21.28    21.96    22.62    23.24    23.84    24.41    24.95    25.48    25.98    26.46    26.92    27.37    27.8    28.21    
PD107    3.356e-07    0.008782    0.05451    0.1394    1.603    2.684    3.561    4.304    5.726    6.218    6.652    7.037    7.378    7.679    7.945    8.178    8.383    8.561    8.714    8.846    8.958    9.052    9.128    9.19    9.238    9.273    9.296    9.309    9.313    9.308    9.294    9.274    9.247    9.215    9.177    9.134    
PD108    2.567e-07    0.006689    0.04164    0.1068    1.143    1.923    2.57    3.13    4.217    4.613    4.971    5.295    5.59    5.857    6.1    6.32    6.52    6.7    6.863    7.009    7.141    7.258    7.363    7.455    7.537    7.608    7.67    7.723    7.767    7.804    7.834    7.857    7.874    7.885    7.891    7.892    
AG109    7.64e-08    0.003717    0.0223    0.05482    0.6697    1.05    1.298    1.465    1.742    1.777    1.794    1.799    1.794    1.784    1.769    1.752    1.732    1.711    1.69    1.668    1.646    1.625    1.604    1.583    1.563    1.544    1.525    1.507    1.49    1.473    1.456    1.44    1.425    1.41    1.396    1.381    
PD110    7.916e-08    0.002063    0.01286    0.03307    0.332    0.5593    0.7494    0.9156    1.241    1.363    1.474    1.576    1.67    1.757    1.838    1.912    1.981    2.045    2.105    2.16    2.211    2.258    2.303    2.344    2.382    2.418    2.451    2.482    2.511    2.538    2.563    2.587    2.609    2.63    2.649    2.667    
AG110M    4.316e-12    7.722e-06    8.867e-05    0.0003181    0.002466    0.007282    0.01237    0.01688    0.02449    0.02681    0.0284    0.02943    0.03006    0.0304    0.03051    0.03048    0.03033    0.0301    0.02982    0.0295    0.02916    0.02881    0.02845    0.02809    0.02774    0.02739    0.02705    0.02672    0.02639    0.02608    0.02578    0.02548    0.0252    0.02493    0.02466    0.0244    
CD110    9.837e-11    0.0001974    0.002485    0.009857    0.07097    0.2345    0.4598    0.724    1.324    1.652    1.979    2.304    2.623    2.936    3.241    3.538    3.826    4.105    4.375    4.636    4.888    5.132    5.367    5.594    5.813    6.025    6.229    6.425    6.615    6.798    6.975    7.145    7.309    7.468    7.62    7.768    
CD111    2.528e-09    0.0009236    0.006016    0.01574    0.1417    0.2572    0.3502    0.4318    0.5953    0.6652    0.7317    0.7973    0.8626    0.9277    0.9929    1.058    1.124    1.189    1.255    1.322    1.388    1.455    1.522    1.589    1.656    1.723    1.791    1.858    1.925    1.993    2.06    2.127    2.193    2.26    2.326    2.392    
CD112    6.564e-09    0.0004334    0.002786    0.007368    0.06524    0.1158    0.1627    0.208    0.3048    0.3497    0.3947    0.4402    0.4863    0.5332    0.5809    0.6297    0.6796    0.7306    0.7829    0.8366    0.8916    0.9481    1.006    1.066    1.127    1.19    1.254    1.32    1.388    1.458    1.53    1.603    1.678    1.755    1.833    1.914    
CD114    8.2e-09    0.0004313    0.002712    0.007004    0.07112    0.1215    0.1634    0.2001    0.2719    0.2992    0.3243    0.3475    0.3692    0.3894    0.4084    0.4262    0.443    0.4589    0.474    0.4883    0.502    0.5151    0.5277    0.5399    0.5516    0.563    0.5742    0.585    0.5957    0.6061    0.6165    0.6268    0.6369    0.6471    0.6573    0.6674    
CD116    2.396e-09    6.254e-05    0.0003902    0.001003    0.01843    0.03136    0.04196    0.05107    0.06897    0.07547    0.0814    0.08683    0.09181    0.0964    0.1006    0.1046    0.1082    0.1116    0.1147    0.1176    0.1203    0.1228    0.1252    0.1273    0.1294    0.1313    0.133    0.1347    0.1363    0.1377    0.1391    0.1403    0.1415    0.1427    0.1437    0.1447    
SN116    2.781e-12    1.487e-05    0.0001749    0.0006359    0.005483    0.01707    0.02985    0.04202    0.06395    0.07421    0.08312    0.09106    0.09828    0.1049    0.1111    0.1168    0.1222    0.1272    0.132    0.1365    0.1407    0.1447    0.1485    0.1521    0.1555    0.1588    0.1619    0.1649    0.1677    0.1704    0.1731    0.1756    0.178    0.1804    0.1826    0.1849    
SN117    1.811e-09    5.199e-05    0.0003242    0.0008332    0.0182    0.03102    0.04143    0.05032    0.06769    0.07392    0.07956    0.08468    0.08936    0.09365    0.09758    0.1012    0.1045    0.1076    0.1104    0.113    0.1154    0.1176    0.1196    0.1215    0.1232    0.1248    0.1263    0.1277    0.1289    0.1301    0.1311    0.1321    0.133    0.1339    0.1346    0.1353    
SN118    1.985e-09    5.264e-05    0.0003286    0.0008459    0.01828    0.03122    0.04185    0.05102    0.06914    0.0758    0.08192    0.08757    0.09279    0.09764    0.1022    0.1064    0.1103    0.1141    0.1175    0.1208    0.1239    0.1268    0.1296    0.1322    0.1346    0.137    0.1392    0.1413    0.1433    0.1452    0.1471    0.1488    0.1505    0.1521    0.1537    0.1552    
SN119    1.988e-09    5.215e-05    0.0003253    0.0008365    0.01858    0.03169    0.04239    0.05155    0.06947    0.07593    0.08178    0.08711    0.09197    0.09641    0.1005    0.1042    0.1077    0.1109    0.1138    0.1165    0.119    0.1212    0.1233    0.1253    0.1271    0.1287    0.1302    0.1316    0.1329    0.1341    0.1352    0.1362    0.1371    0.138    0.1388    0.1395    
SN120    1.958e-09    5.108e-05    0.0003188    0.0008203    0.01898    0.03242    0.04344    0.05292    0.07165    0.07851    0.0848    0.09059    0.09594    0.1009    0.1055    0.1098    0.1139    0.1176    0.1212    0.1245    0.1276    0.1306    0.1333    0.136    0.1384    0.1408    0.143    0.1451    0.1471    0.1491    0.1509    0.1526    0.1543    0.1559    0.1574    0.1589    
SB121    6.537e-10    5.012e-05    0.0003131    0.0008026    0.0195    0.03338    0.04427    0.05328    0.07034    0.07603    0.08094    0.08521    0.08894    0.09217    0.09497    0.09738    0.09945    0.1012    0.1027    0.1039    0.1048    0.1056    0.1061    0.1065    0.1067    0.1068    0.1067    0.1065    0.1063    0.1059    0.1054    0.1048    0.1042    0.1035    0.1028    0.102    
SN122    1.926e-09    5.019e-05    0.000313    0.0008046    0.02082    0.03553    0.04752    0.05777    0.07793    0.08521    0.09183    0.09789    0.1034    0.1086    0.1133    0.1177    0.1217    0.1255    0.129    0.1322    0.1353    0.1381    0.1407    0.1432    0.1455    0.1476    0.1496    0.1515    0.1533    0.1549    0.1565    0.1579    0.1593    0.1606    0.1618    0.1629    
SB123    1.65e-09    4.465e-05    0.0002848    0.0007473    0.01983    0.03571    0.04929    0.06102    0.08287    0.09113    0.09827    0.1045    0.11    0.1148    0.1191    0.1229    0.1262    0.1292    0.1318    0.1341    0.136    0.1377    0.1392    0.1404    0.1414    0.1422    0.1429    0.1434    0.1437    0.1439    0.144    0.144    0.1439    0.1436    0.1433    0.1429    
SN124    2.395e-09    6.239e-05    0.0003889    0.0009994    0.03064    0.05233    0.06991    0.0849    0.1143    0.1248    0.1344    0.1431    0.1511    0.1584    0.1651    0.1713    0.177    0.1823    0.1872    0.1918    0.196    0.1999    0.2035    0.2069    0.21    0.2129    0.2156    0.2181    0.2204    0.2226    0.2246    0.2265    0.2283    0.2299    0.2315    0.2329    
SB125    2.622e-09    8.443e-05    0.0005224    0.001317    0.06241    0.1073    0.1379    0.1597    0.1984    0.2056    0.2097    0.2115    0.2116    0.2104    0.208    0.2046    0.2006    0.196    0.1909    0.1855    0.1799    0.174    0.1681    0.1621    0.1561    0.1502    0.1443    0.1385    0.1328    0.1273    0.1219    0.1166    0.1116    0.1067    0.1019    0.09735    
TE125    1.039e-12    1.276e-06    1.844e-05    8.026e-05    0.001618    0.007652    0.01695    0.02855    0.05424    0.07036    0.08701    0.1039    0.1209    0.1378    0.1546    0.171    0.1872    0.203    0.2183    0.2332    0.2477    0.2616    0.275    0.2879    0.3003    0.3121    0.3235    0.3344    0.3448    0.3547    0.3641    0.3731    0.3816    0.3898    0.3975    0.4048    
SN126    6.253e-09    0.0001629    0.001016    0.002611    0.1042    0.1783    0.2382    0.2892    0.3894    0.4251    0.4575    0.4871    0.5142    0.5391    0.562    0.5831    0.6027    0.6208    0.6376    0.6532    0.6677    0.6811    0.6936    0.7053    0.7161    0.7262    0.7357    0.7445    0.7527    0.7604    0.7675    0.7743    0.7805    0.7864    0.7919    0.7971    
TE126    6.157e-12    3.317e-07    2.746e-06    8.767e-06    0.0027    0.005299    0.007534    0.009587    0.01398    0.01592    0.01776    0.01958    0.02138    0.02317    0.02496    0.02673    0.0285    0.03027    0.03203    0.03379    0.03555    0.03731    0.03906    0.04081    0.04256    0.0443    0.04605    0.04779    0.04953    0.05127    0.053    0.05473    0.05646    0.05819    0.05992    0.06164    
TE127M    2.999e-10    5.43e-05    0.0002894    0.0006193    0.02701    0.03312    0.03157    0.02824    0.02757    0.02232    0.01886    0.01651    0.01477    0.01339    0.01224    0.01126    0.01039    0.009613    0.008914    0.00828    0.007701    0.007172    0.006688    0.006242    0.005833    0.005455    0.005107    0.004786    0.004489    0.004214    0.00396    0.003724    0.003506    0.003303    0.003115    0.002941    
I127    1.024e-09    0.0004036    0.002634    0.006955    0.2241    0.4163    0.5704    0.6986    0.9323    1.018    1.089    1.151    1.205    1.252    1.293    1.328    1.359    1.385    1.408    1.427    1.442    1.455    1.466    1.473    1.479    1.483    1.485    1.485    1.484    1.481    1.477    1.472    1.466    1.459    1.451    1.442    
TE128    2.785e-08    0.0007477    0.004665    0.012    0.4505    0.7719    1.032    1.254    1.69    1.847    1.989    2.118    2.237    2.347    2.448    2.541    2.628    2.708    2.783    2.852    2.917    2.977    3.033    3.086    3.135    3.18    3.223    3.263    3.301    3.336    3.369    3.4    3.429    3.456    3.482    3.506    
XE128    8.946e-14    1.685e-06    2.324e-05    9.732e-05    0.001638    0.006697    0.01443    0.02431    0.04936    0.06436    0.08047    0.09751    0.1154    0.1339    0.153    0.1725    0.1925    0.2128    0.2334    0.2541    0.275    0.296    0.3171    0.3382    0.3593    0.3803    0.4012    0.4221    0.4428    0.4633    0.4837    0.5039    0.5239    0.5437    0.5632    0.5825    
TE129M    7.264e-09    0.0001302    0.0005454    0.0009719    0.05682    0.0443    0.03473    0.02877    0.03043    0.02013    0.01757    0.01589    0.0145    0.0133    0.01224    0.01129    0.01044    0.009676    0.008979    0.008342    0.007761    0.007228    0.006739    0.00629    0.005876    0.005495    0.005143    0.004818    0.004517    0.004239    0.003981    0.003742    0.00352    0.003314    0.003123    0.002945    
I129    4.741e-08    0.00144    0.009105    0.0234    0.733    1.267    1.661    1.963    2.493    2.638    2.743    2.82    2.873    2.907    2.924    2.926    2.917    2.897    2.867    2.831    2.788    2.739    2.687    2.63    2.571    2.509    2.446    2.382    2.316    2.25    2.184    2.119    2.053    1.989    1.925    1.862    
TE130    1.297e-07    0.003394    0.02116    0.05439    1.374    2.345    3.135    3.81    5.137    5.615    6.05    6.447    6.811    7.146    7.454    7.74    8.004    8.249    8.476    8.686    8.882    9.064    9.234    9.392    9.539    9.676    9.804    9.923    10.04    10.14    10.24    10.33    10.41    10.49    10.57    10.64    
XE130    1.304e-11    2.219e-05    0.000292    0.001203    0.02203    0.0805    0.1654    0.2695    0.5211    0.6654    0.8155    0.9694    1.126    1.283    1.44    1.597    1.751    1.904    2.054    2.2    2.343    2.482    2.617    2.747    2.873    2.995    3.111    3.223    3.331    3.433    3.531    3.625    3.713    3.798    3.878    3.953    
I131    2.087e-07    0.00196    0.005587    0.008566    0.3731    0.2401    0.179    0.1442    0.1431    0.09266    0.08289    0.07465    0.06777    0.06191    0.0568    0.0523    0.04828    0.04466    0.0414    0.03844    0.03574    0.03328    0.03103    0.02897    0.02707    0.02533    0.02372    0.02224    0.02087    0.0196    0.01843    0.01734    0.01634    0.0154    0.01453    0.01373    
XE131    1.345e-08    0.005583    0.03512    0.08791    1.822    3.156    3.93    4.382    4.992    4.993    4.894    4.753    4.585    4.4    4.206    4.007    3.808    3.612    3.421    3.237    3.06    2.89    2.73    2.578    2.434    2.299    2.172    2.053    1.942    1.837    1.74    1.65    1.565    1.486    1.413    1.345    
TE132    3.086e-07    0.001169    0.003336    0.005122    0.2083    0.1343    0.1003    0.08094    0.07998    0.05212    0.04663    0.04199    0.03812    0.03481    0.03192    0.02937    0.02709    0.02505    0.02319    0.02151    0.01998    0.01859    0.01731    0.01613    0.01506    0.01406    0.01315    0.01231    0.01153    0.01081    0.01014    0.00952    0.008947    0.008415    0.007921    0.007462    
XE132    5.255e-08    0.009435    0.06201    0.166    3.091    5.8    8.228    10.48    15.04    16.99    18.81    20.53    22.14    23.65    25.07    26.41    27.66    28.83    29.93    30.96    31.92    32.82    33.67    34.46    35.2    35.9    36.55    37.16    37.73    38.27    38.78    39.26    39.7    40.12    40.52    40.89    
I133    3.155e-07    0.0004567    0.001301    0.001994    0.0752    0.04852    0.03627    0.02927    0.02901    0.01887    0.01688    0.01521    0.01381    0.01261    0.01157    0.01064    0.009818    0.009076    0.008405    0.007796    0.007242    0.006735    0.006271    0.005846    0.005455    0.005095    0.004764    0.004458    0.004176    0.003914    0.003672    0.003448    0.00324    0.003047    0.002868    0.002702    
XE133    1.87e-07    0.002709    0.00772    0.01184    0.4489    0.2898    0.2168    0.1752    0.1739    0.1134    0.1017    0.09181    0.08354    0.07648    0.07033    0.0649    0.06005    0.05569    0.05175    0.04818    0.04492    0.04195    0.03923    0.03674    0.03445    0.03235    0.03041    0.02862    0.02696    0.02543    0.02402    0.02271    0.02149    0.02037    0.01932    0.01835    
CS133    1.605e-08    0.01251    0.07992    0.2053    3.655    6.5    8.528    10.06    12.65    13.37    13.86    14.21    14.45    14.58    14.63    14.61    14.53    14.4    14.22    14    13.76    13.49    13.2    12.9    12.58    12.25    11.92    11.58    11.24    10.9    10.57    10.23    9.898    9.571    9.249    8.934    
XE134    6.249e-07    0.01701    0.1061    0.2728    4.476    7.606    10.18    12.39    16.74    18.33    19.77    21.1    22.31    23.43    24.47    25.42    26.31    27.13    27.89    28.6    29.26    29.87    30.44    30.97    31.47    31.93    32.36    32.76    33.14    33.49    33.82    34.13    34.42    34.69    34.94    35.18    
CS134    8.081e-12    0.0001992    0.002533    0.009588    0.0997    0.3498    0.6484    0.9466    1.495    1.724    1.911    2.062    2.181    2.271    2.338    2.384    2.413    2.427    2.427    2.417    2.398    2.371    2.338    2.299    2.255    2.208    2.158    2.106    2.052    1.997    1.941    1.885    1.829    1.772    1.716    1.661    
BA134    4.323e-15    3.903e-06    0.0001078    0.0006709    0.004436    0.02636    0.07817    0.1625    0.4019    0.5742    0.7689    0.9814    1.208    1.445    1.69    1.94    2.193    2.448    2.702    2.954    3.204    3.451    3.693    3.93    4.161    4.387    4.606    4.819    5.025    5.224    5.416    5.602    5.78    5.951    6.115    6.273    
CS135    2.109e-08    0.0006428    0.004384    0.01245    0.2038    0.4169    0.6684    0.9769    1.791    2.269    2.787    3.336    3.907    4.493    5.087    5.683    6.277    6.865    7.444    8.01    8.561    9.096    9.613    10.11    10.59    11.05    11.48    11.9    12.29    12.66    13.01    13.34    13.65    13.94    14.21    14.46    
BA135    1.601e-14    3.703e-09    1.874e-07    1.8e-06    1.437e-05    8.159e-05    0.0003212    0.0008749    0.003377    0.005576    0.00858    0.01247    0.01729    0.0231    0.02992    0.03777    0.04664    0.05654    0.06744    0.07935    0.09222    0.106    0.1208    0.1364    0.1528    0.1701    0.1881    0.2069    0.2264    0.2465    0.2672    0.2885    0.3103    0.3327    0.3554    0.3786    
XE136    1.077e-06    0.02996    0.1868    0.4803    8.318    14.14    18.91    23.03    31.11    34.06    36.75    39.21    41.47    43.56    45.49    47.27    48.93    50.46    51.89    53.21    54.45    55.6    56.67    57.67    58.61    59.48    60.29    61.06    61.78    62.45    63.08    63.67    64.22    64.74    65.24    65.7    
CS136    1.347e-09    1.459e-05    5.619e-05    0.000106    0.01543    0.01101    0.009284    0.008712    0.01174    0.01015    0.01118    0.01237    0.01368    0.01508    0.01655    0.01804    0.01956    0.02107    0.02258    0.02406    0.02552    0.02694    0.02832    0.02965    0.03093    0.03217    0.03335    0.03447    0.03554    0.03655    0.03751    0.03841    0.03925    0.04004    0.04077    0.04146    
BA136    5.54e-11    2.445e-05    0.0002081    0.0006399    0.04529    0.09677    0.1407    0.1824    0.2826    0.3348    0.3899    0.4513    0.5197    0.5954    0.679    0.7705    0.8701    0.9779    1.094    1.218    1.35    1.489    1.636    1.791    1.952    2.12    2.295    2.476    2.663    2.856    3.054    3.257    3.465    3.677    3.894    4.114    
CS137    5.282e-07    0.01376    0.08562    0.2196    3.945    6.68    8.899    10.79    14.46    15.76    16.91    17.96    18.9    19.75    20.52    21.22    21.85    22.42    22.93    23.39    23.81    24.18    24.51    24.81    25.08    25.31    25.51    25.69    25.85    25.98    26.09    26.18    26.26    26.32    26.36    26.39    
BA137    5.488e-11    2.414e-05    0.0003234    0.00137    0.01436    0.05289    0.1104    0.1834    0.3531    0.4646    0.5847    0.7124    0.8467    0.9869    1.132    1.282    1.436    1.594    1.754    1.918    2.083    2.251    2.419    2.59    2.761    2.933    3.106    3.279    3.452    3.625    3.798    3.97    4.142    4.314    4.485    4.655    
BA138    5.174e-07    0.01368    0.08531    0.2193    3.547    6.024    8.061    9.817    13.27    14.53    15.68    16.73    17.7    18.6    19.43    20.2    20.91    21.57    22.19    22.77    23.31    23.81    24.28    24.72    25.13    25.52    25.88    26.23    26.55    26.86    27.15    27.42    27.68    27.93    28.16    28.38    
LA139    4.935e-07    0.01321    0.08213    0.2103    3.457    5.836    7.754    9.374    12.49    13.57    14.53    15.38    16.14    16.81    17.42    17.95    18.42    18.84    19.21    19.53    19.81    20.05    20.26    20.43    20.58    20.69    20.78    20.85    20.9    20.93    20.94    20.94    20.92    20.88    20.84    20.78    
BA140    4.63e-07    0.004558    0.01562    0.02543    0.8    0.5432    0.4195    0.3464    0.3638    0.2319    0.2089    0.1893    0.1727    0.1583    0.1456    0.1342    0.1241    0.1148    0.1065    0.09886    0.09189    0.08551    0.07966    0.07429    0.06934    0.06478    0.06058    0.05669    0.0531    0.04978    0.0467    0.04385    0.0412    0.03875    0.03646    0.03434    
LA140    1.55e-08    0.0006021    0.002075    0.003401    0.1064    0.07333    0.05763    0.0485    0.05174    0.03473    0.032    0.02969    0.02773    0.02605    0.02456    0.02324    0.02205    0.02096    0.01998    0.01907    0.01825    0.01748    0.01678    0.01612    0.01552    0.01495    0.01443    0.01394    0.01348    0.01305    0.01265    0.01228    0.01192    0.01159    0.01127    0.01098    
CE140    4.047e-09    0.008051    0.06387    0.1809    2.657    5.471    7.716    9.643    13.49    15.04    16.37    17.61    18.77    19.87    20.9    21.88    22.81    23.69    24.53    25.33    26.09    26.82    27.51    28.18    28.83    29.44    30.04    30.61    31.16    31.69    32.2    32.7    33.18    33.65    34.1    34.54    
CE141    3.647e-07    0.006397    0.0265    0.04694    1.516    1.177    0.9305    0.7778    0.8208    0.5508    0.4855    0.4414    0.4045    0.3724    0.344    0.3185    0.2956    0.2748    0.2559    0.2386    0.2228    0.2083    0.195    0.1828    0.1716    0.1612    0.1517    0.1428    0.1347    0.1271    0.1202    0.1137    0.1077    0.1022    0.097    0.09222    
PR141    5.863e-09    0.00404    0.03819    0.1182    1.737    4.301    6.312    7.93    10.68    11.87    12.74    13.48    14.13    14.69    15.17    15.59    15.95    16.25    16.5    16.71    16.88    17.01    17.11    17.18    17.22    17.24    17.23    17.21    17.16    17.1    17.03    16.94    16.84    16.73    16.61    16.48    
CE142    3.895e-07    0.01057    0.06612    0.1702    3.145    5.367    7.184    8.742    11.8    12.9    13.91    14.82    15.66    16.43    17.15    17.8    18.4    18.96    19.48    19.96    20.4    20.81    21.19    21.54    21.87    22.17    22.45    22.71    22.96    23.18    23.39    23.59    23.77    23.93    24.09    24.23    
ND142    2.31e-13    1.85e-05    0.0003906    0.001969    0.01575    0.08167    0.1918    0.3354    0.6965    0.9127    1.143    1.384    1.633    1.888    2.147    2.408    2.671    2.934    3.196    3.456    3.713    3.966    4.216    4.461    4.7    4.935    5.163    5.385    5.601    5.81    6.013    6.209    6.398    6.579    6.754    6.922    
CE143    2.683e-07    0.0005192    0.00148    0.00227    0.08452    0.05463    0.04093    0.03311    0.03291    0.02154    0.01934    0.01749    0.01593    0.01461    0.01345    0.01243    0.01152    0.0107    0.009964    0.009293    0.008681    0.008122    0.007611    0.007142    0.006712    0.006315    0.00595    0.005613    0.005302    0.005014    0.004748    0.004501    0.004272    0.00406    0.003863    0.003679    
PR143    1.05e-07    0.00362    0.0125    0.0204    0.6822    0.4643    0.3591    0.297    0.3166    0.2005    0.1811    0.1646    0.1506    0.1386    0.1279    0.1185    0.11    0.1023    0.0953    0.08895    0.08315    0.07783    0.07296    0.06849    0.06437    0.06058    0.05708    0.05385    0.05086    0.04809    0.04553    0.04316    0.04096    0.03892    0.03702    0.03525    
ND143    3.378e-09    0.005395    0.03838    0.09576    1.734    2.88    3.243    3.262    3.286    3.022    2.718    2.465    2.252    2.072    1.919    1.787    1.673    1.573    1.484    1.406    1.337    1.275    1.22    1.17    1.125    1.085    1.049    1.017    0.9879    0.9616    0.9379    0.9166    0.8974    0.88    0.8643    0.8502    
CE144    3.524e-07    0.008626    0.04997    0.1178    2.165    3.148    3.601    3.762    4.099    3.825    3.553    3.291    3.043    2.813    2.6    2.403    2.223    2.057    1.906    1.766    1.639    1.521    1.414    1.315    1.224    1.14    1.063    0.9917    0.9261    0.8655    0.8096    0.7578    0.7099    0.6655    0.6244    0.5863    
ND144    7.39e-10    0.001306    0.01791    0.07206    0.6843    2.55    4.918    7.436    12.4    14.92    17.21    19.28    21.16    22.88    24.45    25.88    27.2    28.41    29.53    30.56    31.52    32.41    33.23    33.99    34.7    35.36    35.98    36.56    37.1    37.61    38.09    38.54    38.96    39.36    39.73    40.09    
ND145    2.407e-07    0.006987    0.04284    0.108    1.903    3.133    4.049    4.765    6.063    6.414    6.694    6.913    7.082    7.208    7.298    7.356    7.386    7.394    7.381    7.352    7.309    7.253    7.187    7.113    7.033    6.947    6.856    6.763    6.668    6.571    6.473    6.375    6.278    6.181    6.086    5.992    
ND146    2.332e-07    0.006276    0.03997    0.1051    1.703    3.013    4.192    5.295    7.601    8.595    9.558    10.49    11.4    12.28    13.13    13.96    14.77    15.55    16.31    17.04    17.75    18.44    19.11    19.76    20.39    21    21.6    22.17    22.73    23.27    23.79    24.3    24.8    25.28    25.75    26.2    
ND147    1.868e-07    0.001657    0.005542    0.008952    0.2752    0.1862    0.144    0.1192    0.1244    0.08115    0.07368    0.06734    0.06199    0.0574    0.05338    0.04982    0.04664    0.04379    0.04121    0.03888    0.03676    0.03484    0.03309    0.03149    0.03002    0.02869    0.02747    0.02634    0.02532    0.02437    0.02351    0.02272    0.02199    0.02132    0.0207    0.02013    
PM147    8.853e-09    0.002998    0.01978    0.0469    0.834    1.232    1.302    1.251    1.227    1.082    0.9505    0.8502    0.7707    0.7058    0.6513    0.6044    0.5634    0.527    0.4945    0.4651    0.4386    0.4144    0.3924    0.3724    0.354    0.3372    0.3218    0.3077    0.2948    0.2829    0.272    0.262    0.2528    0.2444    0.2366    0.2295    
SM147    3.872e-12    5.218e-05    0.0008017    0.003267    0.0281    0.1105    0.2015    0.2823    0.3934    0.4429    0.4743    0.4926    0.5014    0.5033    0.5001    0.4932    0.4834    0.4717    0.4585    0.4443    0.4295    0.4143    0.399    0.3838    0.3688    0.3541    0.3397    0.3259    0.3125    0.2997    0.2875    0.2758    0.2647    0.2542    0.2442    0.2348    
ND148    1.686e-07    0.004442    0.02772    0.07119    1.135    1.923    2.568    3.12    4.198    4.584    4.933    5.25    5.538    5.8    6.04    6.259    6.459    6.642    6.81    6.962    7.102    7.229    7.345    7.45    7.546    7.634    7.713    7.784    7.849    7.907    7.959    8.006    8.047    8.084    8.116    8.145    
PM148    1.752e-11    5.935e-05    0.0003932    0.0009372    0.01653    0.02477    0.02627    0.02527    0.02457    0.0219    0.01923    0.01719    0.01558    0.01427    0.01316    0.01221    0.01138    0.01065    0.00999    0.009397    0.00886    0.008372    0.007928    0.007522    0.007151    0.006812    0.006501    0.006216    0.005954    0.005714    0.005494    0.005292    0.005106    0.004935    0.004778    0.004634    
SM148    1.212e-12    0.00019    0.002919    0.01208    0.1047    0.4077    0.7809    1.164    1.916    2.283    2.612    2.911    3.184    3.436    3.671    3.889    4.093    4.283    4.462    4.629    4.786    4.933    5.071    5.201    5.322    5.436    5.544    5.644    5.739    5.829    5.913    5.992    6.067    6.137    6.204    6.267    
PM149    9.834e-08    0.0002885    0.0009029    0.001506    0.04333    0.03318    0.02775    0.02402    0.02377    0.01785    0.01597    0.01446    0.01323    0.0122    0.01132    0.01055    0.009867    0.009257    0.008708    0.008211    0.007759    0.007347    0.006971    0.006626    0.00631    0.00602    0.005752    0.005506    0.005279    0.00507    0.004876    0.004697    0.004532    0.004378    0.004236    0.004105    
ND150    1.06e-07    0.00276    0.0172    0.04417    0.6705    1.136    1.518    1.846    2.489    2.722    2.933    3.126    3.302    3.464    3.612    3.749    3.874    3.989    4.096    4.193    4.283    4.366    4.443    4.513    4.578    4.638    4.693    4.743    4.79    4.833    4.872    4.908    4.941    4.971    4.998    5.024    
SM150    1.107e-08    0.003317    0.02153    0.05665    0.8544    1.553    2.09    2.488    3.102    3.231    3.283    3.284    3.249    3.189    3.111    3.022    2.925    2.824    2.721    2.618    2.516    2.416    2.318    2.225    2.135    2.049    1.967    1.89    1.816    1.747    1.682    1.62    1.562    1.508    1.458    1.41    
SM151    2.313e-08    0.0003407    0.001078    0.001862    0.05086    0.04183    0.03961    0.03915    0.04443    0.03983    0.03917    0.03824    0.03714    0.03594    0.03467    0.03336    0.03204    0.03074    0.02945    0.0282    0.02699    0.02582    0.02471    0.02364    0.02263    0.02167    0.02076    0.01991    0.0191    0.01834    0.01763    0.01697    0.01634    0.01576    0.01521    0.0147    
SM152    6.706e-08    0.003436    0.02031    0.04904    0.808    1.254    1.515    1.678    1.955    1.967    1.957    1.933    1.896    1.849    1.795    1.736    1.673    1.609    1.544    1.479    1.415    1.353    1.293    1.235    1.179    1.126    1.076    1.028    0.9826    0.9399    0.8997    0.8619    0.8264    0.7931    0.7618    0.7326    
SM153    3.734e-08    0.0001318    0.0004999    0.0009784    0.02007    0.02173    0.02315    0.02412    0.02729    0.0261    0.0257    0.02517    0.02454    0.02381    0.02302    0.02218    0.02132    0.02044    0.01957    0.01871    0.01787    0.01706    0.01628    0.01552    0.01481    0.01412    0.01347    0.01286    0.01228    0.01174    0.01122    0.01074    0.01029    0.009864    0.009467    0.009095    
EU153    1.044e-08    0.001353    0.009169    0.02463    0.3187    0.6232    0.8607    1.031    1.268    1.325    1.347    1.348    1.335    1.31    1.279    1.242    1.201    1.157    1.113    1.067    1.022    0.9773    0.9338    0.8915    0.8508    0.8118    0.7745    0.739    0.7054    0.6735    0.6435    0.6152    0.5885    0.5635    0.54    0.518    
SM154    3.473e-08    0.0009254    0.005796    0.01496    0.203    0.3471    0.4682    0.5742    0.7829    0.8609    0.932    0.9969    1.056    1.111    1.16    1.205    1.246    1.284    1.318    1.349    1.377    1.402    1.424    1.444    1.462    1.478    1.492    1.505    1.515    1.524    1.532    1.539    1.544    1.548    1.551    1.554    
EU154    4.356e-11    0.0001697    0.001806    0.006009    0.05747    0.1652    0.2631    0.3378    0.4335    0.4661    0.4813    0.486    0.484    0.4774    0.4675    0.4552    0.4411    0.426    0.4101    0.3938    0.3775    0.3613    0.3454    0.3299    0.3149    0.3005    0.2867    0.2735    0.2611    0.2492    0.238    0.2275    0.2176    0.2082    0.1994    0.1912    
GD154    5.023e-15    8.014e-07    1.847e-05    0.0001012    0.0006075    0.003101    0.007885    0.01426    0.02747    0.03523    0.04265    0.04944    0.05545    0.06064    0.065    0.06857    0.07139    0.07351    0.075    0.07591    0.07631    0.07626    0.07582    0.07505    0.07399    0.0727    0.07121    0.06957    0.06781    0.06597    0.06405    0.06211    0.06014    0.05817    0.05621    0.05428    
EU155    2.036e-08    0.0002317    0.001143    0.002824    0.04181    0.06794    0.09756    0.1215    0.1593    0.1632    0.1684    0.1699    0.1691    0.1668    0.1633    0.159    0.1541    0.1489    0.1434    0.1378    0.1321    0.1265    0.121    0.1157    0.1105    0.1056    0.1008    0.09629    0.09199    0.08791    0.08405    0.08041    0.07699    0.07377    0.07074    0.0679    
EU156    1.015e-08    0.000316    0.001507    0.003456    0.05528    0.07676    0.1065    0.1318    0.1777    0.1761    0.1819    0.1837    0.1829    0.1803    0.1765    0.1718    0.1666    0.1608    0.1549    0.1488    0.1427    0.1366    0.1307    0.1249    0.1193    0.1139    0.1087    0.1038    0.09912    0.09469    0.09051    0.08656    0.08284    0.07934    0.07605    0.07297    
GD156    3.116e-10    0.0004257    0.004342    0.01557    0.1434    0.4144    0.823    1.366    2.958    3.749    4.557    5.378    6.195    6.997    7.778    8.534    9.26    9.954    10.62    11.24    11.84    12.4    12.92    13.42    13.88    14.32    14.72    15.1    15.45    15.78    16.08    16.37    16.63    16.87    17.09    17.3    
GD158    1.372e-08    0.0006017    0.004013    0.01098    0.1138    0.2176    0.3334    0.4652    0.8343    1.006    1.186    1.371    1.56    1.752    1.945    2.14    2.335    2.53    2.724    2.918    3.111    3.303    3.493    3.682    3.869    4.055    4.238    4.421    4.601    4.78    4.957    5.132    5.306    5.477    5.648    5.816    
TB159    1.938e-09    0.0001176    0.0007323    0.001876    0.01738    0.02934    0.03937    0.0484    0.0679    0.07643    0.08507    0.09395    0.1031    0.1127    0.1226    0.1329    0.1437    0.1548    0.1664    0.1783    0.1906    0.2034    0.2164    0.2298    0.2436    0.2576    0.2719    0.2865    0.3014    0.3165    0.3318    0.3473    0.363    0.3789    0.3949    0.411    
GD160    1.92e-09    5.009e-05    0.0003122    0.0008021    0.00829    0.01396    0.01869    0.0228    0.03085    0.03383    0.03655    0.03905    0.04134    0.04346    0.0454    0.0472    0.04886    0.05039    0.05181    0.05312    0.05433    0.05545    0.05649    0.05746    0.05835    0.05917    0.05994    0.06065    0.0613    0.06191    0.06248    0.063    0.06348    0.06393    0.06435    0.06473    
DY162    2.614e-10    9.866e-06    7.561e-05    0.0002165    0.002664    0.005214    0.007057    0.008289    0.01012    0.01078    0.0113    0.01181    0.0124    0.01306    0.01381    0.01465    0.01557    0.01656    0.01764    0.01879    0.02002    0.02132    0.02269    0.02413    0.02563    0.02721    0.02885    0.03055    0.03231    0.03413    0.036    0.03793    0.03991    0.04193    0.044    0.04611    
DY163    9.694e-11    3.33e-06    2.833e-05    9.582e-05    0.001186    0.002833    0.00481    0.006824    0.01054    0.01214    0.01355    0.0148    0.01595    0.01704    0.01813    0.01924    0.0204    0.02163    0.02295    0.02435    0.02586    0.02747    0.02918    0.031    0.03293    0.03496    0.0371    0.03935    0.0417    0.04415    0.0467    0.04935    0.05209    0.05492    0.05783    0.06083    
HO165    1.154e-11    8.997e-07    7.991e-06    2.833e-05    0.0004577    0.00113    0.002087    0.003376    0.006967    0.008992    0.01109    0.01325    0.01542    0.01759    0.01975    0.02189    0.02404    0.0262    0.02839    0.03064    0.03295    0.03534    0.03783    0.04043    0.04316    0.04602    0.04903    0.05219    0.05551    0.059    0.06265    0.06648    0.07049    0.07466    0.07902    0.08354    
