TIME    3   100   220   340   460   580   700   820   1040   1160   1280   1400   1520   1640   1760   1880   2000   2120   2240   2360   2480   2600   2720   2840   2960   3080   3200   3320   3440   3560   3680   3800   3920   4040   4160   4280   
NEUT_PROD    18.5   132   230   280   291   278   250   217   151   123   98.6   78.4   62   48.9   38.5   30.4   24.2   19.4   15.8   13.1   11.1   9.57   8.47   7.66   7.06   6.63   6.31   6.07   5.88   5.74   5.61   5.51   5.41   5.31   5.22   5.12   
NEUT_DEST    38.2   639   377   403   396   370   334   296   225   195   169   147   128   113   100   90.2   81.8   74.9   69.3   64.7   60.8   57.6   54.9   52.7   50.8   49.1   47.7   46.4   45.3   44.3   43.4   42.5   41.8   41.1   40.5   39.9   
BUd    0.143    25.5    63    89    100    99.7    92.4    81.8    127    47.7    38.5    30.7    24.3    19.2    15.1    11.8    9.31    7.38    5.91    4.79    3.96    3.33    2.86    2.52    2.26    2.07    1.94    1.83    1.75    1.69    1.65    1.61    1.57    1.54    1.51    1.48    
HE4    0.2092    5.634    9.766    12.17    13.57    14.39    14.87    15.16    15.41    15.48    15.52    15.55    15.56    15.58    15.59    15.59    15.6    15.61    15.61    15.62    15.62    15.62    15.63    15.63    15.64    15.64    15.65    15.65    15.66    15.66    15.67    15.67    15.68    15.68    15.68    15.69    
U234    0.0003963    0.3345    1.206    2.152    2.965    3.578    3.989    4.226    4.251    4.167    4.028    3.855    3.661    3.455    3.246    3.039    2.837    2.642    2.457    2.282    2.117    1.962    1.817    1.682    1.557    1.44    1.332    1.231    1.138    1.052    0.9727    0.899    0.8308    0.7678    0.7095    0.6556    
U235    3.168e-07    0.008619    0.06142    0.1582    0.2795    0.405    0.5198    0.6154    0.7342    0.7608    0.7707    0.7666    0.7517    0.7286    0.6998    0.667    0.632    0.5959    0.5597    0.524    0.4893    0.456    0.4242    0.3941    0.3657    0.3391    0.3142    0.291    0.2693    0.2492    0.2305    0.2132    0.1971    0.1822    0.1684    0.1557    
U236    1.883e-10    0.0001762    0.002525    0.01029    0.02563    0.04913    0.08021    0.1175    0.204    0.2501    0.2965    0.342    0.3859    0.4278    0.4672    0.5039    0.5378    0.5689    0.5971    0.6225    0.6453    0.6655    0.6834    0.699    0.7125    0.7241    0.7338    0.7419    0.7485    0.7536    0.7574    0.76    0.7615    0.762    0.7616    0.7604    
NP237    7.662e-10    9.659e-06    5.385e-05    0.0001775    0.0004676    0.001017    0.001895    0.003142    0.006697    0.009021    0.01165    0.01453    0.01761    0.02084    0.02418    0.02757    0.03099    0.03439    0.03774    0.04101    0.04418    0.04722    0.05013    0.05288    0.05548    0.05791    0.06017    0.06227    0.06419    0.06594    0.06754    0.06897    0.07025    0.07137    0.07236    0.07321    
PU238    12.39    283    406.1    411.1    365.8    304.6    243.7    190.1    109.8    82.67    61.78    45.94    34.04    25.16    18.57    13.69    10.09    7.44    5.485    4.047    2.989    2.21    1.637    1.215    0.904    0.6752    0.5067    0.3825    0.2911    0.2238    0.1742    0.1378    0.111    0.09128    0.07683    0.06622    
PU239    0.05704    36.87    92.25    122.5    128.1    118.5    101.9    83.65    51.6    39.51    29.94    22.5    16.81    12.5    9.268    6.854    5.062    3.735    2.754    2.032    1.499    1.107    0.8184    0.6059    0.4495    0.3343    0.2495    0.187    0.141    0.1071    0.08216    0.06379    0.05026    0.04031    0.033    0.02763    
PU240    0.0001706    3.813    19.46    40.32    58.21    69.29    73.26    71.52    58.35    49.99    41.78    34.26    27.66    22.07    17.44    13.68    10.68    8.316    6.473    5.051    3.961    3.134    2.508    2.039    1.688    1.427    1.233    1.089    0.9829    0.9039    0.8448    0.7999    0.7653    0.7378    0.7153    0.696    
PU241    5.18e-07    0.35    3.194    9.124    16.18    22.22    26.08    27.57    25.16    22.4    19.33    16.26    13.41    10.88    8.72    6.918    5.446    4.265    3.329    2.597    2.03    1.595    1.263    1.012    0.8228    0.6812    0.5757    0.4972    0.439    0.3958    0.3636    0.3396    0.3213    0.3072    0.2959    0.2867    
PU242    8.274e-10    0.02011    0.3976    1.892    4.996    9.609    15.21    21.15    31.86    35.97    39.07    41.2    42.45    42.93    42.79    42.15    41.13    39.84    38.36    36.76    35.09    33.4    31.71    30.06    28.45    26.89    25.4    23.98    22.63    21.35    20.14    18.99    17.91    16.89    15.94    15.03    
AM241    2.25e-08    0.0008752    0.01497    0.06231    0.1418    0.2327    0.3121    0.3654    0.3595    0.3526    0.3226    0.2829    0.2408    0.2004    0.1639    0.1321    0.1054    0.08335    0.06551    0.05129    0.04011    0.03139    0.02467    0.01953    0.01562    0.01267    0.01045    0.008798    0.007563    0.006646    0.005964    0.005456    0.005075    0.004787    0.004565    0.004389    
AM243    1.182e-12    0.0002252    0.009193    0.06832    0.2504    0.6252    1.23    2.059    4.206    5.395    6.572    7.683    8.686    9.553    10.27    10.83    11.25    11.52    11.66    11.68    11.61    11.46    11.23    10.96    10.64    10.28    9.907    9.517    9.118    8.717    8.317    7.923    7.537    7.161    6.797    6.446    
CM242    986.3    631.3    366.1    212.3    123.2    71.55    41.65    24.34    9.237    5.554    3.406    2.14    1.383    0.9214    0.6326    0.4466    0.3228    0.2379    0.1779    0.1345    0.1025    0.07857    0.06058    0.04698    0.03668    0.02887    0.02297    0.01851    0.01516    0.01264    0.01075    0.009344    0.00829    0.0075    0.006906    0.006455    
CM243    0.9117    14.24    12.79    8.858    5.597    3.394    2.018    1.189    0.4291    0.2598    0.1576    0.09672    0.06052    0.03883    0.02563    0.01742    0.01218    0.008735    0.006393    0.004756    0.003583    0.002725    0.002088    0.001611    0.001251    0.0009792    0.0007734    0.0006179    0.0005006    0.0004122    0.0003459    0.0002961    0.0002588    0.0002309    0.0002099    0.000194    
CM244    0.001268    0.8393    2.012    2.825    3.276    3.507    3.661    3.847    4.6    5.222    6.016    6.967    8.049    9.23    10.48    11.75    13.03    14.28    15.48    16.61    17.64    18.59    19.42    20.15    20.76    21.27    21.66    21.96    22.16    22.26    22.28    22.22    22.09    21.9    21.65    21.35    
CM245    7.544e-07    0.009524    0.03051    0.04734    0.05735    0.06258    0.06566    0.06877    0.08091    0.09128    0.1048    0.1212    0.1402    0.1612    0.1835    0.2066    0.2298    0.2527    0.2747    0.2956    0.315    0.3326    0.3483    0.3621    0.3739    0.3837    0.3915    0.3974    0.4015    0.4039    0.4047    0.4041    0.4021    0.3989    0.3947    0.3895    
CM246    2.866e-09    0.001492    0.01149    0.03119    0.05743    0.08717    0.1187    0.1514    0.223    0.2643    0.3113    0.3655    0.4281    0.5003    0.5829    0.6762    0.7804    0.8954    1.021    1.156    1.301    1.453    1.613    1.779    1.95    2.125    2.304    2.484    2.666    2.848    3.029    3.209    3.387    3.563    3.735    3.904    
GE76    3.501e-09    0.01321    0.01401    0.01493    0.0159    0.01683    0.01765    0.01835    0.01939    0.01976    0.02004    0.02027    0.02044    0.02057    0.02067    0.02075    0.0208    0.02085    0.02088    0.02091    0.02093    0.02094    0.02095    0.02096    0.02097    0.02098    0.02099    0.02099    0.021    0.021    0.02101    0.02101    0.02102    0.02102    0.02103    0.02103    
SE77    1.784e-09    0.03209    0.03432    0.03468    0.03511    0.03538    0.03539    0.03509    0.0337    0.03271    0.03158    0.03037    0.02912    0.02784    0.02657    0.02532    0.0241    0.02292    0.02178    0.02069    0.01966    0.01867    0.01773    0.01685    0.01601    0.01521    0.01446    0.01375    0.01308    0.01244    0.01185    0.01128    0.01075    0.01024    0.009768    0.009319    
SE78    2.416e-08    0.09709    0.1053    0.114    0.123    0.1317    0.1396    0.1466    0.1578    0.1622    0.166    0.1693    0.1721    0.1745    0.1766    0.1785    0.1802    0.1817    0.1831    0.1843    0.1855    0.1866    0.1875    0.1884    0.1893    0.1901    0.1908    0.1915    0.1921    0.1927    0.1933    0.1938    0.1943    0.1948    0.1952    0.1956    
SE79    5.541e-08    0.2098    0.2219    0.2359    0.2505    0.2643    0.2765    0.2866    0.3012    0.306    0.3096    0.3121    0.3139    0.315    0.3156    0.3159    0.3159    0.3157    0.3153    0.3148    0.3142    0.3136    0.3129    0.3122    0.3115    0.3108    0.31    0.3092    0.3085    0.3077    0.307    0.3062    0.3055    0.3047    0.3039    0.3032    
SE80    1.335e-07    0.5038    0.5347    0.5704    0.6077    0.643    0.6744    0.701    0.7407    0.7548    0.766    0.7748    0.7817    0.7872    0.7916    0.7951    0.7979    0.8003    0.8022    0.804    0.8055    0.8068    0.8081    0.8093    0.8104    0.8115    0.8125    0.8135    0.8145    0.8155    0.8165    0.8174    0.8184    0.8193    0.8202    0.8211    
BR81    2.035e-07    0.7711    0.8099    0.8555    0.9031    0.9472    0.9849    1.015    1.054    1.064    1.07    1.071    1.07    1.067    1.062    1.055    1.048    1.04    1.031    1.022    1.013    1.004    0.9948    0.9855    0.9761    0.9669    0.9576    0.9485    0.9394    0.9304    0.9215    0.9127    0.904    0.8954    0.8868    0.8784    
SE82    2.518e-07    0.9504    1.008    1.075    1.147    1.215    1.276    1.329    1.409    1.438    1.46    1.478    1.492    1.503    1.512    1.518    1.523    1.528    1.531    1.533    1.536    1.537    1.539    1.54    1.542    1.543    1.544    1.545    1.546    1.547    1.548    1.549    1.55    1.551    1.551    1.552    
KR82    1.273e-09    0.019    0.02821    0.03653    0.04481    0.05292    0.06075    0.06822    0.08193    0.08813    0.09387    0.09917    0.104    0.1085    0.1125    0.1162    0.1195    0.1225    0.1252    0.1275    0.1296    0.1315    0.1331    0.1345    0.1356    0.1366    0.1374    0.1381    0.1386    0.139    0.1392    0.1394    0.1394    0.1393    0.1391    0.1389    
KR83    3.386e-07    1.298    1.058    0.8835    0.7583    0.6614    0.5808    0.51    0.3884    0.336    0.2892    0.248    0.2121    0.1814    0.1553    0.1334    0.1152    0.1003    0.08814    0.07833    0.07047    0.06423    0.05929    0.05543    0.05242    0.05009    0.04829    0.04691    0.04585    0.04504    0.04441    0.04393    0.04355    0.04324    0.04298    0.04276    
KR84    6.057e-07    2.411    2.892    3.337    3.749    4.123    4.457    4.748    5.212    5.39    5.539    5.663    5.765    5.849    5.918    5.976    6.023    6.063    6.097    6.125    6.15    6.172    6.191    6.209    6.225    6.24    6.255    6.268    6.282    6.295    6.307    6.319    6.332    6.344    6.355    6.367    
KR85    1.452e-07    0.5946    0.6216    0.6505    0.6815    0.7102    0.7341    0.7523    0.7747    0.7772    0.7759    0.7715    0.7648    0.7563    0.7464    0.7355    0.724    0.712    0.6998    0.6875    0.6752    0.6629    0.6507    0.6388    0.627    0.6154    0.604    0.5929    0.582    0.5713    0.5609    0.5507    0.5407    0.531    0.5215    0.5122    
RB85    5.119e-07    2.12    2.275    2.438    2.611    2.779    2.932    3.068    3.279    3.36    3.428    3.485    3.532    3.572    3.606    3.635    3.66    3.683    3.703    3.721    3.739    3.754    3.77    3.784    3.798    3.811    3.824    3.836    3.848    3.86    3.871    3.882    3.893    3.904    3.914    3.924    
KR86    1.003e-06    3.787    4.019    4.292    4.584    4.867    5.126    5.352    5.703    5.832    5.936    6.019    6.085    6.137    6.178    6.211    6.236    6.257    6.274    6.288    6.3    6.31    6.319    6.327    6.334    6.341    6.347    6.353    6.359    6.364    6.37    6.375    6.38    6.385    6.39    6.395    
SR86    2.258e-11    0.001877    0.005343    0.007974    0.01077    0.01371    0.0168    0.02    0.02667    0.03011    0.03358    0.03709    0.04063    0.0442    0.04777    0.05136    0.05496    0.05857    0.06217    0.06578    0.06939    0.07299    0.07659    0.08019    0.08379    0.08738    0.09097    0.09455    0.09813    0.1017    0.1053    0.1088    0.1124    0.1159    0.1194    0.123    
RB87    1.226e-06    4.741    5.037    5.377    5.739    6.091    6.412    6.691    7.123    7.28    7.407    7.507    7.585    7.647    7.695    7.733    7.762    7.785    7.803    7.818    7.83    7.84    7.848    7.855    7.861    7.867    7.872    7.877    7.882    7.886    7.89    7.894    7.898    7.902    7.905    7.909    
SR88    1.678e-06    6.732    7.175    7.659    8.174    8.673    9.126    9.52    10.13    10.35    10.53    10.67    10.78    10.87    10.94    11    11.04    11.08    11.11    11.13    11.15    11.17    11.19    11.2    11.21    11.23    11.24    11.25    11.26    11.27    11.28    11.29    11.3    11.31    11.32    11.33    
SR89    2.231e-06    6.106    1.485    0.6292    0.4777    0.4323    0.3895    0.3396    0.2558    0.1964    0.1554    0.1231    0.09711    0.07636    0.05997    0.04718    0.03728    0.02969    0.02391    0.01952    0.01622    0.01374    0.01188    0.0105    0.009463    0.008688    0.008106    0.007665    0.007328    0.007066    0.00686    0.006695    0.00656    0.006447    0.006352    0.006267    
Y89    2.309e-08    2.448    7.58    9.032    9.817    10.47    11.07    11.59    12.39    12.71    12.95    13.13    13.27    13.38    13.46    13.51    13.55    13.58    13.59    13.6    13.6    13.6    13.6    13.59    13.58    13.57    13.56    13.55    13.53    13.52    13.51    13.49    13.48    13.47    13.45    13.44    
SR90    2.826e-06    10.65    11.21    11.87    12.57    13.24    13.83    14.32    15.03    15.24    15.38    15.46    15.5    15.49    15.46    15.41    15.33    15.25    15.15    15.05    14.95    14.84    14.72    14.61    14.5    14.38    14.27    14.15    14.04    13.92    13.81    13.7    13.59    13.48    13.37    13.26    
ZR90    6.75e-11    0.02014    0.1158    0.2207    0.3327    0.4514    0.5763    0.7064    0.9597    1.1    1.243    1.387    1.531    1.676    1.821    1.966    2.11    2.254    2.397    2.539    2.681    2.821    2.961    3.099    3.237    3.374    3.51    3.645    3.779    3.912    4.044    4.176    4.306    4.436    4.564    4.692    
Y91    2.033e-06    9.448    2.82    1.236    0.8786    0.7686    0.689    0.6039    0.4651    0.3618    0.2892    0.2322    0.1864    0.1497    0.1207    0.09795    0.0803    0.06671    0.05632    0.04842    0.04243    0.03792    0.03451    0.03195    0.03001    0.02854    0.02741    0.02654    0.02585    0.02529    0.02484    0.02446    0.02413    0.02384    0.02358    0.02334    
ZR91    1.793e-08    3.247    10.84    13.33    14.65    15.69    16.61    17.43    18.68    19.19    19.58    19.89    20.13    20.32    20.46    20.57    20.65    20.71    20.76    20.79    20.81    20.83    20.84    20.85    20.86    20.86    20.86    20.86    20.86    20.86    20.86    20.85    20.85    20.85    20.84    20.84    
ZR92    3.649e-06    15.68    16.8    17.95    19.17    20.35    21.43    22.37    23.84    24.39    24.83    25.18    25.47    25.7    25.88    26.03    26.16    26.26    26.35    26.43    26.49    26.56    26.61    26.66    26.72    26.76    26.81    26.86    26.9    26.95    26.99    27.03    27.07    27.12    27.16    27.2    
ZR93    3.206e-06    20.44    21.9    23.26    24.71    26.11    27.36    28.43    29.99    30.51    30.9    31.18    31.36    31.46    31.51    31.51    31.48    31.42    31.34    31.24    31.14    31.02    30.9    30.78    30.65    30.52    30.4    30.27    30.14    30    29.87    29.74    29.61    29.49    29.36    29.23    
ZR94    6.082e-06    23.13    24.66    26.44    28.34    30.18    31.88    33.38    35.78    36.7    37.48    38.13    38.67    39.14    39.54    39.9    40.21    40.49    40.76    41    41.23    41.45    41.66    41.87    42.07    42.27    42.46    42.66    42.85    43.04    43.23    43.41    43.6    43.78    43.97    44.15    
ZR95    6.849e-06    19.92    6.471    2.94    2.036    1.743    1.552    1.36    1.048    0.8144    0.6459    0.5127    0.4053    0.3191    0.2507    0.197    0.1553    0.1233    0.09877    0.08022    0.06626    0.05581    0.04804    0.04229    0.03804    0.03492    0.03262    0.03093    0.02968    0.02875    0.02805    0.02752    0.02711    0.02679    0.02653    0.02631    
NB95    5.6e-08    4.255    5.049    2.27    1.276    0.9775    0.8512    0.7507    0.6068    0.475    0.3745    0.2971    0.2353    0.1857    0.1461    0.1148    0.09044    0.07158    0.05712    0.04613    0.03783    0.03161    0.02696    0.02351    0.02096    0.01909    0.0177    0.01668    0.01593    0.01537    0.01495    0.01462    0.01437    0.01417    0.014    0.01386    
MO95    6.687e-10    1.959    15.94    23.58    26.83    28.66    30    31.07    32.31    32.73    32.87    32.81    32.59    32.25    31.82    31.31    30.76    30.17    29.56    28.94    28.31    27.68    27.05    26.43    25.82    25.22    24.63    24.05    23.48    22.93    22.39    21.86    21.34    20.84    20.35    19.87    
ZR96    7.339e-06    27.72    29.41    31.4    33.53    35.6    37.5    39.15    41.71    42.65    43.4    44    44.46    44.82    45.1    45.32    45.49    45.62    45.72    45.79    45.86    45.91    45.95    45.98    46.01    46.03    46.06    46.08    46.1    46.11    46.13    46.15    46.16    46.18    46.19    46.21    
MO96    2.077e-09    0.03365    0.3187    0.8699    1.535    2.255    3.011    3.795    5.416    6.242    7.073    7.901    8.723    9.536    10.34    11.12    11.89    12.64    13.38    14.1    14.8    15.48    16.14    16.79    17.42    18.03    18.63    19.2    19.77    20.31    20.85    21.36    21.86    22.35    22.83    23.29    
MO97    3.67e-06    29.9    32.45    34.52    36.73    38.87    40.81    42.49    45.02    45.91    46.59    47.11    47.48    47.74    47.92    48.02    48.08    48.1    48.08    48.05    48    47.93    47.86    47.79    47.71    47.63    47.54    47.46    47.38    47.3    47.22    47.14    47.06    46.98    46.9    46.82    
MO98    8.554e-06    32.32    34.4    36.83    39.45    42.01    44.37    46.46    49.78    51.05    52.1    52.96    53.68    54.28    54.78    55.2    55.57    55.89    56.18    56.44    56.68    56.91    57.13    57.34    57.54    57.74    57.93    58.12    58.31    58.5    58.68    58.87    59.05    59.23    59.41    59.6    
MO99    7.502e-06    3.49    0.1146    0.1109    0.1091    0.1019    0.09106    0.07873    0.055    0.04465    0.036    0.02881    0.02295    0.01825    0.01454    0.01164    0.009393    0.007674    0.006368    0.005382    0.004643    0.004093    0.003686    0.003386    0.003167    0.003007    0.002892    0.002809    0.00275    0.002708    0.002679    0.00266    0.002649    0.002643    0.002642    0.002643    
TC99    1.358e-06    32.53    36.76    37.69    38.75    39.72    40.45    40.86    40.74    40.27    39.58    38.73    37.74    36.67    35.53    34.37    33.18    32    30.83    29.68    28.55    27.46    26.4    25.38    24.4    23.45    22.54    21.66    20.82    20.01    19.24    18.5    17.79    17.11    16.45    15.83    
MO100    1.036e-05    39.1    41.47    44.27    47.27    50.19    52.86    55.2    58.82    60.14    61.2    62.03    62.68    63.18    63.57    63.86    64.09    64.26    64.39    64.49    64.57    64.62    64.67    64.7    64.73    64.76    64.78    64.79    64.81    64.82    64.83    64.85    64.86    64.87    64.88    64.89    
RU100    8.388e-10    0.3868    1.961    3.558    5.186    6.846    8.529    10.22    13.59    15.23    16.84    18.39    19.9    21.34    22.73    24.06    25.32    26.52    27.66    28.74    29.76    30.73    31.64    32.5    33.3    34.06    34.78    35.44    36.07    36.65    37.2    37.7    38.18    38.61    39.02    39.39    
RU101    8.886e-06    33.78    35.58    37.75    40.1    42.39    44.48    46.28    48.97    49.9    50.59    51.1    51.45    51.67    51.8    51.86    51.86    51.82    51.76    51.67    51.58    51.47    51.37    51.26    51.16    51.06    50.96    50.86    50.77    50.69    50.61    50.53    50.46    50.39    50.33    50.27    
RU102    9.161e-06    34.76    37.14    39.92    42.93    45.9    48.68    51.19    55.31    56.93    58.32    59.49    60.5    61.37    62.13    62.8    63.41    63.95    64.46    64.93    65.38    65.82    66.23    66.64    67.04    67.43    67.81    68.19    68.57    68.94    69.31    69.68    70.05    70.41    70.77    71.14    
RU103    1.055e-05    26.43    4.454    1.981    1.749    1.665    1.526    1.345    1.028    0.8068    0.6562    0.5347    0.4357    0.3562    0.2932    0.244    0.206    0.1769    0.1549    0.1383    0.126    0.117    0.1104    0.1056    0.1022    0.09988    0.09828    0.09723    0.09657    0.09619    0.09603    0.096    0.09609    0.09625    0.09646    0.0967    
RH103    1.378e-07    13.03    29.74    27.02    23.35    20.39    17.98    15.9    12.29    10.76    9.305    7.991    6.82    5.792    4.9    4.136    3.488    2.945    2.494    2.121    1.817    1.57    1.37    1.211    1.083    0.9827    0.9034    0.8413    0.793    0.7557    0.727    0.7051    0.6886    0.6762    0.667    0.6604    
RU104    9.227e-06    35.15    37.44    40.03    42.82    45.57    48.11    50.37    53.9    55.21    56.26    57.09    57.74    58.23    58.61    58.89    59.1    59.26    59.37    59.45    59.5    59.53    59.55    59.56    59.57    59.56    59.56    59.55    59.53    59.52    59.51    59.49    59.47    59.46    59.44    59.42    
PD104    2.418e-10    0.8295    8.553    16.72    23.82    29.96    35.35    40.1    47.9    51.1    53.86    56.23    58.24    59.93    61.35    62.53    63.51    64.32    64.99    65.55    66    66.38    66.7    66.96    67.19    67.38    67.54    67.69    67.82    67.93    68.04    68.14    68.24    68.33    68.42    68.5    
RH105    4.91e-06    1.203    0.03986    0.03881    0.03846    0.03622    0.03265    0.02847    0.02021    0.01655    0.01346    0.01087    0.008742    0.007032    0.005675    0.004611    0.003786    0.003152    0.002669    0.002304    0.00203    0.001826    0.001675    0.001564    0.001482    0.001423    0.00138    0.001349    0.001327    0.001311    0.0013    0.001293    0.001288    0.001286    0.001284    0.001284    
PD105    1.887e-06    21.41    23.63    24.72    25.93    27.1    28.12    28.96    29.99    30.23    30.31    30.25    30.09    29.84    29.54    29.18    28.79    28.37    27.95    27.51    27.06    26.62    26.18    25.75    25.32    24.9    24.48    24.08    23.68    23.29    22.91    22.54    22.18    21.82    21.47    21.14    
RU106    6.765e-06    24.31    20.84    18.35    16.53    15.08    13.8    12.61    10.65    9.466    8.341    7.289    6.32    5.441    4.654    3.959    3.35    2.824    2.372    1.988    1.663    1.39    1.162    0.9727    0.8162    0.6872    0.5814    0.4948    0.4242    0.3667    0.32    0.2821    0.2514    0.2266    0.2065    0.1902    
PD106    8.883e-07    11.44    17.65    23.33    28.61    33.55    38.15    42.41    49.59    52.92    55.92    58.62    61.04    63.2    65.13    66.86    68.42    69.82    71.09    72.25    73.31    74.28    75.18    76.02    76.81    77.56    78.27    78.94    79.59    80.21    80.81    81.39    81.95    82.5    83.04    83.56    
PD107    5.084e-06    19.27    20.15    21.26    22.51    23.77    24.92    25.91    27.33    27.77    28.04    28.18    28.2    28.12    27.98    27.77    27.53    27.25    26.95    26.63    26.3    25.96    25.62    25.28    24.95    24.61    24.28    23.95    23.63    23.31    23    22.69    22.39    22.09    21.79    21.51    
PD108    3.578e-06    13.51    14.3    15.25    16.32    17.39    18.41    19.31    20.74    21.25    21.65    21.93    22.13    22.26    22.32    22.34    22.31    22.25    22.17    22.07    21.96    21.83    21.7    21.55    21.4    21.25    21.09    20.93    20.77    20.61    20.45    20.28    20.11    19.95    19.78    19.61    
AG109    1.187e-06    8.344    7.811    7.352    7.065    6.863    6.691    6.515    6.111    5.882    5.643    5.401    5.164    4.936    4.721    4.522    4.34    4.175    4.027    3.895    3.777    3.673    3.581    3.5    3.427    3.363    3.305    3.253    3.206    3.163    3.123    3.086    3.051    3.018    2.987    2.957    
PD110    1.024e-06    3.868    4.109    4.402    4.73    5.066    5.388    5.683    6.166    6.352    6.505    6.629    6.727    6.805    6.865    6.912    6.948    6.976    6.997    7.013    7.025    7.034    7.041    7.046    7.05    7.053    7.056    7.058    7.06    7.061    7.062    7.063    7.064    7.065    7.066    7.066    
AG110M    6.723e-11    0.01753    0.06551    0.09093    0.104    0.1103    0.113    0.1134    0.1143    0.1101    0.1059    0.1018    0.0976    0.09349    0.0895    0.08567    0.08205    0.07869    0.07558    0.07275    0.07019    0.06789    0.06583    0.06399    0.06236    0.0609    0.0596    0.05845    0.05741    0.05647    0.05562    0.05485    0.05413    0.05347    0.05285    0.05227    
CD110    1.529e-09    0.4485    2.033    3.493    4.864    6.169    7.418    8.612    10.82    11.84    12.79    13.68    14.51    15.27    15.98    16.63    17.23    17.79    18.31    18.79    19.24    19.65    20.04    20.41    20.75    21.07    21.38    21.67    21.95    22.21    22.45    22.69    22.92    23.13    23.33    23.53    
CD111    3.043e-08    1.604    2.151    2.277    2.442    2.63    2.829    3.031    3.425    3.614    3.797    3.974    4.148    4.318    4.487    4.653    4.819    4.985    5.15    5.315    5.48    5.645    5.81    5.974    6.137    6.3    6.462    6.623    6.783    6.942    7.099    7.255    7.409    7.561    7.711    7.86    
CD112    7.575e-08    0.7244    0.8669    0.9978    1.141    1.291    1.446    1.603    1.916    2.072    2.227    2.382    2.537    2.695    2.854    3.015    3.18    3.349    3.521    3.697    3.878    4.063    4.253    4.448    4.647    4.852    5.061    5.275    5.493    5.717    5.945    6.177    6.414    6.656    6.902    7.152    
CD113M    2.074e-09    0.008576    0.009622    0.01082    0.01218    0.01364    0.01518    0.01675    0.01999    0.02161    0.02324    0.02491    0.02661    0.02835    0.03015    0.03201    0.03395    0.03596    0.03805    0.04023    0.0425    0.04488    0.04735    0.04992    0.0526    0.05539    0.0583    0.06131    0.06444    0.06769    0.07106    0.07455    0.07817    0.08191    0.08577    0.08976    
CD114    1.166e-07    0.8296    0.9177    0.9834    1.057    1.132    1.205    1.273    1.387    1.432    1.471    1.505    1.533    1.557    1.579    1.598    1.615    1.632    1.647    1.662    1.677    1.692    1.707    1.723    1.739    1.755    1.772    1.79    1.809    1.828    1.848    1.869    1.891    1.913    1.937    1.961    
IN115    1.1e-08    0.188    0.1177    0.07069    0.04872    0.03825    0.03248    0.02846    0.02196    0.01907    0.01641    0.01406    0.01204    0.01034    0.008937    0.007804    0.006902    0.006196    0.00565    0.005234    0.004922    0.004692    0.004526    0.004411    0.004334    0.004286    0.004261    0.004253    0.004258    0.004274    0.004297    0.004327    0.004361    0.0044    0.004442    0.004487    
CD116    6.248e-08    0.2362    0.2508    0.2679    0.2862    0.3042    0.3206    0.3351    0.3576    0.3659    0.3726    0.3779    0.382    0.3852    0.3877    0.3896    0.3911    0.3923    0.3932    0.3939    0.3944    0.3949    0.3952    0.3955    0.3958    0.396    0.3962    0.3964    0.3966    0.3967    0.3969    0.3971    0.3972    0.3974    0.3975    0.3976    
SN116    5.268e-11    0.04032    0.1618    0.2318    0.2766    0.3096    0.3368    0.3603    0.399    0.4148    0.4284    0.4401    0.45    0.4585    0.4658    0.4721    0.4775    0.4823    0.4866    0.4905    0.4941    0.4975    0.5007    0.5038    0.5068    0.5097    0.5126    0.5154    0.5182    0.521    0.5239    0.5267    0.5295    0.5324    0.5352    0.5381    
SN117    5.71e-08    0.2374    0.2528    0.2691    0.2865    0.3034    0.3187    0.3318    0.3517    0.3587    0.3641    0.3682    0.3712    0.3734    0.3749    0.3758    0.3764    0.3767    0.3767    0.3765    0.3763    0.3759    0.3755    0.375    0.3745    0.374    0.3734    0.3729    0.3723    0.3718    0.3712    0.3707    0.3701    0.3696    0.369    0.3685    
SN118    6.197e-08    0.238    0.2536    0.2717    0.2909    0.3097    0.3269    0.3422    0.3663    0.3756    0.3832    0.3896    0.3949    0.3993    0.403    0.4063    0.4091    0.4116    0.4139    0.416    0.4179    0.4198    0.4216    0.4233    0.425    0.4266    0.4282    0.4299    0.4314    0.433    0.4346    0.4361    0.4377    0.4392    0.4408    0.4423    
SN119    6.386e-08    0.2427    0.2579    0.2753    0.2937    0.3114    0.3274    0.3412    0.3619    0.3692    0.3749    0.3792    0.3824    0.3847    0.3863    0.3873    0.3879    0.3882    0.3882    0.388    0.3878    0.3874    0.3869    0.3864    0.3858    0.3852    0.3846    0.384    0.3834    0.3828    0.3821    0.3815    0.3809    0.3802    0.3796    0.379    
SN120    6.583e-08    0.2487    0.2646    0.2832    0.303    0.3223    0.3399    0.3554    0.3797    0.3889    0.3965    0.4028    0.4079    0.4122    0.4159    0.4189    0.4216    0.424    0.4261    0.428    0.4298    0.4315    0.4331    0.4347    0.4362    0.4377    0.4392    0.4406    0.4421    0.4435    0.4449    0.4463    0.4478    0.4492    0.4506    0.452    
SB121    2.322e-08    0.2573    0.2789    0.2924    0.3067    0.3202    0.3316    0.3404    0.3507    0.3526    0.3527    0.3515    0.3491    0.3458    0.342    0.3376    0.3329    0.328    0.3229    0.3177    0.3125    0.3072    0.3021    0.2969    0.2918    0.2868    0.2818    0.2769    0.2721    0.2674    0.2628    0.2583    0.2538    0.2494    0.2451    0.2409    
SN122    7.296e-08    0.2754    0.2921    0.3118    0.3327    0.3528    0.3709    0.3866    0.4106    0.4193    0.4262    0.4317    0.436    0.4393    0.4419    0.4439    0.4455    0.4468    0.4478    0.4486    0.4492    0.4498    0.4503    0.4507    0.4511    0.4514    0.4518    0.4521    0.4524    0.4526    0.4529    0.4532    0.4535    0.4537    0.454    0.4542    
TE122    8.944e-13    0.001264    0.006299    0.01153    0.01696    0.0226    0.02842    0.03436    0.04644    0.05249    0.05849    0.06442    0.07025    0.07597    0.08157    0.08703    0.09235    0.09752    0.1025    0.1074    0.1122    0.1167    0.1212    0.1255    0.1296    0.1337    0.1375    0.1413    0.1449    0.1484    0.1518    0.1551    0.1582    0.1612    0.1641    0.1669    
SB123    6.538e-08    0.2586    0.3023    0.3353    0.3624    0.3852    0.4039    0.4188    0.4382    0.444    0.4474    0.4489    0.4489    0.4476    0.4455    0.4426    0.4393    0.4355    0.4314    0.4272    0.4228    0.4184    0.4139    0.4093    0.4048    0.4003    0.3958    0.3914    0.387    0.3827    0.3784    0.3741    0.3699    0.3657    0.3616    0.3576    
SN124    1.087e-07    0.4101    0.4346    0.4632    0.4934    0.5223    0.5481    0.5701    0.6032    0.6148    0.6239    0.6308    0.6361    0.6401    0.643    0.6451    0.6466    0.6476    0.6483    0.6487    0.649    0.6491    0.6491    0.649    0.6488    0.6487    0.6485    0.6482    0.648    0.6477    0.6475    0.6472    0.647    0.6467    0.6464    0.6461    
TE124    1.873e-11    0.0003883    0.002681    0.006151    0.01023    0.01471    0.01952    0.02457    0.03498    0.04073    0.04641    0.05211    0.05783    0.06356    0.06929    0.07499    0.08067    0.08631    0.0919    0.09745    0.1029    0.1084    0.1138    0.1191    0.1243    0.1295    0.1347    0.1397    0.1448    0.1497    0.1546    0.1594    0.1642    0.1688    0.1735    0.178    
SB125    1.499e-07    0.8612    0.9655    0.9508    0.9396    0.9258    0.906    0.8794    0.8198    0.7779    0.7341    0.6896    0.6453    0.6021    0.5603    0.5204    0.4827    0.4471    0.4138    0.3827    0.3538    0.3271    0.3023    0.2794    0.2583    0.2389    0.221    0.2045    0.1893    0.1754    0.1626    0.1508    0.14    0.1301    0.121    0.1126    
TE125    6.082e-11    0.01317    0.08457    0.1609    0.2374    0.3131    0.3873    0.4596    0.5853    0.6496    0.7104    0.7674    0.8206    0.8701    0.916    0.9585    0.9976    1.034    1.067    1.097    1.125    1.151    1.174    1.195    1.215    1.233    1.249    1.264    1.277    1.289    1.3    1.311    1.32    1.328    1.336    1.343    
SN126    3.75e-07    1.415    1.5    1.599    1.702    1.8    1.888    1.962    2.072    2.11    2.14    2.164    2.181    2.195    2.205    2.212    2.218    2.222    2.225    2.227    2.229    2.23    2.231    2.231    2.232    2.232    2.232    2.233    2.233    2.233    2.233    2.233    2.233    2.233    2.233    2.233    
TE126    5.22e-09    0.03521    0.04907    0.05544    0.0621    0.06877    0.07525    0.08147    0.09318    0.09867    0.104    0.1092    0.1142    0.1192    0.1241    0.129    0.1338    0.1386    0.1434    0.1481    0.1529    0.1576    0.1623    0.167    0.1716    0.1763    0.1809    0.1856    0.1902    0.1948    0.1994    0.2039    0.2085    0.213    0.2176    0.2221    
TE127M    1.619e-08    0.4015    0.2408    0.1369    0.09015    0.06726    0.05395    0.04449    0.03254    0.02555    0.02013    0.01584    0.01243    0.009737    0.007623    0.005979    0.004711    0.003742    0.003008    0.002455    0.002041    0.001735    0.001509    0.001344    0.001224    0.001137    0.001075    0.001031    0.0009994    0.0009771    0.0009614    0.0009502    0.0009424    0.0009368    0.0009328    0.0009298    
I127    5.318e-08    2.975    3.839    4.134    4.38    4.586    4.753    4.881    5.027    5.058    5.065    5.052    5.025    4.985    4.938    4.883    4.825    4.763    4.698    4.633    4.567    4.501    4.435    4.369    4.304    4.239    4.176    4.113    4.051    3.99    3.93    3.871    3.813    3.756    3.7    3.644    
TE128    1.519e-06    6.096    6.489    6.924    7.378    7.81    8.195    8.524    9.017    9.192    9.33    9.438    9.522    9.587    9.638    9.677    9.707    9.732    9.751    9.767    9.78    9.791    9.8    9.809    9.816    9.823    9.83    9.836    9.842    9.848    9.854    9.859    9.864    9.87    9.875    9.88    
XE128    2.088e-10    0.01333    0.07054    0.1326    0.1984    0.2674    0.3388    0.4121    0.5617    0.6371    0.7124    0.7871    0.8611    0.9341    1.006    1.077    1.146    1.214    1.281    1.346    1.41    1.473    1.534    1.594    1.652    1.709    1.765    1.819    1.872    1.924    1.975    2.024    2.072    2.119    2.165    2.21    
TE129M    3.821e-07    0.9748    0.1285    0.06023    0.05528    0.05167    0.04591    0.03917    0.02778    0.02107    0.01654    0.01294    0.01008    0.007828    0.006081    0.004739    0.003717    0.002945    0.002367    0.001936    0.001617    0.001382    0.001211    0.001087    0.0009967    0.000932    0.0008855    0.0008522    0.0008284    0.0008113    0.0007989    0.00079    0.0007836    0.0007789    0.0007754    0.0007726    
I129    2.2e-06    9.718    10.71    10.93    11.12    11.26    11.32    11.28    10.92    10.63    10.3    9.923    9.527    9.119    8.707    8.297    7.895    7.503    7.123    6.759    6.409    6.076    5.758    5.456    5.17    4.899    4.642    4.398    4.168    3.951    3.745    3.551    3.368    3.194    3.031    2.876    
XE129    7.118e-14    1.677e-05    0.0002527    0.0008202    0.001732    0.002994    0.004611    0.006582    0.01157    0.01456    0.01788    0.02151    0.02542    0.02962    0.03408    0.03878    0.04372    0.04886    0.05421    0.05974    0.06543    0.07129    0.07728    0.0834    0.08964    0.09598    0.1024    0.1089    0.1155    0.1222    0.1289    0.1356    0.1424    0.1492    0.156    0.1629    
TE130    4.786e-06    18.15    19.25    20.54    21.9    23.22    24.41    25.43    27    27.56    28.01    28.36    28.63    28.83    28.99    29.11    29.21    29.28    29.33    29.37    29.4    29.43    29.44    29.46    29.47    29.48    29.49    29.5    29.51    29.51    29.52    29.53    29.53    29.54    29.54    29.55    
XE130    6.736e-09    0.1928    0.7974    1.417    2.043    2.673    3.303    3.927    5.137    5.713    6.266    6.794    7.294    7.767    8.212    8.63    9.02    9.384    9.723    10.04    10.33    10.6    10.85    11.07    11.28    11.48    11.65    11.81    11.95    12.08    12.2    12.31    12.4    12.48    12.56    12.62    
I131    5.991e-06    8.349    0.2728    0.2618    0.2553    0.2362    0.2091    0.1791    0.1228    0.09882    0.07899    0.06265    0.04943    0.03892    0.03065    0.02423    0.01929    0.01552    0.01267    0.01052    0.008915    0.007722    0.006841    0.006193    0.005719    0.005374    0.005124    0.004943    0.004813    0.00472    0.004655    0.004611    0.004582    0.004566    0.004559    0.004558    
XE131    3.847e-07    24.15    29.33    26.77    24.7    22.91    21.22    19.57    16.34    14.78    13.29    11.88    10.57    9.372    8.284    7.306    6.436    5.668    4.993    4.405    3.894    3.453    3.073    2.748    2.47    2.233    2.032    1.861    1.717    1.595    1.492    1.405    1.332    1.271    1.219    1.176    
TE132    8.641e-06    4.639    0.1516    0.1464    0.1434    0.1331    0.1182    0.1014    0.06933    0.05605    0.04472    0.03536    0.02776    0.0217    0.01692    0.01321    0.01034    0.008151    0.006489    0.005237    0.0043    0.003602    0.003086    0.002706    0.002428    0.002225    0.002077    0.00197    0.001893    0.001837    0.001798    0.001771    0.001753    0.001743    0.001738    0.001736    
XE132    1.639e-06    38.93    51.19    58.77    66.15    73.12    79.55    85.34    95.02    98.95    102.4    105.3    107.8    109.9    111.8    113.3    114.7    115.8    116.8    117.6    118.3    119    119.5    120    120.4    120.7    121.1    121.3    121.6    121.8    122.1    122.3    122.4    122.6    122.8    122.9    
I133    8.167e-06    1.675    0.05464    0.05277    0.0518    0.04826    0.043    0.03704    0.02562    0.02067    0.01654    0.0131    0.01031    0.008073    0.006306    0.004928    0.003862    0.003046    0.002425    0.001956    0.001605    0.001343    0.001148    0.001005    0.0008996    0.0008224    0.0007661    0.000725    0.0006952    0.0006737    0.0006584    0.0006477    0.0006405    0.000636    0.0006336    0.0006324    
XE133    4.871e-06    10    0.3288    0.318    0.3126    0.2917    0.2606    0.2254    0.1578    0.1285    0.104    0.08376    0.06725    0.05406    0.04364    0.03552    0.02926    0.02446    0.02083    0.01808    0.01603    0.01451    0.01338    0.01256    0.01195    0.01151    0.0112    0.01097    0.01081    0.01069    0.01061    0.01056    0.01053    0.01051    0.0105    0.01051    
CS133    4.182e-07    47.01    58.47    58.67    59.11    59.44    59.44    59.02    56.9    55.32    53.48    51.46    49.32    47.11    44.88    42.66    40.49    38.37    36.33    34.37    32.49    30.71    29.02    27.42    25.91    24.49    23.14    21.88    20.69    19.57    18.51    17.53    16.6    15.72    14.9    14.13    
XE134    1.44e-05    56.62    60.18    64.29    68.72    73.1    77.14    80.71    86.33    88.41    90.09    91.43    92.48    93.3    93.94    94.43    94.81    95.1    95.33    95.5    95.64    95.75    95.84    95.91    95.97    96.02    96.06    96.1    96.14    96.17    96.21    96.24    96.27    96.29    96.32    96.35    
CS134    1.012e-09    0.7594    3.647    5.63    7.009    7.975    8.646    9.093    9.609    9.581    9.469    9.287    9.051    8.772    8.462    8.131    7.787    7.436    7.084    6.737    6.397    6.066    5.747    5.441    5.148    4.87    4.605    4.354    4.117    3.893    3.681    3.482    3.295    3.118    2.952    2.796    
BA134    8.811e-13    0.01501    0.2389    0.7328    1.411    2.218    3.111    4.064    5.903    6.925    7.936    8.927    9.89    10.82    11.72    12.57    13.39    14.16    14.9    15.59    16.24    16.85    17.42    17.96    18.46    18.92    19.36    19.76    20.14    20.49    20.81    21.11    21.39    21.65    21.88    22.1    
CS135    5.773e-07    2.497    3.749    5.139    6.96    9.058    11.32    13.68    18.48    20.85    23.15    25.36    27.47    29.46    31.35    33.11    34.75    36.27    37.67    38.95    40.13    41.19    42.15    43.02    43.79    44.48    45.08    45.6    46.05    46.44    46.76    47.02    47.22    47.38    47.48    47.54    
BA135    9.645e-12    6.509e-05    0.0005708    0.002827    0.007785    0.01608    0.02812    0.04419    0.08814    0.1161    0.1484    0.1846    0.2248    0.2687    0.3161    0.3668    0.4206    0.4772    0.5364    0.5981    0.6619    0.7278    0.7954    0.8645    0.9351    1.007    1.08    1.154    1.228    1.303    1.379    1.455    1.532    1.608    1.685    1.762    
XE136    2.636e-05    105.9    112.4    120    128.3    136.5    144    150.6    161    164.8    167.9    170.4    172.4    173.9    175.1    176.1    176.8    177.4    177.9    178.2    178.6    178.8    179    179.2    179.4    179.5    179.7    179.8    179.9    180    180.1    180.3    180.4    180.5    180.6    180.7    
CS136    2.104e-07    0.3058    0.02235    0.02545    0.03005    0.03476    0.03963    0.04474    0.05729    0.06142    0.06716    0.07284    0.07838    0.08373    0.08884    0.09368    0.09824    0.1025    0.1064    0.1101    0.1134    0.1165    0.1192    0.1217    0.1239    0.1259    0.1277    0.1292    0.1305    0.1316    0.1326    0.1333    0.1339    0.1344    0.1347    0.1349    
BA136    8.901e-09    0.5314    0.9141    1.034    1.179    1.35    1.546    1.769    2.308    2.621    2.962    3.333    3.735    4.166    4.625    5.111    5.622    6.157    6.714    7.292    7.888    8.502    9.132    9.776    10.43    11.1    11.78    12.47    13.17    13.87    14.58    15.29    16.01    16.74    17.46    18.19    
CS137    1.339e-05    50.5    53.21    56.48    60    63.42    66.51    69.15    73.12    74.4    75.32    75.94    76.31    76.48    76.5    76.39    76.19    75.91    75.59    75.22    74.82    74.4    73.97    73.53    73.08    72.63    72.18    71.72    71.27    70.82    70.37    69.92    69.48    69.03    68.59    68.16    
BA137    6.879e-09    0.1103    0.5003    0.9108    1.344    1.801    2.28    2.777    3.723    4.256    4.793    5.332    5.872    6.41    6.945    7.477    8.004    8.526    9.042    9.552    10.06    10.55    11.05    11.53    12.01    12.48    12.95    13.41    13.86    14.31    14.75    15.18    15.61    16.04    16.45    16.87    
BA138    1.17e-05    44.79    47.56    50.82    54.35    57.83    61.05    63.91    68.44    70.13    71.51    72.61    73.5    74.2    74.76    75.21    75.58    75.88    76.12    76.33    76.52    76.68    76.84    76.98    77.11    77.25    77.38    77.51    77.64    77.77    77.9    78.04    78.17    78.31    78.45    78.6    
LA139    1.131e-05    43.84    46.08    48.71    51.56    54.33    56.81    58.9    61.84    62.72    63.29    63.58    63.64    63.53    63.28    62.92    62.48    61.98    61.43    60.85    60.25    59.63    59.01    58.38    57.75    57.12    56.49    55.87    55.26    54.65    54.04    53.45    52.86    52.27    51.69    51.12    
BA140    1.105e-05    15.59    0.6373    0.6333    0.6424    0.6109    0.5524    0.4813    0.3293    0.2748    0.221    0.1759    0.1389    0.1091    0.08543    0.06689    0.0525    0.04143    0.033    0.02661    0.0218    0.01821    0.01553    0.01355    0.01209    0.01102    0.01023    0.009655    0.009231    0.008919    0.008689    0.008521    0.008398    0.008309    0.008244    0.008195    
LA140    3.984e-07    2.068    0.09866    0.09849    0.1005    0.09724    0.09031    0.08159    0.0625    0.05561    0.04871    0.04287    0.03803    0.03408    0.0309    0.02835    0.02632    0.02471    0.02343    0.02241    0.02159    0.02093    0.02038    0.01993    0.01954    0.0192    0.01891    0.01864    0.01839    0.01816    0.01794    0.01773    0.01753    0.01734    0.01715    0.01697    
CE140    1.073e-07    28.14    48.34    52.16    56.26    60.36    64.27    67.84    73.96    76.4    78.53    80.39    82.02    83.47    84.76    85.93    87    87.99    88.93    89.81    90.65    91.47    92.25    93.02    93.77    94.5    95.22    95.92    96.62    97.3    97.97    98.64    99.29    99.94    100.6    101.2    
CE141    1.018e-05    25.71    3.154    1.566    1.496    1.435    1.309    1.147    0.8556    0.6705    0.5421    0.437    0.3512    0.2823    0.2277    0.1851    0.1521    0.1269    0.1077    0.09327    0.0825    0.07452    0.06867    0.0644    0.06133    0.05913    0.05758    0.05651    0.05578    0.0553    0.055    0.05483    0.05475    0.05474    0.05478    0.05484    
PR141    1.637e-07    16.47    40.9    44.65    47.06    49.34    51.38    53.05    55.17    55.73    55.93    55.88    55.61    55.18    54.62    53.96    53.24    52.46    51.65    50.82    49.98    49.13    48.29    47.45    46.63    45.81    45.01    44.21    43.44    42.68    41.93    41.2    40.48    39.77    39.08    38.41    
CE142    1.024e-05    40.25    43.04    45.95    49.04    52.07    54.85    57.27    61.03    62.4    63.48    64.32    64.97    65.46    65.83    66.09    66.29    66.42    66.51    66.56    66.59    66.6    66.6    66.58    66.56    66.53    66.5    66.46    66.43    66.39    66.35    66.31    66.26    66.22    66.18    66.14    
PR142    1.435e-11    0.003932    0.009766    0.01066    0.01124    0.01178    0.01227    0.01267    0.01317    0.01331    0.01336    0.01334    0.01328    0.01318    0.01304    0.01289    0.01271    0.01253    0.01233    0.01214    0.01193    0.01173    0.01153    0.01133    0.01113    0.01094    0.01075    0.01056    0.01037    0.01019    0.01001    0.009837    0.009665    0.009497    0.009332    0.009171    
ND142    6.657e-12    0.07604    0.7977    1.667    2.568    3.494    4.441    5.402    7.33    8.283    9.219    10.13    11.02    11.88    12.7    13.49    14.25    14.97    15.66    16.31    16.93    17.51    18.07    18.59    19.08    19.55    19.98    20.39    20.77    21.12    21.45    21.76    22.05    22.31    22.55    22.77    
CE143    6.858e-06    1.882    0.06248    0.06047    0.05951    0.05565    0.04985    0.04324    0.03054    0.025    0.02038    0.01653    0.0134    0.01089    0.008908    0.007357    0.006157    0.005237    0.004536    0.004006    0.003607    0.003309    0.003088    0.002923    0.002802    0.002712    0.002646    0.002597    0.002561    0.002534    0.002515    0.0025    0.00249    0.002483    0.002478    0.002475    
PR143    2.684e-06    13.25    0.5645    0.5525    0.5597    0.5321    0.4817    0.4208    0.2939    0.246    0.2008    0.1631    0.1322    0.1074    0.08776    0.07236    0.06044    0.05127    0.04429    0.039    0.03502    0.03204    0.02982    0.02818    0.02696    0.02606    0.0254    0.0249    0.02454    0.02426    0.02406    0.0239    0.02378    0.02369    0.02363    0.02357    
ND143    8.64e-08    20.07    24.39    17.85    13.8    11.2    9.39    8.015    5.954    5.118    4.4    3.785    3.267    2.837    2.486    2.205    1.985    1.815    1.687    1.594    1.528    1.484    1.458    1.444    1.439    1.442    1.45    1.462    1.475    1.491    1.507    1.523    1.538    1.554    1.568    1.582    
CE144    8.169e-06    28.94    23.27    19.35    16.58    14.48    12.75    11.23    8.958    7.693    6.555    5.543    4.652    3.878    3.213    2.648    2.173    1.777    1.45    1.182    0.9642    0.7881    0.6466    0.5336    0.4437    0.3726    0.3165    0.2724    0.2378    0.2108    0.1897    0.1731    0.1602    0.1501    0.1422    0.1359    
ND144    1.794e-08    4.696    24.96    40.32    52.34    62.15    70.39    77.42    88.34    92.79    96.52    99.62    102.2    104.2    105.9    107.3    108.4    109.2    109.9    110.5    110.9    111.3    111.6    111.8    112    112.2    112.4    112.5    112.7    112.8    113    113.1    113.3    113.4    113.6    113.7    
ND145    5.84e-06    24.55    24.75    25.08    25.58    26.07    26.42    26.59    26.33    25.95    25.44    24.83    24.16    23.45    22.71    21.97    21.24    20.52    19.83    19.16    18.53    17.93    17.36    16.82    16.31    15.83    15.39    14.97    14.58    14.21    13.87    13.55    13.25    12.97    12.72    12.47    
ND146    5.439e-06    21.22    24.16    27.33    30.64    33.96    37.18    40.24    45.79    48.26    50.55    52.67    54.64    56.47    58.19    59.79    61.3    62.73    64.08    65.37    66.59    67.75    68.87    69.94    70.97    71.96    72.91    73.83    74.72    75.58    76.41    77.22    78    78.76    79.5    80.23    
ND147    4.299e-06    5.46    0.2199    0.223    0.2266    0.217    0.1984    0.1755    0.1262    0.1087    0.09132    0.07678    0.06492    0.05543    0.04798    0.04222    0.03784    0.03455    0.03213    0.03038    0.02915    0.02831    0.02777    0.02744    0.02729    0.02725    0.02729    0.0274    0.02755    0.02772    0.02792    0.02813    0.02835    0.02857    0.02879    0.02901    
PM147    2.038e-07    10.04    9.462    6.261    4.549    3.588    2.986    2.551    1.91    1.626    1.379    1.166    0.9855    0.8345    0.7104    0.6103    0.5307    0.4684    0.4203    0.3838    0.3565    0.3365    0.3222    0.3122    0.3056    0.3015    0.2992    0.2983    0.2984    0.2992    0.3006    0.3023    0.3042    0.3062    0.3083    0.3105    
SM147    8.916e-11    0.1765    1.114    1.624    1.875    1.989    2.026    2.017    1.894    1.818    1.73    1.633    1.531    1.427    1.325    1.225    1.129    1.038    0.9538    0.8757    0.804    0.7388    0.6797    0.6265    0.5787    0.5361    0.4982    0.4646    0.4348    0.4086    0.3854    0.3651    0.3473    0.3318    0.3182    0.3063    
ND148    3.742e-06    14.29    15.12    16.1    17.16    18.2    19.16    19.99    21.27    21.72    22.06    22.31    22.49    22.62    22.69    22.72    22.73    22.71    22.68    22.64    22.58    22.52    22.45    22.38    22.3    22.23    22.15    22.07    21.99    21.92    21.84    21.76    21.68    21.6    21.52    21.44    
PM148    4.065e-10    0.1987    0.1924    0.1274    0.09238    0.07273    0.06046    0.05163    0.03838    0.0329    0.02792    0.02361    0.01995    0.01689    0.01438    0.01235    0.01074    0.009474    0.008499    0.007758    0.007204    0.006798    0.006507    0.006304    0.006169    0.006085    0.006039    0.006021    0.006022    0.006039    0.006066    0.006099    0.006138    0.006179    0.006222    0.006266    
SM148    2.826e-11    0.6426    3.973    6.302    7.989    9.322    10.44    11.41    13.04    13.69    14.26    14.76    15.18    15.54    15.85    16.11    16.33    16.52    16.68    16.82    16.95    17.05    17.14    17.23    17.3    17.36    17.42    17.48    17.52    17.57    17.61    17.65    17.69    17.73    17.76    17.8    
PM149    2.149e-06    0.8993    0.09678    0.07334    0.0609    0.05258    0.04592    0.04003    0.02984    0.02543    0.02159    0.01831    0.01558    0.01334    0.01152    0.01007    0.008933    0.008046    0.007363    0.006841    0.006448    0.006153    0.005935    0.005776    0.00566    0.005578    0.00552    0.005481    0.005454    0.005438    0.005428    0.005423    0.005422    0.005424    0.005427    0.005431    
ND150    2.227e-06    8.4    8.892    9.484    10.13    10.76    11.35    11.87    12.67    12.96    13.19    13.37    13.5    13.6    13.67    13.72    13.75    13.76    13.77    13.76    13.76    13.74    13.73    13.71    13.69    13.67    13.64    13.62    13.6    13.57    13.55    13.52    13.5    13.47    13.45    13.42    
SM150    2.447e-07    10.52    13.17    13.78    13.87    13.67    13.29    12.78    11.54    10.83    10.08    9.339    8.609    7.909    7.247    6.629    6.061    5.544    5.076    4.657    4.284    3.954    3.663    3.408    3.186    2.992    2.824    2.678    2.552    2.444    2.351    2.271    2.202    2.143    2.092    2.049    
SM151    5.027e-07    1.052    0.1482    0.153    0.1536    0.1501    0.144    0.1363    0.1188    0.1097    0.1007    0.09209    0.08399    0.07647    0.06957    0.06329    0.05764    0.05257    0.04807    0.04409    0.04059    0.03752    0.03484    0.0325    0.03047    0.02872    0.0272    0.02589    0.02476    0.02379    0.02296    0.02224    0.02163    0.02111    0.02066    0.02027    
SM152    1.419e-06    10.66    9.996    8.988    8.421    8.031    7.682    7.319    6.502    6.058    5.605    5.155    4.719    4.303    3.913    3.552    3.221    2.921    2.651    2.41    2.196    2.007    1.84    1.694    1.566    1.455    1.359    1.275    1.203    1.14    1.086    1.04    1    0.9658    0.9363    0.911    
SM153    6.687e-07    0.3574    0.1264    0.1142    0.1075    0.1025    0.0977    0.0926    0.08107    0.07526    0.06925    0.06337    0.05774    0.05244    0.04752    0.043    0.0389    0.0352    0.03189    0.02894    0.02634    0.02404    0.02203    0.02027    0.01874    0.0174    0.01625    0.01525    0.01438    0.01364    0.01299    0.01244    0.01196    0.01156    0.01121    0.0109    
EU153    1.871e-07    3.682    5.447    5.861    5.864    5.727    5.533    5.307    4.77    4.474    4.166    3.853    3.543    3.242    2.955    2.686    2.436    2.207    1.999    1.812    1.644    1.495    1.363    1.247    1.144    1.055    0.9773    0.9096    0.8509    0.8    0.7561    0.7181    0.6854    0.6573    0.633    0.6122    
SM154    6.458e-07    2.493    2.695    2.917    3.148    3.373    3.582    3.766    4.057    4.163    4.246    4.31    4.356    4.388    4.408    4.418    4.421    4.417    4.408    4.394    4.378    4.358    4.337    4.314    4.29    4.265    4.239    4.212    4.185    4.158    4.13    4.102    4.074    4.047    4.019    3.991    
EU154    8.464e-10    0.4627    1.611    2.009    2.105    2.089    2.033    1.958    1.773    1.671    1.562    1.45    1.338    1.227    1.121    1.021    0.927    0.8404    0.7614    0.6898    0.6255    0.5682    0.5172    0.4723    0.4327    0.398    0.3678    0.3414    0.3185    0.2986    0.2814    0.2666    0.2538    0.2427    0.2332    0.2251    
GD154    1.241e-13    0.002188    0.02747    0.06886    0.1114    0.1497    0.1826    0.2099    0.242    0.2555    0.2648    0.2702    0.2723    0.2713    0.2678    0.2621    0.2547    0.246    0.2363    0.2259    0.215    0.204    0.1929    0.182    0.1713    0.161    0.1511    0.1417    0.1329    0.1245    0.1167    0.1095    0.1027    0.09652    0.0908    0.08554    
EU155    3.827e-07    0.6251    0.5155    0.6799    0.7255    0.7245    0.7059    0.68    0.6159    0.5793    0.5416    0.5029    0.4642    0.4263    0.3898    0.3553    0.3231    0.2935    0.2664    0.2419    0.2199    0.2002    0.1827    0.1673    0.1538    0.1419    0.1315    0.1224    0.1145    0.1077    0.1018    0.09664    0.09221    0.08839    0.0851    0.08226    
EU156    1.825e-07    0.8347    0.5055    0.7099    0.7759    0.7808    0.7626    0.7347    0.6598    0.625    0.5842    0.5423    0.5004    0.4594    0.42    0.3827    0.348    0.3159    0.2866    0.2601    0.2363    0.215    0.1962    0.1795    0.1648    0.1519    0.1407    0.1309    0.1223    0.1149    0.1085    0.103    0.09816    0.09403    0.09046    0.08738    
GD156    5.988e-09    1.139    3.574    6.439    9.898    13.48    17    20.38    27.44    30.24    32.84    35.23    37.4    39.35    41.1    42.65    44.03    45.23    46.27    47.18    47.96    48.62    49.19    49.66    50.06    50.38    50.65    50.86    51.03    51.16    51.25    51.31    51.35    51.37    51.36    51.34    
GD158    1.842e-07    1.255    1.678    2.21    2.857    3.55    4.26    4.972    6.583    7.27    7.94    8.592    9.226    9.841    10.44    11.01    11.57    12.12    12.64    13.16    13.66    14.14    14.62    15.08    15.54    15.98    16.42    16.85    17.27    17.69    18.09    18.5    18.89    19.28    19.67    20.05    
TB159    2.265e-08    0.1993    0.2153    0.2307    0.2511    0.2752    0.302    0.3307    0.394    0.4271    0.4609    0.4957    0.5313    0.5679    0.6055    0.6441    0.6836    0.724    0.7653    0.8074    0.8503    0.8937    0.9378    0.9823    1.027    1.073    1.118    1.164    1.21    1.256    1.302    1.348    1.395    1.441    1.487    1.533    
GD160    2.574e-08    0.09723    0.1031    0.1103    0.1183    0.1265    0.1343    0.1414    0.153    0.1574    0.161    0.1638    0.166    0.1677    0.169    0.17    0.1707    0.1712    0.1715    0.1717    0.1719    0.1719    0.1719    0.1719    0.1718    0.1717    0.1716    0.1715    0.1714    0.1712    0.1711    0.1709    0.1708    0.1707    0.1705    0.1704    
TB160    1.191e-11    0.002308    0.006241    0.00721    0.007878    0.008618    0.009454    0.01036    0.01273    0.0135    0.01456    0.01568    0.01683    0.01802    0.01923    0.02048    0.02176    0.02308    0.02442    0.02579    0.02718    0.0286    0.03003    0.03149    0.03296    0.03444    0.03593    0.03743    0.03894    0.04045    0.04197    0.04349    0.045    0.04652    0.04804    0.04955    
DY160    6.868e-14    0.0004801    0.004864    0.01067    0.01631    0.02175    0.02709    0.03244    0.04256    0.04856    0.05454    0.06063    0.06687    0.07326    0.07982    0.08655    0.09344    0.1005    0.1078    0.1152    0.1228    0.1306    0.1385    0.1466    0.1549    0.1632    0.1718    0.1804    0.1891    0.1979    0.2069    0.2158    0.2249    0.234    0.2431    0.2523    
DY161    1.027e-09    0.03713    0.02649    0.01854    0.01639    0.01648    0.01741    0.01865    0.02167    0.02307    0.02461    0.02631    0.02816    0.03014    0.03224    0.03445    0.03677    0.03919    0.04171    0.04431    0.047    0.04976    0.05258    0.05547    0.05842    0.06141    0.06445    0.06753    0.07064    0.07378    0.07695    0.08014    0.08335    0.08658    0.08981    0.09306    
DY162    6.409e-09    0.03012    0.04593    0.04724    0.04519    0.04327    0.0423    0.04226    0.04423    0.04607    0.04818    0.05061    0.05338    0.05649    0.05994    0.06371    0.06778    0.07214    0.07676    0.08162    0.08672    0.09202    0.09751    0.1032    0.109    0.115    0.1211    0.1273    0.1336    0.14    0.1465    0.1531    0.1597    0.1664    0.1731    0.1799    
DY163    2.664e-09    0.01245    0.02466    0.0366    0.04552    0.05162    0.05574    0.05868    0.06307    0.06516    0.06742    0.06993    0.07276    0.07597    0.0796    0.08368    0.08822    0.09322    0.09868    0.1046    0.1109    0.1177    0.1248    0.1324    0.1402    0.1484    0.1569    0.1656    0.1746    0.1838    0.1933    0.2029    0.2127    0.2226    0.2327    0.2429    
HO165    4.958e-10    0.004751    0.009708    0.0159    0.02403    0.0331    0.04232    0.05125    0.06788    0.07529    0.08215    0.08869    0.09502    0.1013    0.1075    0.1139    0.1205    0.1275    0.1348    0.1425    0.1508    0.1596    0.169    0.179    0.1896    0.2009    0.2127    0.2252    0.2383    0.2519    0.2662    0.2809    0.2962    0.312    0.3282    0.3449    
ER166    1.098e-11    0.001137    0.002252    0.0038    0.006171    0.009475    0.0137    0.01877    0.03138    0.03832    0.04565    0.05332    0.06126    0.06943    0.07783    0.08643    0.09526    0.1043    0.1137    0.1233    0.1333    0.1437    0.1545    0.1658    0.1776    0.19    0.2029    0.2165    0.2308    0.2458    0.2615    0.2779    0.2951    0.3131    0.3319    0.3514    
ER168    9.726e-13    0.0001078    0.0003749    0.0005932    0.0008888    0.001337    0.002006    0.002959    0.005977    0.008142    0.01079    0.01395    0.01764    0.02189    0.02671    0.03211    0.03811    0.04472    0.05196    0.05985    0.0684    0.07763    0.08757    0.09825    0.1097    0.122    0.135    0.149    0.1639    0.1798    0.1966    0.2146    0.2336    0.2538    0.2752    0.2979    
