TIME    3   100   220   340   460   580   700   820   1040   1160   1280   1400   1520   1640   1760   1880   2000   2120   2240   2360   2480   2600   2720   2840   2960   3080   3200   3320   3440   3560   3680   3800   3920   4040   4160   4280   
NEUT_PROD    28   300   348   325   281   234   190   152   93.9   73   56.6   43.8   34.1   26.6   21   16.8   13.7   11.4   9.71   8.49   7.61   6.98   6.53   6.2   5.97   5.8   5.67   5.56   5.47   5.39   5.31   5.24   5.15   5.07   4.98   4.88   
NEUT_DEST    1200   4790   1790   1560   1340   1160   1020   896   716   650   595   548   509   476   448   425   404   386   371   358   346   336   327   319   311   305   299   293   289   284   280   276   273   270   267   264   
BUd    52.4    921    115    119    107    90.3    74.2    59.7    84.6    29    22.5    17.4    13.4    10.4    8.12    6.4    5.1    4.15    3.44    2.92    2.54    2.26    2.06    1.91    1.81    1.73    1.67    1.63    1.59    1.56    1.54    1.51    1.49    1.46    1.43    1.41    
HE4    0.0003848    0.02814    0.05398    0.07313    0.08789    0.09992    0.1102    0.1194    0.134    0.1408    0.147    0.1525    0.1577    0.1625    0.167    0.1713    0.1756    0.1798    0.184    0.1882    0.1925    0.1968    0.2013    0.2057    0.2103    0.2148    0.2194    0.2241    0.2287    0.2333    0.2379    0.2425    0.247    0.2515    0.2559    0.2602    
U234    0.02249    1.579    2.893    3.712    4.184    4.413    4.474    4.422    4.093    3.893    3.677    3.457    3.237    3.022    2.815    2.618    2.431    2.255    2.09    1.936    1.792    1.659    1.534    1.419    1.312    1.213    1.121    1.036    0.9578    0.8852    0.818    0.7559    0.6985    0.6454    0.5964    0.5511    
U235    1.962e-05    0.05774    0.1982    0.3561    0.4993    0.6145    0.6986    0.7533    0.7903    0.7827    0.7639    0.7372    0.705    0.6696    0.6324    0.5946    0.5572    0.5206    0.4853    0.4516    0.4197    0.3895    0.3612    0.3347    0.31    0.2869    0.2655    0.2456    0.2271    0.21    0.1941    0.1795    0.1659    0.1533    0.1417    0.1309    
U236    1.53e-08    0.001561    0.01089    0.0307    0.06031    0.09774    0.1407    0.187    0.2826    0.3295    0.3745    0.4172    0.4571    0.4942    0.5283    0.5594    0.5876    0.6129    0.6356    0.6557    0.6734    0.6889    0.7023    0.7137    0.7234    0.7313    0.7378    0.7428    0.7466    0.7491    0.7506    0.7511    0.7507    0.7495    0.7475    0.7448    
NP237    4.673e-08    5.568e-05    0.0001906    0.0005348    0.001216    0.002301    0.003805    0.00571    0.0105    0.01336    0.01643    0.01967    0.02302    0.02643    0.02986    0.03328    0.03664    0.03992    0.0431    0.04615    0.04906    0.05182    0.05441    0.05684    0.0591    0.06119    0.06311    0.06486    0.06645    0.06787    0.06915    0.07027    0.07125    0.0721    0.07282    0.07342    
PU238    599.1    670.7    486.5    353    256.1    185.9    135    98.15    52.01    37.93    27.7    20.26    14.84    10.88    7.992    5.878    4.33    3.194    2.36    1.747    1.296    0.9641    0.7195    0.5393    0.4065    0.3086    0.2364    0.1833    0.1442    0.1154    0.09431    0.07881    0.06746    0.05915    0.05308    0.04865    
PU239    5.165    156.7    175.3    151.8    120    90.97    67.6    49.71    26.55    19.37    14.14    10.32    7.547    5.524    4.049    2.972    2.184    1.608    1.185    0.875    0.6473    0.4799    0.3567    0.266    0.1991    0.1499    0.1136    0.08687    0.06717    0.05267    0.042    0.03416    0.0284    0.02418    0.02108    0.01882    
PU240    0.0217    25.2    59.17    79.8    86.3    83.09    74.56    63.87    42.93    34.19    26.88    20.93    16.18    12.46    9.562    7.34    5.648    4.368    3.407    2.689    2.155    1.76    1.469    1.256    1.1    0.9863    0.903    0.8419    0.7966    0.7625    0.7361    0.715    0.6974    0.6819    0.6678    0.6542    
PU241    7.697e-05    3.045    12.65    22.79    29.43    31.88    31.07    28.26    20.56    16.79    13.46    10.65    8.328    6.464    4.99    3.841    2.955    2.278    1.764    1.377    1.087    0.8718    0.712    0.5941    0.5075    0.4441    0.3976    0.3637    0.3387    0.3202    0.3062    0.2954    0.2867    0.2795    0.2732    0.2674    
PU242    1.37e-07    0.2268    2.134    6.558    12.88    19.97    26.81    32.74    40.9    43.13    44.33    44.67    44.34    43.49    42.28    40.81    39.16    37.43    35.64    33.85    32.09    30.37    28.71    27.12    25.59    24.14    22.77    21.47    20.25    19.09    18    16.97    16    15.1    14.24    13.44    
PU244    1.7e-14    1.273e-06    2.704e-05    0.0001408    0.0004159    0.0009068    0.001639    0.002613    0.005201    0.006746    0.008411    0.01016    0.01196    0.01379    0.01561    0.01741    0.01918    0.02089    0.02255    0.02413    0.02565    0.02709    0.02844    0.02972    0.03093    0.03205    0.0331    0.03407    0.03498    0.03581    0.03658    0.03729    0.03794    0.03853    0.03907    0.03956    
AM241    6.888e-09    0.009443    0.07577    0.196    0.3186    0.4047    0.4424    0.4382    0.3337    0.2949    0.2477    0.2019    0.1614    0.1272    0.09934    0.07704    0.0595    0.04588    0.03541    0.02744    0.02141    0.01688    0.01349    0.01098    0.009119    0.00775    0.006744    0.006008    0.005467    0.00507    0.004775    0.004553    0.004382    0.004247    0.004134    0.004037    
AM243    4.328e-11    0.003098    0.06119    0.2948    0.8031    1.611    2.674    3.91    6.529    7.755    8.854    9.795    10.56    11.15    11.58    11.85    11.98    11.99    11.9    11.72    11.47    11.17    10.83    10.45    10.06    9.65    9.236    8.821    8.409    8.004    7.608    7.224    6.853    6.496    6.153    5.825    
CM242    8.541e-12    0.001268    0.02278    0.09114    0.2006    0.3212    0.4232    0.4891    0.5132    0.4695    0.4194    0.3646    0.3092    0.2568    0.2097    0.1688    0.1344    0.1061    0.08328    0.0651    0.05082    0.03973    0.03118    0.02466    0.01971    0.01598    0.01319    0.01111    0.009563    0.008417    0.007568    0.006939    0.006469    0.006115    0.005842    0.005628    
CM243    1.126e-15    6.204e-06    0.0002189    0.001196    0.003246    0.006054    0.008955    0.01133    0.0137    0.01318    0.01215    0.01086    0.009442    0.008016    0.00667    0.005458    0.004405    0.003517    0.002784    0.002191    0.001718    0.001345    0.001056    0.0008321    0.0006612    0.0005315    0.0004337    0.0003603    0.0003054    0.0002646    0.0002343    0.0002118    0.0001951    0.0001825    0.0001729    0.0001655    
CM244    3.93e-14    0.0001104    0.004623    0.03523    0.1347    0.3548    0.7412    1.323    3.099    4.256    5.553    6.953    8.415    9.902    11.38    12.81    14.18    15.46    16.64    17.71    18.65    19.48    20.18    20.76    21.23    21.58    21.83    21.98    22.04    22.02    21.92    21.75    21.52    21.24    20.91    20.54    
CM245    9.863e-18    6.993e-07    4.539e-05    0.0004206    0.001798    0.005087    0.01116    0.02065    0.05075    0.07086    0.0937    0.1186    0.1449    0.1718    0.1987    0.225    0.2502    0.274    0.296    0.316    0.3338    0.3495    0.3629    0.3741    0.3832    0.3902    0.3953    0.3986    0.4001    0.4001    0.3987    0.3961    0.3922    0.3874    0.3817    0.3752    
CM246    1.788e-20    4.793e-08    6.668e-06    9.845e-05    0.0005938    0.002215    0.006137    0.01391    0.04815    0.07811    0.1186    0.1709    0.2355    0.313    0.4035    0.5066    0.6219    0.7486    0.8858    1.033    1.188    1.35    1.518    1.692    1.869    2.049    2.23    2.413    2.595    2.776    2.955    3.132    3.307    3.477    3.644    3.807    
H3    7.898e-08    0.03849    0.0381    0.03768    0.03724    0.03676    0.03625    0.03572    0.03472    0.03415    0.03357    0.033    0.03242    0.03185    0.03129    0.03073    0.03018    0.02964    0.0291    0.02858    0.02806    0.02755    0.02705    0.02656    0.02608    0.02561    0.02514    0.02469    0.02424    0.0238    0.02337    0.02294    0.02253    0.02212    0.02172    0.02132    
GE73    2.782e-08    0.01492    0.01474    0.0145    0.01425    0.01398    0.01371    0.01344    0.01288    0.0126    0.01233    0.01205    0.01179    0.01152    0.01126    0.01101    0.01076    0.01052    0.01028    0.01005    0.009825    0.009604    0.009387    0.009176    0.00897    0.008769    0.008572    0.00838    0.008193    0.00801    0.007831    0.007657    0.007486    0.00732    0.007158    0.006999    
GE74    7.112e-08    0.03505    0.03562    0.03617    0.03668    0.03715    0.03758    0.03797    0.03867    0.03899    0.0393    0.03959    0.03987    0.04014    0.04039    0.04065    0.04089    0.04113    0.04135    0.04158    0.04179    0.042    0.04221    0.04241    0.0426    0.04279    0.04298    0.04316    0.04333    0.0435    0.04367    0.04383    0.04398    0.04414    0.04428    0.04443    
AS75    1.546e-07    0.07758    0.07753    0.07735    0.07709    0.07676    0.07635    0.07589    0.07484    0.07428    0.0737    0.07312    0.07252    0.07193    0.07133    0.07073    0.07014    0.06954    0.06896    0.06837    0.06779    0.06722    0.06665    0.06608    0.06552    0.06496    0.06441    0.06387    0.06333    0.06279    0.06226    0.06174    0.06122    0.0607    0.06019    0.05968    
GE76    3.535e-07    0.1731    0.1741    0.1752    0.1761    0.1768    0.1773    0.1777    0.1782    0.1783    0.1784    0.1784    0.1785    0.1784    0.1784    0.1784    0.1784    0.1783    0.1783    0.1782    0.1781    0.1781    0.178    0.178    0.1779    0.1778    0.1778    0.1777    0.1777    0.1776    0.1775    0.1775    0.1774    0.1773    0.1773    0.1772    
SE77    1.918e-07    0.418    0.4143    0.3936    0.3738    0.3547    0.3363    0.3187    0.2859    0.2706    0.2561    0.2424    0.2295    0.2172    0.2056    0.1946    0.1843    0.1745    0.1653    0.1566    0.1484    0.1407    0.1334    0.1265    0.12    0.1139    0.1081    0.1026    0.09749    0.09263    0.08805    0.08372    0.07964    0.07579    0.07215    0.06871    
SE78    2.44e-06    1.274    1.31    1.34    1.368    1.393    1.416    1.437    1.474    1.49    1.504    1.518    1.531    1.542    1.553    1.563    1.573    1.582    1.59    1.597    1.604    1.611    1.617    1.623    1.628    1.633    1.637    1.641    1.645    1.649    1.652    1.655    1.658    1.66    1.663    1.665    
SE79    5.595e-06    2.747    2.757    2.766    2.771    2.774    2.774    2.772    2.764    2.758    2.751    2.744    2.737    2.729    2.721    2.713    2.705    2.696    2.688    2.68    2.671    2.663    2.655    2.647    2.638    2.63    2.622    2.614    2.606    2.598    2.59    2.582    2.574    2.566    2.558    2.55    
SE80    1.348e-05    6.601    6.649    6.696    6.737    6.77    6.797    6.818    6.85    6.862    6.872    6.881    6.889    6.896    6.902    6.908    6.914    6.919    6.924    6.929    6.934    6.938    6.943    6.948    6.952    6.957    6.961    6.965    6.97    6.974    6.978    6.982    6.987    6.991    6.995    6.999    
BR81    2.055e-05    10.09    10.05    10.01    9.961    9.899    9.829    9.751    9.582    9.492    9.401    9.309    9.216    9.123    9.03    8.937    8.845    8.754    8.663    8.573    8.485    8.397    8.31    8.224    8.139    8.054    7.971    7.889    7.808    7.727    7.648    7.569    7.491    7.414    7.338    7.263    
SE82    2.543e-05    12.45    12.53    12.61    12.68    12.74    12.79    12.82    12.87    12.88    12.9    12.9    12.91    12.92    12.92    12.92    12.92    12.93    12.93    12.93    12.93    12.93    12.93    12.93    12.93    12.93    12.93    12.93    12.93    12.93    12.93    12.93    12.93    12.93    12.93    12.93    
KR82    1.356e-07    0.2581    0.3594    0.4459    0.5253    0.5982    0.6648    0.7257    0.8316    0.8774    0.9188    0.9562    0.9898    1.02    1.047    1.071    1.092    1.111    1.127    1.141    1.153    1.164    1.172    1.179    1.185    1.189    1.192    1.194    1.195    1.195    1.193    1.192    1.189    1.186    1.182    1.178    
KR83    3.419e-05    16.54    12.59    9.581    7.313    5.601    4.305    3.325    2.021    1.596    1.275    1.033    0.85    0.7127    0.6099    0.5331    0.476    0.4337    0.4026    0.3799    0.3634    0.3515    0.3431    0.3372    0.3331    0.3303    0.3283    0.327    0.3261    0.3254    0.3248    0.3242    0.3237    0.3231    0.3223    0.3215    
KR84    6.117e-05    32.05    36.47    39.86    42.46    44.45    45.98    47.16    48.76    49.31    49.73    50.07    50.34    50.55    50.73    50.88    51.01    51.12    51.23    51.32    51.41    51.49    51.57    51.64    51.72    51.79    51.86    51.93    52.01    52.08    52.15    52.22    52.29    52.36    52.43    52.5    
KR85    1.466e-05    7.775    7.69    7.576    7.459    7.337    7.212    7.083    6.846    6.715    6.584    6.454    6.327    6.201    6.077    5.956    5.837    5.72    5.606    5.495    5.385    5.279    5.175    5.073    4.974    4.877    4.782    4.689    4.599    4.511    4.424    4.34    4.258    4.178    4.099    4.023    
RB85    5.17e-05    27.79    28.24    28.56    28.86    29.12    29.36    29.58    29.92    30.08    30.22    30.36    30.49    30.61    30.73    30.84    30.95    31.05    31.15    31.25    31.35    31.44    31.53    31.61    31.7    31.78    31.86    31.94    32.01    32.08    32.16    32.23    32.29    32.36    32.42    32.48    
KR86    0.0001013    49.61    49.96    50.31    50.62    50.88    51.09    51.26    51.51    51.6    51.67    51.72    51.77    51.81    51.84    51.87    51.89    51.91    51.93    51.94    51.96    51.97    51.99    52    52.01    52.02    52.03    52.05    52.06    52.07    52.08    52.09    52.1    52.1    52.11    52.12    
SR86    2.424e-09    0.03057    0.07107    0.101    0.131    0.1611    0.1913    0.2215    0.282    0.3124    0.3426    0.3729    0.4031    0.4334    0.4636    0.4937    0.5238    0.5539    0.5839    0.6139    0.6438    0.6737    0.7035    0.7333    0.7629    0.7926    0.8221    0.8516    0.881    0.9104    0.9396    0.9688    0.9979    1.027    1.056    1.085    
RB87    0.0001238    62.1    62.58    62.99    63.35    63.64    63.88    64.06    64.32    64.4    64.46    64.5    64.53    64.55    64.57    64.58    64.58    64.58    64.58    64.58    64.57    64.57    64.56    64.56    64.55    64.54    64.53    64.53    64.52    64.51    64.5    64.5    64.49    64.48    64.47    64.47    
SR87    3.784e-09    0.001933    0.002184    0.002586    0.003129    0.003811    0.004627    0.005576    0.007889    0.009215    0.01066    0.01222    0.0139    0.01568    0.01758    0.01957    0.02167    0.02387    0.02616    0.02854    0.03102    0.03358    0.03622    0.03895    0.04175    0.04464    0.04759    0.05062    0.05372    0.05688    0.06011    0.0634    0.06675    0.07017    0.07363    0.07716    
SR88    0.0001695    88.19    89.06    89.67    90.21    90.65    91.02    91.31    91.73    91.88    92    92.09    92.17    92.23    92.29    92.33    92.38    92.41    92.45    92.48    92.51    92.54    92.57    92.6    92.62    92.65    92.68    92.7    92.73    92.76    92.78    92.81    92.84    92.86    92.89    92.92    
SR89    0.0002251    71.09    14.11    3.12    0.9503    0.4713    0.3226    0.2457    0.1601    0.1176    0.08971    0.06918    0.05364    0.04183    0.03291    0.0262    0.02118    0.01744    0.01466    0.01261    0.01109    0.009976    0.009153    0.008546    0.008094    0.007757    0.007501    0.007304    0.00715    0.007027    0.006927    0.006844    0.006772    0.006706    0.006641    0.006573    
Y89    2.487e-06    40.95    98.56    110.1    112.7    113.5    113.9    114.2    114.3    114.3    114.3    114.2    114.1    113.9    113.8    113.6    113.5    113.3    113.1    112.9    112.7    112.6    112.4    112.2    112    111.8    111.6    111.4    111.3    111.1    110.9    110.7    110.5    110.3    110.1    109.9    
SR90    0.0002854    139.5    139.2    138.9    138.4    137.9    137.2    136.3    134.7    133.7    132.6    131.5    130.5    129.3    128.2    127.1    126    124.9    123.8    122.7    121.6    120.5    119.5    118.4    117.4    116.3    115.3    114.3    113.2    112.2    111.2    110.2    109.2    108.3    107.3    106.4    
Y90    3.631e-08    0.03869    0.04173    0.04246    0.04253    0.04244    0.04229    0.0421    0.0417    0.04144    0.04118    0.0409    0.04062    0.04033    0.04004    0.03976    0.03947    0.03918    0.03889    0.0386    0.03832    0.03803    0.03775    0.03747    0.03719    0.03692    0.03665    0.03637    0.03611    0.03584    0.03558    0.03532    0.03506    0.0348    0.03454    0.03429    
ZR90    7.32e-09    0.3581    1.594    2.873    4.158    5.441    6.72    7.994    10.35    11.6    12.85    14.08    15.31    16.53    17.74    18.94    20.13    21.31    22.49    23.65    24.81    25.95    27.09    28.22    29.34    30.45    31.55    32.65    33.73    34.81    35.88    36.94    37.99    39.03    40.07    41.09    
Y91    0.0002125    111.6    28.03    7.502    2.472    1.163    0.7563    0.5799    0.4246    0.341    0.2881    0.2498    0.2209    0.1987    0.1817    0.1686    0.1585    0.1508    0.1448    0.14    0.1363    0.1332    0.1308    0.1287    0.1269    0.1253    0.1238    0.1225    0.1212    0.1201    0.1189    0.1178    0.1168    0.1157    0.1147    0.1136    
ZR91    1.964e-06    54.72    140.9    162.4    168.3    170.3    171.2    171.8    172.5    172.7    172.8    172.8    172.8    172.8    172.8    172.7    172.6    172.5    172.4    172.3    172.2    172.1    172    171.9    171.7    171.6    171.5    171.4    171.2    171.1    171    170.8    170.7    170.6    170.4    170.3    
ZR92    0.0003685    205.4    208.2    209.8    211.3    212.5    213.5    214.4    215.7    216.2    216.7    217.1    217.4    217.8    218.1    218.3    218.6    218.9    219.1    219.3    219.6    219.8    220.1    220.3    220.5    220.7    221    221.2    221.4    221.7    221.9    222.1    222.3    222.6    222.8    223    
ZR93    0.0003356    267.6    270.7    271.1    271.3    271.2    270.9    270.3    268.7    267.7    266.7    265.5    264.3    263.1    261.9    260.6    259.3    258.1    256.8    255.5    254.2    253    251.7    250.4    249.2    247.9    246.7    245.4    244.2    243    241.7    240.5    239.3    238.1    236.9    235.7    
ZR94    0.0006142    303.2    306.8    310.3    313.6    316.5    319.2    321.6    325.9    327.8    329.6    331.3    332.9    334.5    336.1    337.6    339.1    340.5    342    343.4    344.9    346.3    347.7    349.1    350.4    351.8    353.2    354.5    355.9    357.2    358.6    359.9    361.2    362.5    363.9    365.2    
ZR95    0.0006913    237.1    66.03    19.4    6.529    2.818    1.613    1.116    0.7055    0.5234    0.4025    0.3144    0.2481    0.1978    0.1598    0.1312    0.1098    0.09396    0.08225    0.07367    0.06742    0.06289    0.05964    0.05732    0.05567    0.05451    0.0537    0.05314    0.05276    0.0525    0.05232    0.05221    0.05214    0.05209    0.05203    0.05196    
NB95    6.023e-06    65.12    58.15    20.3    6.561    2.406    1.142    0.7017    0.4257    0.3131    0.2371    0.1838    0.1443    0.1144    0.09188    0.07487    0.06213    0.05263    0.04561    0.04044    0.03666    0.03392    0.03194    0.03052    0.02951    0.02879    0.02829    0.02793    0.02769    0.02751    0.02739    0.0273    0.02723    0.02718    0.02713    0.02708    
MO95    7.516e-08    40.01    216.4    296.2    317    318.4    314.3    308.4    295.4    288.8    282.2    275.6    269    262.6    256.2    250    243.9    237.9    232.1    226.3    220.8    215.3    210    204.8    199.7    194.8    190    185.3    180.7    176.2    171.9    167.6    163.5    159.4    155.5    151.7    
ZR96    0.0007412    363.1    365.6    368    370.1    371.8    373.2    374.2    375.7    376.1    376.5    376.7    376.8    376.9    376.9    377    376.9    376.9    376.8    376.8    376.7    376.6    376.6    376.5    376.4    376.3    376.2    376.1    376.1    376    375.9    375.8    375.7    375.6    375.5    375.4    
MO96    2.203e-07    0.5793    4.63    11.7    19.7    27.85    35.91    43.81    59.07    66.41    73.57    80.54    87.33    93.93    100.3    106.6    112.7    118.6    124.3    129.9    135.3    140.5    145.7    150.6    155.4    160.1    164.7    169.1    173.4    177.5    181.5    185.4    189.2    192.9    196.5    200    
MO97    0.0003869    391.6    399.7    401    402    402.6    402.9    402.9    402.1    401.5    400.7    399.8    398.9    398    397    396    395    393.9    392.9    391.9    390.9    389.9    389    388    387.1    386.1    385.2    384.3    383.4    382.5    381.7    380.8    380    379.1    378.3    377.5    
MO98    0.0008639    423.6    427.8    432    435.8    439.3    442.3    445    449.6    451.6    453.4    455.1    456.7    458.2    459.6    461.1    462.4    463.8    465.1    466.4    467.7    469    470.3    471.6    472.9    474.1    475.4    476.6    477.9    479.1    480.4    481.6    482.8    484.1    485.3    486.5    
MO99    0.0007486    28.28    0.1368    0.1263    0.1101    0.0931    0.07743    0.06383    0.04312    0.03575    0.02992    0.02539    0.0219    0.01925    0.01725    0.01576    0.01465    0.01383    0.01323    0.0128    0.0125    0.01228    0.01214    0.01204    0.01198    0.01194    0.01193    0.01192    0.01193    0.01195    0.01197    0.01199    0.01202    0.01205    0.01208    0.0121    
TC99    0.0001454    424.4    438.9    423.6    408.7    394    379.6    365.3    337.7    324.5    311.6    299.2    287.2    275.6    264.4    253.7    243.3    233.4    223.9    214.8    206.1    197.7    189.7    182    174.6    167.5    160.8    154.3    148.1    142.1    136.4    131    125.8    120.8    116    111.4    
MO100    0.001046    512.2    515.5    518.7    521.6    523.9    525.8    527.2    529.1    529.6    530    530.2    530.3    530.4    530.3    530.2    530.1    530    529.8    529.6    529.4    529.2    529    528.8    528.6    528.4    528.2    528    527.8    527.6    527.3    527.1    526.9    526.7    526.5    526.3    
RU100    8.876e-08    6.883    26.19    44.66    62.32    79.19    95.29    110.6    139.1    152.3    164.8    176.7    187.9    198.5    208.6    218.1    227    235.4    243.4    250.9    257.9    264.5    270.7    276.5    281.9    286.9    291.7    296    300.1    303.9    307.4    310.6    313.6    316.3    318.8    321.1    
RU101    0.0008973    442.1    441.7    441.3    440.7    439.8    438.7    437.4    434.2    432.5    430.7    428.9    427.1    425.4    423.7    422.1    420.5    418.9    417.5    416.1    414.8    413.5    412.3    411.1    410    409    408    407.1    406.2    405.3    404.5    403.7    402.9    402.2    401.5    400.8    
RU102    0.0009251    455.7    462.1    468.4    474.4    479.9    485    489.7    498.1    501.9    505.5    508.9    512.2    515.4    518.5    521.6    524.6    527.5    530.4    533.3    536.1    539    541.7    544.5    547.3    550    552.7    555.5    558.2    560.8    563.5    566.2    568.8    571.4    574    576.6    
RU103    0.001065    299.2    37.66    6.574    2.682    1.983    1.676    1.444    1.16    0.9808    0.8769    0.8009    0.7436    0.7006    0.6688    0.6457    0.6292    0.6178    0.6101    0.6053    0.6026    0.6015    0.6015    0.6024    0.6038    0.6057    0.6078    0.6102    0.6127    0.6153    0.618    0.6207    0.6234    0.6261    0.6288    0.6315    
RH103    1.485e-05    210.8    374.2    311.7    242.3    186.8    144.1    111.4    67.17    52.48    41.16    32.46    25.78    20.64    16.71    13.69    11.37    9.599    8.244    7.211    6.423    5.825    5.372    5.031    4.774    4.583    4.442    4.339    4.265    4.213    4.178    4.156    4.143    4.138    4.139    4.143    
RU104    0.0009318    460.8    465.5    468.9    471.8    474.1    476    477.4    479.1    479.6    479.8    479.9    479.9    479.7    479.5    479.3    479    478.7    478.3    478    477.6    477.2    476.8    476.4    476    475.6    475.2    474.8    474.4    474    473.6    473.2    472.8    472.4    472    471.6    
PD104    2.711e-08    17.54    119.5    217.6    295.1    354.7    400.4    435.6    483.4    499.4    511.8    521.4    528.7    534.5    538.9    542.3    545    547.2    548.9    550.2    551.3    552.2    553    553.6    554.2    554.7    555.1    555.5    555.9    556.3    556.6    557    557.3    557.6    558    558.3    
RH105    0.0004817    9.749    0.05086    0.04762    0.04229    0.03652    0.03108    0.02628    0.01884    0.01615    0.01401    0.01233    0.01103    0.01004    0.009283    0.008713    0.008286    0.007967    0.007731    0.007556    0.007428    0.007334    0.007264    0.007214    0.007176    0.007149    0.007128    0.007113    0.007101    0.007092    0.007085    0.00708    0.007075    0.007071    0.007067    0.007062    
PD105    0.0002003    279.8    286.9    282.7    278.6    274.4    270.1    265.8    256.9    252.4    248    243.6    239.2    234.9    230.6    226.4    222.4    218.3    214.4    210.6    206.8    203.1    199.6    196.1    192.6    189.3    186    182.8    179.7    176.7    173.7    170.8    168    165.2    162.5    159.9    
RU106    0.0006831    312.7    251.5    202.8    163.8    132.4    107.1    86.6    58.78    47.49    38.35    30.95    24.97    20.13    16.23    13.07    10.53    8.481    6.831    5.503    4.436    3.578    2.89    2.338    1.895    1.541    1.257    1.029    0.8476    0.7022    0.5859    0.4929    0.4186    0.3592    0.3116    0.2734    
PD106    9.428e-05    156.2    227.6    286.3    335    375.5    409.4    437.9    480.4    498.5    514.1    527.6    539.6    550.2    559.6    568.2    576    583.1    589.8    596    601.8    607.3    612.6    617.6    622.4    627.1    631.6    635.9    640.2    644.3    648.3    652.2    656.1    659.8    663.5    667.1    
PD107    0.0005134    252    249.8    247.7    245.5    243.2    240.6    238    232.2    229.2    226.1    223    219.8    216.7    213.6    210.5    207.4    204.4    201.4    198.5    195.6    192.8    190    187.2    184.5    181.9    179.3    176.7    174.2    171.7    169.3    166.9    164.6    162.3    160.1    157.8    
PD108    0.0003613    176.9    177.5    178.1    178.6    178.9    178.9    178.8    178    177.3    176.6    175.7    174.7    173.7    172.7    171.5    170.4    169.2    167.9    166.7    165.4    164.1    162.8    161.5    160.2    158.9    157.5    156.2    154.8    153.4    152.1    150.7    149.3    148    146.6    145.2    
PD109    0.0001088    1.531    0.04823    0.04806    0.04747    0.04669    0.04585    0.04503    0.04355    0.04292    0.04235    0.04184    0.04138    0.04096    0.04056    0.0402    0.03984    0.03951    0.03918    0.03885    0.03853    0.03822    0.0379    0.03759    0.03727    0.03696    0.03664    0.03633    0.03601    0.03569    0.03537    0.03506    0.03474    0.03442    0.0341    0.03378    
AG109    0.0001249    107.6    94.4    82.41    72.59    64.5    57.8    52.24    43.76    40.54    37.85    35.59    33.69    32.09    30.74    29.6    28.62    27.79    27.07    26.45    25.91    25.43    25    24.62    24.27    23.96    23.66    23.38    23.12    22.88    22.64    22.41    22.18    21.97    21.75    21.54    
PD110    0.0001035    50.67    51.05    51.45    51.82    52.15    52.42    52.65    52.97    53.07    53.15    53.2    53.24    53.26    53.27    53.27    53.27    53.26    53.24    53.23    53.21    53.19    53.17    53.15    53.12    53.1    53.08    53.05    53.03    53.01    52.98    52.96    52.93    52.91    52.88    52.86    
AG110M    7.436e-09    0.3033    0.8688    1.123    1.204    1.194    1.138    1.062    0.9396    0.8557    0.7848    0.7251    0.6749    0.6326    0.597    0.567    0.5417    0.5202    0.5019    0.4863    0.4729    0.4613    0.4513    0.4424    0.4346    0.4276    0.4212    0.4154    0.4101    0.4051    0.4005    0.3961    0.3919    0.3878    0.3839    0.3801    
CD110    1.696e-07    7.942    27.73    44.73    59.38    72.06    83.07    92.69    108.5    115.2    121.1    126.4    131.2    135.5    139.5    143.1    146.5    149.7    152.6    155.3    157.9    160.4    162.7    164.8    166.9    168.9    170.7    172.5    174.2    175.8    177.4    178.8    180.2    181.5    182.8    184    
AG111    4.315e-05    3.969    0.03941    0.04378    0.04381    0.04156    0.03828    0.0347    0.02859    0.0257    0.0232    0.02116    0.01948    0.01812    0.01702    0.01613    0.01541    0.01482    0.01434    0.01395    0.01362    0.01335    0.01313    0.01293    0.01277    0.01262    0.01249    0.01238    0.01227    0.01218    0.01209    0.01201    0.01193    0.01185    0.01178    0.01171    
CD111    3.272e-06    20.97    24.66    24.81    25.24    25.88    26.68    27.59    29.67    30.8    31.97    33.18    34.41    35.67    36.94    38.22    39.51    40.81    42.1    43.4    44.69    45.98    47.27    48.54    49.8    51.05    52.29    53.52    54.73    55.93    57.11    58.28    59.43    60.56    61.67    62.76    
CD112    8.019e-06    9.559    10.68    11.6    12.52    13.45    14.39    15.35    17.33    18.37    19.43    20.53    21.67    22.84    24.05    25.3    26.59    27.92    29.29    30.7    32.15    33.64    35.17    36.73    38.34    39.98    41.66    43.38    45.14    46.93    48.75    50.61    52.5    54.42    56.38    58.37    
CD113M    2.095e-07    0.1129    0.1201    0.1275    0.1355    0.1439    0.1528    0.1622    0.1829    0.1939    0.2054    0.2174    0.2302    0.2435    0.2575    0.2723    0.2877    0.3039    0.3208    0.3386    0.3571    0.3764    0.3966    0.4177    0.4396    0.4624    0.4861    0.5107    0.5362    0.5627    0.5902    0.6186    0.648    0.6784    0.7098    0.7421    
IN113    2.185e-11    0.0005346    0.002273    0.004042    0.005849    0.0077    0.009601    0.01156    0.01523    0.0174    0.01965    0.02198    0.02439    0.02689    0.02949    0.03219    0.03501    0.03793    0.04098    0.04416    0.04747    0.05092    0.05451    0.05826    0.06218    0.06625    0.0705    0.07493    0.07954    0.08434    0.08934    0.09454    0.09995    0.1056    0.1114    0.1175    
CD114    1.195e-05    10.87    11.25    11.36    11.47    11.57    11.66    11.75    11.91    11.98    12.05    12.12    12.19    12.27    12.34    12.42    12.5    12.59    12.68    12.77    12.87    12.98    13.09    13.2    13.32    13.45    13.58    13.72    13.87    14.02    14.18    14.34    14.52    14.69    14.88    15.07    
IN115    1.177e-06    2.323    1.292    0.6514    0.3368    0.185    0.1112    0.07454    0.04532    0.03935    0.0356    0.03313    0.03144    0.03025    0.02941    0.02883    0.02845    0.0282    0.02808    0.02804    0.02807    0.02815    0.02828    0.02844    0.02864    0.02886    0.0291    0.02936    0.02965    0.02994    0.03026    0.03059    0.03093    0.03129    0.03166    0.03205    
SN115    4.51e-08    0.1081    0.1082    0.1025    0.09701    0.09183    0.08689    0.08219    0.07349    0.06948    0.06569    0.06212    0.05876    0.0556    0.05265    0.04988    0.04729    0.04486    0.0426    0.04049    0.03852    0.03669    0.03499    0.0334    0.03192    0.03055    0.02928    0.0281    0.02701    0.02599    0.02506    0.02419    0.02339    0.02266    0.02199    0.02137    
CD116    6.31e-06    3.094    3.118    3.139    3.158    3.173    3.185    3.195    3.208    3.212    3.215    3.217    3.219    3.22    3.22    3.221    3.221    3.221    3.22    3.22    3.219    3.219    3.218    3.218    3.217    3.217    3.216    3.216    3.215    3.215    3.214    3.213    3.213    3.212    3.212    3.211    
SN116    5.889e-09    0.6975    2.108    2.824    3.188    3.382    3.493    3.563    3.651    3.683    3.711    3.736    3.76    3.782    3.804    3.824    3.844    3.863    3.883    3.902    3.92    3.939    3.957    3.976    3.995    4.013    4.032    4.051    4.069    4.088    4.107    4.127    4.146    4.166    4.185    4.205    
SN117    5.766e-06    3.109    3.133    3.145    3.154    3.161    3.165    3.167    3.164    3.161    3.156    3.151    3.146    3.139    3.133    3.126    3.119    3.112    3.105    3.098    3.091    3.084    3.077    3.07    3.063    3.057    3.05    3.043    3.036    3.03    3.023    3.017    3.01    3.004    2.997    2.991    
SN118    6.258e-06    3.118    3.154    3.186    3.216    3.243    3.267    3.289    3.326    3.342    3.357    3.371    3.385    3.398    3.41    3.422    3.434    3.446    3.458    3.469    3.481    3.492    3.504    3.515    3.526    3.537    3.548    3.559    3.57    3.581    3.592    3.603    3.614    3.624    3.635    3.646    
SN119    6.449e-06    3.179    3.205    3.227    3.243    3.255    3.263    3.267    3.267    3.265    3.262    3.257    3.252    3.246    3.239    3.233    3.226    3.219    3.212    3.205    3.197    3.19    3.183    3.176    3.168    3.161    3.154    3.147    3.14    3.133    3.126    3.119    3.112    3.105    3.098    3.091    
SN120    6.647e-06    3.259    3.291    3.323    3.352    3.378    3.4    3.42    3.455    3.469    3.483    3.496    3.508    3.519    3.531    3.541    3.552    3.563    3.573    3.583    3.593    3.603    3.613    3.623    3.633    3.643    3.653    3.663    3.673    3.682    3.692    3.702    3.711    3.721    3.731    3.74    
SB121    2.467e-06    3.364    3.412    3.371    3.329    3.284    3.236    3.187    3.084    3.032    2.98    2.928    2.876    2.825    2.774    2.724    2.674    2.626    2.578    2.531    2.485    2.439    2.395    2.351    2.308    2.266    2.225    2.184    2.145    2.106    2.067    2.03    1.993    1.957    1.921    1.886    
SN122    7.368e-06    3.607    3.632    3.657    3.678    3.696    3.71    3.721    3.737    3.742    3.746    3.749    3.752    3.754    3.755    3.756    3.757    3.758    3.759    3.759    3.76    3.76    3.761    3.761    3.761    3.762    3.762    3.762    3.762    3.762    3.763    3.763    3.763    3.763    3.763    3.763    
TE122    9.842e-11    0.02248    0.0859    0.148    0.2086    0.2678    0.3256    0.3818    0.4897    0.5414    0.5916    0.6403    0.6875    0.7332    0.7776    0.8205    0.8621    0.9023    0.9412    0.9788    1.015    1.05    1.084    1.117    1.149    1.179    1.209    1.237    1.264    1.29    1.316    1.34    1.363    1.386    1.408    1.428    
SB123    6.603e-06    3.426    3.791    3.97    4.051    4.077    4.072    4.051    3.983    3.944    3.902    3.859    3.815    3.771    3.727    3.683    3.639    3.596    3.553    3.51    3.468    3.426    3.385    3.344    3.304    3.264    3.225    3.186    3.148    3.11    3.073    3.036    2.999    2.963    2.928    2.893    
SN124    1.098e-05    5.372    5.402    5.432    5.457    5.476    5.49    5.499    5.509    5.51    5.51    5.508    5.505    5.502    5.498    5.494    5.489    5.485    5.48    5.475    5.469    5.464    5.459    5.454    5.449    5.443    5.438    5.433    5.428    5.422    5.417    5.412    5.407    5.401    5.396    5.391    
SB124    1.615e-08    0.01714    0.03188    0.03727    0.03943    0.04027    0.04051    0.04045    0.04248    0.04017    0.03929    0.03875    0.03829    0.03784    0.0374    0.03696    0.03653    0.03609    0.03566    0.03524    0.03481    0.03439    0.03398    0.03357    0.03317    0.03277    0.03238    0.03199    0.0316    0.03122    0.03085    0.03048    0.03011    0.02975    0.02939    0.02904    
TE124    1.901e-09    0.007181    0.03852    0.08221    0.1306    0.181    0.2322    0.2836    0.3834    0.4361    0.4869    0.5369    0.5863    0.6352    0.6836    0.7314    0.7787    0.8254    0.8716    0.9173    0.9623    1.007    1.051    1.094    1.137    1.179    1.221    1.262    1.303    1.342    1.382    1.421    1.459    1.497    1.534    1.57    
SB125    1.517e-05    11.2    11.36    10.52    9.725    8.986    8.297    7.655    6.593    6.073    5.592    5.148    4.739    4.361    4.014    3.694    3.4    3.129    2.881    2.652    2.442    2.249    2.072    1.909    1.76    1.622    1.496    1.381    1.274    1.177    1.087    1.005    0.9289    0.8595    0.7957    0.7372    
TE125    6.552e-09    0.2373    1.119    2.002    2.832    3.6    4.308    4.959    6.014    6.525    6.992    7.42    7.812    8.17    8.497    8.795    9.068    9.317    9.543    9.75    9.938    10.11    10.26    10.41    10.53    10.65    10.76    10.85    10.94    11.01    11.08    11.15    11.2    11.25    11.3    11.34    
TE125M    2.038e-09    0.04924    0.1289    0.1395    0.1339    0.125    0.1157    0.1069    0.09219    0.08495    0.07825    0.07206    0.06634    0.06106    0.0562    0.05173    0.04761    0.04383    0.04034    0.03714    0.0342    0.0315    0.02901    0.02673    0.02464    0.02272    0.02095    0.01933    0.01784    0.01647    0.01521    0.01406    0.013    0.01203    0.01114    0.01032    
SN126    3.787e-05    18.53    18.65    18.76    18.85    18.92    18.97    19.01    19.06    19.07    19.07    19.08    19.07    19.07    19.07    19.06    19.05    19.04    19.04    19.03    19.02    19.01    19    18.99    18.98    18.97    18.96    18.95    18.94    18.94    18.93    18.92    18.91    18.9    18.89    18.88    
TE126    5.288e-07    0.4941    0.6174    0.6601    0.7024    0.7442    0.7855    0.8266    0.9078    0.9481    0.9883    1.028    1.068    1.108    1.148    1.187    1.227    1.266    1.305    1.344    1.383    1.422    1.461    1.5    1.538    1.577    1.615    1.653    1.691    1.729    1.767    1.804    1.842    1.879    1.916    1.953    
TE127M    1.731e-06    4.952    2.583    1.219    0.5873    0.2923    0.1523    0.08427    0.03503    0.0232    0.01637    0.01217    0.009437    0.007584    0.006289    0.005366    0.004702    0.004224    0.003879    0.003633    0.003457    0.003335    0.00325    0.003193    0.003156    0.003133    0.00312    0.003115    0.003114    0.003116    0.003121    0.003127    0.003134    0.003141    0.003149    0.003155    
I127    5.852e-06    39.21    45.65    46.55    46.68    46.43    45.99    45.45    44.22    43.58    42.94    42.29    41.64    40.99    40.35    39.72    39.09    38.47    37.87    37.27    36.68    36.1    35.52    34.96    34.41    33.86    33.33    32.8    32.28    31.77    31.27    30.78    30.29    29.81    29.35    28.88    
TE128    0.0001538    79.87    80.61    81.17    81.63    82    82.3    82.53    82.84    82.94    83.02    83.08    83.13    83.17    83.2    83.22    83.24    83.25    83.26    83.27    83.28    83.29    83.29    83.3    83.3    83.3    83.31    83.31    83.31    83.31    83.31    83.31    83.31    83.31    83.31    83.3    
XE128    2.114e-08    0.2352    0.9324    1.648    2.366    3.079    3.781    4.471    5.813    6.463    7.099    7.722    8.331    8.927    9.509    10.08    10.63    11.18    11.71    12.22    12.73    13.22    13.7    14.17    14.63    15.08    15.52    15.94    16.36    16.76    17.16    17.54    17.92    18.28    18.64    18.98    
I129    0.0002222    128.5    132.4    126.8    120.6    114.5    108.7    103    92.46    87.52    82.81    78.33    74.07    70.04    66.21    62.59    59.16    55.92    52.85    49.96    47.22    44.64    42.19    39.89    37.71    35.65    33.71    31.87    30.14    28.51    26.96    25.5    24.13    22.83    21.6    20.44    
XE129    7.27e-12    0.0003687    0.003668    0.01088    0.02192    0.03663    0.05485    0.07637    0.1286    0.1589    0.1918    0.2271    0.2646    0.3042    0.3458    0.3891    0.4341    0.4805    0.5284    0.5775    0.6278    0.6791    0.7313    0.7843    0.8381    0.8926    0.9475    1.003    1.059    1.115    1.172    1.228    1.285    1.342    1.399    1.455    
TE130    0.0004833    237.7    239.3    240.8    242    243.1    243.9    244.5    245.3    245.5    245.7    245.7    245.8    245.8    245.8    245.7    245.7    245.6    245.6    245.5    245.4    245.3    245.2    245.2    245.1    245    244.9    244.8    244.7    244.6    244.5    244.5    244.4    244.3    244.2    244.1    
I130    5.36e-07    0.05857    0.05377    0.05147    0.04896    0.0465    0.04412    0.04183    0.03753    0.03553    0.03361    0.0318    0.03007    0.02843    0.02688    0.02541    0.02401    0.0227    0.02145    0.02028    0.01917    0.01812    0.01713    0.01619    0.01531    0.01447    0.01368    0.01294    0.01223    0.01157    0.01094    0.01035    0.009793    0.009265    0.008767    0.008297    
XE130    7.085e-07    3.259    10.94    18.32    25.29    31.84    37.98    43.74    54.17    58.88    63.26    67.34    71.13    74.65    77.91    80.94    83.73    86.3    88.68    90.86    92.86    94.69    96.37    97.89    99.27    100.5    101.6    102.7    103.6    104.3    105    105.7    106.2    106.6    107    107.3    
I131    0.0006044    67.66    0.3157    0.2851    0.2442    0.2026    0.1651    0.1333    0.08569    0.06912    0.05604    0.04594    0.03821    0.03234    0.02791    0.02459    0.02212    0.0203    0.01895    0.01797    0.01725    0.01673    0.01636    0.01609    0.01589    0.01576    0.01566    0.0156    0.01555    0.01552    0.01551    0.0155    0.0155    0.0155    0.0155    0.0155    
XE131    4.145e-05    311.5    326.3    278.7    238.1    203.6    174    148.8    108.9    93.26    79.93    68.59    58.96    50.79    43.86    37.99    33.03    28.83    25.29    22.3    19.78    17.67    15.88    14.39    13.13    12.08    11.2    10.46    9.844    9.329    8.899    8.54    8.242    7.993    7.785    7.612    
TE132    0.0008638    37.62    0.1693    0.1543    0.1318    0.1086    0.08756    0.06948    0.04211    0.03276    0.02522    0.01938    0.0149    0.01149    0.008922    0.006994    0.005557    0.004494    0.003711    0.003139    0.002722    0.002421    0.002205    0.002051    0.001942    0.001865    0.001812    0.001775    0.001752    0.001738    0.001732    0.00173    0.001733    0.001737    0.00174    0.001741    
XE132    0.0001741    515    616.3    670.3    716.4    755.6    788.9    817.2    861.5    878.6    893.2    905.5    915.9    924.8    932.3    938.7    944.1    948.7    952.6    956    958.9    961.4    963.6    965.5    967.1    968.6    969.9    971.1    972.1    973    973.9    974.7    975.4    976.1    976.8    977.4    
XE133    0.0005137    81.05    0.3979    0.3697    0.325    0.278    0.2348    0.1974    0.1407    0.1207    0.1049    0.09268    0.08334    0.07627    0.07097    0.06703    0.06412    0.062    0.06046    0.05936    0.05858    0.05804    0.05767    0.05743    0.05727    0.05717    0.05712    0.05709    0.0571    0.05711    0.05714    0.05718    0.05722    0.05727    0.05731    0.05734    
CS133    4.647e-05    612    672    636    601.7    568.9    537.6    507.6    451.7    425.8    401.2    378    356.1    335.3    315.8    297.4    280.1    263.8    248.5    234    220.5    207.8    195.8    184.6    174.1    164.2    154.9    146.2    138    130.3    123    116.3    109.9    103.9    98.3    93.03    
XE134    0.001454    741.7    747.5    752.4    756.8    760.5    763.5    765.9    769.1    770.1    770.9    771.4    771.7    771.9    772    772    771.9    771.8    771.7    771.5    771.4    771.2    771    770.8    770.6    770.4    770.2    770    769.8    769.6    769.4    769.2    768.9    768.7    768.5    768.3    
CS134    1.042e-07    13.25    45.89    66.28    78.38    84.89    87.63    87.87    85.13    81.69    77.99    74.18    70.37    66.62    62.98    59.48    56.13    52.94    49.91    47.04    44.33    41.78    39.37    37.1    34.97    32.97    31.08    29.31    27.65    26.09    24.62    23.24    21.94    20.73    19.59    18.52    
BA134    9.406e-11    0.3329    3.387    9.394    17.2    26.01    35.32    44.75    61.74    70.61    79.05    87.04    94.57    101.7    108.3    114.5    120.4    125.8    130.9    135.6    140    144.1    147.9    151.5    154.7    157.8    160.6    163.2    165.6    167.8    169.8    171.7    173.4    175    176.4    177.7    
CS135    5.83e-05    33.06    45.28    59.99    78.69    99.49    121.1    142.8    184.6    204.1    222.3    239.2    254.9    269.3    282.5    294.6    305.6    315.6    324.5    332.6    339.8    346.2    351.8    356.8    361    364.7    367.8    370.4    372.4    374.1    375.2    376    376.5    376.6    376.3    375.8    
BA135    9.855e-10    0.001015    0.008787    0.03851    0.09993    0.1985    0.3368    0.5155    0.9844    1.272    1.594    1.949    2.334    2.747    3.185    3.645    4.127    4.628    5.145    5.678    6.224    6.781    7.35    7.927    8.511    9.102    9.699    10.3    10.9    11.51    12.12    12.73    13.33    13.94    14.55    15.15    
XE136    0.002662    1387    1397    1406    1415    1422    1428    1433    1440    1442    1444    1445    1446    1447    1448    1448    1448    1449    1449    1449    1449    1449    1449    1450    1450    1450    1450    1450    1450    1450    1450    1450    1450    1450    1450    1450    
CS136    2.12e-05    2.993    0.1416    0.1737    0.2227    0.2786    0.3378    0.3979    0.5288    0.5705    0.6223    0.6707    0.7155    0.7569    0.7949    0.8297    0.8613    0.89    0.9159    0.9393    0.9601    0.9786    0.995    1.009    1.022    1.033    1.042    1.049    1.055    1.06    1.064    1.066    1.068    1.068    1.068    1.066    
BA136    9.549e-07    8.023    11.55    12.36    13.4    14.72    16.35    18.29    23.19    26.08    29.25    32.69    36.37    40.29    44.42    48.74    53.25    57.92    62.74    67.69    72.77    77.95    83.23    88.59    94.03    99.53    105.1    110.7    116.4    122    127.8    133.5    139.2    145    150.7    156.5    
CS137    0.001352    661.1    660.9    660.7    659.9    658.6    656.6    654.1    648.7    645.1    641.3    637.3    633.2    629    624.8    620.5    616.2    611.9    607.6    603.4    599.1    594.9    590.7    586.5    582.4    578.3    574.2    570.1    566.1    562.1    558.1    554.2    550.3    546.4    542.6    538.7    
BA137    6.99e-07    1.858    6.848    11.8    16.72    21.59    26.42    31.19    39.77    44.4    48.96    53.47    57.91    62.29    66.62    70.88    75.08    79.23    83.31    87.34    91.31    95.22    99.08    102.9    106.6    110.3    114    117.5    121.1    124.6    128    131.4    134.7    138    141.2    144.4    
BA138    0.001182    586.7    591    595    598.6    601.8    604.4    606.5    609.7    610.8    611.8    612.6    613.3    613.9    614.5    615    615.5    616.1    616.6    617.1    617.6    618.2    618.8    619.4    620    620.6    621.3    622    622.7    623.5    624.2    625    625.8    626.6    627.5    628.4    
LA139    0.001142    573.6    571.4    568.4    565.1    561.3    557    552.3    541.8    536.3    530.5    524.7    518.8    512.9    507    501    495.2    489.3    483.5    477.8    472.1    466.5    460.9    455.5    450    444.7    439.4    434.2    429    423.9    418.9    413.9    409    404.2    399.4    394.7    
BA140    0.001113    150.8    0.9769    0.712    0.6217    0.5212    0.4259    0.3418    0.2039    0.165    0.1276    0.09849    0.07597    0.05874    0.04566    0.0358    0.02842    0.02293    0.01888    0.01589    0.01371    0.01212    0.01097    0.01014    0.009546    0.009119    0.008814    0.008598    0.008446    0.008341    0.008271    0.008226    0.008196    0.008175    0.008151    0.008118    
LA140    4.217e-05    20.03    0.3105    0.2704    0.2574    0.243    0.2291    0.2166    0.1952    0.1884    0.1817    0.176    0.1713    0.1671    0.1636    0.1605    0.1577    0.1551    0.1528    0.1506    0.1486    0.1466    0.1447    0.1429    0.1411    0.1394    0.1377    0.1361    0.1345    0.1329    0.1313    0.1298    0.1282    0.1267    0.1252    0.1238    
CE140    1.191e-05    422.7    603.1    614.3    624.8    634.8    644.1    652.9    669    676.4    683.6    690.4    697.1    703.5    709.8    715.9    722    727.9    733.7    739.3    745    750.5    755.9    761.2    766.5    771.7    776.8    781.9    786.9    791.8    796.6    801.4    806.1    810.7    815.3    819.8    
CE141    0.001027    283.8    23.07    3.452    1.802    1.46    1.227    1.03    0.7625    0.6233    0.5364    0.4707    0.4208    0.3832    0.3552    0.3346    0.3197    0.3092    0.3019    0.2971    0.2941    0.2924    0.2917    0.2917    0.2922    0.2931    0.2942    0.2955    0.2969    0.2984    0.2999    0.3014    0.303    0.3045    0.306    0.3075    
PR141    1.763e-05    267.1    521.7    534.3    528.8    521.6    513.9    505.9    489.3    480.8    472.3    463.7    455.3    446.9    438.6    430.4    422.3    414.4    406.6    399    391.5    384.1    376.9    369.9    363    356.2    349.6    343.1    336.8    330.6    324.5    318.5    312.7    307    301.4    295.9    
CE142    0.001034    528.1    535.1    538.2    540.8    542.8    544.4    545.5    546.6    546.8    546.7    546.5    546.2    545.8    545.3    544.8    544.2    543.6    543    542.4    541.8    541.1    540.5    539.8    539.2    538.5    537.9    537.2    536.5    535.9    535.2    534.6    533.9    533.3    532.6    531.9    
PR142    1.592e-09    0.06377    0.1246    0.1276    0.1263    0.1245    0.1227    0.1208    0.1168    0.1148    0.1128    0.1107    0.1087    0.1067    0.1047    0.1028    0.1008    0.09895    0.09709    0.09527    0.09348    0.09173    0.09001    0.08833    0.08668    0.08506    0.08348    0.08193    0.08042    0.07893    0.07748    0.07606    0.07467    0.0733    0.07197    0.07066    
ND142    7.651e-10    1.608    11.19    21.84    32.2    42.15    51.69    60.84    77.93    85.89    93.48    100.7    107.6    114.1    120.3    126.1    131.6    136.9    141.8    146.5    150.9    155    158.8    162.5    165.8    169    172    174.7    177.2    179.6    181.7    183.7    185.5    187.1    188.6    190    
CE143    0.0006773    15.25    0.08275    0.07706    0.0683    0.05915    0.05072    0.0434    0.03227    0.02831    0.02517    0.02272    0.02083    0.01938    0.01828    0.01745    0.01682    0.01635    0.016    0.01574    0.01554    0.01539    0.01528    0.01519    0.01513    0.01507    0.01503    0.015    0.01497    0.01494    0.01492    0.0149    0.01488    0.01487    0.01485    0.01483    
PR143    0.0002854    128.8    1.054    0.7414    0.6625    0.5759    0.4945    0.4232    0.3113    0.2746    0.2433    0.219    0.2002    0.1857    0.1748    0.1664    0.1602    0.1555    0.152    0.1493    0.1474    0.1459    0.1447    0.1439    0.1432    0.1427    0.1422    0.1419    0.1416    0.1413    0.1411    0.1409    0.1407    0.1405    0.1403    0.1401    
ND143    9.647e-06    292.2    286.1    187.5    123.9    82.96    56.51    39.39    21.12    16.51    13.57    11.72    10.59    9.934    9.593    9.461    9.464    9.556    9.705    9.888    10.09    10.3    10.52    10.73    10.93    11.13    11.32    11.5    11.67    11.82    11.97    12.11    12.23    12.35    12.46    12.55    
CE144    0.0008248    370.2    278.4    210    158.7    120.2    91.13    69.18    41.93    31.87    24.23    18.43    14.03    10.68    8.131    6.196    4.726    3.61    2.763    2.12    1.632    1.263    0.983    0.7712    0.6111    0.49    0.3985    0.3293    0.2771    0.2377    0.2079    0.1853    0.1682    0.1552    0.1452    0.1375    
ND144    1.939e-06    85.84    335.1    507.9    627    709.5    767.1    807.5    854.1    868.7    879.1    886.3    891.5    895    897.5    899.2    900.4    901.2    901.8    902.2    902.6    902.9    903.2    903.6    904    904.4    904.9    905.4    906    906.7    907.4    908.2    909    909.8    910.7    911.6    
ND145    0.0005897    319.5    304    288.6    274.7    261.8    249.8    238.5    217.8    208.4    199.5    191.1    183.2    175.8    168.9    162.4    156.3    150.6    145.2    140.2    135.6    131.2    127.1    123.3    119.7    116.4    113.3    110.4    107.7    105.2    102.8    100.6    98.56    96.65    94.88    93.22    
ND146    0.0005493    280.1    303    324.7    345    364.2    382.2    399.2    430.2    444.4    457.8    470.6    482.7    494.2    505.1    515.6    525.5    535.1    544.2    552.9    561.3    569.3    577    584.5    591.6    598.5    605.2    611.7    617.9    624    629.8    635.5    641.1    646.5    651.8    656.9    
ND147    0.0004328    51.69    0.3773    0.3449    0.3216    0.2943    0.2684    0.2457    0.2104    0.201    0.1928    0.1871    0.1834    0.1814    0.1805    0.1806    0.1814    0.1827    0.1843    0.1862    0.1882    0.1903    0.1924    0.1946    0.1968    0.1989    0.201    0.2031    0.2051    0.207    0.2089    0.2108    0.2126    0.2144    0.2161    0.2178    
PM147    2.192e-05    142.2    110.7    63.6    37.14    22.23    13.76    8.908    4.473    3.479    2.878    2.511    2.283    2.144    2.059    2.01    1.985    1.977    1.979    1.988    2.003    2.021    2.041    2.063    2.085    2.108    2.131    2.153    2.176    2.197    2.219    2.24    2.26    2.28    2.299    2.318    
SM147    1.002e-08    3.395    14.92    20.3    22.05    21.9    20.82    19.33    16    14.46    13.04    11.74    10.57    9.522    8.586    7.753    7.014    6.359    5.78    5.269    4.819    4.422    4.073    3.766    3.497    3.261    3.054    2.873    2.715    2.577    2.457    2.352    2.262    2.183    2.115    2.057    
ND148    0.0003779    187.4    188.1    188.6    188.9    189.1    189.1    189    188.3    187.8    187.2    186.6    185.9    185.2    184.5    183.8    183    182.2    181.5    180.7    180    179.2    178.4    177.7    176.9    176.2    175.4    174.7    173.9    173.2    172.4    171.7    171    170.2    169.5    168.8    
PM148    4.553e-08    2.815    2.257    1.299    0.7583    0.4535    0.2804    0.1814    0.09043    0.07053    0.05829    0.05079    0.04616    0.04331    0.04158    0.04059    0.04008    0.03989    0.03993    0.04013    0.04042    0.04078    0.04119    0.04163    0.04208    0.04254    0.043    0.04345    0.0439    0.04434    0.04477    0.04519    0.0456    0.046    0.04639    0.04677    
PM148M    1.828e-08    1.075    0.8605    0.4952    0.2891    0.1729    0.1069    0.06916    0.03449    0.0269    0.02223    0.01937    0.0176    0.01652    0.01586    0.01548    0.01529    0.01522    0.01523    0.0153    0.01542    0.01556    0.01571    0.01588    0.01605    0.01622    0.0164    0.01657    0.01674    0.01691    0.01708    0.01724    0.01739    0.01755    0.01769    0.01784    
SM148    3.27e-09    12.46    53.97    80.05    96.23    106.7    113.8    118.9    125.6    127.9    129.8    131.5    132.8    134    135    135.9    136.7    137.4    138    138.5    139    139.4    139.8    140.1    140.4    140.7    141    141.2    141.5    141.7    141.9    142.1    142.2    142.4    142.6    142.8    
PM149    0.0002137    7.721    0.8498    0.5107    0.3169    0.2057    0.1411    0.103    0.06574    0.05681    0.05094    0.04706    0.04445    0.04266    0.04144    0.0406    0.04002    0.03964    0.03938    0.03923    0.03914    0.0391    0.0391    0.03912    0.03915    0.03919    0.03924    0.03929    0.03934    0.03939    0.03944    0.03949    0.03953    0.03957    0.03961    0.03965    
SM149    3.36e-05    2.504    0.2784    0.1699    0.1079    0.07242    0.05186    0.03975    0.02805    0.02528    0.02348    0.02231    0.02153    0.02102    0.02068    0.02045    0.02031    0.02022    0.02017    0.02015    0.02014    0.02015    0.02017    0.0202    0.02022    0.02025    0.02028    0.02031    0.02034    0.02037    0.02039    0.02042    0.02045    0.02047    0.02049    0.02051    
ND150    0.0002249    110    110.5    111    111.4    111.7    112    112.1    112.1    112    111.9    111.7    111.5    111.3    111.1    110.9    110.6    110.4    110.1    109.9    109.6    109.3    109.1    108.8    108.5    108.3    108    107.8    107.5    107.2    107    106.7    106.5    106.2    105.9    105.7    
SM150    2.691e-05    139.2    160    157.7    147.9    135.2    121.8    108.8    85.88    76.2    67.68    60.23    53.74    48.11    43.24    39.03    35.4    32.27    29.58    27.27    25.28    23.58    22.11    20.86    19.78    18.87    18.08    17.41    16.83    16.34    15.92    15.56    15.26    15    14.78    14.59    
SM151    5.316e-05    9.001    1.456    1.434    1.345    1.229    1.106    0.988    0.7807    0.6936    0.6169    0.55    0.4919    0.4415    0.398    0.3605    0.3282    0.3004    0.2765    0.256    0.2384    0.2233    0.2103    0.1992    0.1897    0.1815    0.1746    0.1686    0.1635    0.1591    0.1554    0.1522    0.1495    0.1472    0.1452    0.1435    
SM152    0.0001439    136    116.6    97.54    84.14    73.79    65.23    57.84    45.56    40.43    35.88    31.86    28.33    25.23    22.53    20.18    18.14    16.37    14.85    13.53    12.39    11.42    10.58    9.857    9.238    8.707    8.252    7.862    7.528    7.242    6.997    6.788    6.609    6.456    6.325    6.213    
SM153    6.644e-05    3.481    1.394    1.167    1.007    0.8827    0.7799    0.6911    0.5424    0.4822    0.4277    0.3797    0.3374    0.3004    0.2681    0.2401    0.2158    0.1947    0.1765    0.1608    0.1473    0.1357    0.1257    0.1171    0.1098    0.1035    0.09806    0.09342    0.08945    0.08605    0.08315    0.08066    0.07853    0.07671    0.07516    0.07383    
EU153    1.998e-05    50.27    66.52    66.84    62.19    56.22    50.26    44.75    35.3    31.34    27.81    24.68    21.91    19.47    17.32    15.44    13.81    12.38    11.15    10.08    9.155    8.357    7.671    7.08    6.572    6.135    5.76    5.439    5.164    4.928    4.725    4.552    4.404    4.277    4.169    4.076    
SM154    6.523e-05    32.72    33.53    34.18    34.69    35.1    35.4    35.62    35.86    35.88    35.86    35.8    35.71    35.58    35.44    35.27    35.09    34.89    34.69    34.47    34.25    34.02    33.79    33.55    33.31    33.07    32.83    32.58    32.34    32.1    31.85    31.61    31.37    31.13    30.89    30.65    
EU154    9.392e-08    7.836    20.51    23.73    23.2    21.38    19.26    17.2    13.58    12.07    10.71    9.508    8.439    7.494    6.663    5.934    5.298    4.743    4.261    3.843    3.482    3.17    2.901    2.669    2.47    2.299    2.152    2.025    1.917    1.824    1.745    1.677    1.619    1.569    1.526    1.49    
GD154    1.39e-11    0.04742    0.394    0.8958    1.37    1.758    2.05    2.256    2.4    2.43    2.42    2.38    2.317    2.236    2.142    2.041    1.935    1.827    1.719    1.613    1.51    1.411    1.316    1.227    1.143    1.065    0.9918    0.9242    0.8619    0.8045    0.7519    0.7038    0.6599    0.6199    0.5836    0.5506    
EU155    3.854e-05    6.89    6.431    7.89    7.866    7.308    6.608    5.913    4.65    4.167    3.706    3.295    2.93    2.608    2.324    2.076    1.858    1.668    1.503    1.36    1.236    1.129    1.037    0.9572    0.8887    0.8297    0.779    0.7354    0.698    0.6659    0.6383    0.6146    0.5943    0.5768    0.5618    0.5489    
EU156    1.908e-05    9.472    6.236    8.175    8.356    7.835    7.11    6.37    4.918    4.49    3.993    3.55    3.157    2.809    2.502    2.233    1.998    1.793    1.614    1.459    1.325    1.209    1.109    1.023    0.9489    0.885    0.8301    0.7829    0.7423    0.7075    0.6776    0.6519    0.6299    0.611    0.5947    0.5808    
GD156    6.58e-07    18.74    47.92    82.07    120.6    157.7    191.6    221.7    277.7    297.8    315.3    330.5    343.7    354.9    364.5    372.7    379.6    385.4    390.2    394.2    397.5    400.2    402.3    403.9    405.2    406.1    406.7    407.1    407.2    407.1    406.9    406.6    406.2    405.6    405    404.3    
EU157    9.263e-06    0.196    0.04218    0.05506    0.05621    0.05266    0.04776    0.04276    0.03296    0.03007    0.02673    0.02375    0.02111    0.01877    0.01672    0.01491    0.01334    0.01197    0.01077    0.009737    0.008842    0.008068    0.0074    0.006825    0.00633    0.005904    0.005537    0.005223    0.004952    0.00472    0.004521    0.00435    0.004203    0.004077    0.003969    0.003876    
GD157    4.346e-06    0.09263    0.02159    0.02892    0.03091    0.03064    0.02962    0.02841    0.02593    0.02533    0.02442    0.02359    0.02285    0.02218    0.02158    0.02104    0.02056    0.02013    0.01976    0.01942    0.01913    0.01886    0.01863    0.01842    0.01824    0.01807    0.01792    0.01779    0.01767    0.01756    0.01746    0.01736    0.01728    0.0172    0.01712    0.01705    
GD158    1.898e-05    17.06    21.42    26.93    33.29    39.75    46.03    52.05    64.89    70.15    75.2    80.05    84.71    89.2    93.53    97.72    101.8    105.7    109.6    113.3    117    120.5    124    127.5    130.8    134.1    137.4    140.6    143.8    146.9    149.9    153    156    158.9    161.8    164.7    
TB159    2.395e-06    2.607    2.649    2.675    2.739    2.839    2.973    3.137    3.564    3.81    4.075    4.356    4.651    4.959    5.278    5.606    5.942    6.286    6.635    6.989    7.347    7.708    8.072    8.438    8.806    9.174    9.543    9.913    10.28    10.65    11.02    11.39    11.75    12.12    12.48    12.84    
GD160    2.599e-06    1.273    1.281    1.288    1.296    1.302    1.307    1.311    1.315    1.316    1.317    1.316    1.316    1.315    1.314    1.312    1.311    1.309    1.308    1.306    1.304    1.302    1.301    1.299    1.297    1.295    1.293    1.291    1.29    1.288    1.286    1.284    1.282    1.28    1.279    1.277    
TB160    1.289e-09    0.03801    0.07978    0.08634    0.0887    0.09149    0.09532    0.1002    0.1164    0.1214    0.1293    0.1382    0.1476    0.1575    0.1678    0.1784    0.1893    0.2005    0.2118    0.2234    0.2351    0.2469    0.2588    0.2708    0.2828    0.2949    0.307    0.3192    0.3313    0.3434    0.3555    0.3676    0.3796    0.3916    0.4036    0.4155    
DY160    7.713e-12    0.01019    0.06959    0.14    0.2032    0.2588    0.3088    0.3552    0.4351    0.4818    0.5276    0.5744    0.6228    0.673    0.725    0.7791    0.8351    0.893    0.9527    1.014    1.077    1.142    1.208    1.275    1.344    1.413    1.483    1.554    1.626    1.698    1.77    1.843    1.916    1.99    2.063    2.137    
TB161    1.198e-06    0.105    0.006903    0.007487    0.007638    0.007802    0.008046    0.008376    0.009354    0.009931    0.01053    0.01121    0.01194    0.01271    0.01351    0.01434    0.0152    0.01608    0.01698    0.01789    0.01882    0.01975    0.02069    0.02164    0.0226    0.02355    0.02451    0.02547    0.02644    0.0274    0.02836    0.02931    0.03027    0.03122    0.03217    0.03311    
DY161    1.096e-07    0.4537    0.2835    0.1829    0.1488    0.1419    0.1464    0.1558    0.1828    0.1959    0.2104    0.2262    0.2432    0.2612    0.2801    0.2997    0.3201    0.3413    0.363    0.3854    0.4083    0.4316    0.4554    0.4796    0.5042    0.529    0.5541    0.5794    0.6048    0.6305    0.6562    0.682    0.7078    0.7337    0.7596    0.7855    
DY162    6.472e-07    0.4138    0.5488    0.5232    0.4643    0.4125    0.3777    0.3595    0.3603    0.3745    0.3936    0.417    0.4442    0.4745    0.5077    0.5434    0.5813    0.6212    0.6629    0.7062    0.751    0.7972    0.8446    0.8931    0.9425    0.9929    1.044    1.096    1.148    1.201    1.254    1.308    1.362    1.416    1.47    1.525    
DY163    2.691e-07    0.1757    0.3185    0.4409    0.5176    0.5562    0.5704    0.572    0.5673    0.5695    0.5772    0.5908    0.6104    0.6358    0.6669    0.7033    0.7446    0.7904    0.8403    0.8942    0.9515    1.012    1.076    1.142    1.21    1.281    1.354    1.429    1.505    1.583    1.662    1.742    1.823    1.905    1.987    2.071    
DY164    1.096e-07    0.02211    0.01528    0.02194    0.0264    0.02876    0.0297    0.02987    0.03058    0.02969    0.03002    0.03067    0.03162    0.03289    0.03445    0.03629    0.0384    0.04074    0.0433    0.04607    0.04903    0.05215    0.05544    0.05886    0.06242    0.06609    0.06987    0.07374    0.07771    0.08174    0.08585    0.09002    0.09424    0.0985    0.1028    0.1071    
HO165    5.033e-08    0.07011    0.1285    0.201    0.2907    0.3849    0.4746    0.5555    0.6892    0.743    0.7901    0.8336    0.8755    0.9173    0.9606    1.006    1.056    1.109    1.168    1.232    1.301    1.376    1.456    1.542    1.634    1.732    1.834    1.942    2.055    2.172    2.294    2.42    2.55    2.683    2.82    2.96    
HO166M    5.689e-11    0.0001532    0.0007127    0.001612    0.002965    0.004831    0.007208    0.01006    0.01713    0.02108    0.02532    0.0298    0.03451    0.03945    0.04463    0.05005    0.05574    0.06171    0.06798    0.07459    0.08157    0.08895    0.09675    0.105    0.1138    0.123    0.1329    0.1433    0.1543    0.1659    0.1782    0.1912    0.2049    0.2193    0.2344    0.2504    
ER166    1.221e-09    0.0158    0.02928    0.04835    0.07656    0.1145    0.1615    0.2159    0.3437    0.4106    0.4791    0.5485    0.6184    0.6888    0.7596    0.8312    0.9038    0.9779    1.054    1.133    1.214    1.299    1.388    1.481    1.579    1.682    1.791    1.906    2.026    2.153    2.286    2.425    2.571    2.724    2.883    3.048    
ER167    9.595e-09    0.003323    0.001836    0.002092    0.00313    0.004753    0.006898    0.0095    0.01587    0.01936    0.02295    0.02662    0.03034    0.03408    0.03785    0.04165    0.04549    0.0494    0.0534    0.0575    0.06175    0.06616    0.07077    0.07559    0.08065    0.08597    0.09157    0.09747    0.1037    0.1102    0.1171    0.1243    0.1318    0.1397    0.148    0.1566    
ER168    1.048e-10    0.001831    0.005004    0.007535    0.01098    0.01622    0.024    0.03498    0.06882    0.09242    0.1207    0.1539    0.1919    0.2348    0.2826    0.3354    0.3931    0.4559    0.5237    0.5968    0.6753    0.7593    0.8491    0.945    1.047    1.156    1.272    1.395    1.526    1.665    1.812    1.969    2.134    2.31    2.496    2.693    
