TIME    3   100   220   340   460   580   700   820   1040   1160   1280   1400   1520   1640   1760   1880   2000   2120   2240   2360   2480   2600   2720   2840   2960   3080   3200   3320   3440   3560   3680   3800   3920   4040   4160   4280   
NEUT_PROD    2.39   27.1   65.9   100   126   143   151   154   145   137   128   118   108   98.1   88.7   79.8   71.6   64.1   57.3   51.1   45.7   40.8   36.5   32.7   29.3   26.3   23.7   21.4   19.4   17.6   16.1   14.7   13.5   12.4   11.5   10.6   
NEUT_DEST    140   1820   581   551   517   484   454   425   371   345   322   299   278   259   241   225   210   197   185   174   164   156   148   141   134   128   123   119   114   111   107   104   101   98.9   96.6   94.5   
BUd    0.127    4.15    9.77    23.6    34.9    42.9    47.8    50.2    80.6    47.3    44.6    41.4    38.1    34.7    31.5    28.4    25.5    22.9    20.4    18.2    16.3    14.5    12.9    11.6    10.3    9.24    8.28    7.44    6.7    6.05    5.48    4.98    4.53    4.15    3.8    3.5    
HE4    6.091e-07    0.001893    0.007371    0.01496    0.0237    0.03301    0.04254    0.05209    0.06923    0.07815    0.08675    0.095    0.1029    0.1104    0.1176    0.1244    0.1309    0.1371    0.1431    0.1488    0.1543    0.1597    0.165    0.1701    0.1752    0.1802    0.1852    0.1901    0.1949    0.1998    0.2046    0.2093    0.2141    0.2188    0.2235    0.2281    
U234    3.299e-05    0.1076    0.4061    0.7974    1.217    1.626    1.998    2.323    2.739    2.907    3.027    3.103    3.141    3.146    3.123    3.077    3.012    2.931    2.839    2.738    2.631    2.519    2.405    2.29    2.176    2.062    1.951    1.842    1.737    1.635    1.537    1.444    1.354    1.269    1.188    1.111    
U235    2.144e-08    0.002705    0.01997    0.05518    0.1056    0.1661    0.2315    0.2973    0.412    0.4589    0.4989    0.5314    0.5564    0.574    0.5848    0.5895    0.5888    0.5835    0.5742    0.5617    0.5465    0.5293    0.5105    0.4905    0.4698    0.4486    0.4273    0.406    0.3849    0.3642    0.344    0.3244    0.3055    0.2873    0.2698    0.2531    
U236    3.283e-06    0.0002247    0.001131    0.003903    0.009642    0.0191    0.03266    0.05034    0.09661    0.1243    0.1543    0.186    0.219    0.2527    0.2867    0.3206    0.354    0.3866    0.4181    0.4484    0.4773    0.5047    0.5304    0.5545    0.5768    0.5975    0.6164    0.6337    0.6494    0.6635    0.676    0.6871    0.6968    0.7051    0.7122    0.7181    
NP237    995.9    873.1    762.3    665.6    581.2    507.4    443    386.8    294.9    257.5    224.8    196.3    171.4    149.6    130.7    114.1    99.62    86.98    75.95    66.32    57.91    50.57    44.16    38.57    33.68    29.41    25.69    22.44    19.6    17.12    14.96    13.07    11.42    9.981    8.724    7.626    
NP238    2.486    3.32    2.899    2.531    2.21    1.93    1.685    1.471    1.121    0.9792    0.8549    0.7465    0.6518    0.5691    0.4969    0.4339    0.3788    0.3308    0.2888    0.2522    0.2202    0.1923    0.1679    0.1467    0.1281    0.1119    0.0977    0.08533    0.07454    0.06511    0.05689    0.0497    0.04343    0.03795    0.03317    0.029    
PU238    1.432    96.31    156.4    188.9    203    204.9    198.9    188.2    160.4    145.7    131.3    117.6    104.9    93.21    82.56    72.96    64.34    56.65    49.81    43.74    38.39    33.66    29.49    25.83    22.61    19.79    17.31    15.14    13.24    11.58    10.12    8.848    7.734    6.761    5.91    5.167    
PU239    0.007828    12.53    32.71    49.4    60.27    65.86    67.44    66.22    59.08    54.46    49.65    44.88    40.3    36.01    32.04    28.41    25.13    22.18    19.54    17.19    15.1    13.26    11.63    10.19    8.927    7.817    6.841    5.986    5.236    4.579    4.004    3.501    3.061    2.676    2.339    2.045    
PU240    2.584e-05    1.29    6.613    14.76    23.53    31.32    37.34    41.35    43.99    43.25    41.6    39.32    36.66    33.8    30.89    28.03    25.29    22.71    20.32    18.12    16.13    14.32    12.71    11.27    9.988    8.852    7.848    6.962    6.182    5.496    4.894    4.365    3.9    3.492    3.135    2.821    
PU241    7.114e-08    0.1192    1.075    3.221    6.171    9.31    12.14    14.36    16.72    16.94    16.69    16.08    15.23    14.23    13.14    12.03    10.93    9.868    8.869    7.941    7.088    6.312    5.61    4.98    4.418    3.917    3.473    3.081    2.734    2.429    2.16    1.924    1.717    1.535    1.375    1.235    
PU242    1.034e-10    0.00694    0.1339    0.65    1.795    3.655    6.169    9.174    15.87    19.18    22.29    25.1    27.55    29.61    31.28    32.56    33.49    34.08    34.37    34.4    34.21    33.81    33.26    32.56    31.76    30.87    29.92    28.92    27.89    26.83    25.77    24.71    23.66    22.62    21.6    20.61    
AM241    5.204e-12    0.0002984    0.005034    0.02149    0.05175    0.09156    0.1341    0.1731    0.2118    0.2344    0.2423    0.2411    0.2338    0.2224    0.2085    0.1931    0.1772    0.1613    0.1459    0.1314    0.1178    0.1052    0.09378    0.08342    0.0741    0.06576    0.05832    0.05173    0.04589    0.04073    0.03618    0.03218    0.02866    0.02557    0.02286    0.02047    
AM243    2.762e-14    7.893e-05    0.00311    0.02322    0.08752    0.2276    0.4694    0.8271    1.882    2.55    3.281    4.048    4.825    5.589    6.32    7.002    7.622    8.172    8.647    9.044    9.363    9.607    9.779    9.883    9.926    9.912    9.848    9.74    9.593    9.413    9.205    8.974    8.725    8.462    8.187    7.905    
CM242    4.916e-15    3.321e-05    0.001198    0.007851    0.02521    0.05528    0.09583    0.1419    0.2257    0.2554    0.28    0.2955    0.3018    0.3    0.2919    0.279    0.2629    0.2447    0.2256    0.2064    0.1875    0.1694    0.1523    0.1365    0.122    0.1088    0.09679    0.08604    0.07642    0.06786    0.06026    0.05353    0.04758    0.04234    0.03772    0.03366    
CM244    2.168e-17    2.417e-06    0.0001973    0.002293    0.01196    0.0403    0.1033    0.2197    0.6862    1.064    1.55    2.146    2.847    3.647    4.533    5.49    6.504    7.556    8.631    9.711    10.78    11.83    12.84    13.8    14.71    15.55    16.32    17.03    17.65    18.2    18.67    19.06    19.38    19.63    19.8    19.91    
CM245    4.814e-21    1.397e-08    1.789e-06    2.556e-05    0.0001504    0.0005482    0.001485    0.003288    0.01086    0.01716    0.0254    0.03563    0.0478    0.0618    0.07744    0.09446    0.1126    0.1315    0.1509    0.1705    0.19    0.2092    0.2278    0.2455    0.2623    0.278    0.2924    0.3055    0.3173    0.3277    0.3366    0.3442    0.3504    0.3552    0.3588    0.3611    
CM246    0    8.525e-10    2.295e-07    5.143e-06    4.218e-05    0.0002006    0.0006795    0.001827    0.008358    0.01524    0.0257    0.04071    0.06122    0.08813    0.1223    0.1644    0.2149    0.2744    0.3431    0.421    0.5082    0.6044    0.7094    0.8226    0.9437    1.072    1.207    1.348    1.494    1.644    1.798    1.955    2.115    2.276    2.438    2.6    
GE74    7.725e-11    0.009165    0.009291    0.009436    0.009598    0.009769    0.009945    0.01012    0.01046    0.01062    0.01077    0.01091    0.01105    0.01118    0.0113    0.01142    0.01152    0.01163    0.01173    0.01182    0.01191    0.01199    0.01207    0.01215    0.01222    0.01229    0.01236    0.01243    0.01249    0.01255    0.01261    0.01266    0.01272    0.01277    0.01282    0.01287    
AS75    1.68e-10    0.02032    0.02027    0.02022    0.02022    0.02024    0.02027    0.02031    0.02035    0.02036    0.02036    0.02034    0.0203    0.02025    0.02019    0.02012    0.02004    0.01995    0.01985    0.01975    0.01963    0.01952    0.0194    0.01927    0.01914    0.01901    0.01888    0.01874    0.0186    0.01847    0.01833    0.01819    0.01805    0.01791    0.01777    0.01763    
GE76    3.84e-10    0.0453    0.04546    0.04573    0.04609    0.04652    0.04697    0.04743    0.04831    0.04872    0.04909    0.04943    0.04974    0.05002    0.05026    0.05048    0.05068    0.05085    0.051    0.05113    0.05124    0.05134    0.05143    0.0515    0.05156    0.05162    0.05167    0.05171    0.05174    0.05177    0.05179    0.05181    0.05183    0.05184    0.05185    0.05186    
SE77    1.647e-10    0.11    0.1115    0.1059    0.1009    0.09633    0.09209    0.08812    0.08076    0.07731    0.074    0.07079    0.0677    0.06472    0.06184    0.05906    0.05638    0.0538    0.05132    0.04894    0.04666    0.04448    0.04239    0.04039    0.03848    0.03666    0.03493    0.03328    0.03171    0.03021    0.02879    0.02744    0.02616    0.02494    0.02378    0.02269    
SE78    2.65e-09    0.3329    0.342    0.3502    0.3586    0.3672    0.3758    0.3841    0.3997    0.4069    0.4137    0.42    0.4259    0.4314    0.4365    0.4412    0.4456    0.4496    0.4534    0.4568    0.46    0.463    0.4657    0.4682    0.4705    0.4727    0.4747    0.4765    0.4782    0.4798    0.4812    0.4825    0.4837    0.4849    0.4859    0.4868    
SE79    6.077e-09    0.7194    0.72    0.7222    0.7258    0.7304    0.7354    0.7405    0.7501    0.7543    0.758    0.7611    0.7638    0.7659    0.7676    0.7689    0.7697    0.7702    0.7704    0.7703    0.77    0.7694    0.7686    0.7676    0.7665    0.7653    0.7639    0.7624    0.7609    0.7593    0.7576    0.7559    0.7541    0.7522    0.7504    0.7485    
SE80    1.464e-08    1.728    1.735    1.748    1.764    1.781    1.8    1.82    1.856    1.873    1.889    1.904    1.917    1.929    1.94    1.95    1.959    1.967    1.975    1.982    1.988    1.993    1.999    2.003    2.007    2.011    2.015    2.019    2.022    2.025    2.027    2.03    2.033    2.035    2.037    2.039    
BR81    2.232e-08    2.644    2.627    2.616    2.611    2.609    2.609    2.609    2.607    2.603    2.598    2.592    2.583    2.573    2.561    2.548    2.533    2.518    2.501    2.484    2.465    2.446    2.427    2.407    2.387    2.366    2.345    2.324    2.303    2.282    2.261    2.24    2.219    2.198    2.177    2.156    
SE82    2.762e-08    3.259    3.271    3.292    3.32    3.352    3.387    3.422    3.49    3.522    3.551    3.578    3.603    3.625    3.645    3.663    3.679    3.694    3.706    3.718    3.728    3.737    3.745    3.752    3.758    3.764    3.769    3.773    3.777    3.781    3.784    3.787    3.79    3.792    3.794    3.796    
KR82    1.21e-10    0.06518    0.09288    0.1155    0.1366    0.1561    0.1743    0.1911    0.2212    0.2346    0.2469    0.2582    0.2685    0.278    0.2867    0.2945    0.3016    0.308    0.3138    0.3189    0.3234    0.3274    0.3309    0.3339    0.3364    0.3386    0.3403    0.3417    0.3427    0.3434    0.3439    0.344    0.3439    0.3436    0.3431    0.3424    
KR83    3.715e-08    4.447    3.383    2.572    1.975    1.534    1.207    0.9648    0.6468    0.5427    0.4627    0.4003    0.3512    0.3119    0.2801    0.254    0.2324    0.2143    0.199    0.186    0.1749    0.1653    0.157    0.1498    0.1435    0.1381    0.1333    0.129    0.1253    0.122    0.1191    0.1165    0.1142    0.1121    0.1102    0.1085    
KR84    6.641e-08    8.269    9.437    10.34    11.06    11.65    12.12    12.52    13.15    13.39    13.61    13.8    13.96    14.11    14.24    14.36    14.47    14.56    14.65    14.73    14.8    14.87    14.93    14.98    15.04    15.09    15.13    15.17    15.22    15.25    15.29    15.33    15.36    15.39    15.42    15.45    
KR85    1.592e-08    2.039    2.016    1.985    1.961    1.939    1.92    1.902    1.874    1.855    1.835    1.815    1.793    1.771    1.748    1.724    1.699    1.674    1.649    1.623    1.597    1.571    1.545    1.519    1.493    1.468    1.442    1.417    1.392    1.367    1.343    1.319    1.296    1.273    1.25    1.228    
RB85    5.615e-08    7.271    7.387    7.471    7.569    7.678    7.792    7.908    8.126    8.233    8.334    8.429    8.518    8.602    8.68    8.752    8.82    8.883    8.942    8.997    9.048    9.096    9.141    9.184    9.224    9.262    9.298    9.332    9.364    9.395    9.425    9.453    9.48    9.506    9.531    9.555    
KR86    1.1e-07    12.99    13.04    13.13    13.25    13.38    13.53    13.68    13.98    14.12    14.25    14.37    14.48    14.58    14.67    14.75    14.83    14.9    14.96    15.01    15.06    15.1    15.14    15.17    15.21    15.23    15.26    15.28    15.3    15.32    15.34    15.35    15.37    15.38    15.4    15.41    
SR86    2.094e-12    0.006463    0.01784    0.02568    0.03356    0.04151    0.04955    0.05767    0.07412    0.08249    0.09088    0.09932    0.1078    0.1163    0.1249    0.1335    0.1422    0.1508    0.1595    0.1682    0.1768    0.1855    0.1942    0.2029    0.2116    0.2203    0.229    0.2377    0.2463    0.255    0.2636    0.2723    0.2809    0.2895    0.298    0.3066    
RB87    1.345e-07    16.25    16.35    16.45    16.59    16.75    16.93    17.11    17.47    17.63    17.79    17.93    18.06    18.18    18.29    18.38    18.47    18.55    18.61    18.67    18.73    18.77    18.82    18.85    18.88    18.91    18.94    18.96    18.98    19    19.01    19.03    19.04    19.05    19.06    19.07    
SR88    1.841e-07    23.08    23.29    23.44    23.65    23.89    24.15    24.41    24.93    25.17    25.4    25.61    25.8    25.97    26.13    26.28    26.41    26.52    26.63    26.72    26.8    26.88    26.95    27.01    27.07    27.12    27.16    27.2    27.24    27.28    27.31    27.34    27.37    27.4    27.42    27.44    
SR89    2.451e-07    20.9    4.093    0.897    0.3149    0.2247    0.219    0.2216    0.2266    0.205    0.19    0.1754    0.1608    0.1463    0.1324    0.1193    0.1071    0.09596    0.0858    0.07663    0.0684    0.06106    0.05452    0.04873    0.0436    0.03908    0.03509    0.03158    0.02849    0.02577    0.02337    0.02126    0.01941    0.01777    0.01632    0.01504    
Y89    2.117e-09    8.433    25.32    28.66    29.44    29.78    30.05    30.33    30.85    31.12    31.36    31.57    31.77    31.94    32.09    32.22    32.33    32.43    32.5    32.57    32.62    32.66    32.68    32.7    32.71    32.72    32.71    32.7    32.69    32.67    32.65    32.63    32.6    32.57    32.54    32.5    
SR90    3.099e-07    36.53    36.35    36.26    36.25    36.3    36.37    36.45    36.64    36.69    36.7    36.69    36.66    36.59    36.5    36.39    36.26    36.11    35.94    35.75    35.56    35.35    35.13    34.9    34.66    34.42    34.17    33.92    33.67    33.41    33.15    32.89    32.63    32.37    32.11    31.85    
Y90    3.779e-11    0.01012    0.01087    0.01108    0.01113    0.01117    0.0112    0.01124    0.01133    0.01136    0.01138    0.01139    0.01139    0.01139    0.01138    0.01136    0.01133    0.0113    0.01127    0.01122    0.01118    0.01113    0.01107    0.01102    0.01096    0.0109    0.01084    0.01077    0.01071    0.01064    0.01058    0.01051    0.01044    0.01037    0.01031    0.01024    
ZR90    6.057e-12    0.06959    0.3913    0.7248    1.061    1.397    1.735    2.074    2.707    3.049    3.391    3.734    4.077    4.421    4.763    5.105    5.447    5.787    6.127    6.464    6.801    7.136    7.469    7.801    8.131    8.458    8.784    9.108    9.43    9.75    10.07    10.38    10.7    11.01    11.32    11.62    
Y91    2.04e-07    32.34    8.087    2.148    0.7713    0.4753    0.4234    0.4173    0.4284    0.3903    0.3637    0.3386    0.3134    0.2885    0.2645    0.2418    0.2206    0.2011    0.1833    0.1672    0.1527    0.1398    0.1282    0.1179    0.1088    0.1007    0.09348    0.08713    0.08152    0.07654    0.07214    0.06823    0.06476    0.06166    0.05891    0.05644    
ZR91    1.557e-09    11.19    36.26    42.45    44.18    44.89    45.39    45.86    46.75    47.2    47.61    47.99    48.33    48.64    48.92    49.16    49.38    49.57    49.74    49.88    50.01    50.11    50.2    50.28    50.34    50.39    50.44    50.47    50.49    50.51    50.52    50.53    50.53    50.53    50.52    50.51    
ZR92    4.003e-07    53.75    54.54    54.95    55.48    56.09    56.74    57.41    58.72    59.33    59.91    60.45    60.95    61.41    61.83    62.22    62.57    62.89    63.19    63.46    63.7    63.93    64.14    64.33    64.51    64.68    64.83    64.98    65.12    65.25    65.37    65.49    65.61    65.72    65.82    65.92    
ZR93    3.202e-07    70.08    71.11    71.2    71.45    71.8    72.21    72.63    73.44    73.79    74.09    74.34    74.53    74.67    74.76    74.8    74.8    74.75    74.67    74.56    74.42    74.25    74.06    73.85    73.63    73.39    73.13    72.87    72.6    72.31    72.03    71.73    71.43    71.13    70.82    70.51    
ZR94    6.67e-07    79.31    80.05    80.96    82.04    83.23    84.5    85.79    88.34    89.55    90.71    91.82    92.87    93.86    94.79    95.67    96.5    97.29    98.04    98.74    99.42    100.1    100.7    101.3    101.8    102.4    102.9    103.4    104    104.4    104.9    105.4    105.9    106.3    106.8    107.2    
ZR95    7.522e-07    68.2    18.81    5.498    1.992    1.116    0.9209    0.8833    0.8996    0.819    0.7596    0.7028    0.6458    0.5893    0.5346    0.4827    0.4343    0.3897    0.3491    0.3123    0.2793    0.2498    0.2235    0.2002    0.1797    0.1615    0.1455    0.1315    0.1191    0.1083    0.09873    0.09036    0.08301    0.07654    0.07085    0.06583    
NB95    5.159e-09    14.61    16.27    5.734    1.898    0.806    0.5306    0.4693    0.4856    0.4425    0.4082    0.3781    0.3485    0.319    0.2902    0.2626    0.2367    0.2127    0.1907    0.1707    0.1527    0.1366    0.1222    0.1094    0.09812    0.08814    0.07934    0.0716    0.06479    0.05881    0.05356    0.04895    0.0449    0.04134    0.0382    0.03544    
MO95    5.292e-11    6.81    53.95    76.59    82.66    83.43    82.79    81.83    79.72    78.77    77.76    76.7    75.6    74.46    73.29    72.08    70.84    69.57    68.28    66.98    65.67    64.35    63.03    61.71    60.4    59.1    57.81    56.53    55.27    54.02    52.79    51.59    50.4    49.23    48.09    46.97    
ZR96    8.049e-07    95.05    95.42    96.03    96.84    97.79    98.83    99.89    102    103    103.9    104.7    105.5    106.2    106.8    107.3    107.8    108.3    108.7    109    109.3    109.6    109.8    110    110.2    110.4    110.5    110.6    110.7    110.8    110.9    111    111    111.1    111.1    111.1    
MO96    1.997e-10    0.1164    1.085    2.899    4.981    7.114    9.234    11.33    15.42    17.41    19.38    21.32    23.22    25.09    26.93    28.73    30.49    32.22    33.91    35.56    37.18    38.76    40.3    41.8    43.26    44.69    46.08    47.44    48.75    50.04    51.29    52.5    53.68    54.83    55.94    57.03    
MO97    3.592e-07    102.5    105.4    105.8    106.3    107    107.8    108.7    110.3    111    111.7    112.3    112.9    113.3    113.7    114    114.2    114.4    114.6    114.7    114.7    114.7    114.7    114.7    114.6    114.5    114.4    114.3    114.2    114    113.9    113.7    113.5    113.4    113.2    113    
MO98    9.382e-07    110.8    111.6    112.7    114    115.5    117.1    118.7    122    123.5    125    126.4    127.7    128.9    130    131.1    132.1    133    133.9    134.7    135.4    136.1    136.8    137.5    138.1    138.7    139.2    139.8    140.3    140.8    141.3    141.8    142.2    142.7    143.1    143.6    
MO99    8.468e-07    12.01    0.02843    0.03936    0.04807    0.05376    0.05672    0.0575    0.05459    0.05168    0.04837    0.04482    0.04122    0.03769    0.03432    0.03116    0.02823    0.02555    0.02313    0.02094    0.01899    0.01725    0.0157    0.01434    0.01313    0.01207    0.01114    0.01032    0.009603    0.008974    0.008424    0.007941    0.007518    0.007146    0.00682    0.006534    
TC99    1.268e-07    111.5    119.7    115.5    111.7    108.3    105.1    102.1    96.44    93.71    91.01    88.34    85.69    83.07    80.47    77.9    75.36    72.85    70.39    67.98    65.61    63.3    61.04    58.84    56.71    54.63    52.62    50.67    48.79    46.96    45.2    43.5    41.86    40.28    38.76    37.29    
MO100    1.136e-06    134.1    134.5    135.4    136.5    137.8    139.2    140.7    143.6    145    146.3    147.4    148.5    149.4    150.3    151.1    151.7    152.3    152.9    153.3    153.7    154.1    154.4    154.6    154.9    155.1    155.2    155.4    155.5    155.6    155.7    155.7    155.8    155.8    155.9    155.9    
RU100    8.115e-11    1.336    6.615    11.66    16.48    21.11    25.56    29.84    37.91    41.71    45.37    48.88    52.24    55.46    58.54    61.49    64.29    66.97    69.52    71.93    74.23    76.4    78.46    80.4    82.23    83.96    85.58    87.11    88.54    89.87    91.12    92.28    93.36    94.36    95.29    96.14    
RU101    9.746e-07    115.8    115.4    115.2    115.4    115.8    116.3    117    118.2    118.8    119.4    119.9    120.3    120.6    120.9    121.2    121.3    121.5    121.5    121.6    121.6    121.6    121.5    121.5    121.4    121.3    121.2    121.1    121    120.9    120.7    120.6    120.5    120.4    120.3    120.1    
RU102    1.005e-06    119.2    120.5    122.1    124    126.1    128.3    130.6    135    137.2    139.2    141.2    143.1    144.9    146.6    148.2    149.7    151.2    152.6    153.9    155.2    156.4    157.6    158.7    159.8    160.8    161.9    162.9    163.8    164.8    165.7    166.6    167.5    168.4    169.3    170.2    
RU103    1.16e-06    90.41    11.12    1.886    0.9286    0.9097    0.9611    0.9876    1.013    0.93    0.8773    0.8241    0.7696    0.7155    0.6633    0.6141    0.5684    0.5265    0.4884    0.4542    0.4235    0.3963    0.3722    0.351    0.3323    0.316    0.3017    0.2893    0.2784    0.2691    0.2609    0.2539    0.2478    0.2426    0.2381    0.2342    
RH103    1.264e-08    44.84    98.52    82.9    64.68    50.34    39.56    31.47    20.73    17.23    14.48    12.31    10.59    9.2    8.064    7.124    6.337    5.671    5.104    4.617    4.196    3.832    3.516    3.24    2.999    2.789    2.606    2.446    2.306    2.184    2.078    1.986    1.905    1.835    1.775    1.722    
RU104    1.012e-06    120.5    121.5    122.3    123.4    124.7    126    127.4    130.2    131.4    132.6    133.7    134.7    135.6    136.4    137.1    137.7    138.3    138.7    139.1    139.5    139.8    140    140.2    140.4    140.5    140.6    140.7    140.7    140.8    140.8    140.8    140.8    140.8    140.8    140.7    
PD104    1.931e-11    2.889    29.05    55.08    75.71    91.7    104.2    114    128    133.2    137.4    141    144    146.6    148.8    150.8    152.4    153.9    155.2    156.3    157.4    158.3    159.1    159.8    160.4    161    161.5    162    162.4    162.8    163.2    163.5    163.8    164.1    164.4    164.6    
RH105    5.763e-07    4.14    0.01068    0.01453    0.01765    0.01972    0.02085    0.02121    0.0203    0.01931    0.01815    0.01691    0.01564    0.01439    0.01319    0.01206    0.01101    0.01004    0.009171    0.008384    0.007679    0.007049    0.006491    0.005996    0.005559    0.005174    0.004835    0.004538    0.004276    0.004047    0.003845    0.003669    0.003513    0.003376    0.003256    0.00315    
PD105    1.811e-07    73.39    76.86    75.7    74.78    74.03    73.4    72.84    71.76    71.2    70.62    70    69.34    68.64    67.91    67.13    66.33    65.5    64.65    63.79    62.9    62.01    61.12    60.22    59.32    58.43    57.54    56.65    55.78    54.91    54.05    53.21    52.38    51.56    50.76    49.96    
RU106    7.421e-07    83.33    66.77    53.8    43.65    35.7    29.45    24.51    18.05    15.37    13.17    11.35    9.839    8.564    7.48    6.552    5.752    5.06    4.457    3.93    3.469    3.065    2.71    2.397    2.122    1.88    1.667    1.479    1.314    1.169    1.042    0.9292    0.8304    0.7436    0.6672    0.6    
PD106    8.525e-08    39.25    58.14    73.73    86.77    97.8    107.2    115.4    128.3    134.1    139.3    144    148.3    152.2    155.8    159.2    162.3    165.2    167.9    170.4    172.8    175.1    177.2    179.3    181.2    183    184.8    186.5    188.1    189.6    191.1    192.6    194    195.3    196.6    197.9    
PD107    5.576e-07    66.06    65.3    64.71    64.3    64.03    63.86    63.73    63.52    63.38    63.2    62.97    62.7    62.37    61.99    61.57    61.1    60.6    60.06    59.5    58.91    58.3    57.67    57.03    56.38    55.72    55.05    54.39    53.72    53.05    52.38    51.72    51.06    50.41    49.76    49.12    
PD108    3.924e-07    46.33    46.34    46.47    46.71    47.02    47.39    47.77    48.52    48.84    49.13    49.36    49.55    49.68    49.76    49.79    49.78    49.72    49.63    49.5    49.34    49.15    48.93    48.69    48.43    48.15    47.85    47.54    47.22    46.89    46.54    46.19    45.83    45.47    45.1    44.72    
PD109    1.369e-07    0.6437    0.01215    0.01281    0.01339    0.01384    0.01415    0.01433    0.0144    0.01433    0.01421    0.01406    0.01389    0.01371    0.01352    0.01333    0.01315    0.01297    0.01279    0.01262    0.01246    0.01231    0.01216    0.01201    0.01187    0.01174    0.01161    0.01149    0.01136    0.01125    0.01113    0.01102    0.01091    0.0108    0.01069    0.01058    
AG109    1.169e-07    28.6    25.17    21.93    19.36    17.32    15.7    14.4    12.51    11.82    11.24    10.75    10.34    9.978    9.664    9.387    9.14    8.918    8.717    8.533    8.365    8.21    8.067    7.933    7.808    7.691    7.581    7.477    7.379    7.285    7.195    7.109    7.026    6.946    6.869    6.794    
PD110    1.124e-07    13.26    13.32    13.41    13.54    13.7    13.87    14.05    14.42    14.6    14.76    14.91    15.06    15.19    15.3    15.41    15.5    15.58    15.66    15.72    15.78    15.83    15.87    15.91    15.94    15.96    15.99    16.01    16.03    16.04    16.05    16.06    16.07    16.08    16.08    16.09    
AG110M    5.644e-12    0.06049    0.2196    0.2919    0.3164    0.3158    0.3033    0.2859    0.2592    0.2398    0.2237    0.2103    0.1992    0.1898    0.1819    0.175    0.1691    0.1639    0.1594    0.1553    0.1516    0.1483    0.1453    0.1425    0.1399    0.1376    0.1354    0.1333    0.1314    0.1295    0.1278    0.1261    0.1246    0.1231    0.1216    0.1202    
CD110    1.271e-10    1.549    6.842    11.37    15.28    18.68    21.67    24.31    28.81    30.76    32.55    34.2    35.73    37.15    38.49    39.74    40.91    42.02    43.07    44.05    44.99    45.88    46.72    47.52    48.28    49.01    49.69    50.35    50.97    51.57    52.13    52.67    53.18    53.66    54.13    54.56    
AG111    4.761e-08    1.684    0.008886    0.01198    0.01401    0.01517    0.01569    0.01575    0.01512    0.01442    0.01365    0.01284    0.01204    0.01127    0.01053    0.009842    0.009202    0.008615    0.00808    0.007596    0.00716    0.006769    0.006419    0.006106    0.005828    0.00558    0.005359    0.005162    0.004987    0.004831    0.004692    0.004567    0.004455    0.004355    0.004264    0.004182    
CD111    2.808e-09    5.5    7.064    7.069    7.17    7.345    7.578    7.853    8.495    8.847    9.211    9.585    9.965    10.35    10.74    11.13    11.52    11.91    12.3    12.69    13.08    13.46    13.85    14.23    14.61    14.98    15.36    15.73    16.09    16.45    16.81    17.16    17.51    17.85    18.19    18.53    
CD112    7.325e-09    2.484    2.827    3.086    3.353    3.628    3.914    4.21    4.831    5.156    5.492    5.837    6.191    6.556    6.93    7.314    7.709    8.114    8.529    8.955    9.391    9.837    10.29    10.76    11.24    11.73    12.23    12.74    13.26    13.79    14.33    14.88    15.44    16.01    16.59    17.18    
CD113M    2.275e-10    0.02941    0.03128    0.03323    0.03543    0.03786    0.04051    0.04335    0.04974    0.05314    0.05672    0.06048    0.06441    0.06853    0.07284    0.07734    0.08204    0.08695    0.09207    0.09741    0.103    0.1088    0.1148    0.1211    0.1276    0.1344    0.1415    0.1488    0.1563    0.1642    0.1723    0.1807    0.1894    0.1984    0.2077    0.2173    
CD114    1.231e-08    2.845    2.983    3.009    3.043    3.085    3.132    3.182    3.286    3.338    3.389    3.439    3.488    3.535    3.582    3.626    3.67    3.714    3.756    3.798    3.84    3.883    3.925    3.968    4.012    4.056    4.101    4.148    4.196    4.245    4.295    4.347    4.401    4.456    4.514    4.573    
IN115    1.032e-09    0.6439    0.3695    0.1856    0.09695    0.05578    0.03702    0.02855    0.02276    0.02161    0.0207    0.01986    0.01903    0.01819    0.01736    0.01655    0.01579    0.01507    0.01442    0.01382    0.01329    0.01281    0.0124    0.01204    0.01173    0.01147    0.01125    0.01107    0.01092    0.01081    0.01073    0.01067    0.01063    0.01062    0.01063    0.01065    
SN115    3.955e-11    0.02848    0.02938    0.02778    0.02637    0.0251    0.02395    0.0229    0.02101    0.02014    0.01931    0.01852    0.01776    0.01703    0.01632    0.01564    0.01499    0.01437    0.01377    0.0132    0.01265    0.01213    0.01163    0.01116    0.01071    0.01029    0.009893    0.009517    0.009163    0.008831    0.00852    0.008228    0.007956    0.007702    0.007466    0.007247    
CD116    6.853e-09    0.8097    0.8138    0.8191    0.8261    0.8344    0.8434    0.8527    0.871    0.8796    0.8876    0.895    0.9017    0.9078    0.9133    0.9183    0.9227    0.9266    0.9301    0.9331    0.9358    0.9382    0.9403    0.9421    0.9437    0.9451    0.9464    0.9474    0.9484    0.9492    0.9499    0.9506    0.9511    0.9516    0.952    0.9524    
SN116    4.256e-12    0.1391    0.5436    0.7478    0.8518    0.9085    0.9434    0.9683    1.007    1.024    1.04    1.055    1.07    1.084    1.097    1.11    1.122    1.133    1.144    1.154    1.164    1.173    1.182    1.19    1.198    1.206    1.214    1.222    1.229    1.236    1.243    1.25    1.257    1.264    1.271    1.278    
SN117    6.262e-09    0.8141    0.8204    0.8232    0.828    0.8342    0.841    0.8481    0.8619    0.8682    0.8739    0.879    0.8835    0.8874    0.8907    0.8935    0.8957    0.8975    0.8989    0.8999    0.9006    0.9009    0.9011    0.9009    0.9006    0.9001    0.8995    0.8987    0.8978    0.8969    0.8958    0.8947    0.8935    0.8922    0.8909    0.8896    
SN118    6.796e-09    0.8159    0.8232    0.8316    0.8417    0.8531    0.8652    0.8776    0.902    0.9137    0.9247    0.9352    0.9451    0.9544    0.9631    0.9712    0.9789    0.9861    0.9928    0.9992    1.005    1.011    1.016    1.022    1.026    1.031    1.036    1.04    1.045    1.049    1.053    1.057    1.061    1.065    1.068    1.072    
SN119    7.003e-09    0.8321    0.8367    0.8422    0.849    0.8565    0.8645    0.8724    0.8873    0.8941    0.9002    0.9056    0.9104    0.9145    0.918    0.9208    0.9232    0.9251    0.9265    0.9275    0.9282    0.9285    0.9286    0.9285    0.9281    0.9275    0.9268    0.9259    0.9249    0.9238    0.9226    0.9213    0.92    0.9186    0.9171    0.9156    
SN120    7.219e-09    0.8528    0.8587    0.8668    0.8769    0.8881    0.9002    0.9124    0.9366    0.948    0.9589    0.9691    0.9788    0.9878    0.9962    1.004    1.011    1.018    1.025    1.031    1.036    1.042    1.047    1.052    1.056    1.061    1.065    1.069    1.073    1.077    1.081    1.084    1.088    1.091    1.095    1.098    
SB121    2.221e-09    0.8822    0.9062    0.8952    0.8864    0.879    0.8725    0.8663    0.8539    0.8471    0.8399    0.8322    0.8239    0.8151    0.8059    0.7963    0.7863    0.776    0.7654    0.7546    0.7437    0.7326    0.7215    0.7103    0.6991    0.6879    0.6768    0.6657    0.6547    0.6438    0.633    0.6223    0.6117    0.6012    0.5909    0.5807    
SN122    8.002e-09    0.9442    0.948    0.9543    0.9626    0.9722    0.9825    0.9931    1.014    1.023    1.032    1.04    1.048    1.055    1.061    1.066    1.071    1.075    1.079    1.083    1.086    1.089    1.091    1.093    1.095    1.097    1.099    1.1    1.101    1.102    1.103    1.104    1.105    1.106    1.106    1.107    
TE122    7.642e-14    0.004366    0.02124    0.03774    0.05388    0.06971    0.08524    0.1005    0.1302    0.1446    0.1588    0.1726    0.1862    0.1995    0.2125    0.2251    0.2375    0.2495    0.2612    0.2726    0.2837    0.2944    0.3049    0.315    0.3248    0.3343    0.3435    0.3523    0.3609    0.3692    0.3772    0.3849    0.3924    0.3996    0.4065    0.4131    
SB123    7.17e-09    0.8871    0.9855    1.035    1.06    1.072    1.079    1.081    1.081    1.08    1.077    1.074    1.07    1.065    1.059    1.053    1.046    1.038    1.03    1.022    1.013    1.004    0.9947    0.9853    0.9756    0.9658    0.956    0.946    0.9361    0.9261    0.916    0.9061    0.8961    0.8862    0.8763    0.8664    
SN124    1.192e-08    1.406    1.41    1.418    1.428    1.441    1.454    1.468    1.495    1.507    1.518    1.528    1.537    1.545    1.552    1.558    1.563    1.568    1.572    1.575    1.578    1.58    1.582    1.583    1.584    1.585    1.586    1.586    1.586    1.586    1.586    1.586    1.585    1.585    1.584    1.583    
SB124    1.742e-11    0.003923    0.008146    0.009668    0.01029    0.01056    0.01069    0.01075    0.01147    0.01094    0.01079    0.01073    0.01069    0.01064    0.01059    0.01053    0.01046    0.01039    0.01031    0.01023    0.01015    0.01006    0.009968    0.009875    0.00978    0.009683    0.009585    0.009487    0.009388    0.009288    0.009188    0.009089    0.008989    0.00889    0.008791    0.008693    
TE124    2.029e-12    0.001345    0.009086    0.02035    0.03295    0.04613    0.05959    0.07321    0.09994    0.1142    0.1281    0.1419    0.1557    0.1694    0.183    0.1966    0.2102    0.2236    0.237    0.2502    0.2633    0.2764    0.2893    0.302    0.3147    0.3272    0.3396    0.3518    0.3639    0.3758    0.3876    0.3993    0.4108    0.4221    0.4333    0.4443    
SB125    1.636e-08    2.953    3.146    2.91    2.699    2.51    2.337    2.18    1.925    1.797    1.678    1.566    1.461    1.363    1.271    1.184    1.103    1.027    0.9556    0.889    0.8268    0.7687    0.7144    0.6639    0.6168    0.573    0.5322    0.4944    0.4592    0.4266    0.3963    0.3683    0.3423    0.3182    0.2959    0.2753    
TE125    5.577e-12    0.04554    0.2863    0.5302    0.7599    0.9735    1.172    1.356    1.659    1.809    1.948    2.077    2.197    2.309    2.412    2.507    2.596    2.677    2.753    2.822    2.886    2.945    3    3.05    3.096    3.138    3.176    3.211    3.243    3.273    3.3    3.324    3.346    3.366    3.385    3.401    
TE125M    1.761e-12    0.01012    0.03481    0.03841    0.03705    0.03474    0.0324    0.0302    0.02664    0.02488    0.02323    0.02169    0.02024    0.01888    0.01761    0.01642    0.0153    0.01425    0.01327    0.01235    0.01149    0.01068    0.009932    0.009232    0.008579    0.007972    0.007407    0.006881    0.006393    0.00594    0.005519    0.005129    0.004768    0.004433    0.004123    0.003836    
SN126    4.112e-08    4.852    4.867    4.896    4.934    4.979    5.026    5.075    5.167    5.209    5.248    5.284    5.316    5.344    5.37    5.392    5.412    5.429    5.444    5.457    5.468    5.478    5.486    5.493    5.499    5.504    5.508    5.511    5.514    5.516    5.518    5.519    5.52    5.52    5.52    5.52    
TE126    5.678e-10    0.1208    0.1608    0.1725    0.1845    0.1968    0.2093    0.2218    0.2471    0.2597    0.2722    0.2848    0.2972    0.3097    0.322    0.3344    0.3466    0.3588    0.371    0.3831    0.3952    0.4072    0.4191    0.431    0.4429    0.4547    0.4665    0.4782    0.4899    0.5016    0.5132    0.5247    0.5362    0.5477    0.5592    0.5705    
TE127M    1.517e-09    1.375    0.7543    0.3549    0.174    0.09256    0.05597    0.03937    0.02937    0.02563    0.02307    0.021    0.01916    0.01744    0.01582    0.01431    0.01291    0.01163    0.01045    0.009395    0.008445    0.007596    0.006841    0.006173    0.005583    0.005063    0.004606    0.004205    0.003853    0.003545    0.003276    0.003039    0.002832    0.002651    0.002492    0.002352    
I127    4.547e-09    10.2    12.58    12.85    12.92    12.91    12.87    12.81    12.66    12.58    12.49    12.39    12.28    12.17    12.05    11.93    11.8    11.66    11.52    11.38    11.24    11.09    10.94    10.8    10.65    10.5    10.35    10.2    10.06    9.911    9.766    9.622    9.479    9.338    9.199    9.061    
TE128    1.656e-07    20.9    21.07    21.21    21.4    21.61    21.83    22.05    22.49    22.69    22.87    23.04    23.2    23.34    23.46    23.57    23.68    23.77    23.85    23.92    23.98    24.04    24.08    24.13    24.17    24.2    24.23    24.26    24.29    24.31    24.33    24.35    24.36    24.38    24.39    24.4    
XE128    2.273e-11    0.04606    0.2383    0.4359    0.6345    0.8323    1.028    1.223    1.604    1.792    1.977    2.159    2.339    2.516    2.69    2.861    3.03    3.195    3.357    3.516    3.672    3.825    3.975    4.121    4.264    4.405    4.542    4.676    4.807    4.934    5.059    5.181    5.3    5.416    5.53    5.64    
TE129M    4.201e-08    3.335    0.2929    0.04055    0.02377    0.02513    0.02659    0.02696    0.02652    0.02394    0.02215    0.02034    0.01854    0.01679    0.01514    0.01359    0.01218    0.01089    0.00972    0.008675    0.007743    0.006915    0.006182    0.005535    0.004965    0.004465    0.004025    0.003639    0.003301    0.003004    0.002744    0.002516    0.002315    0.002139    0.001984    0.001847    
I129    2.412e-07    33.33    34.81    33.35    31.83    30.42    29.11    27.89    25.62    24.55    23.51    22.51    21.54    20.59    19.68    18.79    17.93    17.1    16.3    15.53    14.78    14.07    13.38    12.73    12.1    11.5    10.92    10.37    9.852    9.354    8.881    8.43    8.001    7.594    7.207    6.839    
XE129    7.593e-15    5.859e-05    0.0008627    0.00275    0.005698    0.009669    0.01462    0.0205    0.03489    0.0433    0.05247    0.06236    0.07292    0.08412    0.09591    0.1083    0.1211    0.1345    0.1483    0.1625    0.1772    0.1921    0.2074    0.223    0.2389    0.2549    0.2712    0.2877    0.3044    0.3211    0.338    0.355    0.3721    0.3892    0.4064    0.4235    
TE130    5.249e-07    62.23    62.46    62.84    63.36    63.96    64.6    65.27    66.56    67.16    67.71    68.22    68.68    69.09    69.47    69.8    70.09    70.35    70.58    70.77    70.95    71.1    71.23    71.34    71.44    71.52    71.6    71.66    71.71    71.75    71.79    71.82    71.85    71.87    71.88    71.89    
XE130    6.635e-10    0.6652    2.683    4.627    6.465    8.201    9.844    11.4    14.27    15.59    16.83    18.01    19.12    20.17    21.15    22.07    22.93    23.74    24.5    25.2    25.85    26.46    27.02    27.53    28.01    28.44    28.84    29.21    29.54    29.84    30.1    30.34    30.56    30.74    30.91    31.05    
I131    6.584e-07    28.74    0.06598    0.09053    0.1105    0.1231    0.1293    0.1304    0.1225    0.1155    0.1076    0.09923    0.09081    0.08262    0.07482    0.06754    0.06082    0.05468    0.04914    0.04415    0.03969    0.03573    0.03221    0.0291    0.02636    0.02394    0.02182    0.01996    0.01832    0.01689    0.01563    0.01452    0.01355    0.01269    0.01194    0.01127    
XE131    3.527e-08    82.77    96.02    81.88    70.14    60.35    52.17    45.29    34.54    30.32    26.71    23.59    20.89    18.55    16.52    14.74    13.19    11.83    10.64    9.591    8.673    7.868    7.16    6.539    5.994    5.515    5.095    4.726    4.403    4.12    3.871    3.653    3.462    3.295    3.148    3.019    
TE132    9.713e-07    15.97    0.03452    0.04898    0.06036    0.06764    0.0713    0.07207    0.06747    0.06387    0.0594    0.05466    0.04988    0.04522    0.04077    0.03661    0.03277    0.02926    0.02609    0.02323    0.02067    0.0184    0.01638    0.01459    0.01302    0.01163    0.01041    0.009342    0.008402    0.007577    0.006852    0.006217    0.005658    0.005167    0.004734    0.004352    
XE132    1.57e-07    133.5    167.9    183.6    197.4    209.7    220.5    230.1    246.2    253    258.9    264.2    268.9    273.1    276.8    280.1    283    285.6    287.9    289.9    291.7    293.3    294.8    296    297.2    298.2    299.1    300    300.7    301.4    302    302.6    303.1    303.5    304    304.4    
I133    9.665e-07    5.768    0.01245    0.01768    0.02182    0.0245    0.02588    0.02621    0.02474    0.02334    0.02173    0.02002    0.01828    0.01659    0.01496    0.01345    0.01204    0.01076    0.009591    0.008543    0.007604    0.006769    0.006027    0.00537    0.004791    0.004281    0.003832    0.003437    0.003091    0.002786    0.002519    0.002285    0.002079    0.001898    0.001738    0.001597    
XE133    4.761e-07    34.43    0.08351    0.1155    0.1409    0.1576    0.1664    0.1688    0.1609    0.1529    0.1436    0.1337    0.1236    0.1138    0.1043    0.09543    0.08722    0.07971    0.0729    0.06676    0.06127    0.05638    0.05204    0.04821    0.04482    0.04183    0.03921    0.03691    0.03489    0.03311    0.03156    0.03019    0.02899    0.02794    0.02701    0.02619    
CS133    3.453e-08    161.2    191.5    181    171.6    163.1    155.3    148    134.7    128.5    122.6    117    111.5    106.3    101.2    96.36    91.68    87.18    82.86    78.71    74.75    70.95    67.33    63.88    60.58    57.45    54.47    51.64    48.96    46.41    44    41.71    39.55    37.51    35.57    33.75    
XE134    1.579e-06    194.1    195.3    196.5    198.1    200.1    202.3    204.6    209.1    211.2    213.2    215    216.6    218.2    219.5    220.7    221.8    222.8    223.6    224.4    225.1    225.6    226.1    226.6    227    227.3    227.6    227.9    228.1    228.3    228.4    228.6    228.7    228.8    228.9    229    
CS134    1.057e-10    2.621    12.3    18.35    21.96    23.97    24.9    25.14    24.75    23.98    23.12    22.23    21.32    20.41    19.52    18.64    17.78    16.95    16.14    15.36    14.62    13.9    13.2    12.54    11.91    11.3    10.73    10.18    9.652    9.154    8.68    8.23    7.804    7.4    7.017    6.654    
BA134    8.306e-14    0.05243    0.8154    2.454    4.628    7.107    9.742    12.43    17.33    19.92    22.41    24.8    27.07    29.24    31.3    33.25    35.09    36.84    38.49    40.04    41.51    42.89    44.18    45.39    46.53    47.6    48.59    49.52    50.38    51.19    51.94    52.63    53.28    53.87    54.42    54.93    
CS135    6.332e-08    8.565    12.37    16.39    21.63    27.53    33.73    40    52.24    58.03    63.52    68.68    73.52    78.04    82.25    86.15    89.76    93.09    96.14    98.93    101.5    103.8    105.9    107.7    109.4    110.9    112.2    113.3    114.3    115.1    115.8    116.3    116.7    117    117.2    117.3    
BA135    1.027e-12    0.0002246    0.001951    0.009554    0.02594    0.05274    0.09078    0.1403    0.2715    0.3525    0.4439    0.5449    0.6551    0.7737    0.9002    1.034    1.175    1.321    1.474    1.631    1.793    1.96    2.13    2.304    2.48    2.659    2.841    3.024    3.209    3.395    3.583    3.771    3.959    4.148    4.337    4.526    
XE136    2.891e-06    363.1    364.5    366.9    370.2    374    378.1    382.5    391    395    398.7    402.2    405.4    408.3    410.9    413.2    415.4    417.3    419    420.5    421.8    423    424.1    425    425.8    426.6    427.3    427.9    428.4    428.9    429.3    429.7    430.1    430.4    430.7    431    
CS136    2.323e-08    1.046    0.03799    0.0479    0.06309    0.08004    0.0977    0.1154    0.1539    0.166    0.1814    0.1958    0.2094    0.222    0.2338    0.2447    0.2548    0.2642    0.2728    0.2806    0.2878    0.2943    0.3002    0.3055    0.3103    0.3145    0.3182    0.3214    0.3241    0.3265    0.3284    0.33    0.3312    0.332    0.3326    0.3329    
BA136    8.269e-10    1.825    3.01    3.23    3.522    3.899    4.368    4.932    6.357    7.199    8.121    9.123    10.2    11.35    12.56    13.83    15.17    16.55    17.98    19.46    20.98    22.53    24.12    25.74    27.39    29.06    30.76    32.48    34.21    35.96    37.72    39.49    41.26    43.05    44.84    46.64    
CS137    1.468e-06    173.1    172.6    172.5    172.8    173.3    174    174.8    176.5    177.1    177.6    178    178.2    178.3    178.2    178.1    177.8    177.4    176.9    176.4    175.7    175    174.3    173.5    172.6    171.8    170.8    169.9    169    168    167    166    165    163.9    162.9    161.9    
BA137    7.43e-10    0.3806    1.686    2.98    4.265    5.545    6.821    8.093    10.41    11.68    12.94    14.2    15.45    16.69    17.93    19.16    20.38    21.58    22.78    23.97    25.14    26.3    27.45    28.58    29.71    30.82    31.91    32.99    34.06    35.12    36.16    37.18    38.2    39.19    40.18    41.15    
BA138    1.283e-06    153.6    154.3    155.3    156.7    158.3    160.1    161.9    165.7    167.4    169.1    170.6    172.1    173.4    174.6    175.8    176.8    177.7    178.5    179.3    180    180.7    181.3    181.9    182.4    182.9    183.3    183.8    184.2    184.6    185    185.4    185.8    186.1    186.5    186.8    
LA139    1.24e-06    150.3    149.4    148.6    148.1    147.9    147.9    147.9    147.9    147.8    147.6    147.2    146.8    146.2    145.6    144.8    144    143    142    141    139.8    138.7    137.4    136.2    134.9    133.6    132.3    131    129.6    128.3    126.9    125.6    124.2    122.9    121.6    120.2    
BA140    1.22e-06    53.33    0.2168    0.2069    0.2631    0.301    0.3221    0.3293    0.3148    0.2984    0.2789    0.2577    0.236    0.2145    0.1939    0.1745    0.1564    0.1399    0.1248    0.1113    0.09909    0.08823    0.07859    0.07004    0.06249    0.05584    0.04998    0.04483    0.0403    0.03633    0.03284    0.02977    0.02707    0.0247    0.02261    0.02077    
LA140    3.854e-08    7.074    0.07651    0.07343    0.08067    0.08559    0.08834    0.08928    0.08735    0.08517    0.08254    0.07965    0.07666    0.07366    0.07075    0.06796    0.06532    0.06285    0.06056    0.05844    0.05649    0.0547    0.05305    0.05154    0.05015    0.04887    0.0477    0.0466    0.04559    0.04465    0.04378    0.04295    0.04218    0.04145    0.04076    0.0401    
CE140    8.871e-09    96.62    159.1    161.9    165    168.4    171.9    175.5    182.7    186.2    189.6    192.8    195.9    198.9    201.8    204.5    207.1    209.6    212    214.3    216.6    218.7    220.8    222.8    224.7    226.6    228.4    230.2    231.9    233.6    235.3    236.9    238.5    240    241.5    243    
CE141    1.119e-06    87.94    6.931    0.989    0.6738    0.7359    0.7886    0.81    0.8167    0.7507    0.7056    0.6583    0.6098    0.5618    0.5157    0.4721    0.4317    0.3946    0.361    0.3307    0.3036    0.2795    0.2581    0.2392    0.2226    0.208    0.1953    0.1841    0.1743    0.1658    0.1584    0.152    0.1463    0.1414    0.1372    0.1335    
PR141    1.501e-08    56.68    135.9    140    138.8    137.5    136.4    135.4    133.4    132.4    131.3    130.2    128.9    127.6    126.2    124.7    123.1    121.5    119.9    118.2    116.5    114.8    113    111.3    109.5    107.8    106    104.3    102.5    100.8    99.12    97.44    95.79    94.15    92.54    90.95    
CE142    1.122e-06    138    139.7    140.5    141.6    142.8    144.2    145.7    148.5    149.8    151    152.2    153.2    154.1    154.8    155.5    156.1    156.6    157.1    157.4    157.7    158    158.2    158.3    158.4    158.5    158.6    158.6    158.6    158.6    158.5    158.5    158.4    158.3    158.3    158.2    
PR142    1.191e-12    0.01353    0.03245    0.03342    0.03315    0.03284    0.03257    0.03233    0.03186    0.03162    0.03136    0.03108    0.03078    0.03046    0.03013    0.02977    0.0294    0.02902    0.02863    0.02823    0.02782    0.02741    0.02699    0.02657    0.02615    0.02573    0.02531    0.0249    0.02448    0.02407    0.02367    0.02327    0.02287    0.02248    0.0221    0.02172    
ND142    4.813e-13    0.2649    2.71    5.504    8.225    10.85    13.38    15.83    20.48    22.68    24.81    26.86    28.84    30.74    32.56    34.3    35.97    37.57    39.09    40.54    41.92    43.22    44.46    45.63    46.74    47.78    48.76    49.67    50.53    51.33    52.08    52.77    53.41    54    54.55    55.04    
CE143    7.929e-07    6.478    0.01769    0.02358    0.02827    0.03133    0.03293    0.03335    0.03181    0.03026    0.0285    0.0266    0.02468    0.0228    0.021    0.01931    0.01774    0.01631    0.01501    0.01383    0.01278    0.01185    0.01102    0.01028    0.009629    0.009055    0.008549    0.008104    0.007712    0.007367    0.007064    0.006797    0.006562    0.006355    0.006171    0.006009    
PR143    2.562e-07    45.34    0.2523    0.2119    0.2597    0.2918    0.3096    0.3156    0.3063    0.2895    0.2731    0.2554    0.2372    0.2192    0.202    0.1858    0.1707    0.1569    0.1444    0.133    0.1229    0.1138    0.1058    0.09864    0.09232    0.08675    0.08184    0.07752    0.07372    0.07037    0.06743    0.06483    0.06255    0.06053    0.05875    0.05717    
ND143    7.011e-09    68.82    79.12    51.74    34.37    23.44    16.58    12.27    7.873    6.755    6.016    5.513    5.156    4.892    4.687    4.523    4.388    4.275    4.18    4.1    4.033    3.978    3.934    3.899    3.872    3.853    3.839    3.831    3.828    3.828    3.831    3.836    3.844    3.852    3.861    3.871    
CE144    8.961e-07    99.18    74.29    55.99    42.57    32.73    25.48    20.12    13.72    11.28    9.389    7.912    6.737    5.787    5.007    4.357    3.809    3.341    2.94    2.592    2.289    2.024    1.792    1.589    1.41    1.253    1.115    0.9929    0.8858    0.7917    0.7089    0.6361    0.5721    0.5158    0.4663    0.4227    
ND144    1.628e-09    16.24    84.18    131.3    163.7    186.5    202.8    214.7    230.2    235.9    240.5    244.4    247.7    250.5    252.9    255    256.9    258.5    260    261.3    262.5    263.6    264.6    265.4    266.3    267    267.7    268.3    268.9    269.5    270    270.6    271.1    271.5    272    272.5    
ND145    6.405e-07    84.17    80.08    76    72.54    69.57    66.96    64.62    60.47    58.59    56.8    55.08    53.42    51.83    50.28    48.79    47.35    45.97    44.63    43.35    42.12    40.94    39.82    38.74    37.72    36.75    35.83    34.95    34.12    33.34    32.6    31.9    31.24    30.62    30.04    29.49    
ND146    5.964e-07    72.78    78.64    84.31    89.87    95.32    100.6    105.8    115.6    120.3    124.7    129    133.1    137    140.8    144.4    147.8    151.1    154.2    157.2    160.1    162.9    165.5    168.1    170.5    172.9    175.2    177.3    179.5    181.5    183.5    185.4    187.3    189.1    190.8    192.5    
ND147    4.752e-07    18.68    0.08157    0.09755    0.1183    0.1328    0.1416    0.1458    0.1439    0.1402    0.1351    0.1293    0.1233    0.1174    0.1116    0.1062    0.1013    0.09673    0.09267    0.08907    0.0859    0.08313    0.08074    0.07868    0.07693    0.07545    0.07421    0.07319    0.07235    0.07168    0.07115    0.07074    0.07044    0.07023    0.0701    0.07004    
PM147    1.877e-08    34.4    30.26    17.33    10.21    6.311    4.185    3.025    2.053    1.823    1.673    1.563    1.473    1.395    1.323    1.256    1.195    1.138    1.086    1.038    0.9959    0.9583    0.925    0.896    0.8708    0.8492    0.8307    0.815    0.8019    0.791    0.7821    0.775    0.7693    0.7649    0.7617    0.7595    
SM147    7.047e-12    0.6113    3.76    5.263    5.773    5.775    5.531    5.181    4.397    4.044    3.716    3.416    3.142    2.894    2.668    2.463    2.276    2.107    1.952    1.812    1.684    1.568    1.462    1.366    1.279    1.201    1.129    1.065    1.007    0.9547    0.9077    0.8655    0.8276    0.7938    0.7636    0.7367    
ND148    4.103e-07    48.99    49.05    49.16    49.39    49.69    50.05    50.42    51.16    51.49    51.79    52.04    52.26    52.44    52.57    52.67    52.74    52.78    52.78    52.76    52.72    52.66    52.58    52.48    52.37    52.25    52.12    51.98    51.83    51.67    51.51    51.34    51.16    50.99    50.81    50.63    
PM148    3.26e-11    0.681    0.6164    0.3541    0.2084    0.1286    0.08515    0.06144    0.0413    0.03687    0.03381    0.03158    0.02976    0.02817    0.02672    0.02538    0.02413    0.02298    0.02193    0.02097    0.02011    0.01935    0.01868    0.01809    0.01758    0.01714    0.01677    0.01645    0.01619    0.01597    0.01579    0.01564    0.01553    0.01544    0.01537    0.01533    
PM148M    1.319e-11    0.26    0.235    0.135    0.07945    0.04905    0.03247    0.02343    0.01575    0.01406    0.0129    0.01204    0.01135    0.01074    0.01019    0.009679    0.009203    0.008764    0.008362    0.007998    0.007672    0.007381    0.007125    0.006901    0.006706    0.006539    0.006396    0.006276    0.006174    0.00609    0.006022    0.005966    0.005922    0.005889    0.005864    0.005846    
SM148    1.984e-12    2.227    13.41    20.5    24.89    27.77    29.79    31.3    33.54    34.44    35.23    35.94    36.59    37.18    37.71    38.2    38.64    39.04    39.4    39.73    40.02    40.29    40.54    40.76    40.96    41.14    41.31    41.47    41.61    41.74    41.86    41.97    42.08    42.18    42.27    42.36    
PM149    2.445e-07    3.095    0.2296    0.14    0.09095    0.06437    0.04989    0.04184    0.03421    0.03201    0.03017    0.02855    0.02706    0.02566    0.02433    0.02308    0.02193    0.02086    0.01988    0.019    0.0182    0.01748    0.01685    0.01628    0.01579    0.01535    0.01496    0.01462    0.01433    0.01407    0.01384    0.01365    0.01348    0.01333    0.01319    0.01308    
SM149    3.224e-08    1.004    0.07516    0.04649    0.03082    0.02236    0.01777    0.01524    0.01289    0.01222    0.01167    0.01119    0.01074    0.01031    0.00991    0.009533    0.009181    0.008856    0.008559    0.008289    0.008047    0.007829    0.007636    0.007466    0.007315    0.007182    0.007067    0.006965    0.006877    0.0068    0.006733    0.006676    0.006625    0.006582    0.006545    0.006512    
ND150    2.443e-07    28.8    28.84    28.96    29.15    29.38    29.65    29.93    30.48    30.73    30.97    31.18    31.36    31.53    31.67    31.78    31.88    31.96    32.02    32.07    32.1    32.12    32.13    32.13    32.12    32.1    32.08    32.05    32.01    31.97    31.93    31.88    31.83    31.78    31.72    31.67    
SM150    2.099e-08    36.09    43.05    42.46    39.96    36.73    33.39    30.2    24.71    22.39    20.35    18.55    16.95    15.54    14.29    13.18    12.2    11.32    10.53    9.828    9.202    8.642    8.142    7.695    7.296    6.94    6.623    6.34    6.088    5.864    5.664    5.487    5.33    5.191    5.067    4.957    
SM151    4.877e-08    3.62    0.3894    0.3875    0.3681    0.3415    0.3131    0.2853    0.2363    0.2153    0.1964    0.1795    0.1645    0.1511    0.1392    0.1285    0.119    0.1105    0.1029    0.09611    0.09004    0.08461    0.07976    0.07543    0.07157    0.06813    0.06506    0.06233    0.0599    0.05773    0.05581    0.0541    0.05259    0.05125    0.05005    0.049    
SM152    1.539e-07    36.52    32.26    26.82    23.11    20.36    18.18    16.36    13.39    12.16    11.06    10.07    9.187    8.393    7.681    7.042    6.47    5.957    5.498    5.087    4.719    4.389    4.095    3.831    3.596    3.386    3.199    3.032    2.883    2.75    2.632    2.527    2.434    2.351    2.278    2.213    
SM153    7.624e-08    1.228    0.3854    0.3212    0.2777    0.2455    0.2198    0.1982    0.1625    0.148    0.1347    0.1227    0.1119    0.1023    0.09356    0.08574    0.07872    0.07244    0.0668    0.06175    0.05723    0.05318    0.04957    0.04633    0.04345    0.04087    0.03857    0.03653    0.0347    0.03308    0.03164    0.03035    0.02921    0.0282    0.0273    0.02651    
EU153    1.76e-08    12.63    17.91    18.2    17.02    15.46    13.93    12.54    10.22    9.257    8.402    7.637    6.951    6.335    5.781    5.284    4.838    4.437    4.078    3.755    3.466    3.208    2.976    2.769    2.584    2.418    2.27    2.139    2.021    1.916    1.823    1.74    1.666    1.6    1.542    1.49    
SM154    7.077e-08    8.549    8.75    8.926    9.091    9.248    9.397    9.535    9.776    9.874    9.957    10.03    10.08    10.12    10.15    10.17    10.18    10.18    10.16    10.15    10.12    10.09    10.05    10.01    9.969    9.921    9.869    9.816    9.76    9.702    9.643    9.582    9.521    9.458    9.395    9.331    
EU154    7.026e-11    1.595    5.394    6.416    6.327    5.863    5.316    4.791    3.893    3.525    3.197    2.903    2.64    2.405    2.193    2.003    1.832    1.678    1.541    1.417    1.307    1.207    1.119    1.039    0.9682    0.9047    0.8479    0.7973    0.7521    0.7119    0.676    0.6441    0.6157    0.5904    0.568    0.548    
GD154    9.938e-15    0.007635    0.09353    0.2289    0.3594    0.4673    0.5496    0.6087    0.6557    0.6687    0.6716    0.6664    0.6549    0.6387    0.6188    0.5964    0.5722    0.5469    0.521    0.495    0.4692    0.4439    0.4193    0.3956    0.3729    0.3513    0.3307    0.3113    0.293    0.2759    0.2599    0.245    0.2311    0.2182    0.2063    0.1953    
EU155    4.225e-08    2.143    1.67    2.127    2.146    2.007    1.828    1.652    1.34    1.221    1.109    1.009    0.9189    0.8382    0.7657    0.7005    0.6419    0.5892    0.5419    0.4995    0.4615    0.4274    0.3968    0.3695    0.345    0.3231    0.3036    0.2861    0.2705    0.2566    0.2442    0.2331    0.2233    0.2145    0.2067    0.1997    
EU156    1.828e-08    2.856    1.602    2.195    2.278    2.153    1.969    1.782    1.424    1.317    1.197    1.088    0.9911    0.9039    0.8254    0.7548    0.6914    0.6343    0.5831    0.5372    0.4959    0.459    0.4259    0.3962    0.3697    0.346    0.3248    0.3058    0.2889    0.2739    0.2604    0.2484    0.2377    0.2282    0.2198    0.2122    
GD156    5.142e-10    3.922    11.96    20.97    31.4    41.59    50.94    59.35    75.3    81.18    86.43    91.11    95.26    98.95    102.2    105.1    107.6    109.9    111.8    113.5    115    116.3    117.4    118.4    119.2    119.9    120.5    120.9    121.3    121.6    121.8    122    122.1    122.1    122.2    122.1    
GD158    1.918e-08    4.305    5.493    6.942    8.665    10.44    12.19    13.88    17.55    19.08    20.57    22.01    23.41    24.77    26.09    27.38    28.64    29.87    31.07    32.25    33.4    34.52    35.63    36.71    37.78    38.83    39.86    40.87    41.87    42.85    43.82    44.78    45.72    46.65    47.57    48.47    
TB159    2.197e-09    0.6832    0.6988    0.7041    0.7215    0.7509    0.7913    0.8412    0.9704    1.045    1.124    1.208    1.296    1.388    1.482    1.579    1.678    1.779    1.882    1.986    2.092    2.199    2.307    2.415    2.524    2.634    2.744    2.854    2.964    3.075    3.186    3.296    3.406    3.516    3.626    3.736    
GD160    2.823e-09    0.3334    0.3342    0.336    0.3387    0.3421    0.3459    0.3499    0.3582    0.3621    0.3657    0.3691    0.3722    0.375    0.3775    0.3796    0.3815    0.3832    0.3846    0.3858    0.3868    0.3876    0.3883    0.3888    0.3892    0.3895    0.3897    0.3898    0.3898    0.3898    0.3897    0.3896    0.3894    0.3892    0.389    0.3887    
TB160    1.074e-12    0.007947    0.02077    0.0227    0.02335    0.02415    0.02529    0.02676    0.03157    0.03315    0.03556    0.03822    0.04104    0.04398    0.04703    0.05017    0.05339    0.05667    0.06002    0.06343    0.06688    0.07036    0.07388    0.07743    0.08101    0.0846    0.0882    0.09182    0.09545    0.09907    0.1027    0.1063    0.11    0.1136    0.1172    0.1208    
DY160    5.451e-15    0.001673    0.01652    0.03524    0.05211    0.06699    0.08045    0.09306    0.1153    0.1285    0.1416    0.1551    0.1692    0.1839    0.1991    0.215    0.2314    0.2485    0.266    0.2841    0.3027    0.3218    0.3412    0.361    0.3812    0.4017    0.4225    0.4435    0.4647    0.4861    0.5077    0.5294    0.5513    0.5732    0.5952    0.6172    
DY161    9.699e-11    0.1271    0.08424    0.05199    0.04095    0.03859    0.03986    0.04268    0.0507    0.0546    0.05884    0.06346    0.06839    0.07358    0.07901    0.08468    0.09056    0.09665    0.1029    0.1094    0.116    0.1228    0.1298    0.1368    0.144    0.1513    0.1587    0.1661    0.1736    0.1812    0.1888    0.1965    0.2042    0.2119    0.2197    0.2274    
DY162    7.031e-10    0.1034    0.1512    0.1464    0.13    0.1151    0.1052    0.1002    0.101    0.1053    0.1111    0.118    0.1259    0.1347    0.1442    0.1545    0.1653    0.1767    0.1886    0.2011    0.2139    0.2272    0.2408    0.2548    0.2692    0.2838    0.2987    0.3138    0.3291    0.3447    0.3604    0.3762    0.3921    0.4082    0.4243    0.4405    
DY163    2.919e-10    0.04277    0.08189    0.1175    0.1404    0.1523    0.1571    0.1582    0.158    0.1592    0.1619    0.1663    0.1723    0.1799    0.1891    0.1997    0.2117    0.2249    0.2392    0.2546    0.2711    0.2884    0.3066    0.3256    0.3453    0.3657    0.3868    0.4084    0.4305    0.4531    0.4761    0.4995    0.5232    0.5473    0.5716    0.5962    
HO165    5.368e-11    0.01632    0.03222    0.05129    0.07574    0.1019    0.1271    0.15    0.1884    0.2041    0.2179    0.2308    0.2432    0.2557    0.2686    0.2822    0.2968    0.3126    0.3297    0.3482    0.3683    0.39    0.4133    0.4381    0.4646    0.4926    0.5222    0.5532    0.5857    0.6196    0.6548    0.6913    0.7289    0.7677    0.8075    0.8483    
ER166    9.062e-13    0.003905    0.007489    0.01231    0.01962    0.02966    0.04226    0.05702    0.09209    0.1106    0.1297    0.1491    0.1687    0.1886    0.2086    0.229    0.2497    0.2709    0.2927    0.3152    0.3387    0.3631    0.3887    0.4156    0.4438    0.4736    0.5049    0.5379    0.5726    0.609    0.6474    0.6876    0.7296    0.7736    0.8195    0.8673    
ER168    8.917e-14    0.0003717    0.001256    0.001921    0.002805    0.004155    0.006179    0.00906    0.01805    0.02438    0.03202    0.04099    0.05132    0.06303    0.07613    0.09063    0.1065    0.1239    0.1427    0.163    0.1848    0.2083    0.2334    0.2603    0.2889    0.3195    0.3521    0.3868    0.4238    0.4631    0.5048    0.5491    0.5962    0.6461    0.6989    0.7548    
