TIME    3   100   220   340   460   580   700   820   940   1060   1180   1300   1420   1540   1660   1780   1900   2020   2140   2260   2380   2500   2620   2740   2860   2980   3100   3220   3340   3460   3580   3700   3820   3940   4060   4180   
NEUT_PROD    2.39   27.1   65.9   100   126   143   151   154   151   145   137   128   118   108   98.1   88.7   79.8   71.6   64.1   57.3   51.2   45.7   40.8   36.5   32.7   29.3   26.3   23.7   21.4   19.4   17.6   16.1   14.7   13.5   12.4   11.5   
NEUT_DEST    140   1820   581   551   517   484   454   425   397   371   345   321   299   278   259   241   225   210   197   185   174   164   156   148   140   134   128   123   119   114   111   107   104   101   98.8   96.5   
BUd    0.127    4.15    9.77    23.6    34.9    42.9    47.8    50.2    50.6    49.5    47.3    44.6    41.4    38.1    34.7    31.5    28.4    25.5    22.9    20.4    18.3    16.3    14.5    12.9    11.6    10.3    9.24    8.28    7.44    6.7    6.05    5.48    4.98    4.53    4.15    3.8    
HE4    6.091e-07    0.001893    0.007371    0.01496    0.0237    0.03301    0.04254    0.05209    0.06153    0.07076    0.07973    0.08837    0.09666    0.1046    0.1121    0.1193    0.1261    0.1326    0.1388    0.1448    0.1505    0.1561    0.1615    0.1667    0.1719    0.1769    0.1819    0.1869    0.1918    0.1967    0.2015    0.2063    0.2111    0.2158    0.2205    0.2252    
U234    3.299e-05    0.1076    0.4061    0.7974    1.217    1.626    1.998    2.323    2.593    2.808    2.971    3.086    3.158    3.192    3.193    3.166    3.117    3.049    2.966    2.871    2.768    2.658    2.544    2.428    2.312    2.195    2.08    1.967    1.858    1.751    1.648    1.549    1.455    1.364    1.278    1.197    
U235    2.144e-08    0.002705    0.01997    0.05518    0.1056    0.1661    0.2315    0.2973    0.3598    0.4167    0.4663    0.5078    0.541    0.5661    0.5836    0.5941    0.5984    0.5972    0.5913    0.5815    0.5685    0.5528    0.5351    0.5159    0.4955    0.4744    0.4529    0.4312    0.4096    0.3883    0.3673    0.3469    0.3271    0.308    0.2896    0.2719    
U236    3.283e-06    0.0002247    0.001131    0.003903    0.009642    0.0191    0.03266    0.05034    0.07193    0.09702    0.1251    0.1556    0.1879    0.2214    0.2557    0.2903    0.3247    0.3586    0.3916    0.4235    0.4542    0.4834    0.5111    0.5371    0.5614    0.5839    0.6048    0.6239    0.6413    0.6571    0.6712    0.6839    0.695    0.7047    0.7131    0.7202    
NP237    995.9    873.1    762.3    665.6    581.2    507.4    443    386.8    337.7    294.9    257.5    224.8    196.3    171.4    149.6    130.7    114.1    99.62    86.98    75.95    66.32    57.91    50.57    44.16    38.57    33.68    29.41    25.69    22.44    19.6    17.12    14.96    13.07    11.42    9.981    8.724    
NP238    2.486    3.32    2.899    2.531    2.21    1.93    1.685    1.471    1.284    1.121    0.9792    0.8549    0.7465    0.6518    0.5691    0.4969    0.4339    0.3788    0.3308    0.2888    0.2522    0.2202    0.1923    0.1679    0.1467    0.1281    0.1119    0.0977    0.08533    0.07454    0.06512    0.05689    0.0497    0.04343    0.03796    0.03318    
PU238    1.432    96.31    156.4    188.9    203    204.9    198.9    188.2    174.9    160.5    145.7    131.3    117.7    104.9    93.22    82.57    72.96    64.34    56.65    49.81    43.75    38.39    33.66    29.49    25.83    22.61    19.79    17.31    15.14    13.24    11.58    10.12    8.848    7.735    6.761    5.911    
PU239    0.007828    12.53    32.71    49.4    60.27    65.86    67.44    66.22    63.2    59.11    54.48    49.66    44.89    40.31    36.01    32.04    28.41    25.13    22.18    19.54    17.19    15.1    13.26    11.63    10.19    8.928    7.817    6.842    5.986    5.236    4.579    4.004    3.501    3.061    2.676    2.339    
PU240    2.584e-05    1.29    6.613    14.76    23.53    31.32    37.34    41.35    43.47    43.99    43.26    41.6    39.33    36.66    33.81    30.9    28.04    25.29    22.71    20.32    18.12    16.13    14.33    12.71    11.27    9.988    8.852    7.848    6.963    6.183    5.497    4.894    4.365    3.9    3.493    3.135    
PU241    7.114e-08    0.1192    1.075    3.221    6.171    9.31    12.14    14.36    15.87    16.7    16.93    16.69    16.08    15.23    14.23    13.14    12.03    10.93    9.869    8.87    7.942    7.089    6.312    5.611    4.981    4.418    3.917    3.473    3.081    2.734    2.429    2.16    1.924    1.717    1.535    1.375    
PU242    1.034e-10    0.00694    0.1339    0.65    1.795    3.655    6.169    9.174    12.47    15.86    19.18    22.29    25.1    27.55    29.61    31.28    32.56    33.49    34.08    34.37    34.4    34.21    33.81    33.26    32.56    31.76    30.87    29.92    28.92    27.89    26.83    25.77    24.71    23.66    22.62    21.6    
AM241    5.204e-12    0.0002984    0.005034    0.02149    0.05175    0.09156    0.1341    0.1731    0.2047    0.2269    0.2398    0.2443    0.2419    0.2341    0.2226    0.2086    0.1932    0.1772    0.1613    0.146    0.1314    0.1178    0.1052    0.09379    0.08342    0.0741    0.06576    0.05833    0.05173    0.04589    0.04073    0.03619    0.03218    0.02866    0.02557    0.02286    
AM243    2.762e-14    7.893e-05    0.00311    0.02322    0.08752    0.2276    0.4694    0.8271    1.302    1.883    2.551    3.281    4.048    4.825    5.589    6.32    7.002    7.622    8.172    8.646    9.043    9.363    9.607    9.779    9.883    9.926    9.912    9.848    9.74    9.593    9.413    9.205    8.975    8.725    8.462    8.187    
CM242    4.916e-15    3.321e-05    0.001198    0.007851    0.02521    0.05528    0.09583    0.1419    0.1878    0.2289    0.262    0.2855    0.2994    0.3043    0.3016    0.2928    0.2796    0.2632    0.2449    0.2258    0.2064    0.1875    0.1694    0.1524    0.1365    0.122    0.1088    0.0968    0.08604    0.07643    0.06786    0.06026    0.05353    0.04758    0.04234    0.03772    
CM244    2.168e-17    2.417e-06    0.0001973    0.002293    0.01196    0.0403    0.1033    0.2197    0.4083    0.6856    1.064    1.55    2.145    2.847    3.647    4.532    5.49    6.503    7.556    8.63    9.71    10.78    11.83    12.84    13.8    14.71    15.55    16.32    17.02    17.65    18.2    18.67    19.06    19.38    19.62    19.8    
CM245    4.814e-21    1.397e-08    1.789e-06    2.556e-05    0.0001504    0.0005482    0.001485    0.003288    0.006303    0.01084    0.01715    0.02539    0.03562    0.0478    0.0618    0.07743    0.09446    0.1126    0.1315    0.1509    0.1705    0.19    0.2092    0.2277    0.2455    0.2623    0.278    0.2924    0.3055    0.3173    0.3277    0.3366    0.3442    0.3504    0.3552    0.3588    
CM246    0    8.525e-10    2.295e-07    5.143e-06    4.218e-05    0.0002006    0.0006795    0.001827    0.004158    0.008352    0.01522    0.02568    0.04069    0.0612    0.08811    0.1223    0.1643    0.2149    0.2744    0.3431    0.421    0.5082    0.6044    0.7093    0.8226    0.9437    1.072    1.207    1.348    1.494    1.644    1.798    1.955    2.115    2.276    2.438    
GE74    7.725e-11    0.009165    0.009291    0.009436    0.009598    0.009769    0.009945    0.01012    0.01029    0.01046    0.01062    0.01077    0.01091    0.01105    0.01118    0.0113    0.01142    0.01152    0.01163    0.01173    0.01182    0.01191    0.01199    0.01207    0.01215    0.01222    0.01229    0.01236    0.01243    0.01249    0.01255    0.01261    0.01266    0.01272    0.01277    0.01282    
AS75    1.68e-10    0.02032    0.02027    0.02022    0.02022    0.02024    0.02027    0.02031    0.02033    0.02035    0.02036    0.02036    0.02034    0.0203    0.02025    0.02019    0.02012    0.02004    0.01995    0.01985    0.01975    0.01963    0.01952    0.0194    0.01927    0.01914    0.01901    0.01888    0.01874    0.0186    0.01847    0.01833    0.01819    0.01805    0.01791    0.01777    
GE76    3.84e-10    0.0453    0.04546    0.04573    0.04609    0.04652    0.04697    0.04743    0.04788    0.04831    0.04872    0.04909    0.04943    0.04974    0.05002    0.05026    0.05048    0.05068    0.05085    0.051    0.05113    0.05124    0.05134    0.05143    0.0515    0.05156    0.05162    0.05167    0.05171    0.05174    0.05177    0.05179    0.05181    0.05183    0.05184    0.05185    
SE77    1.647e-10    0.11    0.1115    0.1059    0.1009    0.09633    0.09209    0.08812    0.08435    0.08076    0.07732    0.074    0.0708    0.06771    0.06472    0.06184    0.05906    0.05638    0.0538    0.05132    0.04895    0.04666    0.04448    0.04239    0.04039    0.03848    0.03667    0.03493    0.03328    0.03171    0.03021    0.02879    0.02744    0.02616    0.02494    0.02378    
SE78    2.65e-09    0.3329    0.342    0.3502    0.3586    0.3672    0.3758    0.3841    0.3921    0.3997    0.4069    0.4137    0.42    0.4259    0.4314    0.4365    0.4412    0.4456    0.4496    0.4534    0.4568    0.46    0.463    0.4657    0.4682    0.4705    0.4727    0.4747    0.4765    0.4782    0.4798    0.4812    0.4825    0.4837    0.4849    0.4859    
SE79    6.077e-09    0.7194    0.72    0.7222    0.7258    0.7304    0.7354    0.7405    0.7455    0.7501    0.7543    0.7579    0.7611    0.7638    0.7659    0.7676    0.7689    0.7697    0.7702    0.7704    0.7703    0.77    0.7694    0.7686    0.7676    0.7665    0.7653    0.7639    0.7624    0.7609    0.7593    0.7576    0.7559    0.7541    0.7522    0.7504    
SE80    1.464e-08    1.728    1.735    1.748    1.764    1.781    1.8    1.82    1.838    1.856    1.873    1.889    1.904    1.917    1.929    1.94    1.95    1.959    1.967    1.975    1.982    1.988    1.993    1.999    2.003    2.008    2.011    2.015    2.019    2.022    2.025    2.027    2.03    2.033    2.035    2.037    
BR81    2.232e-08    2.644    2.627    2.616    2.611    2.609    2.609    2.609    2.608    2.606    2.603    2.598    2.592    2.583    2.573    2.561    2.548    2.533    2.518    2.501    2.484    2.465    2.446    2.427    2.407    2.387    2.366    2.345    2.324    2.303    2.282    2.261    2.24    2.219    2.198    2.177    
SE82    2.762e-08    3.259    3.271    3.292    3.32    3.352    3.387    3.422    3.457    3.49    3.522    3.551    3.578    3.603    3.625    3.645    3.663    3.679    3.694    3.707    3.718    3.728    3.737    3.745    3.752    3.758    3.764    3.769    3.773    3.777    3.781    3.784    3.787    3.79    3.792    3.795    
KR82    1.21e-10    0.06518    0.09288    0.1155    0.1366    0.1561    0.1743    0.1911    0.2068    0.2212    0.2346    0.2469    0.2582    0.2685    0.278    0.2867    0.2945    0.3016    0.308    0.3138    0.3189    0.3234    0.3274    0.3309    0.3339    0.3364    0.3386    0.3403    0.3417    0.3427    0.3434    0.3439    0.344    0.3439    0.3436    0.3431    
KR83    3.715e-08    4.447    3.383    2.572    1.975    1.534    1.207    0.9648    0.7835    0.6467    0.5427    0.4626    0.4003    0.3512    0.3119    0.2801    0.254    0.2324    0.2143    0.1991    0.1861    0.1749    0.1653    0.157    0.1498    0.1436    0.1381    0.1333    0.1291    0.1253    0.122    0.1191    0.1165    0.1142    0.1121    0.1102    
KR84    6.641e-08    8.269    9.437    10.34    11.06    11.65    12.12    12.52    12.86    13.14    13.39    13.61    13.8    13.96    14.11    14.24    14.36    14.47    14.56    14.65    14.73    14.8    14.87    14.93    14.98    15.04    15.09    15.13    15.17    15.22    15.25    15.29    15.33    15.36    15.39    15.42    
KR85    1.592e-08    2.039    2.016    1.985    1.961    1.939    1.92    1.902    1.885    1.867    1.849    1.829    1.809    1.788    1.765    1.742    1.718    1.694    1.669    1.644    1.618    1.592    1.566    1.54    1.515    1.489    1.463    1.438    1.413    1.388    1.363    1.339    1.316    1.292    1.269    1.247    
RB85    5.615e-08    7.271    7.387    7.471    7.569    7.678    7.792    7.908    8.022    8.133    8.239    8.34    8.435    8.524    8.608    8.686    8.758    8.826    8.889    8.947    9.002    9.053    9.101    9.146    9.189    9.229    9.266    9.302    9.336    9.369    9.399    9.429    9.457    9.484    9.51    9.535    
KR86    1.1e-07    12.99    13.04    13.13    13.25    13.38    13.53    13.68    13.83    13.98    14.12    14.25    14.37    14.48    14.58    14.67    14.75    14.83    14.9    14.96    15.01    15.06    15.1    15.14    15.17    15.21    15.23    15.26    15.28    15.3    15.32    15.34    15.35    15.37    15.38    15.4    
SR86    2.094e-12    0.006463    0.01784    0.02568    0.03356    0.04151    0.04955    0.05767    0.06586    0.07413    0.08246    0.09086    0.09931    0.1078    0.1164    0.1249    0.1335    0.1422    0.1508    0.1595    0.1682    0.1769    0.1856    0.1943    0.203    0.2117    0.2204    0.2291    0.2378    0.2464    0.2551    0.2637    0.2724    0.281    0.2896    0.2981    
RB87    1.345e-07    16.25    16.35    16.45    16.59    16.75    16.93    17.11    17.29    17.47    17.63    17.79    17.93    18.06    18.18    18.29    18.38    18.47    18.55    18.61    18.67    18.73    18.77    18.82    18.85    18.88    18.91    18.94    18.96    18.98    19    19.01    19.03    19.04    19.05    19.06    
SR88    1.841e-07    23.08    23.29    23.44    23.65    23.89    24.15    24.41    24.68    24.93    25.17    25.4    25.61    25.8    25.97    26.13    26.28    26.41    26.52    26.63    26.72    26.8    26.88    26.95    27.01    27.07    27.12    27.16    27.21    27.24    27.28    27.31    27.34    27.37    27.4    27.42    
SR89    2.451e-07    20.9    4.093    0.897    0.3149    0.2247    0.219    0.2216    0.2198    0.213    0.2024    0.1895    0.1754    0.1608    0.1464    0.1325    0.1194    0.1072    0.096    0.08584    0.07667    0.06844    0.06109    0.05455    0.04875    0.04362    0.0391    0.03511    0.03159    0.0285    0.02578    0.02338    0.02128    0.01942    0.01778    0.01633    
Y89    2.117e-09    8.433    25.32    28.66    29.44    29.78    30.05    30.33    30.6    30.87    31.12    31.36    31.57    31.77    31.94    32.09    32.22    32.33    32.43    32.5    32.57    32.62    32.66    32.68    32.7    32.71    32.72    32.71    32.71    32.69    32.67    32.65    32.63    32.6    32.57    32.54    
SR90    3.099e-07    36.53    36.35    36.26    36.25    36.3    36.37    36.45    36.53    36.6    36.64    36.66    36.65    36.61    36.55    36.46    36.35    36.22    36.07    35.9    35.71    35.51    35.31    35.09    34.86    34.62    34.38    34.14    33.89    33.63    33.37    33.12    32.86    32.59    32.33    32.07    
Y90    3.779e-11    0.01012    0.01087    0.01108    0.01113    0.01117    0.0112    0.01124    0.01128    0.01132    0.01135    0.01137    0.01138    0.01138    0.01138    0.01137    0.01135    0.01132    0.01129    0.01125    0.01121    0.01117    0.01112    0.01106    0.01101    0.01095    0.01089    0.01083    0.01076    0.0107    0.01063    0.01057    0.0105    0.01043    0.01037    0.0103    
ZR90    6.057e-12    0.06959    0.3913    0.7248    1.061    1.397    1.735    2.074    2.413    2.754    3.096    3.438    3.781    4.123    4.466    4.808    5.15    5.491    5.831    6.17    6.508    6.844    7.179    7.512    7.843    8.172    8.5    8.825    9.149    9.47    9.79    10.11    10.42    10.74    11.05    11.36    
Y91    2.04e-07    32.34    8.087    2.148    0.7713    0.4753    0.4234    0.4173    0.4125    0.4012    0.3838    0.3622    0.3382    0.3133    0.2885    0.2645    0.2418    0.2206    0.2011    0.1833    0.1672    0.1527    0.1398    0.1282    0.1179    0.1087    0.1006    0.09347    0.08712    0.0815    0.07653    0.07212    0.06821    0.06474    0.06164    0.05888    
ZR91    1.557e-09    11.19    36.26    42.45    44.18    44.89    45.39    45.86    46.32    46.77    47.2    47.61    47.99    48.33    48.64    48.92    49.16    49.38    49.57    49.74    49.88    50.01    50.11    50.2    50.28    50.34    50.39    50.44    50.47    50.49    50.51    50.52    50.53    50.53    50.53    50.52    
ZR92    4.003e-07    53.75    54.54    54.95    55.48    56.09    56.74    57.41    58.07    58.72    59.33    59.91    60.45    60.95    61.41    61.83    62.22    62.57    62.89    63.19    63.46    63.7    63.93    64.14    64.33    64.51    64.68    64.84    64.98    65.12    65.25    65.38    65.49    65.61    65.72    65.82    
ZR93    3.202e-07    70.08    71.11    71.2    71.45    71.8    72.21    72.63    73.05    73.44    73.79    74.09    74.34    74.53    74.67    74.76    74.8    74.8    74.75    74.67    74.56    74.42    74.25    74.06    73.86    73.63    73.39    73.14    72.87    72.6    72.32    72.03    71.73    71.43    71.13    70.82    
ZR94    6.67e-07    79.31    80.05    80.96    82.04    83.23    84.5    85.79    87.08    88.33    89.55    90.71    91.82    92.87    93.86    94.79    95.67    96.5    97.29    98.04    98.74    99.42    100.1    100.7    101.3    101.8    102.4    102.9    103.4    104    104.4    104.9    105.4    105.9    106.3    106.8    
ZR95    7.522e-07    68.2    18.81    5.498    1.992    1.116    0.9209    0.8833    0.8671    0.8416    0.8034    0.7555    0.7018    0.6456    0.5893    0.5347    0.4828    0.4344    0.3898    0.3492    0.3124    0.2794    0.2498    0.2236    0.2003    0.1797    0.1615    0.1456    0.1315    0.1191    0.1083    0.09875    0.09038    0.08303    0.07656    0.07087    
NB95    5.159e-09    14.61    16.27    5.734    1.898    0.806    0.5306    0.4693    0.4545    0.443    0.4259    0.4033    0.3768    0.3482    0.319    0.2902    0.2627    0.2368    0.2127    0.1907    0.1707    0.1527    0.1366    0.1222    0.1095    0.09815    0.08816    0.07936    0.07162    0.06481    0.05883    0.05358    0.04896    0.04491    0.04135    0.03821    
MO95    5.292e-11    6.81    53.95    76.59    82.66    83.43    82.79    81.83    80.82    79.81    78.8    77.76    76.7    75.6    74.46    73.28    72.07    70.83    69.57    68.28    66.98    65.66    64.35    63.03    61.71    60.4    59.1    57.8    56.53    55.26    54.02    52.79    51.58    50.4    49.23    48.09    
ZR96    8.049e-07    95.05    95.42    96.03    96.84    97.79    98.83    99.89    101    102    103    103.9    104.7    105.5    106.2    106.8    107.3    107.8    108.3    108.7    109    109.3    109.6    109.8    110    110.2    110.4    110.5    110.6    110.7    110.8    110.9    111    111    111.1    111.1    
MO96    1.997e-10    0.1164    1.085    2.899    4.981    7.114    9.234    11.33    13.39    15.42    17.42    19.39    21.32    23.23    25.1    26.93    28.73    30.5    32.22    33.92    35.57    37.18    38.76    40.3    41.8    43.27    44.69    46.09    47.44    48.76    50.04    51.29    52.5    53.68    54.83    55.95    
ZR97    5.149e-07    2.689    0.006093    0.008494    0.01038    0.01158    0.01218    0.0123    0.01206    0.01158    0.01093    0.01019    0.009403    0.008611    0.007839    0.007104    0.006416    0.00578    0.0052    0.004675    0.004203    0.003781    0.003405    0.003071    0.002776    0.002516    0.002286    0.002085    0.001908    0.001752    0.001616    0.001496    0.00139    0.001298    0.001216    0.001145    
MO97    3.592e-07    102.5    105.4    105.8    106.3    107    107.8    108.7    109.5    110.3    111    111.7    112.3    112.9    113.3    113.7    114    114.2    114.4    114.6    114.7    114.7    114.7    114.7    114.7    114.6    114.5    114.4    114.3    114.2    114    113.9    113.7    113.5    113.4    113.2    
MO98    9.382e-07    110.8    111.6    112.7    114    115.5    117.1    118.7    120.4    122    123.5    125    126.4    127.7    128.9    130    131.1    132.1    133    133.9    134.7    135.4    136.1    136.8    137.5    138.1    138.7    139.2    139.8    140.3    140.8    141.3    141.8    142.2    142.7    143.1    
MO99    8.468e-07    12.01    0.02843    0.03936    0.04807    0.05376    0.05672    0.0575    0.05661    0.05454    0.05169    0.04838    0.04483    0.04123    0.0377    0.03433    0.03116    0.02824    0.02556    0.02313    0.02095    0.01899    0.01725    0.0157    0.01434    0.01313    0.01207    0.01114    0.01032    0.009604    0.008976    0.008425    0.007942    0.007519    0.007147    0.006821    
TC99    1.268e-07    111.5    119.7    115.5    111.7    108.3    105.1    102.1    99.24    96.45    93.71    91.01    88.34    85.7    83.07    80.47    77.9    75.36    72.86    70.4    67.98    65.61    63.3    61.05    58.85    56.71    54.64    52.62    50.67    48.79    46.96    45.2    43.5    41.86    40.28    38.76    
MO100    1.136e-06    134.1    134.5    135.4    136.5    137.8    139.2    140.7    142.2    143.6    145    146.3    147.4    148.5    149.4    150.3    151.1    151.7    152.3    152.9    153.3    153.7    154.1    154.4    154.6    154.9    155.1    155.2    155.4    155.5    155.6    155.7    155.7    155.8    155.8    155.9    
RU100    8.115e-11    1.336    6.615    11.66    16.48    21.11    25.56    29.84    33.95    37.91    41.71    45.37    48.88    52.24    55.46    58.54    61.49    64.3    66.97    69.52    71.94    74.23    76.4    78.46    80.4    82.24    83.96    85.59    87.11    88.54    89.88    91.12    92.28    93.36    94.37    95.29    
RU101    9.746e-07    115.8    115.4    115.2    115.4    115.8    116.3    117    117.6    118.2    118.8    119.4    119.9    120.3    120.6    120.9    121.2    121.3    121.5    121.5    121.6    121.6    121.6    121.5    121.5    121.4    121.3    121.2    121.1    121    120.9    120.7    120.6    120.5    120.4    120.3    
RU102    1.005e-06    119.2    120.5    122.1    124    126.1    128.3    130.6    132.8    135    137.2    139.2    141.2    143.1    144.9    146.6    148.2    149.7    151.2    152.6    153.9    155.2    156.4    157.6    158.7    159.8    160.8    161.9    162.9    163.8    164.8    165.7    166.6    167.5    168.4    169.3    
RU103    1.16e-06    90.41    11.12    1.886    0.9286    0.9097    0.9611    0.9876    0.9858    0.9624    0.9242    0.8767    0.8241    0.7697    0.7156    0.6634    0.6142    0.5685    0.5265    0.4885    0.4542    0.4236    0.3963    0.3722    0.351    0.3323    0.316    0.3017    0.2893    0.2785    0.2691    0.2609    0.2539    0.2478    0.2426    0.2381    
RH103    1.264e-08    44.84    98.52    82.9    64.68    50.34    39.56    31.47    25.38    20.75    17.21    14.46    12.3    10.58    9.191    8.058    7.119    6.333    5.669    5.102    4.616    4.196    3.832    3.515    3.239    2.999    2.789    2.606    2.446    2.306    2.184    2.078    1.986    1.905    1.835    1.775    
RU104    1.012e-06    120.5    121.5    122.3    123.4    124.7    126    127.4    128.8    130.2    131.4    132.6    133.7    134.7    135.6    136.4    137.1    137.7    138.3    138.7    139.1    139.5    139.8    140    140.2    140.4    140.5    140.6    140.7    140.7    140.8    140.8    140.8    140.8    140.8    140.8    
PD104    1.931e-11    2.889    29.05    55.08    75.71    91.7    104.2    114    121.8    128.1    133.2    137.5    141    144    146.6    148.8    150.8    152.4    153.9    155.2    156.4    157.4    158.3    159.1    159.8    160.4    161    161.5    162    162.4    162.8    163.2    163.5    163.8    164.1    164.4    
RH105    5.763e-07    4.14    0.01068    0.01453    0.01765    0.01972    0.02085    0.02121    0.02096    0.02028    0.01931    0.01816    0.01691    0.01564    0.01439    0.01319    0.01206    0.01101    0.01005    0.009172    0.008385    0.007679    0.00705    0.006491    0.005996    0.005559    0.005174    0.004836    0.004538    0.004276    0.004047    0.003845    0.003669    0.003513    0.003376    0.003256    
PD105    1.811e-07    73.39    76.86    75.7    74.78    74.03    73.4    72.84    72.3    71.77    71.21    70.63    70.01    69.35    68.65    67.91    67.14    66.34    65.51    64.66    63.79    62.91    62.02    61.13    60.23    59.33    58.43    57.54    56.66    55.78    54.91    54.06    53.22    52.38    51.57    50.76    
RU106    7.421e-07    83.33    66.77    53.8    43.65    35.7    29.45    24.51    20.58    17.42    14.86    12.77    11.03    9.584    8.36    7.318    6.423    5.649    4.978    4.391    3.878    3.428    3.032    2.683    2.376    2.105    1.867    1.656    1.471    1.308    1.164    1.037    0.9258    0.8277    0.7414    0.6655    
PD106    8.525e-08    39.25    58.14    73.73    86.77    97.8    107.2    115.4    122.6    128.9    134.6    139.7    144.3    148.5    152.4    156    159.3    162.4    165.3    168    170.5    172.9    175.1    177.2    179.3    181.2    183    184.8    186.5    188.1    189.6    191.1    192.6    194    195.3    196.6    
PD107    5.576e-07    66.06    65.3    64.71    64.3    64.03    63.86    63.73    63.63    63.52    63.38    63.2    62.97    62.7    62.37    61.99    61.57    61.11    60.6    60.07    59.5    58.91    58.3    57.67    57.03    56.38    55.72    55.05    54.39    53.72    53.05    52.38    51.72    51.06    50.41    49.76    
PD108    3.924e-07    46.33    46.34    46.47    46.71    47.02    47.39    47.77    48.15    48.51    48.84    49.13    49.36    49.54    49.68    49.76    49.79    49.78    49.72    49.63    49.5    49.34    49.15    48.93    48.69    48.43    48.15    47.85    47.54    47.22    46.89    46.54    46.19    45.83    45.47    45.1    
PD109    1.369e-07    0.6437    0.01215    0.01281    0.01339    0.01384    0.01415    0.01433    0.01441    0.0144    0.01433    0.01421    0.01406    0.01389    0.01371    0.01352    0.01333    0.01315    0.01297    0.01279    0.01262    0.01246    0.01231    0.01216    0.01201    0.01187    0.01174    0.01161    0.01149    0.01136    0.01125    0.01113    0.01102    0.01091    0.0108    0.01069    
AG109    1.169e-07    28.6    25.17    21.93    19.36    17.32    15.7    14.4    13.36    12.51    11.82    11.24    10.75    10.34    9.978    9.664    9.387    9.14    8.918    8.717    8.533    8.365    8.21    8.067    7.933    7.808    7.691    7.581    7.477    7.379    7.285    7.195    7.109    7.026    6.946    6.869    
PD110    1.124e-07    13.26    13.32    13.41    13.54    13.7    13.87    14.05    14.24    14.42    14.6    14.76    14.91    15.06    15.19    15.3    15.41    15.5    15.58    15.66    15.72    15.78    15.83    15.87    15.91    15.94    15.96    15.99    16.01    16.03    16.04    16.05    16.06    16.07    16.08    16.08    
AG110M    5.644e-12    0.06049    0.2196    0.2919    0.3164    0.3158    0.3033    0.2859    0.2675    0.25    0.2342    0.2203    0.2083    0.1979    0.1891    0.1814    0.1747    0.1689    0.1638    0.1593    0.1552    0.1516    0.1483    0.1453    0.1425    0.1399    0.1376    0.1354    0.1333    0.1314    0.1295    0.1278    0.1261    0.1246    0.1231    0.1216    
CD110    1.271e-10    1.549    6.842    11.37    15.28    18.68    21.67    24.31    26.68    28.82    30.77    32.56    34.21    35.74    37.16    38.49    39.74    40.92    42.02    43.07    44.06    44.99    45.88    46.73    47.53    48.29    49.01    49.7    50.35    50.98    51.57    52.13    52.67    53.18    53.67    54.13    
AG111    4.761e-08    1.684    0.008886    0.01198    0.01401    0.01517    0.01569    0.01575    0.01548    0.01497    0.01432    0.01358    0.01281    0.01202    0.01126    0.01052    0.009837    0.009199    0.008613    0.008079    0.007596    0.00716    0.006769    0.006419    0.006106    0.005828    0.00558    0.005359    0.005162    0.004987    0.004831    0.004692    0.004567    0.004455    0.004355    0.004264    
CD111    2.808e-09    5.5    7.064    7.069    7.17    7.345    7.578    7.853    8.161    8.494    8.844    9.208    9.582    9.962    10.35    10.74    11.13    11.52    11.91    12.3    12.69    13.08    13.46    13.85    14.23    14.61    14.98    15.36    15.72    16.09    16.45    16.81    17.16    17.51    17.85    18.19    
CD112    7.325e-09    2.484    2.827    3.086    3.353    3.628    3.914    4.21    4.515    4.831    5.156    5.491    5.836    6.191    6.555    6.929    7.314    7.708    8.113    8.528    8.953    9.39    9.836    10.29    10.76    11.24    11.73    12.23    12.74    13.26    13.79    14.33    14.88    15.44    16.01    16.59    
CD113M    2.275e-10    0.02941    0.03128    0.03323    0.03543    0.03786    0.04051    0.04335    0.0464    0.04962    0.05302    0.0566    0.06036    0.0643    0.06842    0.07273    0.07723    0.08194    0.08685    0.09197    0.09731    0.1029    0.1087    0.1147    0.121    0.1275    0.1343    0.1414    0.1487    0.1562    0.1641    0.1722    0.1806    0.1893    0.1983    0.2076    
CD114    1.231e-08    2.845    2.983    3.009    3.043    3.085    3.132    3.182    3.233    3.286    3.338    3.389    3.439    3.488    3.536    3.582    3.627    3.67    3.714    3.756    3.798    3.84    3.883    3.925    3.968    4.012    4.056    4.101    4.148    4.196    4.245    4.295    4.347    4.401    4.456    4.514    
IN115    1.032e-09    0.6439    0.3695    0.1856    0.09695    0.05578    0.03702    0.02855    0.02467    0.02274    0.02158    0.02068    0.01985    0.01902    0.01819    0.01736    0.01655    0.01579    0.01507    0.01442    0.01382    0.01329    0.01281    0.0124    0.01204    0.01173    0.01147    0.01125    0.01107    0.01092    0.01081    0.01073    0.01067    0.01063    0.01062    0.01063    
SN115    3.955e-11    0.02848    0.02938    0.02778    0.02637    0.0251    0.02395    0.0229    0.02192    0.02101    0.02014    0.01931    0.01852    0.01776    0.01703    0.01632    0.01565    0.01499    0.01437    0.01377    0.0132    0.01265    0.01213    0.01163    0.01116    0.01071    0.01029    0.009893    0.009518    0.009164    0.008832    0.00852    0.008229    0.007957    0.007703    0.007467    
CD116    6.853e-09    0.8097    0.8138    0.8191    0.8261    0.8344    0.8434    0.8527    0.862    0.871    0.8795    0.8875    0.8949    0.9017    0.9078    0.9133    0.9183    0.9227    0.9266    0.93    0.9331    0.9358    0.9382    0.9403    0.9421    0.9437    0.9451    0.9463    0.9474    0.9484    0.9492    0.9499    0.9506    0.9511    0.9516    0.952    
SN116    4.256e-12    0.1391    0.5436    0.7478    0.8518    0.9085    0.9434    0.9683    0.9887    1.007    1.024    1.04    1.055    1.07    1.084    1.097    1.11    1.122    1.133    1.144    1.154    1.164    1.173    1.182    1.19    1.198    1.206    1.214    1.222    1.229    1.236    1.243    1.25    1.257    1.264    1.271    
SN117    6.262e-09    0.8141    0.8204    0.8232    0.828    0.8342    0.841    0.8481    0.8552    0.8619    0.8682    0.8739    0.879    0.8835    0.8874    0.8907    0.8935    0.8957    0.8975    0.8989    0.8999    0.9006    0.9009    0.9011    0.9009    0.9006    0.9001    0.8995    0.8987    0.8978    0.8969    0.8958    0.8947    0.8935    0.8922    0.8909    
SN118    6.796e-09    0.8159    0.8232    0.8316    0.8417    0.8531    0.8652    0.8776    0.89    0.902    0.9136    0.9247    0.9352    0.9451    0.9544    0.9631    0.9712    0.9789    0.9861    0.9928    0.9992    1.005    1.011    1.016    1.022    1.026    1.031    1.036    1.04    1.045    1.049    1.053    1.057    1.061    1.065    1.068    
SN119    7.003e-09    0.8321    0.8367    0.8422    0.849    0.8565    0.8645    0.8724    0.8801    0.8874    0.8941    0.9002    0.9056    0.9104    0.9145    0.918    0.9208    0.9232    0.9251    0.9265    0.9275    0.9282    0.9285    0.9286    0.9285    0.9281    0.9275    0.9268    0.9259    0.9249    0.9238    0.9226    0.9213    0.92    0.9186    0.9171    
SN120    7.219e-09    0.8528    0.8587    0.8668    0.8769    0.8881    0.9002    0.9124    0.9246    0.9365    0.948    0.9589    0.9691    0.9788    0.9878    0.9962    1.004    1.011    1.018    1.025    1.031    1.036    1.042    1.047    1.052    1.056    1.061    1.065    1.069    1.073    1.077    1.081    1.084    1.088    1.091    1.095    
SB121    2.221e-09    0.8822    0.9062    0.8952    0.8864    0.879    0.8725    0.8663    0.8602    0.8539    0.8471    0.8399    0.8322    0.8239    0.8152    0.8059    0.7963    0.7863    0.776    0.7654    0.7546    0.7437    0.7326    0.7215    0.7103    0.6991    0.688    0.6768    0.6657    0.6547    0.6438    0.633    0.6223    0.6117    0.6012    0.5909    
SN122    8.002e-09    0.9442    0.948    0.9543    0.9626    0.9722    0.9825    0.9931    1.004    1.014    1.023    1.032    1.04    1.048    1.055    1.061    1.066    1.071    1.075    1.079    1.083    1.086    1.089    1.091    1.093    1.095    1.097    1.099    1.1    1.101    1.102    1.103    1.104    1.105    1.106    1.106    
TE122    7.642e-14    0.004366    0.02124    0.03774    0.05388    0.06971    0.08524    0.1005    0.1155    0.1302    0.1446    0.1588    0.1726    0.1862    0.1995    0.2125    0.2251    0.2375    0.2495    0.2612    0.2726    0.2837    0.2944    0.3049    0.315    0.3248    0.3343    0.3435    0.3523    0.3609    0.3692    0.3772    0.385    0.3924    0.3996    0.4065    
SB123    7.17e-09    0.8871    0.9855    1.035    1.06    1.072    1.079    1.081    1.082    1.082    1.08    1.078    1.074    1.07    1.065    1.059    1.053    1.046    1.038    1.03    1.022    1.013    1.004    0.9947    0.9852    0.9756    0.9658    0.956    0.946    0.936    0.926    0.916    0.906    0.8961    0.8861    0.8763    
SN124    1.192e-08    1.406    1.41    1.418    1.428    1.441    1.454    1.468    1.482    1.495    1.507    1.518    1.528    1.537    1.545    1.552    1.558    1.563    1.568    1.572    1.575    1.578    1.58    1.582    1.583    1.584    1.585    1.586    1.586    1.586    1.586    1.586    1.586    1.585    1.585    1.584    
SB124    1.742e-11    0.003923    0.008146    0.009668    0.01029    0.01056    0.01069    0.01075    0.01077    0.01078    0.01077    0.01075    0.01072    0.01069    0.01064    0.01059    0.01053    0.01046    0.01039    0.01031    0.01023    0.01015    0.01006    0.009968    0.009874    0.009779    0.009683    0.009585    0.009487    0.009387    0.009288    0.009188    0.009089    0.008989    0.00889    0.008791    
TE124    2.029e-12    0.001345    0.009086    0.02035    0.03295    0.04613    0.05959    0.07321    0.08691    0.1007    0.1144    0.1282    0.142    0.1557    0.1694    0.1831    0.1967    0.2102    0.2236    0.237    0.2502    0.2633    0.2764    0.2893    0.3021    0.3147    0.3272    0.3396    0.3518    0.3639    0.3758    0.3876    0.3993    0.4108    0.4221    0.4333    
SB125    1.636e-08    2.953    3.146    2.91    2.699    2.51    2.337    2.18    2.034    1.9    1.774    1.656    1.546    1.443    1.346    1.255    1.17    1.09    1.015    0.9447    0.879    0.8176    0.7602    0.7067    0.6567    0.6103    0.567    0.5267    0.4893    0.4546    0.4223    0.3924    0.3647    0.339    0.3152    0.2932    
TE125    5.577e-12    0.04554    0.2863    0.5302    0.7599    0.9735    1.172    1.356    1.527    1.685    1.833    1.97    2.098    2.216    2.326    2.427    2.522    2.609    2.689    2.764    2.832    2.896    2.954    3.008    3.057    3.102    3.144    3.182    3.216    3.248    3.277    3.304    3.328    3.35    3.369    3.387    
TE125M    1.761e-12    0.01012    0.03481    0.03841    0.03705    0.03474    0.0324    0.0302    0.02817    0.0263    0.02455    0.02293    0.02141    0.01998    0.01865    0.01739    0.01622    0.01512    0.01408    0.01311    0.01221    0.01136    0.01056    0.009823    0.009132    0.008487    0.007888    0.007329    0.00681    0.006328    0.00588    0.005464    0.005079    0.004721    0.00439    0.004084    
SN126    4.112e-08    4.852    4.867    4.896    4.934    4.979    5.026    5.075    5.122    5.167    5.209    5.248    5.284    5.316    5.344    5.37    5.392    5.412    5.429    5.444    5.457    5.468    5.478    5.486    5.493    5.499    5.504    5.508    5.511    5.514    5.516    5.518    5.519    5.52    5.52    5.52    
TE126    5.678e-10    0.1208    0.1608    0.1725    0.1845    0.1968    0.2093    0.2218    0.2344    0.247    0.2596    0.2722    0.2847    0.2972    0.3096    0.322    0.3343    0.3466    0.3588    0.371    0.3831    0.3952    0.4072    0.4191    0.431    0.4429    0.4547    0.4665    0.4782    0.4899    0.5016    0.5132    0.5247    0.5362    0.5477    0.5592    
TE127M    1.517e-09    1.375    0.7543    0.3549    0.174    0.09256    0.05597    0.03937    0.03151    0.02736    0.02471    0.02265    0.02081    0.01907    0.0174    0.01581    0.01431    0.01291    0.01163    0.01045    0.009396    0.008445    0.007596    0.006842    0.006173    0.005583    0.005063    0.004606    0.004205    0.003854    0.003546    0.003276    0.00304    0.002833    0.002651    0.002492    
I127    4.547e-09    10.2    12.58    12.85    12.92    12.91    12.87    12.81    12.74    12.67    12.58    12.49    12.39    12.29    12.17    12.05    11.93    11.8    11.66    11.52    11.38    11.24    11.09    10.95    10.8    10.65    10.5    10.35    10.2    10.06    9.911    9.766    9.622    9.48    9.339    9.199    
TE128    1.656e-07    20.9    21.07    21.21    21.4    21.61    21.83    22.05    22.28    22.49    22.69    22.87    23.04    23.2    23.34    23.46    23.57    23.68    23.76    23.84    23.92    23.98    24.04    24.08    24.13    24.17    24.2    24.23    24.26    24.29    24.31    24.33    24.35    24.36    24.38    24.39    
XE128    2.273e-11    0.04606    0.2383    0.4359    0.6345    0.8323    1.028    1.223    1.415    1.604    1.792    1.977    2.159    2.339    2.516    2.69    2.862    3.03    3.195    3.357    3.516    3.672    3.825    3.975    4.121    4.265    4.405    4.542    4.676    4.807    4.935    5.06    5.181    5.3    5.417    5.53    
TE129M    4.201e-08    3.335    0.2929    0.04055    0.02377    0.02513    0.02659    0.02696    0.02645    0.02534    0.02385    0.02214    0.02035    0.01854    0.0168    0.01514    0.0136    0.01218    0.01089    0.009721    0.008676    0.007744    0.006916    0.006183    0.005536    0.004966    0.004465    0.004025    0.003639    0.003301    0.003004    0.002744    0.002516    0.002315    0.002139    0.001984    
I129    2.412e-07    33.33    34.81    33.35    31.83    30.42    29.11    27.89    26.73    25.62    24.55    23.51    22.51    21.54    20.59    19.68    18.79    17.93    17.1    16.3    15.53    14.78    14.07    13.38    12.73    12.1    11.5    10.92    10.37    9.852    9.354    8.881    8.43    8.001    7.594    7.207    
XE129    7.593e-15    5.859e-05    0.0008627    0.00275    0.005698    0.009669    0.01462    0.0205    0.02727    0.03489    0.0433    0.05247    0.06236    0.07292    0.08412    0.09591    0.1083    0.1211    0.1345    0.1483    0.1626    0.1772    0.1921    0.2074    0.223    0.2389    0.255    0.2712    0.2877    0.3044    0.3212    0.3381    0.355    0.3721    0.3892    0.4064    
TE130    5.249e-07    62.23    62.46    62.84    63.36    63.96    64.6    65.27    65.93    66.56    67.16    67.71    68.22    68.68    69.09    69.47    69.8    70.09    70.35    70.57    70.77    70.95    71.1    71.23    71.34    71.44    71.52    71.6    71.66    71.71    71.75    71.79    71.82    71.85    71.87    71.88    
XE130    6.635e-10    0.6652    2.683    4.627    6.465    8.201    9.844    11.4    12.87    14.27    15.59    16.83    18.01    19.12    20.17    21.15    22.07    22.93    23.74    24.5    25.2    25.85    26.46    27.02    27.53    28.01    28.44    28.84    29.21    29.54    29.84    30.1    30.34    30.56    30.74    30.91    
I131    6.584e-07    28.74    0.06598    0.09053    0.1105    0.1231    0.1293    0.1304    0.1278    0.1225    0.1156    0.1076    0.09925    0.09083    0.08263    0.07484    0.06755    0.06083    0.05469    0.04914    0.04416    0.0397    0.03573    0.03221    0.0291    0.02636    0.02395    0.02182    0.01996    0.01832    0.01689    0.01563    0.01452    0.01355    0.01269    0.01194    
XE131    3.527e-08    82.77    96.02    81.88    70.14    60.35    52.17    45.29    39.48    34.54    30.33    26.71    23.59    20.9    18.56    16.52    14.74    13.19    11.83    10.64    9.592    8.674    7.869    7.161    6.54    5.994    5.516    5.096    4.727    4.404    4.12    3.871    3.653    3.462    3.295    3.148    
TE132    9.713e-07    15.97    0.03452    0.04898    0.06036    0.06764    0.0713    0.07207    0.07068    0.06778    0.06389    0.05942    0.05468    0.0499    0.04523    0.04078    0.03662    0.03278    0.02927    0.02609    0.02323    0.02068    0.0184    0.01638    0.0146    0.01302    0.01163    0.01041    0.009344    0.008403    0.007578    0.006854    0.006218    0.005659    0.005168    0.004735    
XE132    1.57e-07    133.5    167.9    183.6    197.4    209.7    220.5    230.1    238.7    246.2    253    258.9    264.2    268.9    273.1    276.8    280.1    283    285.6    287.9    289.9    291.7    293.3    294.8    296.1    297.2    298.2    299.2    300    300.7    301.4    302    302.6    303.1    303.6    304    
I133    9.665e-07    5.768    0.01245    0.01768    0.02182    0.0245    0.02588    0.02621    0.02575    0.02473    0.02334    0.02173    0.02002    0.01829    0.01659    0.01497    0.01345    0.01204    0.01076    0.009593    0.008544    0.007606    0.00677    0.006028    0.005371    0.004792    0.004281    0.003832    0.003438    0.003091    0.002787    0.00252    0.002286    0.002079    0.001898    0.001738    
XE133    4.761e-07    34.43    0.08351    0.1155    0.1409    0.1576    0.1664    0.1688    0.1665    0.1609    0.1529    0.1437    0.1338    0.1237    0.1138    0.1043    0.09545    0.08724    0.07972    0.07291    0.06677    0.06128    0.05639    0.05205    0.04821    0.04482    0.04184    0.03922    0.03691    0.03489    0.03312    0.03156    0.03019    0.029    0.02794    0.02701    
CS133    3.453e-08    161.2    191.5    181    171.6    163.1    155.3    148    141.2    134.7    128.6    122.7    117    111.5    106.3    101.2    96.37    91.69    87.19    82.87    78.72    74.76    70.96    67.34    63.88    60.59    57.46    54.48    51.65    48.97    46.42    44.01    41.72    39.56    37.51    35.58    
XE134    1.579e-06    194.1    195.3    196.5    198.1    200.1    202.3    204.6    206.9    209.1    211.2    213.2    215    216.6    218.2    219.5    220.7    221.8    222.8    223.6    224.4    225.1    225.6    226.1    226.6    227    227.3    227.6    227.9    228.1    228.3    228.4    228.6    228.7    228.8    228.9    
CS134    1.057e-10    2.621    12.3    18.35    21.96    23.97    24.9    25.14    24.93    24.44    23.76    22.97    22.13    21.25    20.37    19.49    18.62    17.77    16.94    16.14    15.36    14.61    13.9    13.2    12.54    11.91    11.3    10.73    10.18    9.653    9.155    8.681    8.231    7.805    7.401    7.018    
BA134    8.306e-14    0.05243    0.8154    2.454    4.628    7.107    9.742    12.43    15.12    17.75    20.31    22.78    25.15    27.41    29.57    31.62    33.57    35.41    37.15    38.8    40.35    41.82    43.19    44.49    45.7    46.83    47.9    48.89    49.82    50.68    51.49    52.24    52.93    53.57    54.17    54.71    
CS135    6.332e-08    8.565    12.37    16.39    21.63    27.53    33.73    40    46.17    52.14    57.87    63.31    68.44    73.27    77.78    81.98    85.88    89.49    92.81    95.87    98.66    101.2    103.5    105.6    107.5    109.2    110.6    111.9    113.1    114    114.9    115.5    116.1    116.5    116.8    117    
BA135    1.027e-12    0.0002246    0.001951    0.009554    0.02594    0.05274    0.09078    0.1403    0.2013    0.2734    0.3562    0.4492    0.5518    0.6634    0.7834    0.9112    1.046    1.188    1.336    1.49    1.648    1.812    1.979    2.151    2.325    2.503    2.683    2.866    3.05    3.236    3.423    3.611    3.8    3.99    4.18    4.369    
XE136    2.891e-06    363.1    364.5    366.9    370.2    374    378.1    382.5    386.8    391    394.9    398.7    402.2    405.4    408.3    410.9    413.2    415.4    417.3    418.9    420.5    421.8    423    424    425    425.8    426.6    427.3    427.8    428.4    428.9    429.3    429.7    430.1    430.4    430.7    
CS136    2.323e-08    1.046    0.03799    0.0479    0.06309    0.08004    0.0977    0.1154    0.1328    0.1496    0.1656    0.1808    0.1952    0.2086    0.2213    0.233    0.2439    0.2541    0.2634    0.272    0.2799    0.2871    0.2936    0.2995    0.3048    0.3096    0.3138    0.3175    0.3207    0.3235    0.3258    0.3278    0.3293    0.3306    0.3314    0.332    
BA136    8.269e-10    1.825    3.01    3.23    3.522    3.899    4.368    4.932    5.59    6.338    7.175    8.094    9.093    10.17    11.31    12.52    13.79    15.12    16.5    17.93    19.4    20.91    22.46    24.05    25.67    27.31    28.98    30.68    32.39    34.12    35.86    37.62    39.39    41.16    42.94    44.73    
CS137    1.468e-06    173.1    172.6    172.5    172.8    173.3    174    174.8    175.6    176.3    176.9    177.4    177.8    178    178.1    178    177.9    177.6    177.2    176.7    176.2    175.5    174.8    174.1    173.3    172.4    171.6    170.7    169.7    168.8    167.8    166.8    165.8    164.8    163.8    162.7    
BA137    7.43e-10    0.3806    1.686    2.98    4.265    5.545    6.821    8.093    9.363    10.63    11.89    13.15    14.41    15.66    16.9    18.13    19.35    20.57    21.77    22.97    24.15    25.32    26.48    27.63    28.76    29.88    30.98    32.08    33.16    34.22    35.27    36.31    37.33    38.35    39.34    40.33    
BA138    1.283e-06    153.6    154.3    155.3    156.7    158.3    160.1    161.9    163.8    165.7    167.4    169.1    170.7    172.1    173.4    174.6    175.8    176.8    177.7    178.6    179.3    180.1    180.7    181.3    181.9    182.4    182.9    183.4    183.8    184.2    184.6    185    185.4    185.8    186.2    186.5    
LA139    1.24e-06    150.3    149.4    148.6    148.1    147.9    147.9    147.9    147.9    147.9    147.8    147.5    147.2    146.8    146.2    145.6    144.8    144    143    142    141    139.8    138.7    137.4    136.2    134.9    133.6    132.3    131    129.6    128.3    126.9    125.6    124.2    122.9    121.6    
BA140    1.22e-06    53.33    0.2168    0.2069    0.2631    0.301    0.3221    0.3293    0.3259    0.3148    0.2985    0.279    0.2578    0.236    0.2146    0.1939    0.1745    0.1565    0.1399    0.1249    0.1113    0.09911    0.08825    0.0786    0.07006    0.06251    0.05585    0.04999    0.04484    0.04031    0.03633    0.03284    0.02978    0.02708    0.02471    0.02262    
LA140    3.854e-08    7.074    0.07651    0.07343    0.08067    0.08559    0.08834    0.08928    0.08884    0.08736    0.08518    0.08255    0.07966    0.07666    0.07367    0.07075    0.06796    0.06532    0.06286    0.06057    0.05845    0.0565    0.0547    0.05306    0.05155    0.05016    0.04888    0.0477    0.04661    0.0456    0.04465    0.04378    0.04295    0.04218    0.04145    0.04076    
CE140    8.871e-09    96.62    159.1    161.9    165    168.4    171.9    175.5    179.1    182.6    186.1    189.4    192.7    195.8    198.8    201.6    204.4    207    209.5    211.9    214.2    216.4    218.6    220.7    222.7    224.6    226.5    228.3    230.1    231.8    233.5    235.1    236.8    238.3    239.9    241.4    
CE141    1.119e-06    87.94    6.931    0.989    0.6738    0.7359    0.7886    0.81    0.806    0.7835    0.7484    0.7055    0.6584    0.6099    0.5619    0.5157    0.4722    0.4317    0.3947    0.361    0.3307    0.3036    0.2795    0.2581    0.2392    0.2226    0.208    0.1952    0.1841    0.1743    0.1658    0.1584    0.1519    0.1463    0.1414    0.1372    
PR141    1.501e-08    56.68    135.9    140    138.8    137.5    136.4    135.4    134.4    133.4    132.4    131.3    130.2    128.9    127.6    126.2    124.7    123.1    121.5    119.9    118.2    116.5    114.8    113    111.3    109.5    107.8    106    104.3    102.5    100.8    99.12    97.44    95.79    94.15    92.54    
CE142    1.122e-06    138    139.7    140.5    141.6    142.8    144.2    145.7    147.1    148.5    149.8    151    152.2    153.2    154    154.8    155.5    156.1    156.6    157.1    157.4    157.7    158    158.2    158.3    158.4    158.5    158.6    158.6    158.6    158.6    158.5    158.5    158.4    158.3    158.2    
PR142    1.191e-12    0.01353    0.03245    0.03342    0.03315    0.03284    0.03257    0.03233    0.0321    0.03186    0.03162    0.03136    0.03108    0.03078    0.03046    0.03013    0.02977    0.02941    0.02902    0.02863    0.02823    0.02782    0.02741    0.02699    0.02657    0.02615    0.02573    0.02531    0.0249    0.02448    0.02407    0.02367    0.02327    0.02287    0.02248    0.0221    
ND142    4.813e-13    0.2649    2.71    5.504    8.225    10.85    13.38    15.83    18.2    20.48    22.69    24.82    26.87    28.84    30.74    32.56    34.31    35.98    37.57    39.09    40.54    41.92    43.23    44.46    45.63    46.74    47.78    48.76    49.67    50.53    51.33    52.08    52.77    53.41    54    54.55    
CE143    7.929e-07    6.478    0.01769    0.02358    0.02827    0.03133    0.03293    0.03335    0.03289    0.03179    0.03027    0.0285    0.02661    0.02469    0.0228    0.021    0.01931    0.01774    0.01631    0.01501    0.01384    0.01279    0.01185    0.01102    0.01028    0.00963    0.009056    0.00855    0.008104    0.007713    0.007368    0.007065    0.006798    0.006563    0.006355    0.006172    
PR143    2.562e-07    45.34    0.2523    0.2119    0.2597    0.2918    0.3096    0.3156    0.3127    0.3033    0.2896    0.2732    0.2554    0.2372    0.2193    0.2021    0.1858    0.1708    0.1569    0.1444    0.1331    0.1229    0.1138    0.1058    0.09865    0.09233    0.08676    0.08185    0.07753    0.07373    0.07038    0.06743    0.06484    0.06256    0.06054    0.05876    
ND143    7.011e-09    68.82    79.12    51.74    34.37    23.44    16.58    12.27    9.559    7.839    6.731    6.001    5.504    5.151    4.889    4.685    4.522    4.387    4.275    4.18    4.1    4.033    3.979    3.934    3.899    3.872    3.853    3.839    3.831    3.828    3.828    3.831    3.836    3.844    3.852    3.862    
CE144    8.961e-07    99.18    74.29    55.99    42.57    32.73    25.48    20.12    16.13    13.12    10.83    9.055    7.663    6.552    5.649    4.904    4.28    3.752    3.299    2.908    2.569    2.272    2.012    1.783    1.582    1.405    1.249    1.112    0.9909    0.8844    0.7906    0.7082    0.6356    0.5717    0.5156    0.4661    
ND144    1.628e-09    16.24    84.18    131.3    163.7    186.5    202.8    214.7    223.7    230.7    236.2    240.7    244.5    247.7    250.4    252.8    254.9    256.8    258.4    259.9    261.2    262.4    263.5    264.4    265.3    266.1    266.8    267.5    268.2    268.8    269.4    269.9    270.4    270.9    271.4    271.9    
ND145    6.405e-07    84.17    80.08    76    72.54    69.57    66.96    64.62    62.47    60.47    58.59    56.8    55.08    53.43    51.83    50.29    48.8    47.36    45.97    44.63    43.35    42.12    40.94    39.81    38.74    37.72    36.75    35.82    34.95    34.12    33.33    32.59    31.9    31.24    30.62    30.03    
ND146    5.964e-07    72.78    78.64    84.31    89.87    95.32    100.6    105.8    110.8    115.6    120.3    124.7    129    133.1    137    140.8    144.4    147.8    151.1    154.2    157.2    160.1    162.9    165.5    168.1    170.5    172.9    175.2    177.3    179.5    181.5    183.5    185.4    187.3    189.1    190.8    
ND147    4.752e-07    18.68    0.08157    0.09755    0.1183    0.1328    0.1416    0.1458    0.1463    0.1442    0.1402    0.1351    0.1293    0.1233    0.1174    0.1116    0.1062    0.1013    0.09674    0.09268    0.08908    0.08591    0.08314    0.08074    0.07869    0.07693    0.07546    0.07422    0.07319    0.07236    0.07168    0.07115    0.07074    0.07044    0.07023    0.0701    
PM147    1.877e-08    34.4    30.26    17.33    10.21    6.311    4.185    3.025    2.387    2.025    1.808    1.665    1.558    1.471    1.393    1.322    1.256    1.194    1.138    1.086    1.038    0.996    0.9583    0.9251    0.8961    0.8709    0.8492    0.8307    0.8151    0.8019    0.7911    0.7822    0.775    0.7693    0.765    0.7617    
SM147    7.047e-12    0.6113    3.76    5.263    5.773    5.775    5.531    5.181    4.799    4.42    4.062    3.731    3.429    3.154    2.904    2.677    2.47    2.283    2.113    1.957    1.816    1.688    1.571    1.465    1.369    1.282    1.203    1.131    1.067    1.008    0.956    0.9089    0.8665    0.8286    0.7946    0.7643    
ND148    4.103e-07    48.99    49.05    49.16    49.39    49.69    50.05    50.42    50.8    51.16    51.49    51.78    52.04    52.26    52.43    52.57    52.67    52.74    52.77    52.78    52.76    52.72    52.66    52.58    52.48    52.37    52.25    52.12    51.97    51.82    51.67    51.5    51.34    51.16    50.99    50.81    
PM148    3.26e-11    0.681    0.6164    0.3541    0.2084    0.1286    0.08515    0.06144    0.04839    0.041    0.03656    0.03364    0.03148    0.02971    0.02814    0.02671    0.02537    0.02413    0.02298    0.02193    0.02097    0.02012    0.01935    0.01868    0.01809    0.01758    0.01715    0.01677    0.01645    0.01619    0.01597    0.01579    0.01564    0.01553    0.01544    0.01537    
PM148M    1.319e-11    0.26    0.235    0.135    0.07945    0.04905    0.03247    0.02343    0.01845    0.01563    0.01394    0.01283    0.01201    0.01133    0.01073    0.01019    0.009676    0.009202    0.008764    0.008363    0.007999    0.007672    0.007382    0.007125    0.006901    0.006707    0.00654    0.006397    0.006276    0.006175    0.006091    0.006022    0.005966    0.005923    0.005889    0.005864    
SM148    1.984e-12    2.227    13.41    20.5    24.89    27.77    29.79    31.3    32.51    33.53    34.42    35.21    35.93    36.57    37.16    37.7    38.18    38.62    39.02    39.39    39.72    40.01    40.28    40.53    40.75    40.95    41.14    41.3    41.46    41.6    41.73    41.85    41.97    42.07    42.17    42.26    
PM149    2.445e-07    3.095    0.2296    0.14    0.09095    0.06437    0.04989    0.04184    0.03712    0.03409    0.0319    0.03011    0.02852    0.02705    0.02565    0.02433    0.02308    0.02193    0.02086    0.01988    0.019    0.0182    0.01749    0.01685    0.01629    0.01579    0.01535    0.01496    0.01463    0.01433    0.01407    0.01385    0.01365    0.01348    0.01333    0.01319    
SM149    3.224e-08    1.004    0.07516    0.04649    0.03082    0.02236    0.01777    0.01524    0.01378    0.01285    0.01219    0.01165    0.01117    0.01073    0.01031    0.009908    0.009532    0.00918    0.008855    0.008558    0.008289    0.008046    0.007829    0.007636    0.007465    0.007315    0.007182    0.007066    0.006965    0.006877    0.0068    0.006733    0.006675    0.006625    0.006582    0.006544    
ND150    2.443e-07    28.8    28.84    28.96    29.15    29.38    29.65    29.93    30.21    30.48    30.73    30.96    31.18    31.36    31.53    31.67    31.78    31.88    31.96    32.02    32.07    32.1    32.12    32.13    32.13    32.12    32.1    32.08    32.05    32.01    31.97    31.93    31.88    31.83    31.78    31.72    
SM150    2.099e-08    36.09    43.05    42.46    39.96    36.73    33.39    30.2    27.28    24.67    22.36    20.32    18.51    16.92    15.52    14.27    13.17    12.18    11.3    10.52    9.819    9.194    8.635    8.136    7.69    7.292    6.936    6.619    6.337    6.085    5.862    5.662    5.486    5.329    5.189    5.066    
SM151    4.877e-08    3.62    0.3894    0.3875    0.3681    0.3415    0.3131    0.2853    0.2595    0.236    0.2149    0.1961    0.1793    0.1643    0.1509    0.139    0.1284    0.1189    0.1104    0.1028    0.09603    0.08996    0.08455    0.07971    0.07539    0.07153    0.06809    0.06503    0.0623    0.05987    0.05771    0.05579    0.05409    0.05258    0.05123    0.05004    
SM152    1.539e-07    36.52    32.26    26.82    23.11    20.36    18.18    16.36    14.78    13.39    12.15    11.05    10.06    9.177    8.383    7.672    7.034    6.463    5.951    5.492    5.082    4.714    4.385    4.091    3.828    3.594    3.384    3.197    3.03    2.881    2.749    2.631    2.526    2.433    2.351    2.277    
SM153    7.624e-08    1.228    0.3854    0.3212    0.2777    0.2455    0.2198    0.1982    0.1794    0.1628    0.1479    0.1346    0.1226    0.1118    0.1021    0.09345    0.08564    0.07864    0.07236    0.06673    0.06169    0.05717    0.05314    0.04952    0.0463    0.04342    0.04085    0.03855    0.03651    0.03469    0.03307    0.03162    0.03034    0.0292    0.02819    0.0273    
EU153    1.76e-08    12.63    17.91    18.2    17.02    15.46    13.93    12.54    11.31    10.22    9.259    8.401    7.634    6.946    6.329    5.776    5.279    4.833    4.432    4.073    3.751    3.463    3.205    2.973    2.767    2.582    2.416    2.269    2.137    2.02    1.915    1.822    1.739    1.665    1.6    1.542    
SM154    7.077e-08    8.549    8.75    8.926    9.091    9.248    9.397    9.535    9.66    9.773    9.871    9.954    10.02    10.08    10.12    10.15    10.17    10.17    10.17    10.16    10.14    10.12    10.09    10.05    10.01    9.966    9.917    9.866    9.813    9.757    9.699    9.64    9.579    9.518    9.455    9.392    
EU154    7.026e-11    1.595    5.394    6.416    6.327    5.863    5.316    4.791    4.318    3.898    3.527    3.197    2.902    2.639    2.403    2.191    2.001    1.83    1.677    1.539    1.416    1.305    1.206    1.118    1.038    0.9674    0.904    0.8473    0.7968    0.7517    0.7115    0.6757    0.6438    0.6154    0.5902    0.5678    
GD154    9.938e-15    0.007635    0.09353    0.2289    0.3594    0.4673    0.5496    0.6087    0.6484    0.6722    0.6833    0.6845    0.6777    0.6649    0.6474    0.6264    0.603    0.578    0.5519    0.5254    0.4988    0.4725    0.4468    0.4219    0.3978    0.3748    0.3529    0.3322    0.3126    0.2941    0.2769    0.2607    0.2457    0.2317    0.2188    0.2068    
EU155    4.225e-08    2.143    1.67    2.127    2.146    2.007    1.828    1.652    1.491    1.348    1.222    1.109    1.008    0.9184    0.8376    0.765    0.6998    0.6412    0.5886    0.5414    0.499    0.461    0.427    0.3965    0.3692    0.3448    0.3229    0.3034    0.2859    0.2704    0.2565    0.2441    0.233    0.2232    0.2144    0.2066    
EU156    1.828e-08    2.856    1.602    2.195    2.278    2.153    1.969    1.782    1.61    1.455    1.319    1.197    1.088    0.9907    0.9032    0.8247    0.7541    0.6907    0.6337    0.5825    0.5366    0.4954    0.4585    0.4255    0.3959    0.3694    0.3457    0.3246    0.3057    0.2888    0.2737    0.2603    0.2483    0.2376    0.2281    0.2197    
GD156    5.142e-10    3.922    11.96    20.97    31.4    41.59    50.94    59.35    66.84    73.51    79.45    84.72    89.42    93.58    97.28    100.6    103.5    106    108.3    110.2    112    113.5    114.8    115.9    116.8    117.7    118.4    118.9    119.4    119.8    120.1    120.4    120.5    120.7    120.7    120.7    
GD158    1.918e-08    4.305    5.493    6.942    8.665    10.44    12.19    13.88    15.51    17.08    18.61    20.08    21.51    22.9    24.25    25.56    26.84    28.09    29.3    30.49    31.66    32.8    33.92    35.01    36.09    37.14    38.18    39.2    40.21    41.2    42.17    43.13    44.08    45.01    45.94    46.85    
TB159    2.197e-09    0.6832    0.6988    0.7041    0.7215    0.7509    0.7913    0.8412    0.8994    0.9648    1.036    1.113    1.195    1.28    1.369    1.461    1.555    1.652    1.751    1.852    1.954    2.058    2.163    2.268    2.375    2.482    2.59    2.698    2.807    2.915    3.024    3.133    3.242    3.351    3.459    3.568    
GD160    2.823e-09    0.3334    0.3342    0.336    0.3387    0.3421    0.3459    0.3499    0.3541    0.3581    0.3621    0.3657    0.3691    0.3722    0.375    0.3775    0.3796    0.3815    0.3832    0.3846    0.3858    0.3868    0.3876    0.3883    0.3888    0.3892    0.3895    0.3897    0.3898    0.3898    0.3898    0.3897    0.3896    0.3894    0.3892    0.389    
TB160    1.074e-12    0.007947    0.02077    0.0227    0.02335    0.02415    0.02529    0.02676    0.02853    0.03055    0.03279    0.03522    0.03782    0.04055    0.04341    0.04638    0.04944    0.05258    0.0558    0.05908    0.06241    0.06579    0.06921    0.07267    0.07615    0.07966    0.08319    0.08674    0.0903    0.09387    0.09744    0.101    0.1046    0.1082    0.1117    0.1153    
DY160    5.451e-15    0.001673    0.01652    0.03524    0.05211    0.06699    0.08045    0.09306    0.1053    0.1174    0.1296    0.1423    0.1553    0.1689    0.1831    0.1979    0.2133    0.2293    0.2458    0.2629    0.2806    0.2987    0.3173    0.3363    0.3557    0.3754    0.3955    0.4158    0.4364    0.4573    0.4783    0.4995    0.5208    0.5423    0.5639    0.5855    
DY161    9.699e-11    0.1271    0.08424    0.05199    0.04095    0.03859    0.03986    0.04268    0.0462    0.05009    0.05424    0.05862    0.06322    0.06804    0.07309    0.07837    0.08387    0.08959    0.09552    0.1016    0.1079    0.1144    0.1211    0.1278    0.1348    0.1418    0.1489    0.1561    0.1635    0.1708    0.1783    0.1858    0.1933    0.2009    0.2085    0.2161    
DY162    7.031e-10    0.1034    0.1512    0.1464    0.13    0.1151    0.1052    0.1002    0.09906    0.1009    0.105    0.1106    0.1175    0.1254    0.134    0.1434    0.1534    0.164    0.1751    0.1867    0.1988    0.2113    0.2242    0.2376    0.2512    0.2652    0.2795    0.2941    0.3089    0.324    0.3392    0.3546    0.3701    0.3858    0.4016    0.4175    
DY163    2.919e-10    0.04277    0.08189    0.1175    0.1404    0.1523    0.1571    0.1582    0.158    0.158    0.1591    0.1617    0.166    0.1719    0.1794    0.1884    0.1988    0.2106    0.2235    0.2375    0.2525    0.2686    0.2855    0.3032    0.3218    0.341    0.3609    0.3815    0.4026    0.4242    0.4463    0.4689    0.4918    0.5151    0.5387    0.5626    
HO165    5.368e-11    0.01632    0.03222    0.05129    0.07574    0.1019    0.1271    0.15    0.1702    0.1878    0.2033    0.2172    0.2301    0.2425    0.255    0.2678    0.2813    0.2958    0.3114    0.3283    0.3466    0.3664    0.3876    0.4104    0.4348    0.4607    0.4881    0.517    0.5474    0.5792    0.6123    0.6467    0.6824    0.7192    0.7572    0.7962    
ER166    9.062e-13    0.003905    0.007489    0.01231    0.01962    0.02966    0.04226    0.05702    0.07344    0.09109    0.1096    0.1286    0.148    0.1676    0.1875    0.2075    0.2278    0.2485    0.2696    0.2914    0.3138    0.3371    0.3614    0.3868    0.4134    0.4413    0.4707    0.5016    0.5341    0.5683    0.6042    0.6419    0.6814    0.7227    0.7659    0.811    
ER168    8.917e-14    0.0003717    0.001256    0.001921    0.002805    0.004155    0.006179    0.00906    0.01296    0.01799    0.02426    0.03182    0.04072    0.05098    0.06261    0.07563    0.09005    0.1059    0.1231    0.1419    0.1621    0.1838    0.2072    0.2322    0.2589    0.2874    0.3178    0.3502    0.3847    0.4214    0.4604    0.5018    0.5458    0.5924    0.6418    0.6941    
