TIME    3   100   220   340   460   580   700   820   940   1060   1180   1300   1420   1540   1660   1780   1900   2020   2140   2260   2380   2500   2620   2740   2860   2980   3100   3220   3340   3460   3580   3700   3820   3940   4060   4180   
NEUT_PROD    1000   775   400   238   154   103   70.5   48.4   33.5   23.5   16.9   12.6   9.79   8.01   6.91   6.26   5.89   5.71   5.65   5.65   5.68   5.73   5.78   5.83   5.86   5.87   5.87   5.86   5.82   5.77   5.71   5.64   5.55   5.45   5.35   5.24   
NEUT_DEST    575   520   330   233   174   134   106   85.2   70.5   59.8   51.9   46.1   41.7   38.3   35.6   33.5   31.8   30.4   29.2   28.1   27.2   26.4   25.7   25.1   24.5   24   23.5   23   22.6   22.2   21.8   21.4   21   20.7   20.4   20.1   
BUd    5.67    244    204    111    67.9    44.3    29.8    20.3    13.9    9.65    6.8    4.91    3.67    2.86    2.34    2.02    1.82    1.71    1.65    1.62    1.61    1.62    1.62    1.63    1.64    1.65    1.65    1.65    1.64    1.63    1.62    1.6    1.58    1.55    1.52    1.49    
HE4    1.342e-06    0.0001645    0.0009614    0.003445    0.008007    0.01416    0.02107    0.02802    0.03457    0.04055    0.04595    0.0509    0.05553    0.05998    0.06436    0.06876    0.07324    0.07783    0.08256    0.08742    0.09241    0.09751    0.1027    0.108    0.1133    0.1187    0.124    0.1294    0.1347    0.14    0.1453    0.1504    0.1555    0.1605    0.1654    0.1702    
U234    3.454e-10    1.698e-06    3.559e-05    0.0002389    0.0007967    0.001805    0.003219    0.004894    0.006648    0.008313    0.009768    0.01094    0.0118    0.01236    0.01264    0.01268    0.01253    0.01223    0.01182    0.01132    0.01078    0.01021    0.009631    0.009051    0.008484    0.007935    0.007409    0.006909    0.006437    0.005993    0.005577    0.005189    0.004826    0.004489    0.004176    0.003886    
U236    1.62e-06    0.002925    0.008889    0.01438    0.01857    0.02149    0.02341    0.02461    0.02531    0.02569    0.02585    0.02587    0.0258    0.02569    0.02554    0.02537    0.02519    0.02501    0.02482    0.02462    0.02443    0.02423    0.02402    0.02382    0.02361    0.02339    0.02318    0.02296    0.02273    0.02251    0.02228    0.02205    0.02181    0.02158    0.02134    0.0211    
PU238    1.502e-05    0.002554    0.03639    0.1465    0.3273    0.5308    0.706    0.8219    0.8705    0.86    0.8057    0.7244    0.6306    0.5348    0.4442    0.3627    0.2922    0.2329    0.1841    0.1447    0.1133    0.08868    0.06952    0.05476    0.04348    0.03492    0.02846    0.02362    0.02001    0.01732    0.01532    0.01384    0.01274    0.01192    0.01129    0.01081    
PU239    576.7    410.8    163.9    65.42    26.15    10.53    4.333    1.891    0.9311    0.5504    0.3904    0.3115    0.2615    0.2218    0.1868    0.1554    0.1275    0.1033    0.08283    0.06586    0.05205    0.04098    0.03222    0.02537    0.02005    0.01597    0.01286    0.0105    0.00872    0.007383    0.006383    0.005636    0.005078    0.004659    0.004343    0.004101    
PU240    4.305    157.8    169.2    138.3    102.4    72.39    49.94    34.03    23.06    15.61    10.6    7.252    5.023    3.545    2.568    1.924    1.503    1.229    1.053    0.9418    0.8725    0.8305    0.8059    0.792    0.7843    0.7799    0.7768    0.7739    0.7703    0.7655    0.7594    0.7517    0.7427    0.7321    0.7203    0.7073    
PU241    0.02209    27.92    52.97    57.23    49.8    38.88    28.56    20.24    14.05    9.63    6.567    4.479    3.069    2.126    1.497    1.081    0.8059    0.6257    0.5084    0.4328    0.3846    0.3546    0.3362    0.3252    0.3189    0.3153    0.3132    0.3117    0.3103    0.3087    0.3067    0.3041    0.301    0.2973    0.2931    0.2883    
PU242    5.215e-05    2.888    13.46    26.99    39.08    47.98    53.59    56.47    57.34    56.81    55.37    53.36    51.04    48.57    46.05    43.55    41.12    38.78    36.54    34.42    32.41    30.52    28.74    27.06    25.48    24    22.61    21.3    20.08    18.92    17.84    16.83    15.87    14.98    14.13    13.34    
PU244    8.121e-12    2.055e-05    0.0002262    0.0007967    0.00179    0.003175    0.00488    0.006825    0.008934    0.01114    0.0134    0.01567    0.01791    0.0201    0.02223    0.02428    0.02623    0.0281    0.02986    0.03152    0.03309    0.03455    0.03592    0.0372    0.03838    0.03948    0.04049    0.04143    0.04229    0.04307    0.04379    0.04445    0.04504    0.04557    0.04606    0.04649    
AM241    2.618e-06    0.1146    0.4378    0.6845    0.7511    0.6857    0.5615    0.4295    0.3142    0.2233    0.1558    0.1075    0.07384    0.05078    0.03517    0.02468    0.0177    0.01306    0.01001    0.008019    0.006726    0.005897    0.005375    0.005051    0.004854    0.004738    0.004669    0.004628    0.0046    0.004576    0.00455    0.004519    0.004481    0.004435    0.004381    0.004318    
AM243    2.068e-08    0.04932    0.4968    1.59    3.231    5.173    7.168    9.032    10.66    11.99    13.02    13.76    14.24    14.49    14.56    14.47    14.26    13.95    13.56    13.12    12.64    12.14    11.63    11.11    10.59    10.08    9.577    9.09    8.62    8.167    7.733    7.318    6.922    6.545    6.187    5.847    
CM242    4.649e-09    0.01943    0.1733    0.4289    0.6554    0.7772    0.7897    0.7242    0.6181    0.5009    0.3906    0.2958    0.2193    0.1599    0.1154    0.08266    0.05913    0.04244    0.03075    0.02266    0.0171    0.01333    0.01079    0.0091    0.007985    0.007257    0.006788    0.006488    0.006296    0.006171    0.006084    0.006019    0.005961    0.005905    0.005844    0.005777    
CM243    7.305e-13    0.0001122    0.001943    0.006637    0.01258    0.01743    0.01991    0.01999    0.01833    0.01572    0.01282    0.01007    0.007682    0.005732    0.004207    0.003053    0.0022    0.001583    0.001143    0.0008333    0.0006183    0.0004704    0.0003698    0.0003018    0.0002565    0.0002264    0.0002068    0.000194    0.0001858    0.0001804    0.0001768    0.0001742    0.0001722    0.0001703    0.0001685    0.0001666    
CM244    2.276e-11    0.002099    0.04582    0.2354    0.6798    1.443    2.534    3.92    5.542    7.332    9.218    11.14    13.03    14.86    16.58    18.18    19.62    20.92    22.05    23.01    23.82    24.48    24.99    25.36    25.6    25.73    25.75    25.67    25.51    25.27    24.96    24.59    24.17    23.71    23.21    22.67    
CM245    6.701e-15    1.472e-05    0.0004889    0.00301    0.009607    0.02171    0.03977    0.0634    0.09166    0.1233    0.1571    0.1919    0.2265    0.2601    0.292    0.3216    0.3488    0.3731    0.3945    0.4129    0.4285    0.4412    0.4512    0.4587    0.4638    0.4668    0.4677    0.4668    0.4643    0.4604    0.4551    0.4487    0.4414    0.4332    0.4243    0.4148    
CM246    1.401e-17    1.15e-06    8.35e-05    0.0008308    0.003779    0.01135    0.02641    0.05184    0.09012    0.1432    0.2123    0.2981    0.4006    0.5195    0.654    0.8028    0.9648    1.139    1.322    1.515    1.714    1.92    2.129    2.341    2.555    2.769    2.982    3.194    3.404    3.61    3.812    4.01    4.204    4.391    4.573    4.75    
SE77    4.323e-05    0.009609    0.01338    0.01457    0.01471    0.01439    0.01389    0.0133    0.01268    0.01206    0.01146    0.01088    0.01033    0.009798    0.009298    0.008826    0.00838    0.00796    0.007565    0.007193    0.006842    0.006513    0.006203    0.005911    0.005636    0.005377    0.005133    0.004903    0.004686    0.004482    0.004289    0.004108    0.003936    0.003774    0.00362    0.003475    
SE78    0.0004205    0.02977    0.04332    0.05005    0.05388    0.05635    0.05812    0.05949    0.0606    0.06155    0.06237    0.06312    0.0638    0.06442    0.065    0.06555    0.06607    0.06656    0.06702    0.06746    0.06788    0.06828    0.06867    0.06903    0.06938    0.06972    0.07004    0.07034    0.07064    0.07092    0.07119    0.07144    0.07169    0.07192    0.07215    0.07236    
SE79    0.0009642    0.06392    0.09172    0.1044    0.1107    0.1141    0.116    0.117    0.1176    0.1178    0.1179    0.1179    0.1178    0.1177    0.1175    0.1173    0.1172    0.117    0.1168    0.1166    0.1165    0.1163    0.1161    0.116    0.1158    0.1156    0.1155    0.1154    0.1152    0.1151    0.1149    0.1148    0.1146    0.1145    0.1143    0.1142    
SE80    0.002323    0.1535    0.2202    0.2507    0.266    0.2745    0.2795    0.2827    0.2849    0.2865    0.2878    0.2887    0.2896    0.2903    0.291    0.2917    0.2924    0.293    0.2937    0.2944    0.295    0.2957    0.2964    0.2971    0.2978    0.2985    0.2992    0.2999    0.3006    0.3013    0.302    0.3027    0.3034    0.3041    0.3048    0.3055    
BR81    0.003542    0.2344    0.3347    0.3788    0.3992    0.4087    0.4126    0.4134    0.4125    0.4105    0.4079    0.405    0.4018    0.3984    0.3951    0.3917    0.3883    0.3849    0.3816    0.3783    0.3751    0.3719    0.3688    0.3657    0.3627    0.3597    0.3567    0.3538    0.3509    0.3481    0.3452    0.3425    0.3397    0.337    0.3343    0.3316    
SE82    0.004383    0.2909    0.422    0.4865    0.5219    0.5431    0.5565    0.5653    0.5712    0.5753    0.5782    0.5803    0.582    0.5833    0.5845    0.5855    0.5865    0.5874    0.5884    0.5893    0.5902    0.5911    0.5921    0.5931    0.594    0.595    0.596    0.597    0.598    0.599    0.6    0.601    0.6019    0.6029    0.6039    0.6049    
KR82    2.923e-05    0.00638    0.01124    0.01525    0.01881    0.02207    0.02509    0.02788    0.03045    0.03282    0.035    0.03698    0.03879    0.04043    0.04192    0.04326    0.04447    0.04556    0.04653    0.04739    0.04816    0.04884    0.04943    0.04995    0.05039    0.05077    0.05109    0.05136    0.05157    0.05174    0.05186    0.05195    0.05199    0.05201    0.05199    0.05194    
KR83    0.005888    0.3677    0.4456    0.4217    0.3671    0.3075    0.2523    0.2044    0.1643    0.1316    0.1054    0.08476    0.06861    0.05611    0.04652    0.03923    0.03373    0.02961    0.02656    0.02433    0.02271    0.02155    0.02073    0.02017    0.01979    0.01954    0.01939    0.0193    0.01926    0.01924    0.01924    0.01924    0.01924    0.01924    0.01922    0.01918    
KR84    0.01055    0.7721    1.223    1.52    1.734    1.893    2.014    2.107    2.178    2.233    2.275    2.308    2.334    2.355    2.372    2.386    2.398    2.409    2.418    2.427    2.435    2.443    2.45    2.457    2.464    2.471    2.478    2.485    2.492    2.499    2.506    2.513    2.52    2.527    2.534    2.541    
KR85    0.002526    0.1815    0.2606    0.2967    0.3139    0.3216    0.3241    0.3234    0.3208    0.3169    0.3124    0.3074    0.3022    0.2969    0.2916    0.2864    0.2812    0.2761    0.2712    0.2663    0.2616    0.2569    0.2524    0.248    0.2438    0.2396    0.2355    0.2316    0.2277    0.2239    0.2202    0.2166    0.2131    0.2097    0.2063    0.203    
RB85    0.008909    0.6519    0.9547    1.111    1.203    1.262    1.302    1.331    1.352    1.369    1.382    1.393    1.403    1.411    1.419    1.427    1.434    1.441    1.448    1.455    1.462    1.468    1.475    1.481    1.487    1.494    1.5    1.506    1.512    1.518    1.524    1.53    1.535    1.541    1.546    1.552    
KR86    0.01746    1.165    1.709    1.996    2.165    2.273    2.345    2.393    2.426    2.449    2.465    2.477    2.486    2.493    2.5    2.505    2.51    2.515    2.519    2.524    2.528    2.533    2.537    2.542    2.546    2.551    2.555    2.56    2.565    2.569    2.574    2.578    2.583    2.587    2.592    2.596    
SR86    5.486e-07    0.000942    0.00218    0.003413    0.004675    0.005973    0.007303    0.008658    0.01003    0.01142    0.01281    0.01421    0.01562    0.01703    0.01844    0.01985    0.02126    0.02267    0.02408    0.02549    0.02691    0.02832    0.02973    0.03114    0.03255    0.03396    0.03537    0.03678    0.03819    0.0396    0.041    0.04241    0.04381    0.04521    0.04661    0.04801    
RB87    0.02134    1.458    2.138    2.493    2.702    2.834    2.921    2.979    3.018    3.045    3.064    3.077    3.088    3.095    3.102    3.107    3.112    3.117    3.122    3.126    3.13    3.135    3.139    3.144    3.149    3.153    3.158    3.163    3.167    3.172    3.177    3.182    3.186    3.191    3.196    3.2    
SR88    0.02921    2.069    3.026    3.518    3.803    3.981    4.097    4.175    4.228    4.265    4.292    4.312    4.327    4.339    4.349    4.359    4.367    4.375    4.384    4.392    4.4    4.408    4.416    4.424    4.432    4.44    4.449    4.457    4.466    4.474    4.483    4.491    4.5    4.508    4.516    4.525    
SR89    0.03866    1.315    0.858    0.4789    0.2742    0.1666    0.1063    0.07    0.04713    0.03237    0.02278    0.01656    0.01252    0.009902    0.00823    0.007185    0.006555    0.006198    0.006016    0.005944    0.005938    0.005971    0.006022    0.006081    0.00614    0.006195    0.006245    0.006289    0.006325    0.006352    0.006369    0.006373    0.006359    0.006328    0.006276    0.006204    
Y89    0.0005713    1.31    2.97    3.96    4.512    4.831    5.025    5.148    5.226    5.276    5.308    5.328    5.34    5.348    5.352    5.354    5.355    5.355    5.355    5.354    5.354    5.353    5.353    5.352    5.352    5.352    5.352    5.352    5.352    5.352    5.352    5.352    5.352    5.352    5.352    5.352    
SR90    0.04918    3.264    4.74    5.47    5.865    6.09    6.216    6.28    6.306    6.305    6.289    6.261    6.227    6.189    6.148    6.106    6.063    6.02    5.977    5.934    5.892    5.85    5.808    5.767    5.727    5.687    5.648    5.608    5.57    5.531    5.493    5.456    5.418    5.381    5.344    5.308    
ZR90    1.746e-06    0.01263    0.04759    0.09363    0.1455    0.2005    0.2574    0.3154    0.3739    0.4326    0.4913    0.5498    0.6082    0.6663    0.7241    0.7815    0.8386    0.8954    0.9518    1.008    1.064    1.119    1.174    1.229    1.283    1.337    1.391    1.444    1.498    1.55    1.603    1.655    1.707    1.759    1.81    1.861    
Y91    0.0416    2.127    1.501    0.88    0.5168    0.3179    0.2048    0.1367    0.09383    0.06616    0.04816    0.03643    0.02879    0.02381    0.02061    0.01858    0.01732    0.01658    0.01617    0.01597    0.0159    0.0159    0.01594    0.01599    0.01605    0.01611    0.01615    0.01619    0.01621    0.01622    0.01621    0.01618    0.01612    0.01603    0.0159    0.01574    
ZR91    0.0004895    1.772    4.211    5.764    6.664    7.197    7.525    7.736    7.873    7.965    8.026    8.068    8.097    8.117    8.133    8.144    8.154    8.163    8.17    8.178    8.185    8.192    8.199    8.206    8.213    8.22    8.228    8.235    8.243    8.25    8.257    8.265    8.272    8.279    8.286    8.292    
ZR92    0.06351    4.826    7.078    8.252    8.94    9.377    9.666    9.864    10    10.1    10.17    10.23    10.27    10.31    10.34    10.37    10.4    10.43    10.45    10.48    10.51    10.54    10.56    10.59    10.62    10.64    10.67    10.7    10.73    10.75    10.78    10.81    10.84    10.87    10.89    10.92    
ZR93    0.06627    6.273    9.183    10.67    11.51    12.01    12.32    12.51    12.61    12.67    12.68    12.68    12.66    12.63    12.59    12.56    12.51    12.47    12.43    12.39    12.35    12.31    12.26    12.22    12.18    12.14    12.1    12.07    12.03    11.99    11.95    11.91    11.87    11.84    11.8    11.76    
ZR94    0.1058    7.118    10.45    12.21    13.27    13.95    14.43    14.77    15.03    15.22    15.38    15.52    15.64    15.75    15.85    15.95    16.04    16.14    16.23    16.32    16.41    16.5    16.59    16.69    16.78    16.87    16.96    17.05    17.14    17.24    17.33    17.42    17.51    17.6    17.69    17.78    
ZR95    0.1188    4.604    3.411    2.08    1.254    0.7818    0.5046    0.3342    0.2254    0.1546    0.1082    0.07788    0.05804    0.04511    0.03676    0.03148    0.02822    0.0263    0.02524    0.02473    0.02457    0.02461    0.02476    0.02496    0.02517    0.02538    0.02557    0.02574    0.02588    0.02599    0.02605    0.02607    0.02602    0.0259    0.02571    0.02544    
NB95    0.001375    1.803    2.008    1.367    0.8382    0.5151    0.3264    0.2131    0.1424    0.0968    0.06706    0.04759    0.03485    0.02654    0.02116    0.01773    0.01558    0.01429    0.01355    0.01317    0.01302    0.013    0.01305    0.01314    0.01325    0.01335    0.01345    0.01353    0.01359    0.01364    0.01366    0.01366    0.01362    0.01356    0.01346    0.01332    
MO95    2.14e-05    1.622    6.258    9.989    12.23    13.44    14.05    14.3    14.34    14.25    14.08    13.86    13.6    13.33    13.05    12.77    12.49    12.21    11.93    11.66    11.4    11.14    10.89    10.65    10.41    10.18    9.957    9.738    9.525    9.317    9.114    8.916    8.724    8.536    8.352    8.173    
ZR96    0.1277    8.537    12.56    14.7    15.99    16.81    17.35    17.72    17.97    18.14    18.26    18.34    18.4    18.45    18.48    18.52    18.54    18.57    18.6    18.62    18.64    18.67    18.69    18.72    18.74    18.77    18.79    18.82    18.85    18.87    18.9    18.92    18.95    18.98    19    19.03    
MO96    4.646e-05    0.02183    0.1433    0.372    0.6701    1.006    1.362    1.725    2.091    2.454    2.812    3.164    3.509    3.846    4.175    4.496    4.808    5.113    5.41    5.7    5.981    6.256    6.523    6.784    7.037    7.284    7.525    7.759    7.987    8.21    8.426    8.637    8.842    9.042    9.237    9.426    
MO97    0.07923    9.203    13.57    15.86    17.2    18.04    18.57    18.91    19.13    19.25    19.33    19.36    19.37    19.37    19.36    19.35    19.33    19.3    19.28    19.26    19.24    19.22    19.2    19.19    19.17    19.15    19.14    19.13    19.11    19.1    19.09    19.08    19.07    19.06    19.04    19.03    
MO98    0.1489    9.97    14.72    17.3    18.88    19.93    20.64    21.15    21.52    21.79    22    22.17    22.31    22.44    22.55    22.66    22.76    22.86    22.95    23.05    23.15    23.24    23.34    23.44    23.54    23.63    23.73    23.83    23.93    24.02    24.12    24.22    24.31    24.41    24.51    24.6    
TC99    0.0323    9.937    14.58    16.76    17.78    18.16    18.17    17.93    17.54    17.06    16.52    15.96    15.39    14.82    14.27    13.73    13.2    12.7    12.21    11.75    11.3    10.88    10.47    10.08    9.705    9.348    9.005    8.677    8.364    8.063    7.776    7.5    7.236    6.983    6.74    6.507    
MO100    0.1803    12.05    17.74    20.79    22.62    23.8    24.58    25.11    25.46    25.7    25.87    25.98    26.07    26.13    26.18    26.22    26.26    26.29    26.32    26.35    26.38    26.41    26.44    26.47    26.5    26.53    26.57    26.6    26.63    26.66    26.69    26.72    26.76    26.79    26.82    26.85    
RU100    1.969e-05    0.2428    0.7913    1.473    2.213    2.977    3.741    4.493    5.225    5.931    6.609    7.258    7.877    8.466    9.025    9.557    10.06    10.54    10.99    11.42    11.82    12.2    12.56    12.9    13.23    13.53    13.81    14.08    14.33    14.57    14.79    15    15.19    15.37    15.54    15.7    
RU101    0.1546    10.41    15.34    17.99    19.57    20.56    21.18    21.55    21.76    21.87    21.91    21.91    21.88    21.83    21.77    21.72    21.66    21.6    21.55    21.5    21.45    21.4    21.36    21.33    21.3    21.27    21.24    21.22    21.19    21.18    21.16    21.14    21.13    21.12    21.11    21.1    
RU102    0.1594    10.77    16.07    19.1    21.05    22.41    23.37    24.08    24.62    25.04    25.37    25.66    25.91    26.14    26.35    26.55    26.74    26.93    27.12    27.3    27.49    27.67    27.85    28.03    28.21    28.39    28.57    28.76    28.93    29.11    29.29    29.47    29.65    29.83    30    30.18    
RU103    0.1826    5.244    3.128    1.754    1.063    0.6898    0.4664    0.3234    0.2291    0.1665    0.1252    0.09812    0.08042    0.06893    0.06158    0.057    0.05427    0.05274    0.05199    0.05175    0.05181    0.05205    0.05238    0.05276    0.05316    0.05355    0.05392    0.05428    0.05461    0.05491    0.05516    0.05537    0.05551    0.05558    0.05556    0.05547    
RH103    0.003407    6.41    11.6    12.61    11.75    10.27    8.686    7.196    5.881    4.762    3.834    3.077    2.47    1.987    1.607    1.311    1.081    0.9043    0.7687    0.6656    0.5875    0.5288    0.4849    0.4523    0.4283    0.4108    0.3981    0.389    0.3826    0.3782    0.3752    0.3732    0.3719    0.3709    0.3702    0.3694    
RU104    0.1606    10.91    16.3    19.37    21.32    22.63    23.52    24.12    24.53    24.8    24.99    25.11    25.2    25.26    25.31    25.34    25.37    25.39    25.41    25.43    25.44    25.46    25.48    25.5    25.52    25.53    25.55    25.57    25.59    25.61    25.63    25.65    25.66    25.68    25.7    25.72    
PD104    7.664e-06    0.7461    3.55    7.1    10.59    13.7    16.36    18.58    20.4    21.86    23.04    23.98    24.72    25.31    25.77    26.15    26.44    26.68    26.88    27.04    27.18    27.29    27.39    27.49    27.57    27.65    27.72    27.79    27.86    27.93    27.99    28.05    28.12    28.18    28.24    28.31    
PD105    0.04235    6.596    9.794    11.48    12.44    12.99    13.28    13.38    13.37    13.29    13.15    12.98    12.8    12.6    12.4    12.2    12    11.8    11.61    11.42    11.24    11.05    10.88    10.71    10.54    10.38    10.22    10.06    9.91    9.763    9.619    9.478    9.341    9.207    9.076    8.947    
RU106    0.1177    7.188    9.4    9.712    9.228    8.385    7.399    6.393    5.438    4.571    3.808    3.153    2.599    2.136    1.753    1.439    1.183    0.9754    0.8079    0.6732    0.5653    0.479    0.4101    0.3553    0.3118    0.2772    0.2498    0.2281    0.2109    0.1972    0.1862    0.1775    0.1703    0.1644    0.1594    0.155    
PD106    0.01995    3.981    7.554    10.81    13.76    16.41    18.74    20.77    22.53    24.04    25.35    26.47    27.45    28.29    29.03    29.69    30.27    30.8    31.27    31.71    32.12    32.5    32.86    33.2    33.52    33.83    34.13    34.42    34.7    34.98    35.25    35.51    35.77    36.02    36.27    36.51    
PD107    0.08848    6.004    9.055    10.88    12.06    12.83    13.29    13.55    13.66    13.67    13.61    13.5    13.37    13.23    13.07    12.9    12.74    12.57    12.41    12.25    12.09    11.93    11.77    11.62    11.47    11.33    11.18    11.04    10.91    10.77    10.64    10.51    10.38    10.25    10.13    10.01    
PD108    0.06227    4.237    6.481    7.901    8.877    9.553    10.01    10.31    10.49    10.6    10.65    10.67    10.66    10.63    10.59    10.54    10.49    10.43    10.37    10.31    10.25    10.18    10.12    10.05    9.983    9.916    9.848    9.779    9.71    9.641    9.572    9.502    9.431    9.361    9.29    9.219    
AG109    0.02525    2.499    3.467    3.819    3.883    3.793    3.619    3.404    3.177    2.956    2.75    2.564    2.401    2.259    2.137    2.032    1.944    1.869    1.806    1.752    1.706    1.667    1.633    1.604    1.579    1.556    1.536    1.518    1.502    1.487    1.472    1.459    1.446    1.434    1.422    1.41    
PD110    0.01783    1.218    1.879    2.312    2.619    2.839    2.994    3.103    3.177    3.228    3.263    3.288    3.305    3.317    3.326    3.332    3.338    3.342    3.346    3.35    3.354    3.357    3.36    3.364    3.367    3.37    3.374    3.377    3.38    3.384    3.387    3.39    3.394    3.397    3.4    3.403    
AG110M    1.935e-06    0.0103    0.02728    0.04161    0.05154    0.0574    0.06001    0.06024    0.05887    0.05651    0.05362    0.05054    0.0475    0.04461    0.04197    0.03961    0.03752    0.03571    0.03414    0.03279    0.03164    0.03065    0.02981    0.02909    0.02846    0.02792    0.02745    0.02704    0.02667    0.02634    0.02604    0.02576    0.0255    0.02526    0.02503    0.02481    
CD110    4.456e-05    0.2793    0.877    1.589    2.329    3.056    3.744    4.383    4.967    5.497    5.975    6.406    6.794    7.146    7.464    7.754    8.02    8.265    8.492    8.703    8.9    9.085    9.26    9.426    9.583    9.732    9.875    10.01    10.14    10.27    10.39    10.5    10.61    10.72    10.82    10.92    
CD111    0.0007428    0.5041    0.8188    1.029    1.188    1.314    1.416    1.503    1.581    1.654    1.724    1.794    1.864    1.935    2.007    2.081    2.156    2.232    2.308    2.386    2.464    2.542    2.62    2.699    2.777    2.855    2.933    3.011    3.088    3.164    3.24    3.315    3.389    3.463    3.535    3.607    
CD112    0.001673    0.2342    0.3853    0.5034    0.6039    0.6917    0.7702    0.842    0.9095    0.9745    1.038    1.102    1.167    1.233    1.3    1.37    1.441    1.515    1.591    1.669    1.75    1.833    1.919    2.007    2.097    2.19    2.286    2.383    2.483    2.586    2.69    2.797    2.906    3.018    3.131    3.246    
CD113M    3.61e-05    0.002746    0.004397    0.00563    0.006652    0.007536    0.008324    0.009052    0.009744    0.01042    0.0111    0.0118    0.01251    0.01326    0.01403    0.01484    0.01569    0.01658    0.01751    0.01848    0.0195    0.02056    0.02167    0.02283    0.02404    0.0253    0.02661    0.02797    0.02939    0.03086    0.03239    0.03397    0.03561    0.03731    0.03907    0.04088    
CD114    0.002211    0.2612    0.4056    0.4998    0.5669    0.6154    0.6504    0.6756    0.6938    0.7073    0.7176    0.7258    0.7328    0.739    0.7447    0.7503    0.7558    0.7614    0.7672    0.7733    0.7796    0.7861    0.793    0.8002    0.8077    0.8155    0.8237    0.8323    0.8412    0.8505    0.8602    0.8702    0.8807    0.8915    0.9027    0.9143    
CD116    0.001087    0.07293    0.1078    0.1269    0.1385    0.1461    0.1512    0.1547    0.157    0.1586    0.1598    0.1606    0.1611    0.1616    0.1619    0.1622    0.1625    0.1627    0.163    0.1632    0.1634    0.1636    0.1638    0.1641    0.1643    0.1645    0.1648    0.165    0.1652    0.1655    0.1657    0.1659    0.1661    0.1664    0.1666    0.1668    
SN116    1.628e-06    0.02368    0.06413    0.0998    0.1273    0.1477    0.1625    0.1734    0.1814    0.1873    0.1918    0.1952    0.198    0.2004    0.2024    0.2042    0.2059    0.2074    0.2089    0.2104    0.2119    0.2133    0.2148    0.2162    0.2177    0.2191    0.2206    0.2221    0.2235    0.225    0.2265    0.228    0.2295    0.2311    0.2326    0.2341    
SN117    0.0009937    0.07302    0.1069    0.1245    0.1347    0.141    0.145    0.1476    0.1493    0.1503    0.1509    0.1513    0.1515    0.1515    0.1516    0.1515    0.1515    0.1514    0.1513    0.1512    0.1512    0.1511    0.151    0.151    0.1509    0.1508    0.1508    0.1507    0.1507    0.1507    0.1506    0.1506    0.1506    0.1505    0.1505    0.1505    
SN118    0.001078    0.07328    0.1078    0.1262    0.1372    0.1445    0.1495    0.153    0.1555    0.1575    0.159    0.1603    0.1614    0.1624    0.1633    0.1641    0.165    0.1658    0.1666    0.1674    0.1682    0.169    0.1698    0.1706    0.1714    0.1722    0.173    0.1738    0.1746    0.1754    0.1762    0.177    0.1778    0.1786    0.1794    0.1802    
SN119    0.001111    0.07463    0.1094    0.1276    0.1382    0.1448    0.1491    0.1518    0.1536    0.1547    0.1554    0.1558    0.156    0.1561    0.1561    0.156    0.1559    0.1558    0.1557    0.1556    0.1555    0.1554    0.1553    0.1552    0.1551    0.155    0.155    0.1549    0.1548    0.1547    0.1546    0.1545    0.1544    0.1544    0.1543    0.1542    
SN120    0.001146    0.07647    0.1121    0.1308    0.1418    0.1489    0.1537    0.1571    0.1596    0.1614    0.1629    0.1641    0.1651    0.166    0.1668    0.1676    0.1684    0.1691    0.1699    0.1706    0.1714    0.1721    0.1728    0.1736    0.1743    0.1751    0.1758    0.1766    0.1773    0.1781    0.1788    0.1796    0.1803    0.1811    0.1818    0.1825    
SB121    0.000525    0.07857    0.1141    0.131    0.1394    0.1436    0.1453    0.1456    0.1449    0.1436    0.1419    0.14    0.138    0.1358    0.1337    0.1316    0.1294    0.1273    0.1253    0.1232    0.1212    0.1193    0.1174    0.1155    0.1136    0.1118    0.1101    0.1083    0.1066    0.105    0.1034    0.1018    0.1002    0.09863    0.09711    0.09562    
SN122    0.00127    0.08445    0.1231    0.1426    0.1537    0.1606    0.165    0.1679    0.1699    0.1713    0.1723    0.173    0.1736    0.174    0.1744    0.1748    0.1751    0.1754    0.1757    0.176    0.1763    0.1766    0.1768    0.1771    0.1774    0.1777    0.178    0.1783    0.1786    0.179    0.1793    0.1796    0.1799    0.1801    0.1804    0.1807    
TE122    2.57e-08    0.0007898    0.002607    0.00487    0.007336    0.009891    0.01247    0.01504    0.01759    0.02008    0.02252    0.0249    0.02723    0.02948    0.03168    0.03381    0.03588    0.03789    0.03984    0.04173    0.04357    0.04535    0.04707    0.04874    0.05036    0.05193    0.05345    0.05492    0.05635    0.05772    0.05906    0.06035    0.06159    0.0628    0.06396    0.06508    
SB123    0.001138    0.08174    0.126    0.1508    0.1652    0.1735    0.178    0.1803    0.181    0.1808    0.1799    0.1787    0.1773    0.1757    0.174    0.1723    0.1706    0.1688    0.1671    0.1654    0.1638    0.1621    0.1605    0.1589    0.1573    0.1557    0.1542    0.1526    0.1511    0.1497    0.1482    0.1468    0.1453    0.1439    0.1425    0.1412    
SN124    0.001892    0.1255    0.1818    0.2092    0.2241    0.2329    0.2383    0.2418    0.2441    0.2456    0.2466    0.2472    0.2477    0.248    0.2483    0.2485    0.2487    0.2488    0.249    0.2491    0.2493    0.2494    0.2496    0.2498    0.2499    0.2501    0.2503    0.2505    0.2507    0.2509    0.251    0.2512    0.2514    0.2516    0.2518    0.2519    
TE124    3.364e-07    0.0002701    0.001193    0.002649    0.004453    0.006471    0.008619    0.01084    0.01311    0.0154    0.01769    0.01998    0.02226    0.02453    0.02678    0.02901    0.03122    0.03341    0.03558    0.03773    0.03986    0.04197    0.04406    0.04612    0.04816    0.05018    0.05218    0.05416    0.05611    0.05805    0.05996    0.06185    0.06371    0.06556    0.06738    0.06918    
SB125    0.002645    0.2573    0.3588    0.3855    0.3822    0.3665    0.3458    0.3235    0.301    0.2793    0.2586    0.2391    0.221    0.2042    0.1887    0.1744    0.1612    0.1492    0.1381    0.1279    0.1185    0.11    0.1021    0.09496    0.08837    0.08233    0.07679    0.07171    0.06705    0.06277    0.05884    0.05524    0.05193    0.04888    0.04607    0.04348    
TE125    1.51e-06    0.008452    0.03185    0.06132    0.09232    0.1228    0.1518    0.1791    0.2045    0.2281    0.2498    0.2698    0.2882    0.3051    0.3207    0.3349    0.3481    0.3601    0.3711    0.3813    0.3906    0.3992    0.407    0.4143    0.4209    0.4271    0.4327    0.4379    0.4427    0.4472    0.4513    0.4551    0.4586    0.4618    0.4648    0.4676    
SN126    0.006526    0.4317    0.6216    0.7105    0.7564    0.7823    0.7979    0.8077    0.8141    0.8184    0.8214    0.8235    0.8251    0.8264    0.8275    0.8285    0.8294    0.8303    0.8312    0.8321    0.833    0.834    0.8349    0.8359    0.8369    0.8379    0.8389    0.8399    0.841    0.842    0.843    0.8441    0.8451    0.8461    0.8471    0.8481    
TE126    9.274e-05    0.01248    0.01949    0.02322    0.02566    0.02759    0.02932    0.03099    0.03263    0.03427    0.0359    0.03754    0.03918    0.04082    0.04247    0.04411    0.04575    0.0474    0.04905    0.05069    0.05234    0.05398    0.05562    0.05727    0.05891    0.06054    0.06218    0.06382    0.06545    0.06708    0.06871    0.07034    0.07197    0.07359    0.07521    0.07683    
I127    0.00147    0.9255    1.417    1.661    1.786    1.847    1.873    1.879    1.873    1.859    1.841    1.819    1.797    1.773    1.749    1.725    1.701    1.677    1.654    1.631    1.609    1.587    1.565    1.544    1.523    1.502    1.482    1.462    1.443    1.424    1.405    1.386    1.368    1.35    1.332    1.315    
TE128    0.02677    1.862    2.688    3.08    3.287    3.405    3.478    3.525    3.557    3.579    3.594    3.606    3.616    3.624    3.631    3.638    3.644    3.65    3.656    3.662    3.668    3.674    3.68    3.686    3.692    3.699    3.705    3.711    3.718    3.724    3.73    3.737    3.743    3.749    3.755    3.761    
XE128    3.716e-06    0.00821    0.0273    0.05157    0.07834    0.1063    0.1347    0.1632    0.1915    0.2195    0.2471    0.2741    0.3007    0.3268    0.3523    0.3774    0.4019    0.4259    0.4494    0.4724    0.4949    0.5169    0.5385    0.5596    0.5803    0.6005    0.6203    0.6396    0.6586    0.6771    0.6953    0.713    0.7303    0.7473    0.7639    0.7802    
I129    0.03833    3.044    4.404    4.91    5.041    4.998    4.868    4.695    4.499    4.294    4.088    3.885    3.688    3.499    3.318    3.146    2.983    2.829    2.683    2.546    2.416    2.293    2.178    2.069    1.966    1.869    1.778    1.692    1.61    1.534    1.461    1.393    1.328    1.267    1.209    1.154    
TE130    0.08329    5.567    8.118    9.412    10.15    10.6    10.89    11.08    11.21    11.3    11.36    11.4    11.43    11.46    11.48    11.5    11.51    11.53    11.54    11.55    11.57    11.58    11.6    11.61    11.63    11.64    11.66    11.67    11.69    11.7    11.72    11.73    11.75    11.76    11.78    11.79    
XE130    0.0001441    0.109    0.3349    0.6055    0.8891    1.171    1.446    1.709    1.958    2.194    2.416    2.624    2.819    3.001    3.171    3.329    3.476    3.613    3.74    3.857    3.966    4.067    4.16    4.246    4.325    4.398    4.465    4.526    4.582    4.632    4.679    4.72    4.758    4.792    4.822    4.849    
XE131    0.009515    7.122    9.969    10.51    10.13    9.367    8.458    7.522    6.621    5.788    5.036    4.37    3.788    3.283    2.849    2.477    2.161    1.892    1.665    1.474    1.312    1.177    1.063    0.9684    0.8889    0.8225    0.7672    0.721    0.6826    0.6507    0.6241    0.602    0.5835    0.568    0.5549    0.5437    
XE132    0.03752    12.35    19.77    24.67    28.3    31.15    33.44    35.31    36.85    38.13    39.19    40.09    40.84    41.48    42.03    42.5    42.91    43.26    43.58    43.85    44.1    44.32    44.52    44.7    44.87    45.02    45.17    45.31    45.44    45.56    45.68    45.8    45.91    46.02    46.12    46.23    
XE133    0.1049    0.7935    0.4052    0.2388    0.1533    0.1027    0.07005    0.04834    0.03377    0.02407    0.01769    0.01352    0.01079    0.009006    0.007861    0.007141    0.006703    0.006451    0.00632    0.006265    0.006257    0.006277    0.006314    0.006358    0.006407    0.006457    0.006508    0.00656    0.006611    0.006658    0.006701    0.006734    0.006754    0.006758    0.006745    0.006715    
CS133    0.01232    14.27    21.15    24.07    25.19    25.35    24.95    24.21    23.28    22.24    21.16    20.08    19.02    17.99    17    16.07    15.18    14.34    13.55    12.81    12.12    11.46    10.85    10.27    9.735    9.23    8.755    8.31    7.893    7.501    7.134    6.789    6.465    6.16    5.873    5.604    
XE134    0.2506    17.52    26.05    30.84    33.85    35.86    37.21    38.13    38.76    39.19    39.49    39.7    39.85    39.96    40.05    40.12    40.18    40.23    40.29    40.34    40.39    40.44    40.49    40.54    40.59    40.64    40.69    40.75    40.8    40.85    40.9    40.96    41.01    41.06    41.11    41.16    
CS134    2.038e-05    0.4535    1.314    2.133    2.79    3.267    3.585    3.769    3.85    3.852    3.796    3.7    3.576    3.436    3.286    3.132    2.978    2.827    2.68    2.538    2.403    2.274    2.153    2.037    1.929    1.827    1.731    1.641    1.556    1.476    1.401    1.331    1.265    1.203    1.145    1.09    
BA134    2.139e-08    0.01512    0.1037    0.2854    0.5487    0.8742    1.243    1.638    2.047    2.459    2.866    3.264    3.648    4.016    4.366    4.698    5.012    5.308    5.586    5.847    6.092    6.321    6.536    6.736    6.924    7.099    7.262    7.414    7.556    7.689    7.812    7.927    8.034    8.133    8.226    8.311    
CS135    0.01005    0.7987    1.422    2.08    2.84    3.693    4.609    5.559    6.517    7.463    8.382    9.263    10.1    10.89    11.62    12.31    12.94    13.52    14.05    14.54    14.98    15.38    15.75    16.07    16.36    16.62    16.85    17.05    17.23    17.38    17.5    17.61    17.7    17.77    17.82    17.85    
BA135    1.793e-07    3.382e-05    0.0002954    0.001192    0.003113    0.006361    0.01115    0.0176    0.02579    0.03571    0.04734    0.06063    0.07549    0.09184    0.1096    0.1286    0.1488    0.1702    0.1925    0.2157    0.2398    0.2646    0.2901    0.3161    0.3427    0.3698    0.3972    0.425    0.4531    0.4814    0.51    0.5386    0.5675    0.5963    0.6253    0.6542    
XE136    0.4588    32.75    48.53    57.28    62.72    66.32    68.74    70.4    71.53    72.31    72.86    73.25    73.54    73.77    73.95    74.1    74.24    74.36    74.48    74.6    74.72    74.84    74.95    75.07    75.19    75.31    75.43    75.56    75.68    75.8    75.92    76.04    76.17    76.29    76.41    76.52    
CS136    0.003602    0.03764    0.01863    0.01203    0.01065    0.01152    0.0134    0.01575    0.01829    0.02089    0.02346    0.02596    0.02834    0.03059    0.0327    0.03467    0.03649    0.03816    0.03971    0.04111    0.0424    0.04356    0.04461    0.04555    0.0464    0.04715    0.04782    0.0484    0.04891    0.04935    0.04973    0.05004    0.0503    0.0505    0.05066    0.05076    
BA136    0.0002155    0.2198    0.3617    0.4398    0.4984    0.5564    0.622    0.699    0.7891    0.8929    1.011    1.142    1.286    1.443    1.611    1.79    1.98    2.179    2.387    2.602    2.825    3.055    3.29    3.531    3.777    4.028    4.282    4.54    4.801    5.065    5.331    5.599    5.869    6.141    6.413    6.686    
CS137    0.233    15.57    22.92    26.86    29.2    30.65    31.55    32.08    32.37    32.49    32.51    32.46    32.36    32.23    32.08    31.92    31.76    31.59    31.42    31.25    31.08    30.91    30.75    30.58    30.42    30.26    30.1    29.95    29.79    29.64    29.48    29.33    29.18    29.03    28.88    28.73    
BA137    0.0001244    0.06194    0.2081    0.3949    0.6039    0.8257    1.055    1.288    1.523    1.758    1.991    2.223    2.453    2.681    2.906    3.128    3.348    3.565    3.779    3.991    4.2    4.406    4.61    4.811    5.01    5.206    5.4    5.591    5.78    5.967    6.152    6.334    6.514    6.691    6.867    7.04    
BA138    0.2036    13.86    20.63    24.44    26.86    28.47    29.56    30.31    30.83    31.19    31.44    31.63    31.76    31.87    31.97    32.05    32.12    32.19    32.26    32.33    32.4    32.47    32.55    32.62    32.7    32.78    32.86    32.94    33.03    33.11    33.2    33.29    33.37    33.46    33.55    33.64    
LA139    0.1968    13.52    19.95    23.41    25.47    26.72    27.45    27.84    28    28    27.9    27.74    27.53    27.29    27.04    26.78    26.51    26.24    25.98    25.72    25.46    25.2    24.94    24.69    24.45    24.2    23.96    23.73    23.5    23.27    23.04    22.81    22.59    22.37    22.16    21.94    
BA140    0.1891    1.915    0.9632    0.5636    0.3617    0.242    0.1643    0.1121    0.07681    0.0531    0.03736    0.02698    0.02014    0.01566    0.01276    0.01091    0.00976    0.009076    0.008694    0.008505    0.008435    0.008438    0.008481    0.008546    0.008621    0.008699    0.008776    0.008851    0.008922    0.008983    0.009032    0.009061    0.009064    0.009037    0.008977    0.008885    
LA140    0.008878    0.2561    0.1328    0.08132    0.05541    0.04007    0.0301    0.02337    0.01878    0.01567    0.01358    0.01216    0.0112    0.01054    0.01008    0.009757    0.009524    0.009351    0.009219    0.009112    0.009022    0.008943    0.008869    0.0088    0.008733    0.008668    0.008604    0.00854    0.008477    0.008414    0.008349    0.008283    0.008215    0.008143    0.008068    0.007989    
CE140    0.003186    11.64    19.57    23.98    26.82    28.8    30.25    31.35    32.21    32.91    33.49    34    34.46    34.89    35.29    35.68    36.05    36.42    36.78    37.13    37.48    37.83    38.17    38.51    38.84    39.18    39.51    39.84    40.16    40.48    40.8    41.11    41.42    41.73    42.04    42.34    
CE141    0.1759    4.72    2.61    1.444    0.8786    0.5713    0.3845    0.2638    0.1839    0.1307    0.0956    0.07259    0.05754    0.04776    0.0415    0.03759    0.03524    0.03391    0.03325    0.03301    0.03303    0.0332    0.03345    0.03373    0.03403    0.03432    0.0346    0.03486    0.03511    0.03532    0.0355    0.03563    0.03571    0.03571    0.03565    0.03552    
PR141    0.004045    8.191    16.15    20.24    22.37    23.51    24.08    24.31    24.31    24.16    23.92    23.62    23.28    22.92    22.55    22.18    21.81    21.44    21.08    20.73    20.38    20.04    19.7    19.38    19.06    18.75    18.44    18.14    17.85    17.57    17.29    17.01    16.75    16.48    16.23    15.97    
CE142    0.1781    12.48    18.47    21.73    23.7    24.98    25.82    26.39    26.76    27    27.17    27.27    27.34    27.39    27.42    27.44    27.46    27.47    27.48    27.49    27.5    27.51    27.52    27.53    27.54    27.55    27.56    27.57    27.58    27.59    27.6    27.61    27.62    27.63    27.64    27.65    
ND142    2.463e-07    0.06858    0.3349    0.7095    1.133    1.578    2.028    2.473    2.91    3.333    3.742    4.134    4.51    4.869    5.212    5.538    5.848    6.143    6.423    6.688    6.94    7.178    7.403    7.616    7.816    8.005    8.183    8.35    8.507    8.654    8.792    8.92    9.04    9.151    9.254    9.349    
PR143    0.06094    1.648    0.8219    0.4755    0.3035    0.2036    0.1398    0.09731    0.06879    0.0497    0.03707    0.02876    0.0233    0.01973    0.01742    0.01595    0.01505    0.01451    0.01422    0.01408    0.01404    0.01405    0.01409    0.01415    0.01422    0.01429    0.01436    0.01443    0.01449    0.01455    0.01459    0.01462    0.01462    0.0146    0.01455    0.01448    
ND143    0.002632    7.597    9.699    8.824    7.263    5.728    4.421    3.374    2.565    1.958    1.512    1.191    0.9647    0.8086    0.7037    0.6358    0.5941    0.5708    0.5603    0.5585    0.5625    0.5701    0.58    0.5912    0.6029    0.6148    0.6265    0.6377    0.6485    0.6587    0.6682    0.677    0.6852    0.6926    0.6993    0.7053    
CE144    0.1421    8.359    10.29    9.959    8.864    7.565    6.289    5.132    4.129    3.288    2.598    2.042    1.6    1.253    0.982    0.7729    0.6124    0.4901    0.3974    0.3275    0.2751    0.2361    0.2071    0.1857    0.17    0.1585    0.1502    0.1441    0.1397    0.1365    0.1341    0.1322    0.1307    0.1294    0.128    0.1266    
ND144    0.0004555    3.105    10.05    17.21    23.49    28.67    32.8    36.03    38.51    40.39    41.81    42.87    43.66    44.24    44.67    45    45.24    45.43    45.57    45.7    45.8    45.89    45.98    46.06    46.14    46.22    46.31    46.4    46.49    46.58    46.68    46.78    46.88    46.98    47.09    47.2    
ND145    0.1016    7.459    10.62    12.01    12.58    12.72    12.6    12.33    11.97    11.57    11.14    10.71    10.29    9.888    9.502    9.137    8.794    8.471    8.169    7.888    7.625    7.379    7.151    6.938    6.74    6.555    6.383    6.224    6.075    5.936    5.808    5.688    5.576    5.472    5.376    5.285    
ND146    0.09468    6.708    10.45    12.96    14.88    16.45    17.78    18.94    19.97    20.9    21.74    22.53    23.27    23.96    24.61    25.23    25.82    26.39    26.93    27.45    27.95    28.43    28.89    29.34    29.77    30.19    30.6    30.99    31.38    31.75    32.11    32.46    32.81    33.14    33.47    33.79    
ND147    0.07334    0.6328    0.3237    0.1941    0.1278    0.08804    0.0621    0.04464    0.03288    0.02504    0.01991    0.01659    0.01448    0.01316    0.01238    0.01194    0.01174    0.01169    0.01173    0.01184    0.01197    0.01213    0.0123    0.01247    0.01263    0.0128    0.01296    0.01311    0.01327    0.01341    0.01355    0.01367    0.01379    0.01389    0.01398    0.01405    
PM147    0.004995    3.544    4.069    3.437    2.657    1.982    1.456    1.061    0.7736    0.5678    0.423    0.3226    0.254    0.2078    0.1772    0.1574    0.1449    0.1375    0.1334    0.1315    0.1311    0.1316    0.1327    0.1341    0.1357    0.1374    0.139    0.1406    0.1422    0.1437    0.1451    0.1465    0.1477    0.1488    0.1498    0.1506    
SM147    2.855e-06    0.1282    0.4356    0.6959    0.8659    0.9559    0.9858    0.9744    0.9363    0.8824    0.8204    0.7555    0.6912    0.6296    0.5721    0.5192    0.4712    0.4279    0.3891    0.3546    0.3241    0.2971    0.2733    0.2524    0.234    0.2179    0.2038    0.1915    0.1807    0.1713    0.1631    0.156    0.1498    0.1445    0.1398    0.1358    
ND148    0.06514    4.435    6.587    7.79    8.537    9.023    9.339    9.542    9.667    9.74    9.778    9.793    9.793    9.782    9.765    9.745    9.721    9.697    9.671    9.645    9.619    9.594    9.568    9.543    9.518    9.493    9.468    9.444    9.42    9.395    9.371    9.348    9.324    9.3    9.276    9.252    
SM148    1.096e-06    0.4756    1.617    2.743    3.684    4.429    5.009    5.457    5.804    6.075    6.288    6.458    6.595    6.707    6.801    6.881    6.949    7.009    7.061    7.108    7.15    7.189    7.224    7.257    7.287    7.316    7.343    7.369    7.394    7.418    7.441    7.463    7.485    7.506    7.527    7.547    
ND150    0.03876    2.603    3.88    4.609    5.071    5.379    5.584    5.72    5.809    5.866    5.901    5.922    5.933    5.938    5.939    5.937    5.934    5.93    5.925    5.92    5.915    5.91    5.905    5.9    5.895    5.89    5.885    5.88    5.875    5.871    5.866    5.861    5.857    5.852    5.847    5.842    
SM150    0.00676    3.355    5.295    6.27    6.64    6.623    6.367    5.972    5.509    5.023    4.546    4.094    3.679    3.304    2.969    2.674    2.416    2.191    1.996    1.828    1.684    1.56    1.454    1.363    1.286    1.22    1.164    1.116    1.076    1.041    1.012    0.9872    0.9661    0.9481    0.9328    0.9198    
SM151    0.011    0.1067    0.08779    0.08073    0.07558    0.0702    0.06444    0.05857    0.05286    0.04749    0.04256    0.03811    0.03414    0.03062    0.02754    0.02486    0.02253    0.02052    0.01879    0.0173    0.01603    0.01494    0.014    0.01321    0.01253    0.01195    0.01146    0.01105    0.01069    0.01039    0.01014    0.009922    0.009737    0.009578    0.009441    0.009321    
SM152    0.02542    3.069    4.046    4.237    4.14    3.921    3.644    3.342    3.037    2.742    2.463    2.206    1.973    1.764    1.578    1.414    1.27    1.144    1.035    0.9408    0.8593    0.7891    0.7289    0.6772    0.6329    0.5951    0.5627    0.5351    0.5115    0.4914    0.4743    0.4596    0.4471    0.4364    0.4272    0.4193    
SM153    0.01052    0.05511    0.05846    0.05703    0.05376    0.04975    0.04548    0.04121    0.03712    0.03328    0.02976    0.02656    0.0237    0.02115    0.0189    0.01693    0.0152    0.0137    0.0124    0.01127    0.0103    0.009467    0.008752    0.008138    0.007613    0.007164    0.006781    0.006453    0.006174    0.005936    0.005733    0.00556    0.005412    0.005285    0.005175    0.005079    
EU153    0.004378    1.274    2.16    2.617    2.782    2.769    2.653    2.482    2.286    2.082    1.882    1.693    1.517    1.357    1.213    1.085    0.9714    0.8716    0.7844    0.7084    0.6425    0.5855    0.5364    0.4941    0.4577    0.4265    0.3998    0.377    0.3575    0.3408    0.3265    0.3144    0.304    0.2951    0.2874    0.2808    
SM154    0.01126    0.7795    1.184    1.431    1.598    1.715    1.796    1.853    1.892    1.918    1.934    1.944    1.949    1.95    1.949    1.945    1.94    1.934    1.927    1.919    1.91    1.901    1.892    1.883    1.873    1.863    1.853    1.842    1.832    1.822    1.811    1.801    1.791    1.78    1.77    1.759    
EU154    2.522e-05    0.2573    0.6181    0.855    0.9694    0.9996    0.9782    0.9276    0.862    0.79    0.7173    0.647    0.5811    0.5204    0.4654    0.4162    0.3724    0.3338    0.2999    0.2703    0.2446    0.2223    0.2031    0.1865    0.1722    0.16    0.1495    0.1405    0.1328    0.1262    0.1206    0.1158    0.1117    0.1082    0.1052    0.1027    
GD154    4.108e-09    0.002091    0.01218    0.02871    0.0477    0.06627    0.08275    0.09638    0.1069    0.1145    0.1195    0.122    0.1226    0.1215    0.1191    0.1157    0.1116    0.1069    0.1019    0.09673    0.09148    0.08627    0.08117    0.07623    0.07151    0.06702    0.0628    0.05883    0.05514    0.05171    0.04855    0.04563    0.04296    0.04051    0.03827    0.03624    
EU155    0.006544    0.1312    0.2231    0.2972    0.3349    0.3449    0.3373    0.3198    0.2972    0.2726    0.2477    0.2237    0.2012    0.1805    0.1617    0.1449    0.13    0.1168    0.1052    0.0951    0.0863    0.07868    0.07209    0.06641    0.06152    0.05732    0.05372    0.05063    0.04798    0.04572    0.04378    0.04213    0.04071    0.03949    0.03845    0.03754    
EU156    0.003752    0.1747    0.2431    0.3174    0.3586    0.3704    0.3629    0.3444    0.3202    0.2937    0.2669    0.2411    0.2168    0.1945    0.1743    0.1561    0.14    0.1257    0.1132    0.1023    0.09277    0.08452    0.07739    0.07124    0.06594    0.06139    0.05749    0.05414    0.05127    0.04882    0.04672    0.04492    0.04338    0.04206    0.04093    0.03995    
GD156    0.0001662    0.5908    1.541    2.848    4.42    6.102    7.778    9.38    10.87    12.22    13.44    14.53    15.49    16.33    17.07    17.71    18.26    18.74    19.15    19.5    19.8    20.05    20.26    20.45    20.6    20.73    20.83    20.92    20.99    21.05    21.1    21.13    21.16    21.18    21.2    21.21    
GD158    0.003565    0.4328    0.7581    1.078    1.412    1.75    2.083    2.408    2.72    3.02    3.307    3.582    3.846    4.1    4.344    4.579    4.806    5.026    5.24    5.448    5.65    5.848    6.042    6.231    6.417    6.6    6.78    6.957    7.131    7.304    7.474    7.642    7.808    7.972    8.134    8.295    
TB159    0.000497    0.06277    0.09773    0.1215    0.1396    0.1542    0.1666    0.1779    0.1888    0.1998    0.2112    0.2231    0.2358    0.2492    0.2632    0.2779    0.2933    0.3092    0.3255    0.3423    0.3595    0.3771    0.3949    0.4129    0.4312    0.4496    0.4682    0.4869    0.5057    0.5245    0.5434    0.5624    0.5813    0.6003    0.6193    0.6382    
GD160    0.0004479    0.03056    0.04696    0.05754    0.06497    0.07023    0.07392    0.07645    0.07816    0.07931    0.08006    0.08056    0.08088    0.08108    0.08121    0.08129    0.08133    0.08136    0.08138    0.08139    0.08139    0.08139    0.0814    0.0814    0.0814    0.08141    0.08141    0.08142    0.08142    0.08143    0.08143    0.08144    0.08144    0.08144    0.08145    0.08145    
DY160    2.238e-09    0.0004399    0.002209    0.004853    0.007889    0.01105    0.0142    0.01726    0.02021    0.02304    0.02578    0.02846    0.03109    0.03372    0.03635    0.03902    0.04174    0.04452    0.04737    0.05029    0.05329    0.05636    0.05951    0.06274    0.06603    0.06939    0.07281    0.07628    0.0798    0.08337    0.08698    0.09063    0.09431    0.09802    0.1017    0.1055    
DY161    2.416e-05    0.009548    0.01069    0.01006    0.009508    0.009268    0.009304    0.009551    0.009959    0.01049    0.01111    0.01182    0.01258    0.0134    0.01426    0.01516    0.01611    0.01709    0.01811    0.01916    0.02024    0.02135    0.02249    0.02366    0.02484    0.02605    0.02728    0.02853    0.02979    0.03107    0.03236    0.03366    0.03496    0.03628    0.0376    0.03893    
DY162    0.0001115    0.01053    0.01752    0.02073    0.02178    0.02184    0.0216    0.02138    0.02138    0.02163    0.02217    0.02296    0.02399    0.02521    0.02662    0.02817    0.02985    0.03165    0.03355    0.03555    0.03763    0.03979    0.04202    0.04432    0.04668    0.0491    0.05157    0.05409    0.05666    0.05926    0.06189    0.06456    0.06726    0.06998    0.07271    0.07547    
DY163    4.647e-05    0.004713    0.01016    0.01552    0.02008    0.02361    0.02619    0.02803    0.02937    0.03042    0.03136    0.03231    0.03337    0.03459    0.036    0.03761    0.03944    0.04148    0.04371    0.04614    0.04874    0.05151    0.05443    0.0575    0.06071    0.06404    0.06748    0.07104    0.07469    0.07843    0.08226    0.08616    0.09013    0.09417    0.09826    0.1024    
HO165    8.91e-06    0.001941    0.004159    0.006993    0.01053    0.01457    0.01884    0.02312    0.02725    0.03115    0.0348    0.03821    0.04144    0.04453    0.04754    0.05054    0.05357    0.05668    0.05992    0.06332    0.0669    0.07068    0.07468    0.0789    0.08336    0.08805    0.09299    0.09815    0.1036    0.1092    0.115    0.1211    0.1273    0.1338    0.1404    0.1472    
ER166    3.243e-07    0.0004143    0.0009305    0.001659    0.002714    0.004161    0.006026    0.008296    0.01093    0.01389    0.01711    0.02055    0.02417    0.02794    0.03182    0.03582    0.03991    0.04411    0.04843    0.05286    0.05742    0.06213    0.06701    0.07207    0.07733    0.0828    0.0885    0.09444    0.1006    0.1071    0.1139    0.1209    0.1282    0.1358    0.1437    0.1519    
