TIME    3   100   220   340   460   580   700   820   1040   1160   1280   1400   1520   1640   1760   1880   2000   2120   2240   2360   2480   2600   2720   2840   2960   3080   3200   3320   3440   3560   3680   3800   3920   4040   4160   4280   
NEUT_PROD    1690   754   390   233   151   101   68.9   47.3   23   16.6   12.3   9.58   7.85   6.77   6.14   5.78   5.61   5.55   5.55   5.58   5.63   5.68   5.72   5.75   5.77   5.77   5.75   5.72   5.67   5.61   5.54   5.45   5.36   5.25   5.14   5.03   
NEUT_DEST    929   508   323   228   171   131   104   83.7   58.7   51   45.3   41   37.7   35.1   33   31.3   29.9   28.7   27.7   26.8   26.1   25.4   24.7   24.2   23.6   23.1   22.7   22.2   21.8   21.5   21.1   20.7   20.4   20.1   19.8   19.5   
BUd    18.1    411    199    108    66.3    43.3    29.1    19.8    23.1    6.66    4.81    3.59    2.8    2.29    1.98    1.79    1.67    1.62    1.59    1.58    1.59    1.6    1.6    1.61    1.62    1.62    1.62    1.61    1.6    1.59    1.57    1.55    1.52    1.5    1.47    1.44    
HE4    3.97e-06    0.0001658    0.000962    0.003426    0.00793    0.01398    0.02078    0.0276    0.0391    0.04452    0.04942    0.05398    0.05835    0.06266    0.06698    0.07139    0.0759    0.08055    0.08533    0.09023    0.09525    0.1004    0.1055    0.1108    0.116    0.1213    0.1266    0.1318    0.137    0.1422    0.1472    0.1522    0.1571    0.162    0.1667    0.1713    
U234    1.44e-09    1.753e-06    3.596e-05    0.0002388    0.0007916    0.001787    0.00318    0.004828    0.007769    0.009184    0.01034    0.0112    0.01177    0.01206    0.01212    0.012    0.01172    0.01133    0.01087    0.01036    0.009812    0.009257    0.008702    0.008159    0.007632    0.007128    0.006648    0.006195    0.005768    0.005368    0.004995    0.004647    0.004323    0.004022    0.003742    0.003483    
U236    4.003e-06    0.002934    0.0088    0.01419    0.01828    0.02113    0.02301    0.02418    0.02511    0.02526    0.02528    0.02521    0.02509    0.02494    0.02478    0.0246    0.02442    0.02423    0.02404    0.02384    0.02365    0.02345    0.02324    0.02304    0.02283    0.02261    0.0224    0.02218    0.02195    0.02173    0.0215    0.02128    0.02104    0.02081    0.02058    0.02035    
PU238    4.451e-05    0.002615    0.03653    0.1456    0.3239    0.5237    0.6952    0.8082    0.8204    0.7786    0.7038    0.6141    0.5215    0.4334    0.3541    0.2853    0.2274    0.1798    0.1413    0.1107    0.08664    0.06793    0.05351    0.0425    0.03414    0.02784    0.02311    0.01958    0.01696    0.01501    0.01357    0.01249    0.01168    0.01107    0.0106    0.01023    
PU239    972.8    399    159.2    63.53    25.4    10.23    4.211    1.839    0.5312    0.3764    0.3013    0.2537    0.2157    0.182    0.1515    0.1244    0.1008    0.08087    0.06432    0.05084    0.04003    0.03148    0.02479    0.0196    0.01562    0.01257    0.01027    0.008532    0.007227    0.006251    0.005521    0.004976    0.004567    0.004258    0.004022    0.003839    
PU240    8.78    155.7    165.9    135.4    100.2    70.78    48.83    33.27    15.25    10.36    7.085    4.908    3.464    2.51    1.882    1.471    1.204    1.032    0.9236    0.8561    0.8152    0.7913    0.7777    0.7703    0.766    0.763    0.7601    0.7566    0.7519    0.7458    0.7383    0.7294    0.719    0.7074    0.6946    0.6807    
PU241    0.05328    27.85    52.19    56.17    48.79    38.06    27.94    19.8    9.425    6.422    4.377    2.999    2.077    1.463    1.056    0.7882    0.6123    0.4978    0.4241    0.3772    0.3479    0.33    0.3193    0.3132    0.3097    0.3076    0.3061    0.3048    0.3032    0.3012    0.2987    0.2957    0.292    0.2878    0.2831    0.278    
PU242    0.0001397    2.923    13.38    26.68    38.52    47.22    52.69    55.49    55.79    54.37    52.39    50.11    47.68    45.2    42.75    40.36    38.06    35.87    33.78    31.81    29.96    28.21    26.56    25.01    23.56    22.19    20.91    19.71    18.57    17.51    16.52    15.58    14.7    13.87    13.09    12.36    
PU244    2.34e-11    2.11e-05    0.0002266    0.0007921    0.001773    0.003138    0.004816    0.006728    0.01098    0.0132    0.01542    0.01762    0.01978    0.02187    0.02387    0.0258    0.02762    0.02935    0.03099    0.03252    0.03396    0.0353    0.03656    0.03772    0.03879    0.03979    0.04071    0.04155    0.04232    0.04303    0.04367    0.04425    0.04477    0.04525    0.04567    0.04604    
AM241    7.01e-06    0.1156    0.4339    0.6742    0.7376    0.6722    0.5499    0.4204    0.2053    0.1475    0.1033    0.07153    0.04939    0.03428    0.02409    0.01729    0.01277    0.009796    0.00785    0.006589    0.005782    0.005272    0.004957    0.004765    0.004652    0.004586    0.004545    0.004518    0.004494    0.004469    0.004438    0.004401    0.004356    0.004302    0.004241    0.004173    
AM243    5.959e-08    0.05059    0.4973    1.578    3.196    5.106    7.064    8.893    11.79    12.8    13.52    13.99    14.24    14.3    14.21    14    13.69    13.31    12.88    12.41    11.92    11.41    10.9    10.39    9.892    9.401    8.923    8.461    8.017    7.59    7.183    6.794    6.424    6.073    5.739    5.424    
CM242    1.389e-08    0.01987    0.1729    0.4243    0.6459    0.7642    0.7752    0.7102    0.5105    0.3898    0.2924    0.2156    0.1569    0.113    0.08091    0.05785    0.04151    0.03008    0.02216    0.01674    0.01305    0.01057    0.008918    0.007829    0.007119    0.006662    0.006369    0.006182    0.00606    0.005975    0.005911    0.005855    0.0058    0.00574    0.005673    0.005599    
CM244    6.923e-11    0.002182    0.04618    0.2349    0.675    1.428    2.504    3.869    7.235    9.087    10.97    12.83    14.62    16.31    17.88    19.3    20.56    21.67    22.62    23.41    24.05    24.55    24.91    25.15    25.27    25.29    25.22    25.05    24.82    24.51    24.15    23.74    23.28    22.79    22.27    21.72    
CM245    2.122e-14    1.543e-05    0.0004943    0.003009    0.009548    0.0215    0.03931    0.06259    0.1217    0.1549    0.189    0.223    0.256    0.2873    0.3164    0.343    0.3668    0.3878    0.4059    0.4211    0.4336    0.4434    0.4507    0.4557    0.4586    0.4594    0.4586    0.4561    0.4522    0.447    0.4407    0.4335    0.4254    0.4167    0.4074    0.3976    
CM246    4.585e-17    1.222e-06    8.502e-05    0.0008345    0.003771    0.01128    0.02619    0.0513    0.1414    0.2096    0.2942    0.3952    0.5122    0.6445    0.791    0.9503    1.121    1.302    1.491    1.687    1.889    2.094    2.303    2.513    2.723    2.933    3.141    3.347    3.549    3.748    3.943    4.132    4.317    4.495    4.668    4.835    
SE77    0.0001734    0.009611    0.01326    0.01441    0.01453    0.01421    0.01371    0.01313    0.0119    0.01131    0.01073    0.01018    0.009664    0.009171    0.008705    0.008265    0.007851    0.007461    0.007094    0.006748    0.006423    0.006117    0.005829    0.005558    0.005302    0.005062    0.004835    0.004621    0.00442    0.00423    0.00405    0.003881    0.003721    0.00357    0.003426    0.003291    
SE78    0.001248    0.02977    0.04296    0.04953    0.05327    0.05569    0.05742    0.05877    0.06078    0.06159    0.06233    0.06299    0.06361    0.06418    0.06472    0.06523    0.06571    0.06617    0.0666    0.06702    0.06742    0.06779    0.06815    0.0685    0.06883    0.06914    0.06944    0.06973    0.07001    0.07027    0.07053    0.07077    0.071    0.07122    0.07143    0.07163    
SE79    0.002862    0.06394    0.09097    0.1033    0.1095    0.1127    0.1146    0.1156    0.1164    0.1164    0.1164    0.1163    0.1162    0.116    0.1159    0.1157    0.1155    0.1153    0.1151    0.115    0.1148    0.1146    0.1145    0.1143    0.1142    0.114    0.1139    0.1137    0.1136    0.1134    0.1133    0.1132    0.113    0.1129    0.1127    0.1126    
SE80    0.006894    0.1535    0.2184    0.2481    0.2631    0.2713    0.2762    0.2794    0.283    0.2842    0.2852    0.286    0.2867    0.2874    0.2881    0.2887    0.2894    0.29    0.2907    0.2914    0.292    0.2927    0.2934    0.2941    0.2948    0.2954    0.2961    0.2968    0.2975    0.2982    0.2989    0.2996    0.3003    0.301    0.3016    0.3023    
BR81    0.01051    0.2345    0.3319    0.3748    0.3946    0.4038    0.4075    0.4083    0.4053    0.4028    0.3998    0.3966    0.3933    0.39    0.3866    0.3833    0.38    0.3767    0.3735    0.3703    0.3671    0.364    0.361    0.358    0.355    0.3521    0.3492    0.3464    0.3435    0.3408    0.338    0.3353    0.3326    0.3299    0.3273    0.3246    
SE82    0.01301    0.291    0.4186    0.4814    0.5159    0.5366    0.5498    0.5584    0.568    0.5708    0.5729    0.5746    0.5759    0.577    0.578    0.579    0.5799    0.5808    0.5817    0.5826    0.5835    0.5845    0.5854    0.5864    0.5873    0.5883    0.5893    0.5902    0.5912    0.5922    0.5932    0.5941    0.5951    0.5961    0.597    0.5979    
KR82    0.0001114    0.006412    0.01119    0.01514    0.01865    0.02187    0.02484    0.02759    0.03247    0.03461    0.03656    0.03834    0.03996    0.04143    0.04275    0.04394    0.04501    0.04596    0.04681    0.04757    0.04824    0.04882    0.04933    0.04977    0.05014    0.05045    0.05071    0.05092    0.05109    0.05121    0.05129    0.05133    0.05135    0.05133    0.05128    0.05121    
KR83    0.01745    0.3663    0.44    0.4153    0.3611    0.3023    0.2479    0.2008    0.1291    0.1034    0.08315    0.06732    0.05507    0.04568    0.03853    0.03314    0.02912    0.02613    0.02394    0.02236    0.02122    0.02042    0.01987    0.0195    0.01926    0.01911    0.01903    0.01899    0.01897    0.01897    0.01897    0.01897    0.01897    0.01895    0.01891    0.01886    
KR84    0.03132    0.7736    1.214    1.506    1.715    1.872    1.991    2.081    2.204    2.246    2.278    2.304    2.324    2.341    2.355    2.367    2.377    2.386    2.395    2.403    2.41    2.418    2.425    2.432    2.439    2.446    2.452    2.459    2.466    2.473    2.48    2.487    2.493    2.5    2.507    2.514    
KR85    0.007497    0.1814    0.2582    0.2933    0.31    0.3175    0.3199    0.3191    0.3137    0.3092    0.3042    0.2991    0.2938    0.2886    0.2834    0.2782    0.2732    0.2683    0.2635    0.2588    0.2542    0.2497    0.2454    0.2411    0.237    0.233    0.2291    0.2252    0.2215    0.2178    0.2143    0.2108    0.2074    0.2041    0.2008    0.1976    
RB85    0.02644    0.6516    0.9464    1.099    1.189    1.246    1.286    1.314    1.35    1.363    1.373    1.383    1.392    1.399    1.407    1.414    1.421    1.428    1.435    1.441    1.448    1.454    1.46    1.467    1.473    1.479    1.485    1.491    1.497    1.503    1.508    1.514    1.519    1.525    1.53    1.535    
KR86    0.05182    1.166    1.696    1.975    2.14    2.246    2.316    2.363    2.417    2.433    2.445    2.454    2.461    2.467    2.472    2.477    2.482    2.486    2.49    2.495    2.499    2.504    2.508    2.513    2.517    2.522    2.526    2.531    2.535    2.54    2.544    2.549    2.553    2.557    2.562    2.566    
SR86    2.25e-06    0.0009545    0.002176    0.003395    0.004641    0.005923    0.007236    0.008574    0.01129    0.01267    0.01406    0.01544    0.01683    0.01822    0.01961    0.021    0.02239    0.02378    0.02518    0.02657    0.02796    0.02935    0.03074    0.03213    0.03352    0.03491    0.0363    0.03769    0.03908    0.04046    0.04185    0.04323    0.04462    0.046    0.04738    0.04876    
RB87    0.06334    1.458    2.12    2.467    2.671    2.8    2.884    2.941    3.005    3.024    3.037    3.047    3.054    3.061    3.066    3.071    3.076    3.08    3.084    3.089    3.093    3.098    3.102    3.107    3.111    3.116    3.12    3.125    3.13    3.134    3.139    3.144    3.148    3.153    3.157    3.162    
SR88    0.08669    2.068    3    3.48    3.758    3.932    4.046    4.122    4.209    4.235    4.254    4.269    4.281    4.291    4.3    4.309    4.317    4.325    4.333    4.341    4.349    4.356    4.365    4.373    4.381    4.389    4.397    4.406    4.414    4.422    4.431    4.439    4.447    4.455    4.464    4.472    
SR89    0.1141    1.296    0.8385    0.4673    0.2677    0.1627    0.1038    0.06841    0.03386    0.0227    0.01627    0.01226    0.0097    0.008066    0.007046    0.006433    0.006084    0.005908    0.005838    0.005834    0.005866    0.005917    0.005974    0.006032    0.006087    0.006136    0.006178    0.006214    0.006241    0.006257    0.00626    0.006247    0.006216    0.006164    0.006093    0.006004    
Y89    0.002376    1.33    2.959    3.925    4.463    4.775    4.965    5.084    5.206    5.239    5.259    5.271    5.278    5.282    5.284    5.285    5.285    5.285    5.284    5.283    5.283    5.282    5.282    5.282    5.282    5.281    5.281    5.281    5.281    5.281    5.281    5.281    5.281    5.281    5.281    5.28    
SR90    0.146    3.266    4.701    5.412    5.798    6.016    6.139    6.201    6.231    6.214    6.187    6.153    6.115    6.074    6.033    5.99    5.947    5.905    5.863    5.821    5.779    5.738    5.698    5.658    5.618    5.579    5.541    5.502    5.464    5.427    5.389    5.352    5.316    5.279    5.243    5.207    
ZR90    7.635e-06    0.01293    0.04776    0.09338    0.1447    0.1991    0.2553    0.3125    0.4201    0.4781    0.536    0.5937    0.651    0.7081    0.7649    0.8213    0.8773    0.9331    0.9885    1.044    1.098    1.153    1.207    1.26    1.314    1.367    1.42    1.472    1.524    1.576    1.628    1.679    1.73    1.781    1.831    1.881    
Y91    0.1395    2.101    1.469    0.8594    0.5047    0.3105    0.2002    0.1337    0.06974    0.04834    0.03598    0.02829    0.02339    0.02025    0.01826    0.01704    0.01632    0.01592    0.01572    0.01565    0.01565    0.01569    0.01574    0.0158    0.01585    0.0159    0.01593    0.01595    0.01596    0.01595    0.01592    0.01586    0.01577    0.01565    0.01549    0.01531    
ZR91    0.002226    1.801    4.198    5.716    6.595    7.115    7.436    7.642    7.858    7.922    7.964    7.992    8.012    8.027    8.039    8.048    8.057    8.064    8.071    8.078    8.085    8.092    8.099    8.106    8.113    8.121    8.128    8.135    8.142    8.149    8.157    8.164    8.171    8.177    8.184    8.19    
ZR92    0.1885    4.822    7.015    8.159    8.831    9.258    9.541    9.734    9.963    10.03    10.09    10.13    10.17    10.2    10.23    10.26    10.28    10.31    10.34    10.36    10.39    10.42    10.44    10.47    10.5    10.52    10.55    10.58    10.61    10.63    10.66    10.69    10.72    10.74    10.77    10.8    
ZR93    0.2247    6.277    9.108    10.55    11.38    11.87    12.17    12.35    12.5    12.52    12.51    12.49    12.46    12.43    12.39    12.35    12.31    12.27    12.22    12.18    12.14    12.1    12.06    12.02    11.98    11.94    11.9    11.87    11.83    11.79    11.75    11.72    11.68    11.64    11.6    11.57    
ZR94    0.3142    7.121    10.37    12.08    13.11    13.79    14.25    14.59    15.03    15.19    15.32    15.44    15.54    15.64    15.74    15.83    15.93    16.02    16.11    16.2    16.29    16.38    16.47    16.56    16.65    16.74    16.83    16.92    17.01    17.1    17.19    17.28    17.37    17.45    17.54    17.63    
ZR95    0.3509    4.552    3.34    2.032    1.225    0.7638    0.4931    0.3266    0.1637    0.1092    0.0771    0.05704    0.04424    0.03604    0.03087    0.02769    0.02582    0.02479    0.0243    0.02414    0.02418    0.02433    0.02452    0.02474    0.02494    0.02513    0.02529    0.02543    0.02554    0.0256    0.02561    0.02557    0.02545    0.02526    0.02499    0.02466    
NB95    0.005677    1.808    1.975    1.338    0.819    0.5032    0.3189    0.2083    0.1057    0.06933    0.04763    0.0344    0.02606    0.02075    0.01738    0.01529    0.01402    0.01331    0.01294    0.01279    0.01277    0.01283    0.01292    0.01302    0.01312    0.01322    0.01329    0.01336    0.0134    0.01342    0.01342    0.01339    0.01332    0.01322    0.01308    0.01291    
MO95    0.0001135    1.672    6.265    9.921    12.1    13.28    13.87    14.12    14.04    13.89    13.67    13.42    13.15    12.87    12.59    12.32    12.04    11.77    11.5    11.24    10.99    10.74    10.5    10.27    10.04    9.82    9.604    9.394    9.188    8.988    8.793    8.603    8.418    8.237    8.06    7.887    
ZR96    0.3791    8.542    12.46    14.55    15.8    16.61    17.14    17.5    17.9    18.02    18.1    18.16    18.2    18.24    18.27    18.3    18.32    18.35    18.37    18.4    18.42    18.45    18.47    18.49    18.52    18.54    18.57    18.6    18.62    18.65    18.67    18.7    18.72    18.75    18.77    18.79    
MO96    0.0001714    0.02261    0.1447    0.3723    0.6676    1    1.351    1.71    2.428    2.781    3.129    3.469    3.801    4.125    4.442    4.751    5.051    5.344    5.63    5.908    6.178    6.442    6.699    6.949    7.192    7.43    7.661    7.886    8.105    8.318    8.526    8.729    8.926    9.118    9.305    9.487    
MO97    0.2819    9.214    13.46    15.69    17.01    17.82    18.35    18.68    19.01    19.08    19.11    19.12    19.12    19.11    19.09    19.07    19.05    19.03    19.01    18.99    18.97    18.95    18.93    18.92    18.9    18.89    18.87    18.86    18.85    18.84    18.82    18.81    18.8    18.79    18.78    18.77    
MO98    0.4419    9.976    14.6    17.12    18.66    19.69    20.39    20.89    21.51    21.71    21.88    22.02    22.14    22.25    22.36    22.46    22.56    22.65    22.75    22.84    22.94    23.03    23.13    23.22    23.32    23.42    23.51    23.61    23.7    23.8    23.9    23.99    24.09    24.18    24.27    24.37    
TC99    0.128    9.954    14.47    16.58    17.57    17.94    17.93    17.69    16.82    16.29    15.74    15.17    14.61    14.07    13.53    13.02    12.52    12.04    11.58    11.15    10.72    10.32    9.937    9.568    9.215    8.877    8.554    8.245    7.948    7.665    7.393    7.133    6.883    6.644    6.414    6.193    
MO100    0.5352    12.05    17.6    20.57    22.36    23.51    24.28    24.79    25.37    25.53    25.64    25.72    25.79    25.83    25.87    25.91    25.94    25.97    26    26.03    26.06    26.09    26.12    26.15    26.18    26.21    26.24    26.27    26.3    26.34    26.37    26.4    26.43    26.46    26.49    26.52    
RU100    8.374e-05    0.2489    0.7947    1.469    2.202    2.955    3.71    4.452    5.871    6.539    7.179    7.789    8.369    8.921    9.444    9.941    10.41    10.86    11.28    11.68    12.05    12.41    12.74    13.06    13.36    13.64    13.9    14.15    14.38    14.6    14.81    15    15.18    15.34    15.5    15.64    
RU101    0.459    10.41    15.21    17.8    19.34    20.31    20.91    21.27    21.58    21.62    21.61    21.58    21.53    21.48    21.42    21.36    21.31    21.25    21.2    21.16    21.11    21.08    21.04    21.01    20.98    20.95    20.93    20.91    20.89    20.87    20.86    20.84    20.83    20.82    20.81    20.8    
RU102    0.4732    10.78    15.94    18.9    20.81    22.13    23.08    23.78    24.71    25.04    25.32    25.57    25.79    26    26.19    26.38    26.57    26.75    26.94    27.12    27.3    27.48    27.66    27.84    28.01    28.19    28.37    28.55    28.72    28.9    29.08    29.25    29.42    29.6    29.77    29.94    
RU103    0.5378    5.156    3.053    1.712    1.038    0.6743    0.4561    0.3164    0.172    0.1237    0.09632    0.07893    0.0677    0.06053    0.05607    0.0534    0.05191    0.05119    0.05095    0.05102    0.05125    0.05159    0.05196    0.05235    0.05273    0.0531    0.05345    0.05378    0.05407    0.05432    0.05452    0.05466    0.05473    0.05471    0.05462    0.05446    
RH103    0.01415    6.478    11.51    12.44    11.58    10.11    8.542    7.073    4.671    3.766    3.023    2.426    1.952    1.579    1.288    1.062    0.8887    0.7556    0.6544    0.5778    0.5201    0.4771    0.4451    0.4215    0.4043    0.3918    0.383    0.3767    0.3724    0.3694    0.3675    0.3662    0.3652    0.3645    0.3638    0.363    
RU104    0.4767    10.92    16.17    19.16    21.07    22.35    23.22    23.81    24.47    24.65    24.78    24.86    24.92    24.96    25    25.02    25.04    25.06    25.08    25.1    25.12    25.13    25.15    25.17    25.19    25.2    25.22    25.24    25.26    25.28    25.29    25.31    25.33    25.35    25.36    25.38    
PD104    4.053e-05    0.773    3.569    7.079    10.52    13.58    16.2    18.38    21.6    22.75    23.67    24.4    24.98    25.44    25.8    26.1    26.33    26.52    26.68    26.82    26.93    27.03    27.12    27.2    27.28    27.35    27.42    27.49    27.55    27.62    27.68    27.74    27.81    27.87    27.93    27.99    
PD105    0.1568    6.594    9.706    11.35    12.29    12.82    13.1    13.2    13.1    12.96    12.8    12.61    12.42    12.22    12.02    11.83    11.63    11.44    11.25    11.07    10.89    10.72    10.55    10.39    10.22    10.07    9.915    9.766    9.62    9.478    9.34    9.205    9.072    8.943    8.817    8.693    
RU106    0.3489    7.176    9.3    9.581    9.09    8.252    7.277    6.285    4.652    3.869    3.199    2.633    2.162    1.773    1.454    1.194    0.9839    0.8141    0.6777    0.5683    0.4809    0.4112    0.3557    0.3116    0.2765    0.2488    0.2267    0.2093    0.1954    0.1843    0.1754    0.1682    0.1622    0.1571    0.1527    0.1487    
PD106    0.07396    4    7.521    10.73    13.64    16.24    18.53    20.53    23.58    24.9    26.03    27.01    27.85    28.6    29.25    29.83    30.36    30.83    31.27    31.67    32.05    32.4    32.74    33.06    33.36    33.66    33.95    34.22    34.5    34.76    35.02    35.27    35.52    35.77    36.01    36.24    
PD107    0.2626    6.007    8.981    10.76    11.92    12.66    13.12    13.37    13.47    13.41    13.31    13.18    13.04    12.88    12.72    12.56    12.39    12.23    12.07    11.91    11.76    11.6    11.45    11.31    11.16    11.02    10.88    10.75    10.61    10.48    10.36    10.23    10.11    9.984    9.864    9.746    
PD108    0.1848    4.24    6.429    7.817    8.771    9.432    9.878    10.17    10.45    10.5    10.52    10.51    10.48    10.44    10.39    10.34    10.28    10.22    10.16    10.1    10.04    9.971    9.906    9.84    9.773    9.706    9.639    9.571    9.503    9.434    9.365    9.296    9.226    9.156    9.086    9.015    
AG109    0.08815    2.497    3.433    3.771    3.829    3.738    3.565    3.352    2.909    2.706    2.524    2.363    2.224    2.104    2.001    1.915    1.841    1.779    1.726    1.681    1.642    1.609    1.581    1.556    1.534    1.514    1.496    1.48    1.465    1.451    1.438    1.425    1.413    1.401    1.389    1.378    
PD110    0.05292    1.219    1.864    2.287    2.588    2.803    2.955    3.061    3.183    3.218    3.241    3.258    3.27    3.278    3.285    3.29    3.295    3.299    3.302    3.306    3.309    3.312    3.316    3.319    3.322    3.325    3.329    3.332    3.335    3.339    3.342    3.345    3.348    3.351    3.354    3.357    
AG110M    9.179e-06    0.0105    0.02725    0.0413    0.051    0.0567    0.05921    0.0594    0.05767    0.05402    0.05051    0.04721    0.04419    0.04149    0.0391    0.03701    0.0352    0.03365    0.03231    0.03117    0.0302    0.02937    0.02866    0.02805    0.02751    0.02705    0.02664    0.02628    0.02595    0.02566    0.02538    0.02513    0.02489    0.02467    0.02445    0.02424    
CD110    0.000213    0.2855    0.879    1.582    2.313    3.029    3.707    4.336    5.429    5.9    6.324    6.706    7.052    7.365    7.651    7.913    8.154    8.377    8.584    8.778    8.961    9.133    9.296    9.45    9.598    9.738    9.872    10    10.12    10.24    10.36    10.46    10.57    10.67    10.77    10.86    
CD111    0.003038    0.5056    0.8127    1.019    1.174    1.297    1.398    1.484    1.632    1.701    1.77    1.84    1.91    1.981    2.054    2.128    2.202    2.278    2.354    2.431    2.508    2.585    2.663    2.74    2.817    2.894    2.97    3.046    3.121    3.196    3.27    3.343    3.415    3.487    3.558    3.628    
CD112    0.006088    0.2349    0.3829    0.4989    0.5975    0.6839    0.7611    0.8318    0.9622    1.025    1.088    1.152    1.217    1.284    1.352    1.423    1.495    1.57    1.648    1.727    1.809    1.894    1.981    2.07    2.162    2.256    2.352    2.451    2.552    2.655    2.76    2.868    2.978    3.089    3.203    3.319    
CD113M    0.0001072    0.002748    0.004364    0.005574    0.006577    0.007446    0.008222    0.008938    0.01031    0.01098    0.01167    0.01237    0.01311    0.01387    0.01467    0.01551    0.01638    0.0173    0.01826    0.01926    0.02031    0.02141    0.02255    0.02374    0.02499    0.02628    0.02763    0.02902    0.03048    0.03198    0.03355    0.03516    0.03684    0.03857    0.04036    0.04221    
CD114    0.0072    0.2614    0.4023    0.4944    0.56    0.6075    0.6417    0.6664    0.6973    0.7074    0.7155    0.7223    0.7284    0.7341    0.7395    0.745    0.7505    0.7563    0.7622    0.7684    0.7749    0.7817    0.7887    0.7962    0.8039    0.812    0.8205    0.8293    0.8384    0.848    0.8579    0.8682    0.8788    0.8899    0.9014    0.9132    
CD116    0.003228    0.07297    0.107    0.1255    0.1369    0.1444    0.1494    0.1527    0.1566    0.1577    0.1584    0.159    0.1594    0.1598    0.1601    0.1603    0.1606    0.1608    0.161    0.1612    0.1614    0.1617    0.1619    0.1621    0.1623    0.1625    0.1628    0.163    0.1632    0.1635    0.1637    0.1639    0.1641    0.1644    0.1646    0.1648    
SN116    8.331e-06    0.02418    0.06416    0.09921    0.1262    0.1461    0.1607    0.1713    0.1849    0.1893    0.1927    0.1954    0.1977    0.1997    0.2015    0.2031    0.2047    0.2062    0.2076    0.2091    0.2105    0.2119    0.2133    0.2148    0.2162    0.2176    0.2191    0.2205    0.222    0.2235    0.2249    0.2264    0.2279    0.2294    0.231    0.2325    
SN117    0.002949    0.07298    0.106    0.1231    0.133    0.1392    0.1432    0.1457    0.1483    0.1489    0.1492    0.1494    0.1495    0.1495    0.1494    0.1494    0.1493    0.1492    0.1492    0.1491    0.149    0.1489    0.1489    0.1488    0.1488    0.1487    0.1487    0.1486    0.1486    0.1486    0.1485    0.1485    0.1485    0.1484    0.1484    0.1483    
SN118    0.003201    0.07331    0.1069    0.1248    0.1357    0.1427    0.1476    0.151    0.1555    0.157    0.1582    0.1593    0.1602    0.1611    0.162    0.1628    0.1636    0.1644    0.1652    0.166    0.1667    0.1675    0.1683    0.1691    0.1699    0.1707    0.1715    0.1723    0.1731    0.1739    0.1746    0.1754    0.1762    0.177    0.1778    0.1785    
SN119    0.003299    0.07467    0.1086    0.1263    0.1366    0.1431    0.1472    0.1499    0.1527    0.1533    0.1537    0.1539    0.154    0.154    0.154    0.1539    0.1538    0.1537    0.1536    0.1535    0.1534    0.1533    0.1532    0.1531    0.153    0.1529    0.1528    0.1527    0.1526    0.1526    0.1525    0.1524    0.1523    0.1522    0.1521    0.152    
SN120    0.0034    0.07652    0.1112    0.1294    0.1402    0.1472    0.1519    0.1552    0.1594    0.1608    0.1619    0.1629    0.1638    0.1647    0.1654    0.1662    0.1669    0.1677    0.1684    0.1691    0.1698    0.1706    0.1713    0.172    0.1728    0.1735    0.1743    0.175    0.1757    0.1765    0.1772    0.1779    0.1787    0.1794    0.1801    0.1808    
SB121    0.001961    0.07862    0.1132    0.1296    0.1378    0.1418    0.1435    0.1437    0.1417    0.14    0.1381    0.1361    0.134    0.1319    0.1298    0.1277    0.1256    0.1236    0.1216    0.1196    0.1177    0.1158    0.1139    0.1121    0.1103    0.1086    0.1069    0.1052    0.1036    0.1019    0.1004    0.09881    0.09729    0.09579    0.09431    0.09286    
SN122    0.003769    0.08449    0.1221    0.1411    0.152    0.1587    0.163    0.1658    0.1691    0.1701    0.1708    0.1713    0.1718    0.1722    0.1725    0.1728    0.1731    0.1734    0.1737    0.174    0.1743    0.1745    0.1748    0.1751    0.1754    0.1757    0.176    0.1763    0.1766    0.1769    0.1772    0.1775    0.1778    0.1781    0.1784    0.1786    
TE122    1.275e-07    0.000808    0.002616    0.004857    0.007295    0.009818    0.01237    0.01491    0.01988    0.02228    0.02463    0.02692    0.02915    0.03132    0.03342    0.03546    0.03744    0.03937    0.04123    0.04304    0.0448    0.0465    0.04814    0.04974    0.05129    0.05279    0.05424    0.05564    0.057    0.05831    0.05958    0.06081    0.062    0.06314    0.06425    0.06532    
SB123    0.003381    0.08187    0.1251    0.1493    0.1634    0.1714    0.1759    0.178    0.1783    0.1775    0.1764    0.1749    0.1734    0.1717    0.17    0.1683    0.1666    0.1649    0.1632    0.1616    0.16    0.1583    0.1567    0.1552    0.1536    0.1521    0.1506    0.1491    0.1477    0.1462    0.1448    0.1434    0.142    0.1406    0.1393    0.1379    
SN124    0.005615    0.1255    0.1803    0.207    0.2216    0.2301    0.2355    0.2389    0.2425    0.2434    0.2441    0.2445    0.2449    0.2451    0.2453    0.2455    0.2456    0.2458    0.2459    0.2461    0.2462    0.2464    0.2466    0.2467    0.2469    0.2471    0.2472    0.2474    0.2476    0.2478    0.248    0.2481    0.2483    0.2485    0.2487    0.2488    
TE124    1.041e-06    0.0002782    0.001203    0.002649    0.004436    0.006432    0.008555    0.01075    0.01513    0.01748    0.01976    0.02202    0.02426    0.02648    0.02868    0.03086    0.03303    0.03517    0.03729    0.03939    0.04147    0.04353    0.04557    0.04758    0.04957    0.05155    0.0535    0.05543    0.05733    0.05922    0.06108    0.06292    0.06474    0.06654    0.06832    0.07007    
SB125    0.007987    0.2575    0.3556    0.3811    0.3774    0.3617    0.3412    0.3191    0.2791    0.2584    0.2389    0.2208    0.204    0.1885    0.1742    0.161    0.1489    0.1378    0.1276    0.1183    0.1098    0.1019    0.09472    0.08813    0.08209    0.07655    0.07147    0.06681    0.06253    0.05861    0.055    0.05169    0.04864    0.04583    0.04324    0.04085    
TE125    6.327e-06    0.008673    0.03198    0.06116    0.0918    0.1219    0.1506    0.1775    0.2219    0.2436    0.2637    0.2821    0.299    0.3145    0.3288    0.3419    0.3539    0.365    0.3751    0.3844    0.393    0.4009    0.4081    0.4148    0.4209    0.4266    0.4318    0.4366    0.441    0.4451    0.4489    0.4524    0.4556    0.4586    0.4614    0.464    
SN126    0.01937    0.4318    0.6165    0.7031    0.7479    0.7731    0.7884    0.798    0.8082    0.8111    0.8132    0.8148    0.816    0.8171    0.8181    0.819    0.8198    0.8207    0.8216    0.8225    0.8234    0.8244    0.8253    0.8263    0.8273    0.8283    0.8293    0.8303    0.8313    0.8323    0.8333    0.8343    0.8353    0.8363    0.8372    0.8382    
TE126    0.0002828    0.01253    0.01936    0.02301    0.0254    0.0273    0.02901    0.03066    0.03389    0.0355    0.03712    0.03874    0.04036    0.04198    0.0436    0.04523    0.04685    0.04847    0.0501    0.05172    0.05335    0.05497    0.05659    0.05821    0.05983    0.06144    0.06306    0.06467    0.06628    0.06789    0.0695    0.0711    0.0727    0.0743    0.0759    0.07749    
I127    0.006628    0.9275    1.407    1.644    1.765    1.825    1.85    1.856    1.835    1.816    1.795    1.773    1.75    1.726    1.702    1.679    1.655    1.632    1.61    1.587    1.566    1.544    1.523    1.502    1.482    1.462    1.443    1.423    1.405    1.386    1.368    1.35    1.332    1.315    1.297    1.281    
TE128    0.08033    1.863    2.666    3.048    3.249    3.365    3.436    3.482    3.533    3.549    3.561    3.57    3.578    3.585    3.591    3.597    3.603    3.609    3.615    3.621    3.627    3.633    3.639    3.645    3.651    3.657    3.664    3.67    3.676    3.682    3.688    3.695    3.701    3.707    3.712    3.718    
XE128    1.148e-05    0.008407    0.02741    0.05144    0.07792    0.1056    0.1336    0.1618    0.2173    0.2445    0.2712    0.2975    0.3232    0.3484    0.3731    0.3973    0.4209    0.4441    0.4668    0.489    0.5108    0.532    0.5529    0.5732    0.5932    0.6127    0.6318    0.6505    0.6688    0.6867    0.7042    0.7213    0.7381    0.7544    0.7704    0.7861    
I129    0.1139    3.044    4.363    4.852    4.976    4.931    4.802    4.63    4.232    4.028    3.828    3.634    3.448    3.27    3.1    2.94    2.788    2.644    2.508    2.38    2.26    2.146    2.039    1.937    1.842    1.752    1.667    1.587    1.511    1.439    1.372    1.308    1.248    1.191    1.137    1.086    
TE130    0.2472    5.57    8.052    9.313    10.03    10.47    10.76    10.95    11.15    11.21    11.26    11.29    11.31    11.33    11.35    11.36    11.38    11.39    11.4    11.42    11.43    11.44    11.46    11.47    11.49    11.5    11.52    11.53    11.55    11.56    11.58    11.59    11.61    11.62    11.63    11.65    
XE130    0.0005122    0.1111    0.3354    0.6031    0.8831    1.162    1.432    1.691    2.17    2.389    2.594    2.786    2.965    3.132    3.288    3.433    3.568    3.693    3.808    3.916    4.015    4.107    4.191    4.269    4.341    4.406    4.466    4.521    4.571    4.617    4.658    4.695    4.728    4.758    4.784    4.807    
XE131    0.03949    7.137    9.877    10.38    9.993    9.232    8.331    7.407    5.693    4.953    4.298    3.725    3.228    2.801    2.436    2.125    1.861    1.638    1.449    1.291    1.158    1.046    0.9528    0.8747    0.8094    0.755    0.7097    0.672    0.6406    0.6145    0.5927    0.5745    0.5593    0.5464    0.5354    0.5258    
XE132    0.1452    12.39    19.65    24.45    28.01    30.81    33.06    34.9    37.66    38.71    39.59    40.33    40.96    41.5    41.96    42.36    42.71    43.02    43.29    43.53    43.74    43.94    44.12    44.29    44.44    44.58    44.72    44.85    44.97    45.09    45.2    45.31    45.42    45.52    45.62    45.72    
XE133    0.369    0.7713    0.3951    0.2332    0.1499    0.1004    0.0685    0.04728    0.02315    0.01731    0.01324    0.01058    0.008839    0.007721    0.007018    0.006591    0.006346    0.006218    0.006165    0.006158    0.006178    0.006214    0.006258    0.006306    0.006355    0.006406    0.006457    0.006506    0.006553    0.006595    0.006627    0.006646    0.00665    0.006638    0.006608    0.006562    
CS133    0.05944    14.29    20.97    23.8    24.88    25.01    24.61    23.87    21.92    20.85    19.78    18.73    17.72    16.75    15.83    14.95    14.13    13.35    12.62    11.93    11.29    10.69    10.12    9.589    9.091    8.624    8.185    7.774    7.388    7.026    6.686    6.367    6.067    5.784    5.519    5.269    
XE134    0.7444    17.53    25.84    30.51    33.46    35.42    36.74    37.64    38.67    38.96    39.16    39.31    39.42    39.5    39.57    39.63    39.69    39.74    39.79    39.84    39.89    39.94    39.99    40.04    40.09    40.14    40.19    40.24    40.29    40.34    40.4    40.45    40.5    40.55    40.6    40.64    
CS134    7.658e-05    0.4638    1.315    2.121    2.766    3.233    3.543    3.723    3.849    3.777    3.671    3.541    3.397    3.246    3.091    2.938    2.787    2.641    2.501    2.368    2.241    2.121    2.007    1.9    1.8    1.705    1.616    1.532    1.454    1.38    1.311    1.246    1.185    1.128    1.074    1.023    
BA134    9.269e-08    0.0158    0.1051    0.2864    0.5478    0.8702    1.235    1.625    2.372    2.778    3.174    3.555    3.919    4.265    4.594    4.904    5.196    5.47    5.728    5.969    6.195    6.406    6.604    6.789    6.961    7.122    7.273    7.413    7.543    7.665    7.778    7.883    7.981    8.073    8.157    8.236    
CS135    0.02982    0.8    1.415    2.066    2.818    3.662    4.567    5.505    7.397    8.314    9.189    10.02    10.8    11.52    12.2    12.82    13.39    13.92    14.4    14.83    15.23    15.58    15.9    16.19    16.44    16.67    16.86    17.03    17.18    17.31    17.41    17.49    17.56    17.61    17.64    17.66    
BA135    5.706e-07    3.5e-05    0.0003019    0.001205    0.003125    0.006361    0.01112    0.01753    0.03517    0.04642    0.05932    0.07379    0.08974    0.1071    0.1257    0.1455    0.1663    0.1882    0.211    0.2345    0.2588    0.2838    0.3094    0.3354    0.362    0.3889    0.4162    0.4437    0.4715    0.4995    0.5277    0.556    0.5843    0.6127    0.6412    0.6696    
XE136    1.362    32.75    48.12    56.66    61.98    65.49    67.86    69.48    71.34    71.87    72.26    72.54    72.76    72.94    73.09    73.22    73.35    73.46    73.58    73.7    73.81    73.93    74.04    74.16    74.28    74.4    74.52    74.64    74.76    74.88    75    75.12    75.23    75.35    75.47    75.58    
CS136    0.01045    0.03662    0.01819    0.01182    0.01051    0.0114    0.01327    0.01559    0.02129    0.02327    0.02575    0.02811    0.03034    0.03242    0.03436    0.03615    0.0378    0.03932    0.04071    0.04197    0.04311    0.04414    0.04507    0.0459    0.04664    0.04729    0.04787    0.04837    0.0488    0.04916    0.04947    0.04972    0.04992    0.05007    0.05017    0.05023    
BA136    0.0008794    0.2211    0.3593    0.4358    0.4935    0.5508    0.6157    0.692    0.8863    1.004    1.134    1.277    1.432    1.599    1.777    1.964    2.162    2.367    2.581    2.801    3.028    3.262    3.5    3.744    3.991    4.243    4.498    4.756    5.017    5.28    5.545    5.811    6.08    6.349    6.619    6.889    
CS137    0.6915    15.57    22.73    26.57    28.86    30.27    31.15    31.67    32.1    32.12    32.06    31.96    31.83    31.69    31.53    31.37    31.2    31.03    30.86    30.7    30.53    30.37    30.21    30.04    29.89    29.73    29.57    29.42    29.27    29.11    28.96    28.81    28.67    28.52    28.37    28.22    
BA137    0.0003883    0.06322    0.2087    0.3937    0.6003    0.8194    1.046    1.276    1.699    1.931    2.16    2.387    2.612    2.835    3.055    3.272    3.487    3.698    3.908    4.114    4.318    4.52    4.719    4.915    5.109    5.301    5.49    5.677    5.862    6.044    6.224    6.402    6.578    6.751    6.923    7.092    
BA138    0.6044    13.87    20.46    24.18    26.54    28.12    29.19    29.92    30.77    31.02    31.2    31.34    31.44    31.53    31.61    31.68    31.75    31.82    31.89    31.96    32.03    32.1    32.18    32.25    32.33    32.41    32.49    32.57    32.66    32.74    32.83    32.91    33    33.09    33.18    33.27    
LA139    0.584    13.52    19.78    23.16    25.16    26.38    27.1    27.47    27.62    27.52    27.35    27.15    26.91    26.66    26.4    26.14    25.88    25.62    25.36    25.1    24.85    24.6    24.35    24.11    23.87    23.63    23.4    23.17    22.94    22.72    22.49    22.28    22.06    21.84    21.63    21.42    
BA140    0.5483    1.863    0.939    0.5503    0.3535    0.2365    0.1606    0.1096    0.04778    0.03651    0.02638    0.01971    0.01533    0.0125    0.01069    0.009575    0.008909    0.008537    0.008353    0.008286    0.008289    0.008332    0.008396    0.00847    0.008546    0.008623    0.008696    0.008765    0.008826    0.008873    0.008901    0.008904    0.008877    0.008818    0.008727    0.008606    
LA140    0.03301    0.2492    0.1296    0.07949    0.05423    0.03925    0.0295    0.02292    0.01485    0.01335    0.01197    0.01103    0.01038    0.00993    0.009613    0.009385    0.009216    0.009086    0.008981    0.008892    0.008814    0.008742    0.008673    0.008607    0.008543    0.008479    0.008417    0.008354    0.008292    0.008228    0.008163    0.008096    0.008025    0.00795    0.007873    0.007791    
CE140    0.01572    11.71    19.43    23.74    26.51    28.45    29.87    30.95    32.48    33.05    33.56    34.01    34.43    34.82    35.2    35.57    35.93    36.29    36.64    36.98    37.32    37.66    37.99    38.33    38.65    38.98    39.3    39.62    39.94    40.25    40.56    40.87    41.17    41.47    41.77    42.06    
CE141    0.5172    4.628    2.545    1.409    0.8582    0.5583    0.376    0.258    0.133    0.09394    0.07112    0.05641    0.04686    0.04075    0.03693    0.03464    0.03335    0.03271    0.03248    0.0325    0.03267    0.03292    0.0332    0.03349    0.03378    0.03405    0.03431    0.03455    0.03476    0.03494    0.03507    0.03514    0.03514    0.03508    0.03495    0.03475    
PR141    0.01679    8.274    16.05    20.03    22.1    23.21    23.77    23.98    23.82    23.58    23.29    22.95    22.6    22.24    21.87    21.5    21.14    20.78    20.43    20.09    19.75    19.42    19.1    18.79    18.48    18.18    17.89    17.6    17.32    17.04    16.77    16.51    16.25    16    15.75    15.5    
CE142    0.5288    12.48    18.32    21.5    23.43    24.67    25.5    26.05    26.65    26.8    26.91    26.98    27.02    27.05    27.07    27.09    27.1    27.11    27.12    27.13    27.14    27.15    27.16    27.17    27.18    27.19    27.2    27.21    27.22    27.23    27.24    27.25    27.26    27.27    27.28    27.29    
ND142    1.493e-06    0.07091    0.3367    0.7078    1.127    1.566    2.009    2.449    3.296    3.698    4.085    4.456    4.809    5.147    5.468    5.774    6.064    6.34    6.602    6.849    7.084    7.306    7.515    7.713    7.899    8.074    8.239    8.393    8.538    8.673    8.8    8.917    9.027    9.128    9.222    9.308    
PR143    0.2283    1.603    0.8012    0.4643    0.2966    0.1991    0.1367    0.0952    0.04566    0.03629    0.02819    0.02286    0.01937    0.01711    0.01568    0.0148    0.01428    0.01399    0.01386    0.01382    0.01383    0.01387    0.01393    0.014    0.01407    0.01414    0.0142    0.01426    0.01432    0.01436    0.01439    0.01439    0.01437    0.01432    0.01425    0.01415    
ND143    0.01318    7.617    9.585    8.688    7.14    5.626    4.339    3.31    1.913    1.476    1.164    0.9444    0.7926    0.6908    0.6248    0.5844    0.562    0.552    0.5504    0.5545    0.5621    0.5719    0.5829    0.5945    0.6062    0.6177    0.6288    0.6394    0.6494    0.6588    0.6675    0.6756    0.6829    0.6895    0.6953    0.7005    
CE144    0.4212    8.339    10.17    9.815    8.724    7.439    6.18    5.041    3.375    2.66    2.086    1.631    1.274    0.9972    0.7834    0.6196    0.4948    0.4003    0.3291    0.2758    0.236    0.2065    0.1847    0.1687    0.157    0.1485    0.1423    0.1377    0.1345    0.132    0.1301    0.1286    0.1272    0.1258    0.1244    0.1228    
ND144    0.001958    3.184    10.07    17.13    23.31    28.41    32.46    35.63    39.79    41.21    42.27    43.06    43.65    44.08    44.41    44.65    44.84    44.99    45.11    45.21    45.3    45.39    45.47    45.55    45.63    45.72    45.8    45.89    45.98    46.08    46.18    46.28    46.38    46.48    46.59    46.7    
ND145    0.3015    7.448    10.52    11.86    12.42    12.55    12.43    12.16    11.4    10.98    10.55    10.14    9.741    9.361    9.002    8.664    8.346    8.049    7.772    7.513    7.272    7.047    6.838    6.643    6.461    6.292    6.135    5.988    5.852    5.725    5.607    5.498    5.395    5.3    5.211    5.129    
ND146    0.2811    6.717    10.37    12.83    14.72    16.26    17.57    18.71    20.63    21.47    22.24    22.96    23.64    24.29    24.9    25.48    26.04    26.57    27.08    27.57    28.05    28.5    28.95    29.37    29.79    30.19    30.57    30.95    31.32    31.68    32.02    32.36    32.69    33.02    33.33    33.64    
ND147    0.2118    0.6153    0.3157    0.1896    0.1249    0.08613    0.06077    0.04371    0.02328    0.01953    0.0163    0.01424    0.01295    0.01218    0.01176    0.01156    0.01152    0.01156    0.01166    0.0118    0.01196    0.01212    0.01229    0.01245    0.01261    0.01277    0.01293    0.01307    0.01322    0.01335    0.01348    0.01359    0.01369    0.01378    0.01385    0.01391    
PM147    0.02053    3.537    4.011    3.377    2.607    1.943    1.426    1.04    0.5579    0.4147    0.3163    0.2492    0.204    0.1741    0.1548    0.1426    0.1354    0.1314    0.1296    0.1292    0.1297    0.1308    0.1322    0.1337    0.1354    0.137    0.1386    0.1401    0.1416    0.143    0.1443    0.1455    0.1466    0.1476    0.1485    0.1492    
SM147    1.513e-05    0.1313    0.4354    0.6908    0.8569    0.9442    0.9727    0.9607    0.8613    0.8009    0.7377    0.675    0.615    0.5589    0.5073    0.4604    0.4182    0.3804    0.3468    0.317    0.2907    0.2674    0.247    0.2291    0.2134    0.1997    0.1877    0.1772    0.168    0.1601    0.1531    0.1471    0.1419    0.1374    0.1334    0.13    
ND148    0.1934    4.438    6.535    7.708    8.438    8.912    9.221    9.419    9.611    9.647    9.662    9.661    9.65    9.633    9.613    9.59    9.565    9.54    9.514    9.489    9.463    9.438    9.413    9.388    9.364    9.339    9.315    9.291    9.267    9.244    9.22    9.196    9.173    9.149    9.125    9.101    
SM148    6.954e-06    0.4879    1.619    2.728    3.652    4.384    4.952    5.392    5.999    6.208    6.373    6.507    6.617    6.709    6.786    6.853    6.911    6.962    7.008    7.05    7.087    7.122    7.154    7.184    7.212    7.239    7.264    7.288    7.312    7.334    7.356    7.377    7.398    7.419    7.439    7.459    
ND150    0.115    2.604    3.849    4.56    5.012    5.312    5.513    5.646    5.787    5.821    5.842    5.852    5.857    5.858    5.856    5.853    5.849    5.844    5.839    5.834    5.829    5.824    5.819    5.814    5.809    5.804    5.799    5.795    5.79    5.785    5.781    5.776    5.771    5.767    5.762    5.756    
SM150    0.03062    3.362    5.253    6.2    6.555    6.532    6.275    5.883    4.954    4.482    4.036    3.626    3.256    2.926    2.635    2.38    2.159    1.967    1.802    1.659    1.537    1.433    1.344    1.267    1.202    1.147    1.1    1.06    1.026    0.9973    0.9729    0.9521    0.9344    0.9193    0.9064    0.8953    
SM151    0.03934    0.1046    0.08643    0.07954    0.07446    0.06914    0.06345    0.05766    0.04675    0.04195    0.03756    0.03364    0.03018    0.02714    0.02449    0.0222    0.02022    0.01851    0.01705    0.01579    0.01472    0.0138    0.01302    0.01235    0.01178    0.0113    0.01089    0.01054    0.01024    0.009991    0.009777    0.009595    0.009438    0.009303    0.009185    0.009082    
SM152    0.07874    3.065    4.003    4.181    4.082    3.863    3.589    3.291    2.698    2.425    2.172    1.943    1.737    1.554    1.393    1.251    1.127    1.02    0.9269    0.8466    0.7775    0.7182    0.6672    0.6236    0.5863    0.5545    0.5272    0.504    0.4842    0.4673    0.4529    0.4406    0.43    0.4209    0.4131    0.4063    
SM153    0.02722    0.05455    0.0577    0.05622    0.05297    0.04899    0.04477    0.04057    0.03266    0.02929    0.02616    0.02334    0.02083    0.01862    0.01667    0.01497    0.01349    0.01221    0.0111    0.01015    0.009328    0.008623    0.008018    0.007501    0.007059    0.006681    0.006358    0.006083    0.005849    0.005649    0.005478    0.005332    0.005207    0.005098    0.005004    0.004922    
EU153    0.01703    1.28    2.145    2.588    2.746    2.731    2.615    2.445    2.048    1.852    1.666    1.493    1.336    1.195    1.068    0.9568    0.8586    0.7727    0.6979    0.633    0.5769    0.5284    0.4868    0.451    0.4203    0.3939    0.3714    0.3522    0.3358    0.3217    0.3097    0.2995    0.2907    0.2832    0.2767    0.2711    
SM154    0.03348    0.7802    1.175    1.416    1.58    1.694    1.774    1.829    1.893    1.909    1.918    1.923    1.924    1.923    1.919    1.914    1.908    1.901    1.893    1.885    1.876    1.866    1.857    1.847    1.837    1.827    1.817    1.807    1.797    1.787    1.776    1.766    1.756    1.746    1.735    1.725    
EU154    0.000126    0.2618    0.6164    0.8474    0.958    0.9863    0.9644    0.914    0.7767    0.7055    0.6366    0.5719    0.5123    0.4583    0.4098    0.3668    0.3287    0.2954    0.2663    0.241    0.219    0.2001    0.1837    0.1697    0.1576    0.1473    0.1384    0.1309    0.1244    0.1189    0.1141    0.1101    0.1067    0.1037    0.1011    0.09895    
GD154    2.384e-08    0.002176    0.01231    0.0287    0.04747    0.06576    0.08197    0.09535    0.1099    0.1151    0.1179    0.1187    0.1178    0.1157    0.1126    0.1087    0.1042    0.09942    0.09443    0.08937    0.08432    0.07938    0.07459    0.06999    0.06563    0.06151    0.05765    0.05405    0.05071    0.04762    0.04477    0.04216    0.03977    0.03758    0.03559    0.03378    
EU155    0.01897    0.131    0.2221    0.2944    0.3309    0.3403    0.3325    0.3151    0.2669    0.2436    0.2201    0.198    0.1777    0.1592    0.1427    0.128    0.115    0.1036    0.09368    0.08502    0.07752    0.07103    0.06543    0.06062    0.05648    0.05293    0.04989    0.04728    0.04505    0.04314    0.04151    0.04011    0.03891    0.03788    0.03699    0.03622    
EU156    0.01268    0.1732    0.2417    0.3145    0.3544    0.3654    0.3577    0.3393    0.2835    0.2625    0.2372    0.2134    0.1914    0.1716    0.1537    0.1378    0.1238    0.1115    0.1008    0.09139    0.08327    0.07625    0.07019    0.06497    0.06049    0.05664    0.05334    0.05052    0.0481    0.04603    0.04426    0.04275    0.04145    0.04033    0.03936    0.03852    
GD156    0.000765    0.5992    1.544    2.841    4.395    6.056    7.709    9.287    12.44    13.63    14.7    15.64    16.47    17.19    17.81    18.35    18.82    19.22    19.56    19.85    20.1    20.31    20.48    20.63    20.75    20.85    20.94    21.01    21.06    21.1    21.14    21.16    21.18    21.19    21.2    21.2    
GD158    0.01166    0.435    0.7552    1.071    1.4    1.734    2.063    2.383    3.078    3.363    3.636    3.899    4.151    4.394    4.628    4.854    5.073    5.286    5.493    5.695    5.892    6.085    6.274    6.459    6.641    6.82    6.997    7.171    7.342    7.512    7.679    7.844    8.008    8.17    8.33    8.488    
TB159    0.001794    0.06283    0.09697    0.1202    0.1379    0.1523    0.1646    0.1757    0.1983    0.2101    0.2225    0.2355    0.2492    0.2636    0.2786    0.2942    0.3103    0.3269    0.344    0.3614    0.3791    0.397    0.4152    0.4336    0.4522    0.4709    0.4897    0.5086    0.5275    0.5465    0.5655    0.5845    0.6035    0.6225    0.6415    0.6605    
GD160    0.001329    0.03058    0.04659    0.05694    0.0642    0.06934    0.07295    0.07542    0.0782    0.07894    0.07942    0.07973    0.07993    0.08006    0.08013    0.08018    0.08021    0.08022    0.08023    0.08023    0.08024    0.08024    0.08024    0.08024    0.08025    0.08025    0.08025    0.08026    0.08026    0.08027    0.08027    0.08028    0.08028    0.08028    0.08028    0.08028    
DY160    1.242e-08    0.0004558    0.002226    0.004845    0.007844    0.01096    0.01407    0.01708    0.02235    0.02524    0.02798    0.03067    0.03335    0.03605    0.03877    0.04155    0.04439    0.0473    0.05027    0.05333    0.05645    0.05965    0.06292    0.06626    0.06966    0.07312    0.07663    0.08019    0.08379    0.08743    0.0911    0.09481    0.09854    0.1023    0.1061    0.1098    
DY161    9.612e-05    0.009511    0.01054    0.009912    0.009367    0.009136    0.009176    0.009424    0.01047    0.01104    0.01171    0.01247    0.01329    0.01417    0.0151    0.01606    0.01707    0.0181    0.01917    0.02027    0.0214    0.02256    0.02374    0.02494    0.02616    0.02741    0.02867    0.02994    0.03123    0.03252    0.03383    0.03515    0.03647    0.0378    0.03913    0.04046    
DY162    0.0003306    0.0106    0.01741    0.02051    0.0215    0.02155    0.0213    0.02109    0.02134    0.02194    0.02274    0.02376    0.02499    0.0264    0.02797    0.02968    0.03151    0.03345    0.03548    0.03761    0.0398    0.04207    0.04441    0.04681    0.04926    0.05176    0.05431    0.0569    0.05953    0.06219    0.06488    0.06759    0.07033    0.07309    0.07586    0.07865    
DY163    0.0001383    0.004761    0.01015    0.01543    0.01991    0.02337    0.0259    0.0277    0.03003    0.03097    0.03193    0.03299    0.03421    0.03563    0.03726    0.0391    0.04116    0.04342    0.04589    0.04853    0.05135    0.05432    0.05744    0.0607    0.06408    0.06758    0.07118    0.07489    0.07868    0.08255    0.0865    0.09051    0.09458    0.09871    0.1029    0.1071    
HO165    2.756e-05    0.001958    0.004158    0.006973    0.01048    0.01448    0.0187    0.02291    0.03098    0.0346    0.03795    0.04111    0.04415    0.04712    0.05008    0.05308    0.05617    0.0594    0.06279    0.06638    0.07018    0.0742    0.07846    0.08297    0.08771    0.0927    0.09793    0.1034    0.1091    0.115    0.1211    0.1275    0.134    0.1407    0.1476    0.1547    
ER166    1.569e-06    0.0004182    0.0009309    0.001656    0.002705    0.004143    0.005993    0.008242    0.01396    0.01716    0.02057    0.02415    0.02787    0.03171    0.03565    0.0397    0.04385    0.04812    0.0525    0.05703    0.0617    0.06655    0.07158    0.07682    0.08228    0.08798    0.09393    0.1001    0.1066    0.1134    0.1205    0.1278    0.1355    0.1434    0.1517    0.1603    
