TIME    3   100   220   340   460   580   700   820   1040   1160   1280   1400   1520   1640   1760   1880   2000   2120   2240   2360   2480   2600   2720   2840   2960   3080   3200   3320   3440   3560   3680   3800   3920   4040   4160   4280   
NEUT_PROD    2.17   2.75   5.09   8.83   13.5   18.8   24.3   29.9   40.5   45.4   49.9   53.9   57.5   60.6   63.2   65.4   67.1   68.4   69.4   70   70.3   70.3   70   69.6   68.9   68   67   65.8   64.6   63.2   61.8   60.3   58.7   57.2   55.6   53.9   
NEUT_DEST    61   68.1   74.5   79.8   84.4   88.2   91.5   94.3   98.2   99.9   101   102   102   102   102   102   101   101   99.5   98.3   96.9   95.4   93.8   92.1   90.3   88.4   86.5   84.6   82.6   80.6   78.6   76.6   74.6   72.6   70.7   68.7   
BUd    0.0202    3.64    3.57    3.79    4.46    5.46    6.66    7.99    21    12    13.3    14.4    15.5    16.4    17.2    17.9    18.5    18.9    19.2    19.5    19.6    19.7    19.7    19.6    19.5    19.3    19    18.7    18.4    18    17.7    17.2    16.8    16.4    15.9    15.5    
HE4    2.622e-07    0.0003497    0.002689    0.008573    0.01901    0.0346    0.0556    0.08204    0.1448    0.1864    0.2321    0.2817    0.3347    0.3905    0.4489    0.5092    0.5711    0.6343    0.6983    0.7628    0.8277    0.8924    0.957    1.021    1.084    1.147    1.208    1.269    1.328    1.386    1.443    1.498    1.551    1.604    1.654    1.703    
PU238    4.823e-12    5.742e-07    7.357e-06    4.62e-05    0.0001933    0.0005865    0.001402    0.002817    0.007417    0.01107    0.01543    0.02051    0.02623    0.03245    0.03901    0.04571    0.05239    0.0589    0.06513    0.07096    0.07633    0.08119    0.08551    0.08927    0.09248    0.09514    0.09727    0.09889    0.1    0.1007    0.101    0.1009    0.1005    0.09974    0.09872    0.09745    
PU239    1.527e-07    0.000525    0.001622    0.00273    0.003681    0.004467    0.005148    0.005808    0.006913    0.008119    0.009388    0.01081    0.01241    0.01419    0.01611    0.01813    0.02019    0.02224    0.02425    0.02616    0.02794    0.02958    0.03106    0.03236    0.03348    0.03442    0.03518    0.03577    0.03619    0.03646    0.03658    0.03657    0.03643    0.03619    0.03584    0.0354    
PU240    1.53e-06    0.01798    0.1278    0.3723    0.754    1.255    1.847    2.501    3.658    4.424    5.135    5.789    6.383    6.916    7.385    7.792    8.139    8.426    8.658    8.837    8.967    9.051    9.093    9.098    9.069    9.008    8.921    8.81    8.678    8.528    8.363    8.185    7.996    7.798    7.594    7.384    
PU241    8.372e-05    0.003256    0.02244    0.07955    0.1861    0.3431    0.5443    0.78    1.243    1.518    1.804    2.081    2.338    2.573    2.783    2.969    3.13    3.267    3.381    3.472    3.543    3.593    3.626    3.642    3.643    3.631    3.606    3.571    3.526    3.473    3.413    3.346    3.275    3.199    3.12    3.038    
PU242    998.1    938.7    881.1    827.1    776.4    728.9    684.3    642.5    566.6    532.2    500    469.8    441.6    415.1    390.4    367.2    345.4    325.1    306    288.1    271.3    255.6    240.9    227    214    201.8    190.4    179.6    169.5    160    151.1    142.7    134.8    127.4    120.4    113.8    
PU243    0.1867    0.1756    0.1648    0.1547    0.1452    0.1363    0.128    0.1202    0.106    0.09955    0.09353    0.08788    0.0826    0.07765    0.07302    0.06868    0.06461    0.0608    0.05724    0.05389    0.05075    0.04781    0.04505    0.04246    0.04004    0.03775    0.03561    0.0336    0.03171    0.02993    0.02826    0.02669    0.02521    0.02382    0.02251    0.02128    
PU244    0.000668    0.02597    0.05402    0.08328    0.1131    0.1429    0.1724    0.2011    0.2558    0.2814    0.3058    0.3289    0.3507    0.3711    0.3903    0.4083    0.425    0.4405    0.455    0.4683    0.4806    0.492    0.5024    0.5119    0.5206    0.5285    0.5357    0.5422    0.548    0.5533    0.5579    0.562    0.5656    0.5687    0.5713    0.5736    
AM241    1.651e-08    1.324e-05    0.0001142    0.0005106    0.001434    0.003023    0.005298    0.008189    0.0139    0.01806    0.02223    0.02639    0.0304    0.03417    0.03762    0.04072    0.04347    0.04586    0.0479    0.0496    0.05096    0.05202    0.0528    0.0533    0.05356    0.0536    0.05343    0.05309    0.05258    0.05193    0.05116    0.05029    0.04932    0.04828    0.04717    0.04601    
AM243    1.69    54.93    96.68    127.7    150.1    165.7    175.8    181.7    184.1    182    178.3    173.6    168    162    155.5    148.9    142.2    135.5    128.9    122.4    116.1    110.1    104.3    98.67    93.33    88.25    83.41    78.82    74.47    70.35    66.45    62.77    59.29    56    52.9    49.98    
AM244    8.134e-05    0.003295    0.005803    0.007667    0.009014    0.00995    0.01056    0.01091    0.01105    0.01093    0.01071    0.01042    0.01009    0.009726    0.009339    0.00894    0.008537    0.008135    0.007739    0.007351    0.006975    0.006611    0.006261    0.005925    0.005605    0.0053    0.005009    0.004734    0.004472    0.004225    0.003991    0.00377    0.003561    0.003363    0.003177    0.003001    
CM242    1.385e-09    4.829e-06    3.865e-05    0.0001956    0.000662    0.001647    0.003311    0.005726    0.0122    0.01605    0.02056    0.02547    0.03056    0.03564    0.04056    0.0452    0.04948    0.05336    0.05681    0.05982    0.06239    0.06454    0.06627    0.06761    0.06859    0.06923    0.06955    0.06959    0.06937    0.06892    0.06826    0.06742    0.06643    0.06529    0.06404    0.06268    
CM244    0.004954    5.598    20.07    40.46    64.47    90.37    116.8    142.9    191.5    212.9    232.1    249.2    264    276.6    287    295.5    302    306.8    309.9    311.5    311.8    310.9    308.9    306    302.2    297.7    292.5    286.8    280.7    274.2    267.4    260.4    253.2    245.8    238.4    230.9    
CM245    2.976e-06    0.05949    0.2785    0.6195    1.038    1.5    1.979    2.455    3.353    3.753    4.114    4.436    4.717    4.958    5.159    5.323    5.452    5.548    5.614    5.652    5.664    5.654    5.623    5.575    5.51    5.432    5.342    5.242    5.133    5.017    4.895    4.768    4.638    4.506    4.371    4.236    
CM246    1.128e-08    0.008584    0.08711    0.3073    0.7177    1.347    2.208    3.302    6.16    7.895    9.807    11.88    14.08    16.4    18.81    21.3    23.84    26.42    29.02    31.63    34.23    36.81    39.36    41.87    44.33    46.74    49.1    51.38    53.6    55.74    57.81    59.8    61.71    63.54    65.29    66.96    
CM247    4.697e-13    1.247e-05    0.000255    0.001336    0.004084    0.009358    0.01794    0.03046    0.06904    0.09555    0.1269    0.163    0.2035    0.2483    0.2968    0.3488    0.4038    0.4613    0.521    0.5824    0.6451    0.7088    0.7729    0.8373    0.9016    0.9655    1.029    1.091    1.152    1.213    1.271    1.328    1.384    1.437    1.489    1.539    
CM248    2.588e-16    2.458e-07    1.056e-05    8.61e-05    0.0003615    0.001063    0.002502    0.005064    0.01535    0.02404    0.03575    0.05095    0.0701    0.09361    0.1218    0.1551    0.1938    0.2379    0.2878    0.3436    0.4053    0.473    0.5466    0.6261    0.7115    0.8027    0.8994    1.002    1.109    1.222    1.339    1.461    1.587    1.718    1.852    1.99    
SE79    5.794e-11    8.022e-08    0.0001979    0.0004669    0.0008812    0.00148    0.002286    0.003315    0.005864    0.007612    0.00956    0.0117    0.01401    0.01648    0.01907    0.02176    0.02452    0.02734    0.03019    0.03306    0.03594    0.0388    0.04165    0.04446    0.04723    0.04995    0.05263    0.05524    0.05779    0.06027    0.06269    0.06503    0.0673    0.06949    0.07161    0.07366    
SE80    1.186e-10    1.704e-07    0.0004753    0.001123    0.002121    0.003563    0.005508    0.007994    0.01416    0.0184    0.02313    0.02833    0.03397    0.03999    0.04633    0.05293    0.05973    0.06669    0.07375    0.08089    0.08806    0.09523    0.1024    0.1095    0.1165    0.1234    0.1303    0.137    0.1436    0.1501    0.1564    0.1625    0.1686    0.1744    0.1801    0.1857    
BR81    2.125e-10    2.943e-07    0.0007263    0.001708    0.003216    0.005388    0.008307    0.01202    0.02117    0.02743    0.03438    0.04199    0.05017    0.05886    0.06794    0.07732    0.0869    0.09662    0.1064    0.1162    0.1259    0.1355    0.145    0.1543    0.1633    0.1722    0.1808    0.1891    0.1971    0.2048    0.2122    0.2194    0.2261    0.2326    0.2388    0.2446    
SE82    3.863e-10    4.939e-07    0.000898    0.002125    0.004023    0.006774    0.01049    0.01526    0.02713    0.03527    0.04438    0.05441    0.06529    0.07691    0.08916    0.1019    0.1151    0.1285    0.1422    0.156    0.1698    0.1837    0.1975    0.2112    0.2248    0.2382    0.2514    0.2643    0.277    0.2895    0.3016    0.3135    0.325    0.3363    0.3472    0.3578    
KR83    6.335e-10    7.893e-07    0.001169    0.002468    0.004307    0.006793    0.009921    0.01364    0.02128    0.02661    0.03191    0.03713    0.0422    0.04701    0.05149    0.05557    0.0592    0.06238    0.06511    0.06739    0.06925    0.07073    0.07184    0.07261    0.07309    0.0733    0.07327    0.07302    0.07258    0.07197    0.07122    0.07035    0.06937    0.0683    0.06715    0.06594    
KR84    1.234e-09    1.598e-06    0.00234    0.005857    0.01149    0.01986    0.03144    0.04662    0.08622    0.1133    0.1443    0.1791    0.2176    0.2593    0.3039    0.351    0.4002    0.4511    0.5034    0.5568    0.6109    0.6655    0.7203    0.7752    0.8299    0.8842    0.938    0.9912    1.044    1.095    1.146    1.196    1.244    1.292    1.338    1.383    
KR85    2.517e-10    3.436e-07    0.0005604    0.001316    0.002476    0.004147    0.006392    0.009247    0.01629    0.02106    0.02634    0.0321    0.03827    0.04479    0.05156    0.05851    0.06557    0.07268    0.07977    0.0868    0.09373    0.1005    0.1071    0.1136    0.1198    0.1258    0.1315    0.137    0.1422    0.1471    0.1518    0.1561    0.1602    0.1641    0.1676    0.1709    
RB85    9.34e-10    1.276e-06    0.002007    0.004771    0.009059    0.01529    0.02375    0.03462    0.06182    0.08052    0.1015    0.1247    0.1499    0.177    0.2055    0.2354    0.2663    0.298    0.3303    0.3631    0.3961    0.4293    0.4625    0.4956    0.5285    0.5611    0.5933    0.6252    0.6565    0.6873    0.7176    0.7472    0.7763    0.8046    0.8324    0.8594    
KR86    2.185e-09    2.654e-06    0.003585    0.008501    0.01613    0.02724    0.0423    0.06165    0.1101    0.1433    0.1805    0.2215    0.2661    0.3137    0.364    0.4164    0.4705    0.5259    0.5822    0.6391    0.6963    0.7536    0.8107    0.8674    0.9236    0.9791    1.034    1.088    1.14    1.192    1.243    1.292    1.34    1.387    1.432    1.476    
RB87    2.616e-09    3.265e-06    0.004487    0.01064    0.02019    0.03407    0.0529    0.07708    0.1375    0.179    0.2254    0.2766    0.3322    0.3917    0.4544    0.5197    0.5871    0.6561    0.7262    0.797    0.8682    0.9394    1.01    1.081    1.151    1.22    1.287    1.354    1.419    1.484    1.546    1.607    1.666    1.724    1.78    1.835    
SR88    3.277e-09    4.296e-06    0.006369    0.01511    0.02865    0.04833    0.075    0.1092    0.1948    0.2534    0.3191    0.3915    0.4702    0.5542    0.6429    0.7353    0.8306    0.9282    1.027    1.128    1.228    1.329    1.43    1.53    1.628    1.726    1.822    1.917    2.01    2.101    2.19    2.276    2.361    2.443    2.523    2.601    
SR89    4.217e-09    3.65e-06    0.004717    0.007091    0.01078    0.01564    0.02132    0.02757    0.03864    0.04793    0.05457    0.06057    0.06605    0.07088    0.07499    0.07835    0.081    0.08301    0.08444    0.08536    0.08584    0.08593    0.08567    0.08511    0.0843    0.08325    0.08202    0.08062    0.07908    0.07742    0.07567    0.07384    0.07195    0.07001    0.06804    0.06606    
Y89    5.821e-11    1.667e-06    0.003372    0.01206    0.0255    0.04552    0.07351    0.1104    0.207    0.2715    0.3474    0.4323    0.5254    0.6258    0.7324    0.8444    0.9605    1.08    1.202    1.325    1.449    1.574    1.698    1.821    1.943    2.064    2.182    2.299    2.413    2.525    2.634    2.74    2.843    2.944    3.041    3.135    
SR90    5.47e-09    6.738e-06    0.01007    0.02375    0.0449    0.07553    0.1169    0.1698    0.3012    0.3909    0.4908    0.6005    0.7189    0.8448    0.9767    1.113    1.253    1.395    1.539    1.683    1.826    1.968    2.108    2.246    2.381    2.513    2.641    2.766    2.887    3.003    3.116    3.224    3.327    3.426    3.52    3.61    
ZR90    6.349e-14    1.387e-08    3.122e-05    0.0001664    0.0004535    0.0009676    0.0018    0.003052    0.006901    0.009976    0.01391    0.01881    0.02474    0.0318    0.04005    0.04955    0.06032    0.07241    0.08583    0.1006    0.1167    0.1341    0.1529    0.173    0.1943    0.217    0.2408    0.2659    0.2921    0.3194    0.3479    0.3774    0.4079    0.4394    0.4718    0.5051    
Y91    4.57e-09    5.877e-06    0.007474    0.01169    0.01791    0.0261    0.03573    0.04638    0.06597    0.0811    0.09264    0.1031    0.1126    0.1211    0.1283    0.1343    0.1391    0.1427    0.1454    0.1472    0.1483    0.1486    0.1484    0.1477    0.1464    0.1448    0.1429    0.1407    0.1382    0.1355    0.1326    0.1296    0.1265    0.1233    0.12    0.1167    
ZR91    4.767e-11    2.299e-06    0.004536    0.01686    0.03623    0.06523    0.106    0.16    0.3019    0.3974    0.5099    0.6362    0.7749    0.925    1.085    1.253    1.427    1.607    1.791    1.977    2.165    2.354    2.542    2.73    2.916    3.1    3.281    3.46    3.635    3.806    3.974    4.138    4.297    4.452    4.602    4.749    
ZR92    7.48e-09    1.042e-05    0.01484    0.03526    0.06692    0.113    0.1754    0.2556    0.4563    0.5939    0.7482    0.9185    1.103    1.301    1.51    1.728    1.953    2.183    2.417    2.654    2.892    3.131    3.369    3.606    3.841    4.073    4.302    4.528    4.749    4.966    5.179    5.386    5.589    5.786    5.979    6.166    
ZR93    7.678e-09    1.38e-05    0.01933    0.04587    0.0869    0.1465    0.2271    0.3303    0.5876    0.7637    0.9605    1.177    1.411    1.661    1.924    2.197    2.477    2.763    3.052    3.343    3.634    3.923    4.21    4.494    4.773    5.047    5.316    5.577    5.832    6.08    6.32    6.552    6.777    6.993    7.201    7.401    
ZR94    1.238e-08    1.529e-05    0.02191    0.05203    0.09886    0.167    0.2596    0.3786    0.6773    0.8824    1.113    1.367    1.644    1.941    2.255    2.584    2.924    3.273    3.629    3.991    4.356    4.722    5.089    5.455    5.82    6.182    6.54    6.894    7.243    7.587    7.925    8.257    8.583    8.902    9.214    9.52    
ZR95    1.508e-08    1.366e-05    0.01598    0.02551    0.03936    0.05755    0.07902    0.1028    0.1473    0.1805    0.2064    0.2299    0.2514    0.2704    0.2867    0.3002    0.311    0.3192    0.3252    0.3292    0.3315    0.3322    0.3315    0.3297    0.3268    0.323    0.3185    0.3132    0.3075    0.3012    0.2945    0.2876    0.2804    0.2729    0.2654    0.2578    
NB95    1.608e-10    3.161e-06    0.00498    0.011    0.01768    0.02646    0.03709    0.04905    0.07552    0.08761    0.1018    0.1143    0.1257    0.1359    0.1448    0.1523    0.1584    0.1632    0.1669    0.1694    0.171    0.1718    0.1718    0.1711    0.1699    0.1682    0.166    0.1635    0.1607    0.1576    0.1542    0.1507    0.147    0.1433    0.1394    0.1355    
MO95    2.392e-12    1.7e-06    0.003762    0.02179    0.05295    0.1006    0.1689    0.261    0.5045    0.673    0.8695    1.091    1.334    1.596    1.873    2.161    2.458    2.76    3.064    3.367    3.667    3.963    4.252    4.533    4.805    5.067    5.318    5.557    5.785    6    6.202    6.391    6.568    6.732    6.883    7.021    
ZR96    1.717e-08    2.068e-05    0.02625    0.06227    0.1182    0.1997    0.3103    0.4524    0.8082    1.052    1.325    1.627    1.954    2.305    2.674    3.059    3.456    3.863    4.276    4.694    5.114    5.533    5.952    6.368    6.779    7.186    7.586    7.979    8.365    8.742    9.111    9.471    9.821    10.16    10.49    10.81    
MO96    2.24e-11    6.625e-08    5.305e-05    0.000443    0.001523    0.003683    0.00742    0.01332    0.03363    0.04945    0.07004    0.09609    0.1282    0.1668    0.2123    0.265    0.3252    0.3929    0.4683    0.5514    0.642    0.74    0.8453    0.9576    1.077    1.202    1.334    1.472    1.616    1.765    1.918    2.077    2.239    2.406    2.576    2.749    
MO97    9.961e-09    2.21e-05    0.02831    0.06745    0.128    0.2161    0.3355    0.4888    0.8718    1.134    1.428    1.751    2.102    2.477    2.871    3.281    3.704    4.136    4.573    5.014    5.457    5.898    6.336    6.771    7.2    7.622    8.036    8.442    8.839    9.225    9.602    9.967    10.32    10.67    11    11.32    
MO98    2.072e-08    2.486e-05    0.03063    0.07278    0.1384    0.234    0.3641    0.5314    0.9518    1.24    1.564    1.922    2.311    2.729    3.17    3.631    4.108    4.597    5.096    5.601    6.11    6.622    7.133    7.642    8.149    8.65    9.146    9.636    10.12    10.59    11.06    11.51    11.96    12.39    12.82    13.23    
MO99    1.912e-08    2.804e-06    0.00171    0.001979    0.002867    0.004037    0.005401    0.006922    0.009183    0.01225    0.01376    0.01526    0.01665    0.01785    0.01885    0.01964    0.02025    0.02069    0.02098    0.02115    0.02121    0.02118    0.02108    0.0209    0.02067    0.02038    0.02006    0.0197    0.0193    0.01889    0.01845    0.018    0.01753    0.01706    0.01658    0.0161    
TC99    4.72e-09    2.757e-05    0.03065    0.07322    0.1377    0.2304    0.3548    0.5127    0.8968    1.157    1.444    1.754    2.084    2.429    2.784    3.143    3.504    3.862    4.213    4.556    4.887    5.206    5.51    5.798    6.069    6.323    6.559    6.778    6.978    7.159    7.323    7.469    7.598    7.71    7.806    7.885    
MO100    2.492e-08    2.989e-05    0.03703    0.08785    0.1668    0.2818    0.438    0.6386    1.141    1.486    1.872    2.298    2.76    3.255    3.776    4.32    4.881    5.456    6.039    6.629    7.221    7.814    8.405    8.991    9.572    10.15    10.71    11.26    11.81    12.34    12.86    13.37    13.86    14.34    14.81    15.26    
RU100    1.642e-12    3.73e-07    0.0005992    0.002857    0.007444    0.01544    0.02813    0.04688    0.1074    0.1512    0.2066    0.2745    0.3557    0.4509    0.5605    0.6846    0.8234    0.9766    1.144    1.325    1.519    1.725    1.944    2.173    2.413    2.661    2.919    3.184    3.456    3.734    4.017    4.305    4.596    4.889    5.185    5.482    
RU101    2.44e-08    2.905e-05    0.03197    0.07567    0.1435    0.2423    0.3762    0.5481    0.9771    1.271    1.599    1.96    2.351    2.768    3.207    3.662    4.13    4.607    5.091    5.577    6.064    6.548    7.029    7.505    7.974    8.434    8.886    9.327    9.758    10.18    10.58    10.98    11.36    11.73    12.09    12.44    
RU102    2.637e-08    3.12e-05    0.03301    0.07867    0.15    0.2545    0.3969    0.5808    1.045    1.364    1.724    2.122    2.556    3.023    3.518    4.036    4.574    5.128    5.694    6.269    6.85    7.436    8.024    8.611    9.197    9.779    10.36    10.93    11.5    12.05    12.6    13.14    13.68    14.2    14.71    15.21    
RU103    2.538e-08    1.932e-05    0.01953    0.02775    0.042    0.06081    0.08271    0.1068    0.1474    0.186    0.2112    0.2343    0.2556    0.2745    0.2905    0.3037    0.3143    0.3224    0.3283    0.3323    0.3347    0.3355    0.3351    0.3335    0.331    0.3276    0.3235    0.3187    0.3134    0.3076    0.3015    0.2951    0.2884    0.2816    0.2746    0.2675    
RH103    4.429e-10    1.08e-05    0.0169    0.05104    0.09695    0.1599    0.2415    0.3411    0.5628    0.7006    0.8529    1.006    1.156    1.301    1.437    1.563    1.677    1.778    1.865    1.939    2.001    2.05    2.087    2.114    2.131    2.14    2.14    2.133    2.12    2.102    2.078    2.05    2.019    1.984    1.947    1.908    
RU104    2.89e-08    3.403e-05    0.0334    0.07952    0.1515    0.2568    0.4001    0.5849    1.05    1.369    1.726    2.122    2.552    3.012    3.497    4.004    4.527    5.063    5.608    6.158    6.711    7.265    7.817    8.365    8.908    9.444    9.971    10.49    11    11.49    11.98    12.45    12.91    13.36    13.79    14.21    
PD104    9.391e-13    8.004e-07    0.001703    0.0117    0.03302    0.06996    0.1277    0.2115    0.4692    0.6497    0.8724    1.138    1.447    1.798    2.188    2.615    3.076    3.566    4.082    4.62    5.177    5.748    6.331    6.922    7.518    8.116    8.715    9.312    9.905    10.49    11.07    11.65    12.21    12.76    13.3    13.83    
PD105    7.161e-09    2.049e-05    0.02024    0.04835    0.09157    0.1543    0.2391    0.3477    0.6157    0.7988    1.003    1.226    1.467    1.721    1.986    2.259    2.538    2.818    3.099    3.379    3.655    3.927    4.192    4.451    4.701    4.943    5.176    5.399    5.611    5.814    6.006    6.188    6.358    6.519    6.668    6.808    
RU106    2.627e-08    2.85e-05    0.02239    0.04863    0.08691    0.1399    0.2079    0.2903    0.4802    0.5988    0.7203    0.8433    0.9653    1.084    1.196    1.3    1.395    1.48    1.554    1.618    1.671    1.714    1.748    1.773    1.789    1.798    1.8    1.795    1.785    1.769    1.749    1.725    1.698    1.668    1.635    1.599    
PD106    3.376e-09    1.146e-05    0.01168    0.03301    0.06961    0.1269    0.2101    0.3238    0.6354    0.8608    1.128    1.439    1.792    2.186    2.619    3.088    3.591    4.124    4.684    5.268    5.872    6.493    7.129    7.777    8.434    9.097    9.765    10.44    11.11    11.78    12.44    13.11    13.76    14.41    15.06    15.7    
PD107    2.276e-08    2.594e-05    0.0183    0.04339    0.0826    0.14    0.2182    0.3189    0.5711    0.7431    0.9352    1.146    1.375    1.617    1.871    2.134    2.402    2.675    2.948    3.222    3.494    3.762    4.026    4.284    4.535    4.779    5.015    5.243    5.461    5.671    5.871    6.061    6.241    6.412    6.573    6.724    
PD108    1.741e-08    1.966e-05    0.01288    0.03072    0.0588    0.1001    0.1568    0.2301    0.4157    0.5425    0.6851    0.8428    1.014    1.198    1.391    1.592    1.8    2.011    2.226    2.442    2.659    2.874    3.088    3.299    3.507    3.711    3.91    4.104    4.292    4.475    4.651    4.821    4.985    5.142    5.292    5.435    
AG109    6.091e-09    1.093e-05    0.007738    0.0174    0.03183    0.05223    0.07909    0.1125    0.1893    0.2415    0.297    0.3553    0.4155    0.4766    0.5376    0.5978    0.6563    0.7127    0.7666    0.8178    0.8661    0.9114    0.9537    0.9931    1.03    1.063    1.094    1.122    1.148    1.171    1.192    1.211    1.228    1.242    1.256    1.267    
PD110    5.369e-09    6.039e-06    0.003692    0.008835    0.01696    0.02896    0.04545    0.06687    0.1214    0.1588    0.2009    0.2476    0.2986    0.3533    0.4113    0.4719    0.5346    0.599    0.6646    0.7311    0.798    0.8651    0.932    0.9987    1.065    1.13    1.194    1.258    1.32    1.381    1.44    1.498    1.555    1.61    1.664    1.715    
CD110    1.019e-11    6.756e-07    0.0006905    0.003129    0.007932    0.01613    0.0289    0.04744    0.1055    0.1465    0.1975    0.2589    0.3311    0.4141    0.5079    0.6122    0.7265    0.8505    0.9833    1.124    1.273    1.429    1.59    1.757    1.929    2.105    2.284    2.467    2.651    2.837    3.025    3.213    3.402    3.591    3.779    3.966    
CD111    2.256e-10    2.689e-06    0.001533    0.003886    0.00752    0.01292    0.02041    0.03023    0.05593    0.0736    0.09403    0.1171    0.1426    0.1706    0.2009    0.2333    0.2678    0.304    0.3421    0.3818    0.423    0.4657    0.5098    0.5552    0.6019    0.6498    0.6987    0.7488    0.7998    0.8518    0.9047    0.9584    1.013    1.068    1.124    1.181    
CD112    5.396e-10    1.265e-06    0.0007022    0.001758    0.003474    0.006078    0.009754    0.01466    0.02793    0.0372    0.04805    0.06053    0.07464    0.09038    0.1077    0.1266    0.1471    0.1691    0.1925    0.2174    0.2438    0.2715    0.3008    0.3314    0.3635    0.3969    0.4318    0.4682    0.506    0.5452    0.5859    0.628    0.6716    0.7168    0.7634    0.8115    
CD114    6.011e-10    1.265e-06    0.0007923    0.001914    0.003678    0.006285    0.009871    0.01453    0.02643    0.03458    0.0438    0.05406    0.06527    0.07733    0.09014    0.1036    0.1175    0.1319    0.1466    0.1615    0.1766    0.1919    0.2072    0.2225    0.2378    0.2531    0.2682    0.2833    0.2982    0.3129    0.3275    0.342    0.3562    0.3703    0.3842    0.3979    
CD116    1.626e-10    1.937e-07    0.0002239    0.0005317    0.001011    0.001709    0.002658    0.003879    0.006942    0.009041    0.01139    0.01399    0.01682    0.01984    0.02302    0.02635    0.02978    0.03329    0.03686    0.04047    0.0441    0.04773    0.05135    0.05495    0.05851    0.06203    0.06549    0.0689    0.07224    0.07551    0.0787    0.08182    0.08486    0.08781    0.09068    0.09346    
SN116    3.054e-13    5.075e-08    5.937e-05    0.0002434    0.0005613    0.001058    0.001779    0.002763    0.005548    0.007372    0.009577    0.01212    0.01497    0.01811    0.02151    0.02513    0.02895    0.03293    0.03704    0.04126    0.04556    0.04992    0.05432    0.05875    0.06318    0.0676    0.072    0.07638    0.08071    0.085    0.08924    0.09341    0.09752    0.1016    0.1055    0.1094    
SN117    1.229e-10    1.647e-07    0.0002246    0.0005325    0.00101    0.001703    0.002642    0.003847    0.006854    0.008915    0.01122    0.01376    0.01651    0.01945    0.02255    0.02577    0.02909    0.03248    0.03592    0.03938    0.04286    0.04633    0.04978    0.0532    0.05658    0.0599    0.06317    0.06637    0.0695    0.07256    0.07553    0.07842    0.08123    0.08395    0.08658    0.08912    
SN118    1.348e-10    1.666e-07    0.0002254    0.0005354    0.001017    0.001719    0.002673    0.003899    0.006975    0.009087    0.01146    0.01408    0.01693    0.01998    0.02321    0.02658    0.03007    0.03366    0.03731    0.04101    0.04474    0.04849    0.05224    0.05598    0.0597    0.06338    0.06703    0.07063    0.07417    0.07766    0.08109    0.08445    0.08774    0.09096    0.0941    0.09718    
SN119    1.349e-10    1.656e-07    0.0002297    0.0005448    0.001034    0.001745    0.002708    0.003945    0.007034    0.009152    0.01152    0.01414    0.01697    0.02    0.02319    0.0265    0.02992    0.03342    0.03697    0.04054    0.04413    0.04771    0.05127    0.0548    0.05829    0.06172    0.0651    0.0684    0.07164    0.07479    0.07786    0.08085    0.08374    0.08655    0.08927    0.09189    
SN120    1.329e-10    1.632e-07    0.0002354    0.0005587    0.001061    0.001791    0.002782    0.004056    0.007246    0.009436    0.01189    0.01461    0.01756    0.02071    0.02405    0.02754    0.03114    0.03484    0.0386    0.04242    0.04626    0.05012    0.05398    0.05782    0.06164    0.06543    0.06917    0.07286    0.07649    0.08006    0.08356    0.087    0.09036    0.09365    0.09686    0.09999    
SB121    5.483e-11    1.612e-07    0.0002427    0.0005755    0.001086    0.001822    0.002812    0.004076    0.007185    0.009305    0.01166    0.01423    0.017    0.01992    0.02296    0.02609    0.02928    0.03249    0.03571    0.0389    0.04206    0.04516    0.04819    0.05114    0.05399    0.05675    0.0594    0.06193    0.06435    0.06665    0.06883    0.07089    0.07282    0.07463    0.07632    0.07789    
SN122    1.308e-10    1.631e-07    0.0002604    0.0006167    0.001169    0.00197    0.003055    0.004446    0.007919    0.0103    0.01297    0.01591    0.01909    0.0225    0.02609    0.02984    0.0337    0.03765    0.04166    0.04572    0.04979    0.05387    0.05793    0.06197    0.06597    0.06991    0.0738    0.07762    0.08137    0.08504    0.08862    0.09212    0.09553    0.09884    0.1021    0.1052    
SB123    1.121e-10    1.468e-07    0.0002491    0.0006146    0.001187    0.002022    0.00316    0.004627    0.008296    0.01082    0.01365    0.01677    0.02015    0.02376    0.02755    0.03148    0.03551    0.03961    0.04375    0.04789    0.05202    0.0561    0.06012    0.06407    0.06794    0.0717    0.07535    0.07888    0.08229    0.08556    0.08871    0.09171    0.09458    0.0973    0.09989    0.1023    
SN124    1.627e-10    2.088e-07    0.0003874    0.0009162    0.001734    0.002918    0.004519    0.006568    0.01167    0.01517    0.01907    0.02338    0.02804    0.03302    0.03826    0.04372    0.04934    0.05508    0.06091    0.06679    0.07269    0.07859    0.08446    0.09028    0.09603    0.1017    0.1073    0.1128    0.1181    0.1234    0.1285    0.1335    0.1383    0.143    0.1476    0.152    
SB125    1.789e-10    3.09e-07    0.0008041    0.001892    0.003492    0.005739    0.00869    0.01236    0.02113    0.02685    0.03305    0.0396    0.04639    0.05332    0.06026    0.0671    0.07375    0.08014    0.0862    0.09188    0.09716    0.102    0.1064    0.1104    0.1139    0.117    0.1196    0.1218    0.1236    0.125    0.126    0.1267    0.1271    0.1271    0.1269    0.1263    
TE125    9.442e-14    5.303e-09    2.077e-05    0.0001141    0.0003093    0.0006517    0.001195    0.001995    0.004353    0.006207    0.008534    0.01137    0.01473    0.01864    0.02311    0.02813    0.03369    0.03977    0.04634    0.05339    0.06087    0.06876    0.07701    0.08559    0.09446    0.1036    0.1129    0.1225    0.1321    0.1419    0.1518    0.1617    0.1717    0.1816    0.1916    0.2014    
SN126    4.248e-10    5.756e-07    0.001335    0.003155    0.005963    0.01002    0.0155    0.02251    0.03991    0.05185    0.06518    0.07985    0.09574    0.1127    0.1305    0.1491    0.1682    0.1878    0.2076    0.2277    0.2478    0.2678    0.2878    0.3077    0.3273    0.3466    0.3657    0.3843    0.4026    0.4205    0.438    0.455    0.4716    0.4877    0.5034    0.5185    
I127    1.017e-10    1.382e-06    0.002844    0.007121    0.01364    0.02308    0.03585    0.05221    0.09286    0.1205    0.1517    0.1858    0.2227    0.2618    0.3027    0.3449    0.3881    0.4317    0.4755    0.5192    0.5624    0.6051    0.6468    0.6876    0.7273    0.7656    0.8027    0.8383    0.8724    0.9049    0.9359    0.9653    0.9931    1.019    1.044    1.067    
TE128    1.895e-09    2.606e-06    0.005756    0.01362    0.02576    0.04333    0.06706    0.09741    0.1729    0.2247    0.2826    0.3463    0.4154    0.4891    0.5668    0.6477    0.731    0.8163    0.9028    0.9902    1.078    1.166    1.253    1.34    1.426    1.511    1.594    1.676    1.757    1.836    1.912    1.987    2.061    2.132    2.201    2.268    
XE128    1.135e-14    6.635e-09    2.037e-05    9.975e-05    0.0002644    0.0005548    0.001019    0.001711    0.003969    0.005626    0.007736    0.01034    0.01349    0.01722    0.02155    0.0265    0.03209    0.03832    0.0452    0.05273    0.06088    0.06966    0.07905    0.08902    0.09957    0.1107    0.1223    0.1344    0.147    0.16    0.1734    0.1873    0.2015    0.216    0.2309    0.246    
I129    3.221e-09    4.851e-06    0.009311    0.0222    0.04158    0.06919    0.1059    0.1521    0.2625    0.3369    0.4183    0.5056    0.5975    0.6925    0.7893    0.8864    0.9826    1.077    1.168    1.256    1.34    1.419    1.494    1.563    1.627    1.685    1.738    1.785    1.827    1.864    1.896    1.923    1.944    1.961    1.974    1.983    
TE130    8.803e-09    1.098e-05    0.01716    0.04064    0.07702    0.1298    0.2013    0.293    0.5219    0.6788    0.8544    1.048    1.258    1.482    1.719    1.965    2.219    2.479    2.742    3.009    3.276    3.544    3.811    4.075    4.337    4.596    4.85    5.1    5.345    5.585    5.819    6.047    6.269    6.486    6.695    6.899    
XE130    1.273e-12    8.897e-08    0.0002758    0.001227    0.003135    0.006427    0.0116    0.01916    0.04318    0.06043    0.08207    0.1084    0.1397    0.1762    0.2178    0.2647    0.3168    0.3739    0.4359    0.5025    0.5735    0.6485    0.7273    0.8095    0.8949    0.983    1.073    1.166    1.26    1.356    1.453    1.551    1.649    1.748    1.846    1.944    
I131    1.4e-08    5.74e-06    0.004085    0.004712    0.006807    0.009559    0.01276    0.01633    0.02158    0.02885    0.03238    0.03588    0.0391    0.04191    0.04422    0.04606    0.04745    0.04844    0.0491    0.04947    0.04959    0.04949    0.04921    0.04877    0.0482    0.04751    0.04672    0.04585    0.04491    0.04392    0.04288    0.0418    0.0407    0.03958    0.03844    0.0373    
XE131    1.209e-09    1.745e-05    0.02235    0.05306    0.09641    0.1564    0.2342    0.3295    0.544    0.6859    0.8374    0.993    1.15    1.305    1.455    1.599    1.732    1.855    1.966    2.065    2.151    2.225    2.288    2.339    2.379    2.409    2.429    2.441    2.445    2.441    2.431    2.414    2.393    2.366    2.336    2.302    
TE132    1.992e-08    3.39e-06    0.002281    0.00264    0.003822    0.005375    0.007183    0.009196    0.0121    0.01624    0.01823    0.0202    0.02201    0.02359    0.02489    0.02592    0.0267    0.02726    0.02763    0.02784    0.0279    0.02784    0.02768    0.02743    0.0271    0.02671    0.02626    0.02577    0.02523    0.02466    0.02407    0.02346    0.02283    0.02219    0.02154    0.02089    
XE132    4.548e-09    2.962e-05    0.03758    0.09577    0.188    0.3251    0.5156    0.7658    1.423    1.874    2.394    2.982    3.632    4.342    5.106    5.916    6.768    7.654    8.57    9.508    10.47    11.44    12.42    13.4    14.39    15.37    16.35    17.32    18.28    19.23    20.16    21.08    21.98    22.86    23.72    24.56    
XE133    1.508e-08    7.787e-06    0.004899    0.005667    0.008208    0.01155    0.01545    0.0198    0.02624    0.03503    0.03935    0.04364    0.0476    0.05105    0.05391    0.05619    0.05793    0.05919    0.06004    0.06054    0.06074    0.06067    0.06038    0.0599    0.05925    0.05846    0.05755    0.05654    0.05544    0.05427    0.05305    0.05177    0.05047    0.04914    0.04779    0.04644    
CS133    1.679e-09    3.862e-05    0.04421    0.1077    0.202    0.3365    0.5161    0.7427    1.287    1.653    2.056    2.489    2.945    3.416    3.897    4.378    4.855    5.321    5.773    6.206    6.618    7.006    7.369    7.706    8.015    8.297    8.552    8.778    8.978    9.151    9.298    9.421    9.519    9.594    9.647    9.68    
XE134    4.241e-08    5.2e-05    0.05371    0.1277    0.243    0.4114    0.6406    0.9357    1.678    2.187    2.757    3.387    4.073    4.806    5.58    6.388    7.222    8.076    8.944    9.822    10.7    11.59    12.47    13.35    14.21    15.07    15.91    16.74    17.55    18.35    19.13    19.89    20.63    21.34    22.04    22.72    
CS134    8.741e-13    7.024e-07    0.001135    0.005036    0.01203    0.02311    0.0393    0.06144    0.1255    0.1658    0.2143    0.27    0.332    0.3994    0.471    0.5458    0.6227    0.7006    0.7785    0.8555    0.9308    1.004    1.074    1.14    1.203    1.262    1.316    1.366    1.412    1.453    1.49    1.522    1.55    1.573    1.593    1.609    
BA134    5.225e-16    1.603e-08    3.391e-05    0.0003198    0.001167    0.002955    0.006173    0.01142    0.02917    0.04455    0.06464    0.09029    0.1222    0.161    0.2072    0.2611    0.3231    0.3933    0.4716    0.5581    0.6525    0.7547    0.8642    0.9806    1.104    1.233    1.368    1.508    1.652    1.801    1.953    2.109    2.267    2.427    2.589    2.752    
CS135    1.431e-09    2.007e-06    0.002418    0.006599    0.01396    0.026    0.04423    0.0703    0.1494    0.2088    0.2823    0.3713    0.4772    0.601    0.7434    0.9046    1.085    1.284    1.502    1.737    1.989    2.258    2.541    2.838    3.147    3.468    3.798    4.136    4.481    4.832    5.188    5.546    5.906    6.267    6.627    6.985    
XE136    7.305e-08    9.213e-05    0.1004    0.2385    0.4537    0.7676    1.195    1.744    3.125    4.072    5.133    6.305    7.58    8.943    10.38    11.88    13.43    15.02    16.64    18.27    19.91    21.56    23.2    24.83    26.44    28.04    29.61    31.16    32.67    34.16    35.61    37.03    38.41    39.75    41.06    42.32    
BA136    4.957e-12    1.188e-07    0.000613    0.00169    0.003352    0.005834    0.009316    0.01396    0.02735    0.03642    0.04735    0.06021    0.07518    0.09244    0.1122    0.1346    0.1598    0.1881    0.2196    0.2547    0.2934    0.336    0.3826    0.4336    0.4889    0.5489    0.6136    0.6831    0.7576    0.8371    0.9218    1.012    1.107    1.207    1.312    1.423    
CS137    3.584e-08    4.246e-05    0.04782    0.1132    0.2147    0.3623    0.5625    0.8194    1.462    1.9    2.39    2.929    3.512    4.133    4.786    5.463    6.159    6.868    7.584    8.303    9.021    9.735    10.44    11.14    11.82    12.49    13.15    13.79    14.41    15    15.58    16.14    16.68    17.2    17.69    18.17    
BA137    4.303e-12    8.752e-08    0.0001572    0.0007463    0.00196    0.004103    0.00754    0.01267    0.02813    0.04056    0.05641    0.07603    0.09974    0.1278    0.1605    0.1981    0.2405    0.288    0.3405    0.3981    0.4607    0.5284    0.601    0.6783    0.7604    0.8471    0.9382    1.034    1.133    1.237    1.344    1.455    1.569    1.687    1.807    1.931    
BA138    3.51e-08    4.175e-05    0.04249    0.101    0.1923    0.3256    0.5071    0.7409    1.329    1.732    2.184    2.684    3.228    3.81    4.424    5.066    5.728    6.408    7.098    7.797    8.5    9.205    9.908    10.61    11.3    11.99    12.66    13.33    13.98    14.62    15.25    15.86    16.46    17.04    17.61    18.16    
LA139    3.348e-08    4.035e-05    0.0415    0.09814    0.1861    0.3139    0.4872    0.7094    1.262    1.64    2.062    2.524    3.024    3.555    4.111    4.686    5.275    5.873    6.475    7.077    7.676    8.268    8.851    9.424    9.983    10.53    11.06    11.57    12.06    12.53    12.99    13.42    13.83    14.23    14.6    14.95    
BA140    3.1e-08    1.275e-05    0.009173    0.01125    0.01672    0.02384    0.03209    0.04121    0.05515    0.07232    0.08123    0.09    0.09808    0.1051    0.111    0.1158    0.1194    0.1221    0.124    0.1251    0.1256    0.1255    0.1249    0.1239    0.1226    0.121    0.119    0.1169    0.1146    0.1121    0.1094    0.1067    0.1039    0.1011    0.09817    0.09526    
LA140    1.308e-09    1.687e-06    0.00122    0.001512    0.002258    0.003234    0.004374    0.005642    0.007647    0.01002    0.01133    0.01263    0.01384    0.01494    0.01589    0.01669    0.01735    0.01789    0.01832    0.01866    0.0189    0.01908    0.01919    0.01923    0.01923    0.01918    0.0191    0.01897    0.01882    0.01864    0.01843    0.01821    0.01797    0.01772    0.01745    0.01718    
CE140    4.359e-10    2.596e-05    0.03238    0.08918    0.1755    0.3029    0.4785    0.7072    1.322    1.72    2.18    2.693    3.255    3.863    4.51    5.192    5.903    6.637    7.392    8.162    8.943    9.733    10.53    11.33    12.13    12.93    13.72    14.51    15.29    16.07    16.84    17.6    18.34    19.08    19.81    20.52    
CE141    2.461e-08    1.878e-05    0.01826    0.0249    0.03753    0.05412    0.07336    0.09449    0.1283    0.1643    0.1859    0.206    0.2244    0.2407    0.2545    0.2657    0.2746    0.2813    0.2861    0.2893    0.2909    0.2913    0.2905    0.2888    0.2862    0.2829    0.279    0.2745    0.2695    0.2642    0.2585    0.2526    0.2465    0.2402    0.2339    0.2275    
PR141    5.288e-10    1.375e-05    0.0215    0.06867    0.139    0.2425    0.3851    0.5705    1.046    1.357    1.721    2.122    2.556    3.018    3.503    4.005    4.518    5.037    5.559    6.078    6.593    7.1    7.596    8.079    8.549    9.002    9.438    9.857    10.26    10.64    11    11.34    11.66    11.96    12.24    12.5    
CE142    2.643e-08    3.278e-05    0.03825    0.09102    0.1731    0.2926    0.455    0.6639    1.188    1.547    1.949    2.393    2.875    3.39    3.933    4.499    5.083    5.68    6.287    6.9    7.515    8.13    8.743    9.351    9.952    10.55    11.13    11.7    12.26    12.81    13.35    13.87    14.37    14.86    15.34    15.8    
ND142    2.975e-14    7.382e-08    0.0001563    0.001095    0.003209    0.007067    0.01338    0.02293    0.05451    0.07792    0.1078    0.1448    0.1895    0.2422    0.3034    0.3732    0.4516    0.5387    0.6342    0.738    0.8498    0.9692    1.096    1.229    1.369    1.515    1.666    1.822    1.983    2.147    2.315    2.486    2.659    2.834    3.01    3.188    
PR143    8.827e-09    1.022e-05    0.00785    0.009652    0.01434    0.02045    0.02753    0.03535    0.04773    0.06206    0.06974    0.0773    0.08428    0.0904    0.09554    0.0997    0.1029    0.1054    0.1071    0.1082    0.1087    0.1088    0.1085    0.1078    0.1068    0.1055    0.104    0.1023    0.1005    0.0985    0.0964    0.09422    0.09196    0.08965    0.0873    0.08494    
ND143    3.636e-10    1.722e-05    0.02177    0.05041    0.08757    0.1372    0.1991    0.2719    0.426    0.5219    0.6206    0.7154    0.8055    0.8898    0.9668    1.036    1.096    1.148    1.192    1.227    1.256    1.279    1.295    1.307    1.314    1.317    1.316    1.313    1.307    1.298    1.288    1.276    1.263    1.248    1.233    1.218    
CE144    2.389e-08    2.612e-05    0.02633    0.05557    0.09728    0.154    0.2255    0.3107    0.5017    0.62    0.7383    0.8555    0.9695    1.078    1.178    1.27    1.351    1.421    1.48    1.529    1.568    1.597    1.618    1.631    1.636    1.635    1.629    1.617    1.6    1.58    1.556    1.529    1.5    1.468    1.435    1.4    
ND144    6.859e-11    4.699e-06    0.007562    0.03628    0.08997    0.1777    0.3093    0.4938    1.045    1.418    1.869    2.395    2.994    3.661    4.392    5.179    6.017    6.897    7.814    8.759    9.726    10.71    11.7    12.71    13.71    14.71    15.7    16.69    17.66    18.62    19.57    20.49    21.4    22.29    23.16    24    
ND145    1.633e-08    2.141e-05    0.02302    0.05332    0.09946    0.1656    0.2538    0.3652    0.6328    0.8146    1.013    1.227    1.453    1.687    1.928    2.171    2.413    2.652    2.886    3.114    3.334    3.544    3.745    3.935    4.114    4.282    4.439    4.584    4.717    4.84    4.952    5.052    5.143    5.224    5.295    5.356    
ND146    1.583e-08    1.927e-05    0.0204    0.05004    0.09743    0.168    0.2661    0.395    0.7335    0.968    1.238    1.543    1.883    2.256    2.659    3.09    3.547    4.027    4.528    5.047    5.582    6.131    6.692    7.264    7.844    8.432    9.024    9.621    10.22    10.82    11.42    12.02    12.62    13.21    13.81    14.39    
ND147    1.248e-08    4.607e-06    0.003131    0.003818    0.005665    0.008078    0.01088    0.01399    0.01871    0.02469    0.02779    0.03085    0.03369    0.0362    0.03833    0.04007    0.04145    0.04251    0.0433    0.04384    0.04417    0.04432    0.04431    0.04417    0.0439    0.04353    0.04308    0.04255    0.04196    0.04131    0.04062    0.0399    0.03915    0.03838    0.0376    0.03681    
PM147    7.928e-10    9.348e-06    0.0104    0.02217    0.03742    0.05762    0.08248    0.1112    0.1696    0.2072    0.2443    0.2791    0.3115    0.3413    0.3681    0.3915    0.4114    0.4281    0.4417    0.4523    0.4604    0.4661    0.4698    0.4715    0.4717    0.4703    0.4678    0.4641    0.4595    0.454    0.4479    0.4412    0.4341    0.4265    0.4187    0.4106    
SM147    4.349e-13    1.923e-07    0.0003059    0.001562    0.003736    0.007085    0.01187    0.01826    0.0349    0.04596    0.05886    0.07318    0.08858    0.1047    0.1213    0.138    0.1545    0.1706    0.1861    0.2008    0.2146    0.2273    0.2389    0.2494    0.2588    0.267    0.2741    0.2801    0.2851    0.2892    0.2923    0.2945    0.2958    0.2965    0.2964    0.2957    
ND148    1.144e-08    1.354e-05    0.01358    0.03224    0.0613    0.1037    0.1614    0.2356    0.4219    0.5491    0.6917    0.8489    1.019    1.201    1.393    1.593    1.798    2.008    2.22    2.434    2.649    2.862    3.075    3.285    3.492    3.695    3.895    4.09    4.28    4.465    4.645    4.819    4.988    5.15    5.307    5.458    
SM148    1.615e-13    7.038e-07    0.001132    0.005737    0.01422    0.02793    0.04837    0.07687    0.1638    0.2201    0.2884    0.368    0.4584    0.559    0.669    0.7876    0.9136    1.046    1.184    1.327    1.473    1.623    1.774    1.927    2.08    2.233    2.387    2.539    2.69    2.839    2.987    3.132    3.275    3.415    3.553    3.687    
ND150    7.19e-09    8.365e-06    0.00797    0.01894    0.03605    0.06105    0.09509    0.1389    0.2492    0.3246    0.4093    0.5027    0.6042    0.7128    0.8272    0.9465    1.069    1.195    1.323    1.452    1.581    1.71    1.839    1.967    2.093    2.217    2.339    2.458    2.575    2.689    2.8    2.908    3.013    3.115    3.213    3.308    
SM150    1.1e-09    1.013e-05    0.01017    0.02549    0.04876    0.08207    0.1265    0.1826    0.3208    0.4083    0.5041    0.6058    0.7112    0.8182    0.9249    1.029    1.13    1.225    1.314    1.397    1.473    1.541    1.601    1.655    1.701    1.74    1.773    1.799    1.82    1.835    1.845    1.85    1.851    1.848    1.842    1.832    
SM152    4.651e-09    1.032e-05    0.009684    0.02141    0.03847    0.06231    0.09332    0.1314    0.2173    0.2762    0.3377    0.401    0.4653    0.5295    0.5924    0.653    0.7105    0.7643    0.814    0.8592    0.8999    0.9361    0.9677    0.9948    1.018    1.036    1.051    1.063    1.07    1.075    1.077    1.076    1.072    1.067    1.059    1.05    
EU153    9e-10    4.112e-06    0.003747    0.009997    0.01947    0.03302    0.05117    0.0741    0.1296    0.1652    0.2048    0.247    0.2908    0.3351    0.3793    0.4224    0.4638    0.5031    0.5398    0.5736    0.6044    0.6321    0.6566    0.6779    0.6962    0.7115    0.724    0.7337    0.7409    0.7458    0.7484    0.749    0.7478    0.7449    0.7405    0.7347    
SM154    2.359e-09    2.778e-06    0.002377    0.005703    0.01093    0.01861    0.02913    0.04275    0.07736    0.101    0.1277    0.1573    0.1895    0.224    0.2606    0.2988    0.3382    0.3786    0.4197    0.4612    0.5029    0.5445    0.5859    0.6268    0.6672    0.707    0.7459    0.7839    0.821    0.857    0.8919    0.9256    0.9582    0.9895    1.02    1.048    
EU154    4.737e-12    5.686e-07    0.0006551    0.002454    0.005287    0.009438    0.01514    0.02253    0.04143    0.05302    0.06653    0.08125    0.09671    0.1126    0.1285    0.1443    0.1595    0.1741    0.1879    0.2006    0.2123    0.2229    0.2323    0.2406    0.2478    0.2539    0.259    0.263    0.2661    0.2683    0.2697    0.2703    0.2702    0.2695    0.2681    0.2663    
EU155    1.362e-09    6.615e-07    0.00047    0.00109    0.002166    0.003726    0.005836    0.008537    0.0159    0.01961    0.02437    0.02956    0.03501    0.04058    0.04615    0.05164    0.05695    0.06201    0.06677    0.07118    0.07523    0.07888    0.08214    0.08501    0.08749    0.08959    0.09132    0.09271    0.09378    0.09453    0.09501    0.09521    0.09518    0.09493    0.09447    0.09384    
EU156    7.872e-10    8.951e-07    0.0006313    0.00129    0.002497    0.00424    0.006578    0.009552    0.01823    0.02173    0.02685    0.03247    0.03837    0.04439    0.05042    0.05634    0.06207    0.06752    0.07265    0.0774    0.08175    0.08567    0.08917    0.09225    0.0949    0.09714    0.09899    0.1005    0.1016    0.1024    0.1029    0.1031    0.103    0.1027    0.1022    0.1015    
GD156    3.165e-11    1.406e-06    0.001534    0.005846    0.01471    0.03053    0.05584    0.09344    0.236    0.3266    0.4377    0.573    0.7343    0.9221    1.137    1.378    1.644    1.934    2.247    2.581    2.933    3.302    3.686    4.081    4.488    4.902    5.323    5.748    6.175    6.604    7.032    7.458    7.881    8.3    8.713    9.119    
GD158    1.004e-09    1.794e-06    0.00127    0.003359    0.006987    0.01278    0.02134    0.03326    0.07294    0.09841    0.129    0.1653    0.2077    0.2562    0.3111    0.3724    0.4398    0.5135    0.5931    0.6785    0.7696    0.8659    0.9674    1.074    1.185    1.3    1.419    1.542    1.668    1.798    1.93    2.066    2.203    2.343    2.485    2.629    
TB159    1.584e-10    3.419e-07    0.0001901    0.0004568    0.000879    0.001507    0.002378    0.003522    0.006549    0.008661    0.01109    0.01384    0.01691    0.0203    0.02401    0.02803    0.03235    0.03698    0.04191    0.04715    0.0527    0.05856    0.06473    0.07121    0.07801    0.08513    0.09256    0.1003    0.1084    0.1168    0.1255    0.1345    0.1438    0.1534    0.1634    0.1736    
