TIME    3   100   220   340   460   580   700   820   1040   1160   1280   1400   1520   1640   1760   1880   2000   2120   2240   2360   2480   2600   2720   2840   2960   3080   3200   3320   3440   3560   3680   3800   3920   4040   4160   4280   
NEUT_PROD    47.2   323   375   351   304   253   206   164   102   79   61.2   47.4   36.8   28.8   22.7   18.2   14.8   12.3   10.5   9.17   8.22   7.54   7.05   6.7   6.44   6.26   6.12   6   5.91   5.82   5.74   5.65   5.56   5.47   5.37   5.27   
NEUT_DEST    316   439   413   373   324   276   233   195   136   115   97.2   83.1   71.8   62.8   55.6   49.8   45.2   41.5   38.5   36   34   32.3   30.9   29.6   28.6   27.7   26.9   26.2   25.5   25   24.4   23.9   23.5   23.1   22.7   22.3   
BUd    0.422    65.9    124    128    115    97.6    80.2    64.6    91.4    31.4    24.3    18.8    14.5    11.3    8.78    6.92    5.52    4.48    3.72    3.15    2.74    2.44    2.22    2.07    1.95    1.87    1.81    1.76    1.72    1.69    1.66    1.63    1.6    1.58    1.55    1.52    
HE4    0.001085    0.03112    0.05909    0.0798    0.09576    0.1088    0.1199    0.1298    0.1456    0.1529    0.1596    0.1656    0.1711    0.1763    0.1812    0.1859    0.1904    0.195    0.1995    0.2041    0.2087    0.2134    0.2181    0.223    0.2279    0.2328    0.2378    0.2428    0.2478    0.2527    0.2577    0.2626    0.2675    0.2724    0.2771    0.2818    
U234    0.06341    1.745    3.164    4.048    4.556    4.802    4.866    4.808    4.449    4.23    3.996    3.756    3.517    3.283    3.058    2.844    2.641    2.45    2.271    2.103    1.947    1.802    1.667    1.542    1.425    1.318    1.218    1.126    1.04    0.9616    0.8886    0.8211    0.7588    0.7011    0.6479    0.5986    
U235    7.595e-05    0.06487    0.2183    0.39    0.5453    0.6701    0.761    0.8201    0.8596    0.8511    0.8305    0.8013    0.7662    0.7276    0.6872    0.6461    0.6054    0.5656    0.5273    0.4907    0.4559    0.4232    0.3924    0.3636    0.3367    0.3117    0.2884    0.2668    0.2467    0.2281    0.2109    0.1949    0.1802    0.1665    0.1539    0.1422    
U236    6.016e-08    0.001762    0.01204    0.03373    0.06606    0.1069    0.1536    0.2041    0.308    0.359    0.4079    0.4543    0.4977    0.538    0.575    0.6088    0.6394    0.6669    0.6915    0.7134    0.7326    0.7494    0.7639    0.7763    0.7868    0.7954    0.8024    0.8079    0.8119    0.8147    0.8163    0.8168    0.8163    0.815    0.8128    0.8099    
NP237    1.807e-07    6.187e-05    0.0002092    0.0005853    0.001329    0.002513    0.004152    0.006228    0.01145    0.01456    0.01791    0.02143    0.02508    0.02879    0.03252    0.03623    0.03989    0.04346    0.04691    0.05023    0.05339    0.05639    0.05921    0.06185    0.0643    0.06657    0.06866    0.07056    0.07228    0.07383    0.07521    0.07643    0.0775    0.07842    0.0792    0.07985    
PU238    990.4    725.8    526.5    382    277.2    201.2    146.1    106.2    56.29    41.05    29.98    21.92    16.05    11.77    8.648    6.361    4.685    3.456    2.554    1.891    1.403    1.043    0.7786    0.5836    0.4399    0.334    0.2559    0.1984    0.1561    0.125    0.1022    0.0854    0.07312    0.06413    0.05756    0.05277    
PU239    9.075    168.3    189.3    164.1    129.7    98.42    73.14    53.79    28.74    20.96    15.3    11.17    8.167    5.978    4.381    3.215    2.363    1.739    1.282    0.9468    0.7004    0.5193    0.3859    0.2878    0.2155    0.1622    0.123    0.09402    0.07272    0.05703    0.04549    0.037    0.03077    0.0262    0.02285    0.0204    
PU240    0.04073    26.82    63.54    85.95    93.1    89.71    80.54    69.02    46.41    36.97    29.07    22.64    17.5    13.47    10.34    7.939    6.109    4.724    3.684    2.907    2.33    1.902    1.588    1.357    1.188    1.065    0.975    0.9089    0.8599    0.823    0.7945    0.7716    0.7526    0.7359    0.7206    0.706    
PU241    0.0001648    3.215    13.54    24.5    31.7    34.39    33.54    30.52    22.22    18.15    14.56    11.51    9.006    6.991    5.397    4.155    3.196    2.464    1.908    1.489    1.176    0.9424    0.7695    0.642    0.5483    0.4796    0.4294    0.3927    0.3656    0.3456    0.3305    0.3188    0.3094    0.3016    0.2948    0.2886    
PU242    3.235e-07    0.2374    2.27    7.018    13.83    21.47    28.85    35.26    44.09    46.52    47.82    48.19    47.84    46.93    45.63    44.04    42.27    40.39    38.47    36.54    34.64    32.78    30.99    29.27    27.63    26.06    24.58    23.18    21.85    20.6    19.43    18.32    17.28    16.29    15.37    14.5    
PU244    4.329e-14    1.322e-06    2.862e-05    0.0001501    0.0004449    0.0009721    0.00176    0.002808    0.005595    0.007261    0.009057    0.01094    0.01289    0.01485    0.01682    0.01877    0.02067    0.02252    0.02431    0.02602    0.02765    0.02921    0.03067    0.03205    0.03335    0.03457    0.0357    0.03675    0.03773    0.03863    0.03946    0.04022    0.04092    0.04156    0.04214    0.04267    
AM241    1.625e-08    0.009898    0.08073    0.2101    0.3426    0.4359    0.4771    0.4729    0.3605    0.3186    0.2677    0.2183    0.1745    0.1376    0.1074    0.08332    0.06435    0.04962    0.0383    0.02967    0.02315    0.01825    0.01459    0.01187    0.009855    0.008373    0.007285    0.006488    0.005903    0.005473    0.005154    0.004914    0.00473    0.004583    0.004462    0.004357    
AM243    1.102e-10    0.003218    0.0648    0.3144    0.8597    1.728    2.873    4.205    7.03    8.355    9.542    10.56    11.39    12.03    12.49    12.78    12.92    12.93    12.84    12.64    12.38    12.05    11.68    11.28    10.85    10.42    9.968    9.52    9.076    8.639    8.212    7.797    7.397    7.011    6.642    6.288    
CM242    2.272e-11    0.001319    0.02415    0.09739    0.2151    0.3453    0.4556    0.5272    0.5538    0.5069    0.453    0.3939    0.3341    0.2776    0.2266    0.1825    0.1453    0.1148    0.09006    0.0704    0.05496    0.04296    0.03372    0.02666    0.02131    0.01728    0.01426    0.012    0.01033    0.009091    0.008173    0.007492    0.006984    0.0066    0.006306    0.006074    
CM243    3.161e-15    6.414e-06    0.0002314    0.001276    0.003476    0.0065    0.009632    0.0122    0.01478    0.01423    0.01312    0.01173    0.0102    0.008662    0.007209    0.0059    0.004762    0.003802    0.00301    0.002369    0.001857    0.001455    0.001141    0.0008997    0.0007149    0.0005746    0.0004687    0.0003893    0.00033    0.0002859    0.0002531    0.0002287    0.0002106    0.000197    0.0001866    0.0001786    
CM244    1.065e-13    0.0001139    0.004874    0.03745    0.1438    0.3798    0.7947    1.421    3.332    4.579    5.977    7.486    9.063    10.67    12.26    13.81    15.28    16.67    17.94    19.09    20.12    21.01    21.77    22.4    22.9    23.28    23.55    23.71    23.78    23.75    23.65    23.47    23.22    22.92    22.56    22.17    
CM245    2.806e-17    7.183e-07    4.775e-05    0.0004466    0.001918    0.005442    0.01196    0.02217    0.05456    0.07622    0.1008    0.1277    0.156    0.185    0.2141    0.2425    0.2697    0.2953    0.3191    0.3407    0.36    0.3769    0.3914    0.4035    0.4133    0.4209    0.4264    0.43    0.4317    0.4317    0.4302    0.4273    0.4232    0.418    0.4118    0.4049    
CM246    5.303e-20    4.894e-08    6.986e-06    0.0001042    0.0006318    0.002364    0.006565    0.0149    0.05169    0.08391    0.1275    0.1837    0.2534    0.3369    0.4343    0.5454    0.6697    0.8062    0.9542    1.112    1.28    1.455    1.636    1.823    2.014    2.208    2.404    2.601    2.797    2.993    3.186    3.378    3.566    3.75    3.93    4.105    
SE77    5.581e-07    0.004622    0.007535    0.01005    0.01196    0.01326    0.01405    0.01444    0.01439    0.01411    0.01372    0.01325    0.01275    0.01222    0.01169    0.01116    0.01064    0.01014    0.009652    0.009187    0.008744    0.008321    0.007921    0.007541    0.007182    0.006842    0.006521    0.006217    0.005931    0.005661    0.005405    0.005164    0.004937    0.004722    0.004519    0.004327    
SE78    5.778e-06    0.01409    0.02358    0.03287    0.04093    0.04761    0.05304    0.05742    0.06382    0.06617    0.06811    0.06974    0.07111    0.0723    0.07333    0.07424    0.07505    0.07579    0.07646    0.07708    0.07765    0.07818    0.07868    0.07915    0.07959    0.08001    0.0804    0.08078    0.08113    0.08147    0.08179    0.08209    0.08238    0.08266    0.08292    0.08317    
SE79    1.325e-05    0.03039    0.05008    0.06902    0.085    0.09776    0.1077    0.1152    0.125    0.1281    0.1303    0.1319    0.133    0.1338    0.1343    0.1346    0.1347    0.1348    0.1348    0.1347    0.1346    0.1344    0.1343    0.1341    0.1339    0.1337    0.1335    0.1333    0.1331    0.1329    0.1327    0.1325    0.1323    0.1321    0.1319    0.1317    
SE80    3.191e-05    0.07298    0.1205    0.1662    0.2048    0.2357    0.2599    0.2785    0.3036    0.3119    0.3182    0.3231    0.3269    0.3298    0.3322    0.3341    0.3357    0.337    0.3382    0.3392    0.3402    0.3411    0.3419    0.3427    0.3435    0.3443    0.3451    0.3458    0.3465    0.3473    0.348    0.3487    0.3495    0.3502    0.3509    0.3516    
BR81    4.867e-05    0.1116    0.1831    0.2512    0.3081    0.3527    0.3864    0.4113    0.4414    0.4496    0.4546    0.4572    0.4581    0.4576    0.4562    0.4541    0.4515    0.4485    0.4453    0.442    0.4385    0.4349    0.4314    0.4278    0.4242    0.4206    0.4171    0.4136    0.4101    0.4066    0.4032    0.3998    0.3965    0.3931    0.3898    0.3866    
SE82    6.021e-05    0.1378    0.2283    0.3168    0.3931    0.4555    0.5052    0.5442    0.5977    0.6156    0.6293    0.6397    0.6478    0.654    0.6589    0.6627    0.6658    0.6683    0.6704    0.6722    0.6738    0.6752    0.6765    0.6778    0.6789    0.68    0.6811    0.6822    0.6832    0.6843    0.6853    0.6863    0.6873    0.6883    0.6893    0.6902    
KR82    3.808e-07    0.002848    0.005862    0.009304    0.01293    0.01658    0.02018    0.02365    0.03013    0.03309    0.03586    0.03844    0.04081    0.043    0.04501    0.04684    0.0485    0.05001    0.05138    0.0526    0.0537    0.05468    0.05555    0.05631    0.05698    0.05757    0.05807    0.05849    0.05885    0.05914    0.05938    0.05956    0.05968    0.05977    0.05981    0.05981    
KR83    8.091e-05    0.1833    0.2554    0.3072    0.3313    0.3322    0.317    0.2919    0.2301    0.1994    0.1709    0.1453    0.1229    0.1037    0.08758    0.07416    0.06314    0.0542    0.047    0.04125    0.03671    0.03314    0.03036    0.02821    0.02655    0.02529    0.02433    0.0236    0.02305    0.02264    0.02233    0.0221    0.02192    0.02179    0.02167    0.02158    
KR84    0.0001449    0.3547    0.6403    0.9421    1.228    1.484    1.707    1.898    2.192    2.302    2.392    2.466    2.526    2.575    2.615    2.648    2.675    2.698    2.717    2.733    2.748    2.761    2.772    2.783    2.792    2.802    2.81    2.819    2.827    2.835    2.843    2.851    2.858    2.866    2.873    2.881    
KR85    3.471e-05    0.08608    0.1412    0.1939    0.2382    0.2731    0.2993    0.3182    0.3406    0.3452    0.347    0.3468    0.345    0.342    0.3382    0.3339    0.3291    0.3241    0.319    0.3137    0.3085    0.3032    0.298    0.2929    0.2879    0.2829    0.278    0.2733    0.2686    0.264    0.2596    0.2552    0.2509    0.2468    0.2427    0.2387    
RB85    0.0001224    0.3077    0.5138    0.7172    0.8955    1.044    1.165    1.262    1.4    1.449    1.489    1.52    1.546    1.568    1.586    1.601    1.614    1.626    1.637    1.647    1.656    1.665    1.673    1.681    1.689    1.697    1.704    1.711    1.718    1.725    1.732    1.738    1.745    1.751    1.757    1.763    
KR86    0.0002399    0.5495    0.9146    1.278    1.597    1.864    2.081    2.254    2.497    2.581    2.645    2.695    2.734    2.764    2.788    2.807    2.823    2.835    2.846    2.855    2.863    2.871    2.877    2.884    2.889    2.895    2.9    2.906    2.911    2.916    2.921    2.926    2.931    2.936    2.94    2.945    
SR86    7.078e-09    0.0003358    0.001044    0.001899    0.002917    0.004062    0.00531    0.006639    0.009491    0.01099    0.0125    0.01404    0.0156    0.01718    0.01876    0.02035    0.02195    0.02355    0.02516    0.02677    0.02838    0.02999    0.0316    0.03321    0.03483    0.03644    0.03805    0.03966    0.04127    0.04288    0.04449    0.0461    0.0477    0.04931    0.05091    0.05251    
RB87    0.0002932    0.6878    1.145    1.598    1.997    2.329    2.598    2.813    3.113    3.215    3.294    3.354    3.401    3.438    3.466    3.488    3.506    3.521    3.533    3.543    3.552    3.56    3.567    3.573    3.58    3.585    3.591    3.596    3.602    3.607    3.612    3.617    3.622    3.627    3.632    3.636    
SR88    0.0004013    0.9766    1.626    2.266    2.827    3.292    3.667    3.965    4.382    4.524    4.633    4.718    4.785    4.836    4.877    4.91    4.936    4.958    4.977    4.993    5.007    5.02    5.032    5.043    5.054    5.064    5.074    5.083    5.093    5.102    5.112    5.121    5.13    5.139    5.148    5.156    
SR89    0.0005316    0.7904    0.6051    0.5527    0.4839    0.4045    0.3282    0.2613    0.1725    0.1266    0.09649    0.0743    0.05748    0.04471    0.03506    0.0278    0.02236    0.01831    0.01531    0.01308    0.01144    0.01023    0.009342    0.008684    0.008195    0.007828    0.007551    0.007338    0.007171    0.007037    0.006929    0.006839    0.006761    0.006689    0.006619    0.006544    
Y89    7.348e-06    0.4501    1.454    2.313    3.084    3.743    4.284    4.717    5.308    5.521    5.678    5.795    5.884    5.95    5.999    6.035    6.062    6.082    6.096    6.107    6.114    6.12    6.123    6.126    6.128    6.129    6.13    6.13    6.13    6.13    6.13    6.129    6.129    6.128    6.127    6.126    
SR90    0.0006757    1.544    2.551    3.537    4.387    5.078    5.622    6.039    6.588    6.749    6.86    6.93    6.97    6.986    6.986    6.973    6.95    6.92    6.886    6.847    6.806    6.764    6.72    6.675    6.63    6.585    6.54    6.494    6.449    6.404    6.359    6.315    6.27    6.226    6.182    6.139    
ZR90    2.229e-08    0.003927    0.02103    0.04767    0.08307    0.1259    0.1746    0.2281    0.3367    0.3984    0.4616    0.5257    0.5905    0.6556    0.7209    0.7862    0.8514    0.9164    0.9812    1.046    1.11    1.174    1.237    1.301    1.364    1.426    1.488    1.55    1.611    1.672    1.733    1.794    1.853    1.913    1.972    2.031    
Y91    0.0005537    1.24    1.028    0.9516    0.8414    0.71    0.5809    0.4659    0.3134    0.2322    0.1781    0.1384    0.1084    0.0856    0.06836    0.05538    0.04564    0.03838    0.03298    0.02898    0.02603    0.02384    0.02223    0.02104    0.02014    0.01947    0.01896    0.01856    0.01824    0.01798    0.01777    0.01758    0.01742    0.01726    0.01711    0.01695    
ZR91    6.197e-06    0.6015    2.049    3.336    4.505    5.513    6.349    7.024    7.953    8.295    8.549    8.741    8.888    9    9.085    9.151    9.202    9.241    9.272    9.297    9.318    9.334    9.349    9.362    9.373    9.383    9.392    9.401    9.41    9.418    9.425    9.432    9.439    9.446    9.453    9.459    
ZR92    0.0008726    2.274    3.798    5.301    6.621    7.721    8.612    9.323    10.32    10.67    10.93    11.14    11.31    11.43    11.54    11.62    11.69    11.75    11.8    11.85    11.89    11.93    11.97    12    12.03    12.07    12.1    12.13    12.16    12.19    12.22    12.25    12.28    12.31    12.34    12.37    
ZR93    0.0008803    2.964    4.942    6.875    8.559    9.945    11.05    11.91    13.07    13.44    13.71    13.9    14.02    14.11    14.15    14.18    14.18    14.17    14.15    14.12    14.09    14.05    14.01    13.96    13.92    13.87    13.83    13.78    13.74    13.69    13.64    13.6    13.55    13.51    13.46    13.41    
ZR94    0.001454    3.357    5.599    7.829    9.797    11.45    12.8    13.88    15.45    16.01    16.45    16.81    17.11    17.36    17.57    17.75    17.91    18.06    18.19    18.32    18.44    18.55    18.66    18.77    18.88    18.98    19.08    19.19    19.29    19.39    19.49    19.59    19.69    19.79    19.89    19.99    
ZR95    0.001633    2.635    2.276    2.139    1.91    1.625    1.337    1.076    0.7243    0.5355    0.4069    0.3121    0.2404    0.1859    0.1447    0.1136    0.0904    0.07311    0.06033    0.05092    0.04403    0.03902    0.03538    0.03276    0.03086    0.02949    0.0285    0.02778    0.02725    0.02686    0.02656    0.02633    0.02615    0.02598    0.02581    0.02563    
NB95    1.77e-05    0.7185    1.17    1.139    1.045    0.9095    0.7606    0.619    0.4333    0.3207    0.2412    0.1841    0.1415    0.1092    0.0848    0.06634    0.05249    0.04216    0.03449    0.02884    0.02469    0.02166    0.01946    0.01786    0.01671    0.01587    0.01527    0.01483    0.0145    0.01425    0.01406    0.01391    0.01378    0.01367    0.01356    0.01345    
MO95    2.647e-07    0.437    2.817    5.377    7.729    9.76    11.41    12.7    14.21    14.7    14.97    15.08    15.07    14.97    14.82    14.62    14.39    14.13    13.86    13.59    13.31    13.03    12.75    12.47    12.2    11.93    11.66    11.41    11.15    10.91    10.66    10.43    10.2    9.974    9.755    9.541    
ZR96    0.001755    4.023    6.7    9.37    11.73    13.7    15.31    16.59    18.38    18.99    19.46    19.82    20.1    20.31    20.47    20.6    20.7    20.78    20.84    20.9    20.94    20.98    21.02    21.05    21.08    21.11    21.14    21.17    21.19    21.22    21.25    21.27    21.3    21.32    21.34    21.37    
MO96    6.082e-07    0.006376    0.05713    0.1743    0.3539    0.5884    0.8681    1.183    1.881    2.251    2.63    3.011    3.392    3.77    4.144    4.512    4.873    5.227    5.574    5.913    6.243    6.566    6.88    7.187    7.486    7.777    8.061    8.337    8.606    8.868    9.123    9.371    9.613    9.849    10.08    10.3    
MO97    0.001044    4.338    7.284    10.17    12.7    14.81    16.51    17.85    19.68    20.29    20.73    21.07    21.3    21.47    21.59    21.67    21.72    21.75    21.76    21.77    21.76    21.75    21.74    21.72    21.7    21.68    21.66    21.64    21.62    21.61    21.59    21.57    21.55    21.53    21.51    21.5    
MO98    0.002045    4.693    7.835    10.99    13.79    16.15    18.09    19.66    21.91    22.7    23.33    23.83    24.23    24.56    24.83    25.05    25.25    25.42    25.57    25.71    25.84    25.96    26.08    26.2    26.31    26.42    26.53    26.64    26.74    26.85    26.95    27.06    27.16    27.27    27.37    27.47    
MO99    0.001692    0.3182    0.1376    0.1263    0.1088    0.09047    0.07352    0.05879    0.03634    0.02835    0.02201    0.01708    0.01329    0.01039    0.008197    0.006549    0.005319    0.004406    0.003733    0.003239    0.00288    0.00262    0.002433    0.002299    0.002205    0.002138    0.002093    0.002062    0.002042    0.002031    0.002026    0.002026    0.002028    0.002033    0.002037    0.002039    
TC99    0.0004182    4.704    7.974    10.94    13.43    15.36    16.77    17.72    18.55    18.58    18.43    18.14    17.76    17.31    16.81    16.29    15.76    15.22    14.68    14.15    13.64    13.13    12.65    12.18    11.72    11.29    10.87    10.46    10.08    9.707    9.352    9.011    8.684    8.371    8.071    7.783    
MO100    0.002478    5.675    9.452    13.22    16.56    19.35    21.63    23.45    25.99    26.86    27.52    28.02    28.41    28.71    28.93    29.11    29.24    29.35    29.44    29.51    29.57    29.62    29.66    29.7    29.74    29.77    29.81    29.84    29.87    29.9    29.93    29.96    29.99    30.02    30.05    30.08    
RU100    2.552e-07    0.07554    0.3559    0.7673    1.294    1.911    2.595    3.324    4.846    5.611    6.368    7.108    7.827    8.522    9.191    9.832    10.44    11.03    11.58    12.11    12.61    13.09    13.54    13.96    14.36    14.74    15.1    15.44    15.75    16.05    16.33    16.59    16.84    17.06    17.28    17.48    
RU101    0.002125    4.9    8.141    11.38    14.24    16.63    18.56    20.08    22.13    22.79    23.27    23.61    23.84    23.99    24.08    24.13    24.15    24.14    24.12    24.09    24.06    24.02    23.98    23.94    23.9    23.87    23.83    23.8    23.77    23.74    23.71    23.69    23.67    23.65    23.63    23.61    
RU102    0.00219    5.052    8.481    11.97    15.12    17.83    20.1    21.97    24.73    25.73    26.55    27.22    27.77    28.24    28.64    28.98    29.29    29.58    29.83    30.08    30.31    30.53    30.75    30.96    31.17    31.37    31.57    31.77    31.97    32.17    32.36    32.56    32.75    32.94    33.14    33.33    
RU103    0.002512    3.332    2.263    2.082    1.838    1.551    1.272    1.024    0.6836    0.5107    0.3979    0.3128    0.2476    0.198    0.1604    0.1323    0.1113    0.09581    0.08446    0.07621    0.07027    0.06604    0.06307    0.06101    0.05961    0.05869    0.0581    0.05775    0.05758    0.05752    0.05754    0.05762    0.05774    0.05786    0.05798    0.05807    
RH103    4.383e-05    2.321    5.961    7.999    9.212    9.694    9.6    9.103    7.473    6.601    5.718    4.893    4.149    3.494    2.93    2.45    2.048    1.716    1.443    1.221    1.042    0.8981    0.7839    0.6936    0.6225    0.5669    0.5237    0.4903    0.4646    0.4449    0.4299    0.4186    0.4101    0.4037    0.399    0.3955    
RU104    0.002206    5.109    8.572    12.08    15.25    17.96    20.2    22.01    24.58    25.46    26.14    26.66    27.05    27.35    27.57    27.74    27.87    27.97    28.04    28.1    28.15    28.18    28.21    28.24    28.26    28.28    28.3    28.32    28.33    28.35    28.36    28.38    28.39    28.4    28.42    28.43    
PD104    9.491e-08    0.1913    1.514    3.559    6.05    8.766    11.52    14.18    18.84    20.81    22.53    23.99    25.23    26.28    27.14    27.86    28.45    28.94    29.34    29.67    29.95    30.18    30.37    30.53    30.67    30.79    30.9    31    31.09    31.17    31.25    31.32    31.39    31.46    31.53    31.59    
PD105    0.0005541    3.103    5.247    7.304    9.105    10.58    11.75    12.63    13.69    13.97    14.11    14.16    14.14    14.06    13.94    13.79    13.62    13.44    13.24    13.05    12.85    12.65    12.45    12.25    12.06    11.87    11.68    11.5    11.32    11.15    10.98    10.81    10.65    10.49    10.33    10.18    
RU106    0.001617    3.473    5.087    6.444    7.33    7.751    7.783    7.521    6.684    5.991    5.293    4.619    3.992    3.421    2.912    2.465    2.078    1.747    1.465    1.228    1.03    0.8655    0.7294    0.6174    0.5256    0.4506    0.3896    0.34    0.2999    0.2674    0.2412    0.2201    0.203    0.1892    0.178    0.1689    
PD106    0.000261    1.73    3.734    6.144    8.759    11.43    14.06    16.57    20.85    22.85    24.63    26.22    27.63    28.88    29.98    30.95    31.82    32.59    33.29    33.91    34.48    34.99    35.47    35.92    36.33    36.72    37.09    37.44    37.78    38.1    38.42    38.72    39.02    39.31    39.59    39.86    
PD107    0.001216    2.799    4.678    6.616    8.387    9.905    11.15    12.14    13.44    13.82    14.07    14.21    14.27    14.26    14.21    14.12    14    13.87    13.72    13.57    13.41    13.25    13.08    12.92    12.75    12.59    12.43    12.27    12.11    11.96    11.81    11.66    11.51    11.37    11.23    11.09    
PD108    0.0008556    1.967    3.32    4.743    6.072    7.242    8.232    9.043    10.19    10.57    10.86    11.06    11.2    11.28    11.33    11.35    11.35    11.33    11.3    11.25    11.2    11.14    11.08    11.01    10.95    10.87    10.8    10.73    10.65    10.58    10.5    10.43    10.35    10.27    10.19    10.11    
AG109    0.0003336    1.196    1.849    2.442    2.903    3.218    3.4    3.473    3.388    3.275    3.139    2.992    2.843    2.699    2.563    2.438    2.325    2.224    2.135    2.056    1.987    1.927    1.875    1.829    1.789    1.754    1.723    1.695    1.671    1.649    1.628    1.61    1.593    1.577    1.561    1.547    
PD110    0.000245    0.5634    0.9559    1.374    1.769    2.123    2.427    2.681    3.055    3.187    3.29    3.369    3.431    3.478    3.514    3.542    3.563    3.579    3.592    3.602    3.61    3.617    3.623    3.628    3.632    3.636    3.639    3.643    3.646    3.649    3.652    3.655    3.658    3.661    3.664    3.667    
AG110M    2.43e-08    0.003336    0.01252    0.02238    0.03194    0.04034    0.04708    0.052    0.05866    0.05823    0.05711    0.05546    0.05345    0.05124    0.04894    0.04666    0.04448    0.04242    0.04053    0.03882    0.03728    0.03591    0.0347    0.03363    0.03269    0.03187    0.03115    0.03051    0.02995    0.02945    0.02901    0.0286    0.02824    0.0279    0.02759    0.02731    
CD110    5.587e-07    0.08729    0.3849    0.8035    1.321    1.908    2.536    3.179    4.435    5.026    5.583    6.102    6.582    7.025    7.433    7.807    8.151    8.467    8.759    9.029    9.28    9.513    9.73    9.935    10.13    10.31    10.48    10.64    10.8    10.94    11.08    11.22    11.35    11.47    11.59    11.7    
CD111    9.576e-06    0.2333    0.4372    0.6305    0.8189    0.9938    1.152    1.294    1.534    1.638    1.734    1.825    1.913    1.998    2.081    2.164    2.246    2.329    2.412    2.495    2.579    2.663    2.747    2.831    2.915    3    3.083    3.167    3.25    3.333    3.416    3.497    3.578    3.658    3.738    3.816    
CD112    2.196e-05    0.1064    0.1936    0.2917    0.3931    0.4933    0.5899    0.6819    0.8526    0.9326    1.01    1.086    1.161    1.236    1.311    1.388    1.466    1.545    1.626    1.71    1.795    1.883    1.974    2.066    2.162    2.26    2.36    2.463    2.568    2.676    2.787    2.9    3.015    3.132    3.252    3.375    
CD113M    4.96e-07    0.001256    0.00221    0.003275    0.004357    0.005408    0.00641    0.007358    0.009136    0.009965    0.01078    0.01158    0.01239    0.01322    0.01406    0.01493    0.01582    0.01676    0.01773    0.01874    0.0198    0.0209    0.02205    0.02325    0.0245    0.02581    0.02717    0.02858    0.03005    0.03158    0.03316    0.03481    0.03652    0.03828    0.04012    0.04201    
CD114    2.984e-05    0.1209    0.2083    0.2994    0.3858    0.4632    0.5301    0.5863    0.6705    0.7012    0.726    0.746    0.7625    0.7761    0.7877    0.7977    0.8066    0.8148    0.8226    0.83    0.8374    0.8448    0.8523    0.86    0.8678    0.876    0.8845    0.8933    0.9024    0.9119    0.9218    0.9321    0.9428    0.9539    0.9654    0.9774    
CD116    1.494e-05    0.03429    0.05724    0.08025    0.1007    0.118    0.1321    0.1434    0.1593    0.1648    0.1689    0.1721    0.1746    0.1765    0.1779    0.179    0.1799    0.1806    0.1812    0.1816    0.182    0.1824    0.1827    0.183    0.1832    0.1835    0.1837    0.1839    0.1842    0.1844    0.1846    0.1848    0.185    0.1852    0.1855    0.1857    
SN116    2.023e-08    0.00767    0.02996    0.05451    0.07951    0.1033    0.1249    0.1437    0.1732    0.1843    0.1934    0.2009    0.207    0.2121    0.2163    0.2198    0.2228    0.2255    0.2278    0.23    0.2319    0.2338    0.2355    0.2372    0.2389    0.2405    0.2421    0.2437    0.2453    0.2469    0.2485    0.25    0.2516    0.2532    0.2548    0.2565    
SN117    1.365e-05    0.03444    0.0573    0.07984    0.09956    0.1159    0.129    0.1394    0.1535    0.1582    0.1616    0.1642    0.1661    0.1675    0.1684    0.1691    0.1696    0.1698    0.17    0.1701    0.1701    0.1701    0.1701    0.17    0.1699    0.1699    0.1698    0.1697    0.1696    0.1695    0.1694    0.1693    0.1692    0.1691    0.169    0.1689    
SN118    1.482e-05    0.03454    0.05762    0.08061    0.1009    0.118    0.1319    0.1431    0.1592    0.1648    0.1693    0.1729    0.1757    0.1781    0.1801    0.1818    0.1832    0.1845    0.1857    0.1868    0.1878    0.1888    0.1898    0.1907    0.1916    0.1925    0.1934    0.1942    0.1951    0.196    0.1968    0.1977    0.1985    0.1994    0.2002    0.2011    
SN119    1.527e-05    0.03521    0.0586    0.08177    0.1021    0.1189    0.1325    0.1432    0.1579    0.1627    0.1664    0.1691    0.171    0.1725    0.1735    0.1742    0.1746    0.1749    0.1751    0.1752    0.1752    0.1752    0.1751    0.175    0.1749    0.1748    0.1746    0.1745    0.1744    0.1742    0.1741    0.174    0.1738    0.1737    0.1735    0.1734    
SN120    1.574e-05    0.03609    0.06009    0.08391    0.1048    0.1223    0.1365    0.1479    0.164    0.1696    0.1741    0.1776    0.1804    0.1827    0.1846    0.1863    0.1876    0.1889    0.19    0.191    0.192    0.1929    0.1937    0.1946    0.1954    0.1963    0.1971    0.1979    0.1987    0.1995    0.2003    0.2011    0.2019    0.2027    0.2035    0.2043    
SB121    6.86e-06    0.03725    0.0621    0.0856    0.1055    0.1213    0.1334    0.1422    0.1525    0.155    0.1561    0.1563    0.1558    0.1548    0.1533    0.1516    0.1497    0.1476    0.1455    0.1433    0.1411    0.1389    0.1367    0.1345    0.1324    0.1302    0.1281    0.1261    0.124    0.1221    0.1201    0.1182    0.1163    0.1144    0.1126    0.1108    
SN122    1.744e-05    0.03993    0.06627    0.09218    0.1147    0.1333    0.1481    0.1599    0.176    0.1815    0.1856    0.1888    0.1913    0.1932    0.1946    0.1958    0.1967    0.1974    0.1981    0.1986    0.199    0.1994    0.1998    0.2002    0.2005    0.2008    0.2011    0.2014    0.2017    0.202    0.2023    0.2026    0.2029    0.2032    0.2035    0.2037    
TE122    3.227e-10    0.0002466    0.001163    0.002522    0.004273    0.006337    0.008639    0.01111    0.01635    0.01903    0.02173    0.0244    0.02705    0.02965    0.0322    0.0347    0.03713    0.0395    0.04181    0.04406    0.04624    0.04836    0.05042    0.05241    0.05434    0.05621    0.05803    0.05978    0.06148    0.06312    0.06472    0.06625    0.06774    0.06918    0.07056    0.0719    
SB123    1.564e-05    0.0379    0.06696    0.09581    0.1212    0.1422    0.1588    0.1716    0.1875    0.1923    0.1954    0.1972    0.198    0.198    0.1974    0.1965    0.1953    0.1938    0.1922    0.1905    0.1887    0.1869    0.1851    0.1833    0.1814    0.1796    0.1778    0.176    0.1742    0.1724    0.1707    0.169    0.1672    0.1656    0.1639    0.1622    
SN124    2.599e-05    0.05944    0.09839    0.1364    0.169    0.1956    0.2166    0.233    0.2553    0.2625    0.268    0.2722    0.2752    0.2775    0.2792    0.2805    0.2815    0.2822    0.2828    0.2832    0.2835    0.2838    0.2841    0.2843    0.2844    0.2846    0.2848    0.2849    0.285    0.2852    0.2853    0.2854    0.2856    0.2857    0.2858    0.2859    
TE124    4.591e-09    7.854e-05    0.0004957    0.00129    0.00244    0.003909    0.005648    0.007606    0.01188    0.01432    0.01676    0.01924    0.02174    0.02426    0.02678    0.02931    0.03182    0.03432    0.03681    0.03928    0.04173    0.04415    0.04656    0.04894    0.05129    0.05362    0.05593    0.05821    0.06047    0.0627    0.0649    0.06708    0.06924    0.07137    0.07347    0.07554    
SB125    3.623e-05    0.1239    0.205    0.2701    0.3173    0.347    0.362    0.3659    0.3559    0.3415    0.3248    0.3068    0.2883    0.2698    0.2518    0.2344    0.2179    0.2023    0.1876    0.174    0.1613    0.1495    0.1386    0.1286    0.1193    0.1108    0.103    0.09577    0.08914    0.08305    0.07745    0.07231    0.06759    0.06325    0.05926    0.05559    
TE125    1.941e-08    0.0026    0.01461    0.03277    0.05578    0.08217    0.1106    0.1399    0.1934    0.2216    0.2484    0.2739    0.2978    0.3201    0.3409    0.3602    0.378    0.3945    0.4097    0.4237    0.4366    0.4484    0.4593    0.4693    0.4785    0.487    0.4947    0.5019    0.5084    0.5144    0.52    0.5251    0.5298    0.5341    0.538    0.5417    
SN126    8.966e-05    0.205    0.3386    0.4677    0.5775    0.6658    0.7351    0.7885    0.8602    0.8836    0.9012    0.9144    0.9244    0.9319    0.9376    0.9419    0.9453    0.948    0.9501    0.9519    0.9534    0.9547    0.9558    0.9569    0.958    0.9589    0.9599    0.9608    0.9617    0.9626    0.9635    0.9644    0.9653    0.9662    0.967    0.9679    
TE126    1.269e-06    0.005448    0.01048    0.0151    0.0193    0.02301    0.02627    0.02918    0.03431    0.03662    0.03882    0.04094    0.04301    0.04505    0.04705    0.04903    0.051    0.05296    0.05491    0.05685    0.05878    0.06072    0.06264    0.06457    0.06649    0.06841    0.07032    0.07224    0.07414    0.07605    0.07795    0.07985    0.08175    0.08364    0.08553    0.08742    
I127    1.858e-05    0.4337    0.789    1.107    1.378    1.594    1.759    1.88    2.022    2.058    2.078    2.084    2.081    2.071    2.056    2.037    2.015    1.992    1.968    1.942    1.917    1.891    1.865    1.84    1.815    1.79    1.765    1.74    1.716    1.693    1.669    1.647    1.624    1.602    1.58    1.558    
TE128    0.0003669    0.8835    1.463    2.024    2.502    2.889    3.194    3.43    3.75    3.856    3.936    3.997    4.044    4.08    4.108    4.129    4.147    4.161    4.173    4.184    4.193    4.201    4.208    4.216    4.222    4.229    4.236    4.242    4.248    4.254    4.26    4.266    4.272    4.278    4.284    4.29    
XE128    5.08e-08    0.002579    0.01251    0.02751    0.047    0.07013    0.09605    0.124    0.1836    0.2144    0.2454    0.2765    0.3073    0.3379    0.3681    0.3979    0.4272    0.4559    0.4841    0.5118    0.5389    0.5655    0.5915    0.6169    0.6418    0.6662    0.6901    0.7134    0.7362    0.7585    0.7804    0.8017    0.8226    0.843    0.8629    0.8824    
I129    0.0005265    1.422    2.396    3.249    3.92    4.398    4.707    4.877    4.922    4.846    4.726    4.578    4.412    4.234    4.052    3.868    3.686    3.509    3.337    3.171    3.012    2.861    2.716    2.58    2.45    2.327    2.21    2.1    1.996    1.898    1.805    1.717    1.634    1.555    1.481    1.411    
TE130    0.001144    2.632    4.368    6.077    7.563    8.788    9.771    10.54    11.61    11.97    12.24    12.45    12.6    12.72    12.82    12.89    12.94    12.98    13.02    13.05    13.07    13.1    13.11    13.13    13.15    13.16    13.18    13.19    13.21    13.22    13.24    13.25    13.26    13.28    13.29    13.3    
XE130    1.902e-06    0.03576    0.1504    0.3165    0.5246    0.7631    1.021    1.29    1.835    2.1    2.358    2.606    2.842    3.066    3.278    3.477    3.664    3.839    4.002    4.154    4.296    4.427    4.549    4.662    4.766    4.861    4.95    5.031    5.105    5.173    5.235    5.291    5.341    5.387    5.428    5.465    
I131    0.001424    0.7601    0.3252    0.2949    0.2508    0.2059    0.1655    0.131    0.07964    0.06174    0.04761    0.0367    0.02834    0.022    0.01723    0.01365    0.01099    0.009022    0.007576    0.006521    0.005755    0.005202    0.004806    0.004525    0.004326    0.004188    0.004092    0.004029    0.003989    0.003966    0.003957    0.003958    0.003965    0.003976    0.003985    0.003988    
XE131    0.0001224    3.453    5.864    7.501    8.592    9.153    9.28    9.082    8.086    7.441    6.765    6.093    5.446    4.841    4.286    3.783    3.334    2.937    2.588    2.284    2.021    1.794    1.599    1.432    1.29    1.17    1.067    0.9807    0.9076    0.8459    0.794    0.7504    0.7137    0.683    0.6571    0.6354    
TE132    0.001966    0.4227    0.1828    0.1667    0.1425    0.1174    0.09467    0.07513    0.04554    0.03544    0.02728    0.02096    0.01612    0.01243    0.00965    0.007564    0.00601    0.004859    0.004012    0.003392    0.002942    0.002616    0.002382    0.002215    0.002097    0.002013    0.001956    0.001917    0.001891    0.001876    0.001869    0.001868    0.001871    0.001875    0.001878    0.001879    
XE132    0.000489    5.704    10.64    15.64    20.41    24.78    28.66    32.06    37.55    39.73    41.59    43.17    44.52    45.67    46.65    47.49    48.2    48.82    49.35    49.81    50.21    50.56    50.87    51.14    51.38    51.6    51.8    51.98    52.15    52.3    52.45    52.58    52.71    52.84    52.96    53.07    
XE133    0.001383    0.9115    0.3935    0.3605    0.3099    0.2571    0.2087    0.1667    0.1031    0.08063    0.06279    0.04894    0.03829    0.03018    0.02406    0.01946    0.01603    0.0135    0.01163    0.01026    0.00927    0.008554    0.008041    0.007676    0.007419    0.007239    0.007116    0.007034    0.006983    0.006954    0.006943    0.006944    0.006953    0.006966    0.006978    0.006984    
CS133    0.0001542    6.784    11.93    16.19    19.65    22.21    23.95    24.98    25.43    25.1    24.52    23.76    22.89    21.95    20.97    19.98    19    18.04    17.11    16.21    15.35    14.54    13.76    13.03    12.34    11.68    11.07    10.49    9.947    9.435    8.954    8.501    8.076    7.677    7.302    6.949    
XE134    0.003443    8.223    13.76    19.35    24.37    28.65    32.17    35.02    39.07    40.46    41.53    42.35    42.99    43.47    43.85    44.14    44.36    44.54    44.69    44.81    44.91    44.99    45.07    45.14    45.2    45.26    45.32    45.37    45.42    45.48    45.53    45.58    45.63    45.68    45.73    45.77    
CS134    2.716e-07    0.1455    0.6332    1.205    1.802    2.369    2.868    3.281    3.876    4.007    4.071    4.079    4.04    3.964    3.86    3.737    3.599    3.453    3.302    3.15    2.999    2.851    2.707    2.568    2.435    2.308    2.188    2.073    1.965    1.863    1.766    1.675    1.589    1.509    1.433    1.361    
BA134    2.759e-10    0.003625    0.04128    0.1363    0.2949    0.5169    0.797    1.126    1.833    2.254    2.685    3.119    3.549    3.971    4.381    4.778    5.158    5.522    5.867    6.195    6.504    6.795    7.07    7.327    7.569    7.795    8.007    8.205    8.389    8.562    8.722    8.872    9.011    9.141    9.261    9.373    
CS135    0.000138    0.3662    0.7481    1.239    1.852    2.575    3.394    4.29    6.243    7.261    8.275    9.272    10.24    11.18    12.07    12.91    13.7    14.44    15.13    15.77    16.36    16.9    17.39    17.84    18.24    18.6    18.93    19.21    19.47    19.69    19.88    20.05    20.19    20.3    20.4    20.47    
BA135    2.43e-09    1.114e-05    0.000106    0.0005137    0.001507    0.003365    0.006349    0.01068    0.02379    0.0328    0.04361    0.05622    0.07061    0.08671    0.1045    0.1238    0.1446    0.1668    0.1904    0.2151    0.2409    0.2677    0.2954    0.3239    0.3532    0.3831    0.4137    0.4447    0.4762    0.5081    0.5403    0.5727    0.6054    0.6383    0.6713    0.7043    
XE136    0.006303    15.38    25.68    36.07    45.36    53.23    59.7    64.92    72.32    74.86    76.82    78.34    79.51    80.41    81.11    81.66    82.09    82.44    82.73    82.97    83.18    83.36    83.52    83.67    83.82    83.95    84.08    84.21    84.34    84.46    84.58    84.7    84.82    84.94    85.06    85.17    
CS136    4.967e-05    0.03335    0.01685    0.01642    0.01557    0.01518    0.01546    0.01641    0.02043    0.02201    0.0244    0.02687    0.02937    0.03184    0.03424    0.03656    0.03876    0.04083    0.04278    0.04459    0.04626    0.0478    0.04921    0.0505    0.05166    0.05271    0.05364    0.05448    0.05522    0.05587    0.05643    0.05691    0.05732    0.05766    0.05794    0.05815    
BA136    2.781e-06    0.08836    0.1905    0.279    0.3637    0.445    0.5258    0.61    0.8038    0.9151    1.038    1.174    1.323    1.486    1.662    1.85    2.05    2.262    2.485    2.718    2.96    3.211    3.47    3.737    4.01    4.289    4.574    4.863    5.157    5.455    5.757    6.061    6.368    6.677    6.988    7.3    
CS137    0.003201    7.327    12.17    17.01    21.28    24.84    27.7    29.95    33.01    33.96    34.63    35.09    35.38    35.55    35.62    35.62    35.57    35.47    35.35    35.21    35.06    34.89    34.72    34.54    34.36    34.18    34    33.82    33.63    33.45    33.27    33.09    32.91    32.73    32.56    32.38    
BA137    1.696e-06    0.02041    0.0928    0.2018    0.3446    0.5161    0.7108    0.9236    1.347    1.591    1.839    2.09    2.342    2.594    2.846    3.096    3.344    3.59    3.834    4.075    4.314    4.549    4.782    5.012    5.24    5.464    5.686    5.905    6.121    6.334    6.545    6.753    6.959    7.162    7.362    7.56    
BA138    0.002798    6.505    10.88    15.32    19.3    22.7    25.51    27.79    31.04    32.16    33.03    33.7    34.23    34.64    34.96    35.22    35.42    35.59    35.74    35.86    35.97    36.08    36.17    36.27    36.35    36.44    36.53    36.62    36.7    36.79    36.88    36.97    37.06    37.15    37.24    37.34    
LA139    0.002704    6.36    10.56    14.76    18.46    21.55    24.02    25.94    28.44    29.18    29.66    29.96    30.09    30.12    30.06    29.93    29.75    29.55    29.31    29.06    28.8    28.53    28.26    27.98    27.71    27.43    27.16    26.89    26.62    26.35    26.09    25.83    25.57    25.31    25.06    24.81    
BA140    0.002608    1.689    0.8135    0.7685    0.6717    0.5633    0.4604    0.3696    0.2205    0.1784    0.1381    0.1065    0.08218    0.06354    0.04938    0.03872    0.03074    0.0248    0.02041    0.01718    0.01482    0.0131    0.01185    0.01095    0.01031    0.009847    0.009517    0.009283    0.009118    0.009004    0.008929    0.00888    0.008848    0.008825    0.008799    0.008763    
LA140    0.0001163    0.2243    0.1103    0.1057    0.09408    0.08076    0.06799    0.05664    0.03781    0.03251    0.02736    0.02331    0.02015    0.01771    0.01583    0.01439    0.01329    0.01244    0.01179    0.01129    0.0109    0.01059    0.01034    0.01014    0.009968    0.009822    0.009694    0.009579    0.009473    0.009376    0.009284    0.009196    0.009112    0.009029    0.008947    0.008865    
CE140    3.983e-05    4.668    10.11    14.7    18.93    22.63    25.76    28.38    32.4    33.87    35.1    36.14    37.02    37.79    38.46    39.06    39.61    40.12    40.59    41.04    41.48    41.89    42.3    42.69    43.08    43.46    43.83    44.2    44.56    44.92    45.28    45.63    45.97    46.31    46.65    46.99    
CE141    0.00242    3.164    1.96    1.809    1.59    1.335    1.09    0.8749    0.572    0.4281    0.3324    0.2592    0.2029    0.16    0.1276    0.1032    0.085    0.07153    0.06162    0.05438    0.04913    0.04535    0.04266    0.04075    0.03942    0.0385    0.03788    0.03746    0.0372    0.03704    0.03696    0.03694    0.03694    0.03696    0.03697    0.03695    
PR141    5.204e-05    2.941    8.091    12.1    15.64    18.57    20.88    22.64    24.77    25.37    25.7    25.83    25.81    25.69    25.49    25.22    24.92    24.58    24.23    23.87    23.5    23.12    22.75    22.38    22.01    21.65    21.3    20.95    20.6    20.27    19.94    19.61    19.29    18.98    18.68    18.38    
CE142    0.002448    5.853    9.806    13.75    17.25    20.2    22.6    24.53    27.22    28.13    28.82    29.35    29.74    30.04    30.26    30.43    30.55    30.64    30.71    30.77    30.8    30.83    30.86    30.88    30.89    30.9    30.91    30.92    30.93    30.94    30.95    30.95    30.96    30.97    30.97    30.98    
ND142    2.989e-09    0.01754    0.1413    0.3497    0.63    0.9691    1.353    1.768    2.646    3.095    3.541    3.98    4.409    4.825    5.228    5.615    5.987    6.342    6.682    7.005    7.313    7.605    7.882    8.144    8.393    8.627    8.848    9.057    9.252    9.436    9.609    9.77    9.921    10.06    10.19    10.31    
PR143    0.0007957    1.443    0.698    0.6577    0.5736    0.4804    0.3927    0.3158    0.1919    0.1557    0.1222    0.09601    0.07585    0.06044    0.04876    0.03997    0.03339    0.0285    0.02488    0.02222    0.02028    0.01886    0.01783    0.01709    0.01656    0.01617    0.0159    0.0157    0.01556    0.01547    0.0154    0.01536    0.01533    0.01531    0.01528    0.01525    
ND143    3.279e-05    3.231    5.448    6.353    6.666    6.495    6.012    5.366    3.979    3.346    2.795    2.327    1.94    1.626    1.378    1.184    1.037    0.9255    0.844    0.7858    0.7455    0.719    0.703    0.6947    0.6921    0.6936    0.6979    0.7041    0.7116    0.7197    0.7282    0.7368    0.7453    0.7535    0.7613    0.7686    
CE144    0.001952    4.108    5.744    6.982    7.625    7.742    7.469    6.94    5.764    4.969    4.225    3.553    2.961    2.449    2.013    1.648    1.346    1.098    0.8966    0.7339    0.6036    0.4998    0.4176    0.3529    0.3021    0.2623    0.2314    0.2073    0.1886    0.174    0.1628    0.154    0.1471    0.1417    0.1374    0.1338    
ND144    5.833e-06    0.9415    4.548    9.095    14.16    19.32    24.27    28.82    36.21    39.23    41.74    43.8    45.48    46.83    47.91    48.76    49.44    49.98    50.41    50.75    51.03    51.25    51.44    51.6    51.74    51.87    51.98    52.09    52.2    52.3    52.41    52.51    52.61    52.72    52.83    52.94    
ND145    0.001396    3.543    5.704    7.751    9.437    10.71    11.61    12.19    12.61    12.56    12.39    12.14    11.84    11.51    11.15    10.79    10.43    10.07    9.728    9.398    9.083    8.785    8.503    8.237    7.988    7.753    7.534    7.329    7.137    6.958    6.791    6.636    6.49    6.355    6.229    6.111    
ND146    0.001301    3.104    5.441    7.941    10.35    12.59    14.62    16.46    19.58    20.92    22.13    23.23    24.24    25.18    26.05    26.86    27.62    28.34    29.02    29.66    30.28    30.87    31.43    31.97    32.49    33    33.48    33.95    34.4    34.84    35.26    35.67    36.08    36.47    36.85    37.22    
ND147    0.001012    0.5795    0.2756    0.2611    0.2296    0.1941    0.1603    0.1304    0.0812    0.06735    0.05408    0.04375    0.03581    0.02979    0.02527    0.02191    0.01944    0.01766    0.01639    0.0155    0.0149    0.01451    0.01427    0.01414    0.01409    0.0141    0.01415    0.01422    0.01431    0.01442    0.01453    0.01465    0.01478    0.0149    0.01502    0.01513    
PM147    6.435e-05    1.574    2.31    2.568    2.597    2.45    2.203    1.914    1.361    1.114    0.9077    0.737    0.599    0.4894    0.4036    0.3374    0.2869    0.2488    0.2205    0.1997    0.1847    0.174    0.1666    0.1617    0.1585    0.1567    0.1558    0.1556    0.1558    0.1564    0.1572    0.1581    0.1591    0.1602    0.1613    0.1623    
SM147    3.531e-08    0.03718    0.1996    0.3753    0.543    0.6867    0.7977    0.8737    0.9172    0.912    0.8888    0.8528    0.8084    0.7589    0.7072    0.6553    0.6046    0.5562    0.5106    0.4684    0.4296    0.3943    0.3623    0.3335    0.3078    0.2848    0.2644    0.2463    0.2303    0.2162    0.2039    0.193    0.1834    0.1751    0.1678    0.1614    
ND148    0.0008949    2.078    3.471    4.877    6.136    7.202    8.075    8.772    9.739    10.06    10.29    10.46    10.58    10.67    10.72    10.75    10.77    10.77    10.76    10.75    10.73    10.71    10.69    10.66    10.64    10.61    10.58    10.55    10.52    10.5    10.47    10.44    10.41    10.38    10.35    10.32    
PM148    1.576e-07    0.03116    0.04645    0.05175    0.0524    0.04951    0.04455    0.03873    0.02737    0.02257    0.01839    0.01493    0.01214    0.009914    0.008175    0.006831    0.005806    0.005034    0.00446    0.004038    0.003732    0.003516    0.003366    0.003265    0.003201    0.003163    0.003144    0.00314    0.003144    0.003156    0.003172    0.003191    0.003211    0.003233    0.003254    0.003275    
SM148    1.322e-08    0.1364    0.7246    1.441    2.217    2.991    3.722    4.385    5.487    5.919    6.284    6.59    6.846    7.061    7.241    7.392    7.519    7.627    7.72    7.8    7.869    7.93    7.984    8.032    8.075    8.115    8.151    8.184    8.215    8.244    8.272    8.298    8.323    8.347    8.37    8.393    
PM149    0.0004768    0.08676    0.04976    0.04942    0.04585    0.04068    0.035    0.02947    0.02004    0.01639    0.01334    0.0109    0.008961    0.007448    0.00628    0.005387    0.00471    0.004202    0.003824    0.003545    0.003342    0.003194    0.003089    0.003015    0.002963    0.002928    0.002906    0.002891    0.002884    0.00288    0.00288    0.002882    0.002885    0.002889    0.002893    0.002897    
ND150    0.0005325    1.22    2.04    2.873    3.624    4.265    4.794    5.221    5.821    6.023    6.176    6.291    6.375    6.437    6.481    6.511    6.532    6.545    6.553    6.557    6.558    6.556    6.554    6.55    6.545    6.54    6.534    6.528    6.522    6.515    6.509    6.502    6.496    6.489    6.483    6.476    
SM150    8.545e-05    1.543    2.818    3.965    4.893    5.553    5.952    6.123    5.978    5.719    5.395    5.035    4.659    4.285    3.924    3.583    3.267    2.979    2.718    2.485    2.278    2.095    1.934    1.794    1.672    1.566    1.474    1.395    1.327    1.269    1.218    1.175    1.138    1.107    1.08    1.057    
SM151    0.0001446    0.1012    0.06318    0.07062    0.07429    0.07522    0.07412    0.07153    0.06385    0.05934    0.05465    0.05004    0.04563    0.04149    0.03767    0.03418    0.03104    0.02823    0.02574    0.02354    0.02161    0.01992    0.01845    0.01718    0.01607    0.01512    0.0143    0.01359    0.01299    0.01247    0.01202    0.01164    0.01132    0.01104    0.0108    0.0106    
SM152    0.000347    1.51    2.274    2.892    3.334    3.598    3.71    3.702    3.449    3.252    3.031    2.8    2.568    2.344    2.131    1.932    1.75    1.584    1.435    1.302    1.184    1.08    0.9882    0.9083    0.8386    0.7781    0.7257    0.6803    0.6412    0.6075    0.5785    0.5535    0.5321    0.5138    0.498    0.4844    
SM153    0.0001478    0.03898    0.03632    0.04314    0.04737    0.04935    0.04954    0.04842    0.04365    0.04082    0.0377    0.03457    0.03152    0.02862    0.02591    0.02342    0.02115    0.01911    0.01728    0.01566    0.01423    0.01297    0.01187    0.01091    0.01007    0.009348    0.008721    0.00818    0.007713    0.007311    0.006966    0.006669    0.006415    0.006197    0.00601    0.005849    
EU153    5.685e-05    0.5571    1.129    1.628    2.025    2.306    2.474    2.545    2.47    2.364    2.23    2.079    1.922    1.763    1.609    1.463    1.327    1.201    1.086    0.9832    0.8909    0.8088    0.7363    0.6726    0.6168    0.568    0.5257    0.4889    0.457    0.4295    0.4058    0.3853    0.3677    0.3526    0.3396    0.3284    
SM154    0.0001546    0.3631    0.6167    0.8794    1.122    1.334    1.512    1.66    1.873    1.947    2.003    2.046    2.077    2.099    2.114    2.123    2.127    2.128    2.127    2.123    2.117    2.11    2.102    2.093    2.083    2.073    2.062    2.051    2.04    2.028    2.016    2.005    1.993    1.981    1.969    1.957    
EU154    3.151e-07    0.08623    0.2998    0.493    0.6555    0.7786    0.8604    0.9044    0.9026    0.8729    0.83    0.7789    0.7235    0.6665    0.6102    0.556    0.5049    0.4575    0.414    0.3746    0.3392    0.3077    0.2797    0.255    0.2334    0.2144    0.1979    0.1836    0.1711    0.1604    0.1511    0.143    0.1361    0.1302    0.1251    0.1207    
GD154    5.053e-11    0.0005173    0.0049    0.0138    0.02608    0.04047    0.05572    0.07073    0.09346    0.1042    0.1127    0.119    0.1233    0.1257    0.1264    0.1257    0.1237    0.1208    0.117    0.1127    0.108    0.1031    0.09795    0.0928    0.08769    0.08269    0.07786    0.07322    0.0688    0.06463    0.06071    0.05705    0.05364    0.05049    0.04757    0.04489    
EU155    9.025e-05    0.07686    0.1168    0.1817    0.2352    0.2754    0.3018    0.3156    0.315    0.3026    0.2875    0.2698    0.2506    0.231    0.2117    0.1931    0.1756    0.1594    0.1445    0.131    0.1189    0.1081    0.09855    0.0901    0.08268    0.07619    0.07053    0.06561    0.06133    0.05764    0.05444    0.05168    0.0493    0.04725    0.04549    0.04397    
EU156    4.989e-05    0.1057    0.1304    0.1995    0.2562    0.2986    0.3264    0.3409    0.3391    0.3263    0.31    0.2908    0.2702    0.249    0.2281    0.2081    0.1892    0.1716    0.1556    0.141    0.1279    0.1163    0.1059    0.09676    0.08874    0.08171    0.07559    0.07026    0.06563    0.06163    0.05817    0.05518    0.0526    0.05038    0.04847    0.04682    
GD156    2.099e-06    0.2065    0.6987    1.465    2.524    3.807    5.245    6.772    10.29    11.77    13.17    14.48    15.68    16.77    17.76    18.64    19.43    20.12    20.72    21.25    21.71    22.11    22.45    22.74    22.98    23.19    23.37    23.52    23.64    23.74    23.82    23.89    23.94    23.98    24.01    24.03    
GD158    4.794e-05    0.1893    0.3719    0.6059    0.8811    1.185    1.508    1.841    2.621    2.956    3.285    3.605    3.915    4.216    4.508    4.79    5.062    5.327    5.583    5.831    6.073    6.309    6.538    6.762    6.981    7.196    7.407    7.614    7.817    8.017    8.214    8.409    8.6    8.79    8.976    9.161    
TB159    6.529e-06    0.02901    0.04962    0.07164    0.09318    0.1134    0.132    0.1491    0.1812    0.1963    0.2112    0.2262    0.2414    0.2569    0.2729    0.2895    0.3065    0.3241    0.3422    0.3608    0.3799    0.3993    0.4191    0.4392    0.4597    0.4803    0.5012    0.5222    0.5434    0.5647    0.5861    0.6075    0.629    0.6506    0.6721    0.6936    
GD160    6.154e-06    0.01416    0.02397    0.03435    0.04413    0.05283    0.06027    0.06644    0.07545    0.07858    0.081    0.08286    0.08426    0.08532    0.08611    0.08669    0.08711    0.08742    0.08764    0.0878    0.08791    0.08798    0.08803    0.08807    0.08809    0.0881    0.0881    0.0881    0.08809    0.08809    0.08808    0.08807    0.08806    0.08804    0.08803    0.08802    
DY160    2.76e-11    0.0001114    0.0008889    0.002284    0.004166    0.006439    0.009001    0.01176    0.0172    0.02033    0.02338    0.02643    0.02947    0.03252    0.03559    0.03868    0.04182    0.04501    0.04825    0.05157    0.05495    0.05841    0.06195    0.06556    0.06925    0.073    0.07683    0.08072    0.08467    0.08868    0.09273    0.09683    0.101    0.1052    0.1094    0.1136    
DY161    3.134e-07    0.005055    0.006354    0.007266    0.007991    0.008532    0.00897    0.009378    0.01038    0.01088    0.01146    0.01214    0.0129    0.01374    0.01464    0.01559    0.0166    0.01766    0.01876    0.01991    0.02109    0.02231    0.02357    0.02486    0.02618    0.02752    0.02889    0.03029    0.0317    0.03313    0.03458    0.03604    0.03751    0.039    0.04049    0.04199    
DY162    1.532e-06    0.004582    0.009315    0.0131    0.01599    0.01807    0.01952    0.02054    0.02193    0.02263    0.02337    0.02422    0.02523    0.02641    0.02777    0.0293    0.03099    0.03283    0.0348    0.0369    0.03912    0.04143    0.04385    0.04636    0.04894    0.0516    0.05433    0.05712    0.05997    0.06287    0.06582    0.0688    0.07183    0.07488    0.07797    0.08108    
DY163    6.381e-07    0.001941    0.004931    0.008753    0.01279    0.01666    0.02015    0.02317    0.02786    0.02969    0.03131    0.03281    0.03427    0.03577    0.03737    0.03911    0.04103    0.04313    0.04544    0.04794    0.05065    0.05355    0.05664    0.0599    0.06333    0.06691    0.07065    0.07452    0.07852    0.08263    0.08685    0.09117    0.09558    0.1001    0.1046    0.1093    
HO165    1.216e-07    0.0007735    0.001985    0.003776    0.006235    0.009286    0.0128    0.01662    0.02486    0.02889    0.03277    0.03652    0.04015    0.04368    0.04713    0.05054    0.05396    0.05743    0.06099    0.06469    0.06855    0.0726    0.07687    0.08138    0.08613    0.09114    0.09641    0.102    0.1078    0.1138    0.1201    0.1267    0.1335    0.1406    0.1478    0.1553    
ER166    4.058e-09    0.0001747    0.0004475    0.0008816    0.001547    0.002505    0.003801    0.005461    0.01005    0.01279    0.01583    0.01914    0.02268    0.02642    0.03034    0.03442    0.03864    0.043    0.04751    0.05216    0.05697    0.06194    0.06709    0.07244    0.07801    0.0838    0.08985    0.09615    0.1027    0.1096    0.1168    0.1243    0.1321    0.1403    0.1488    0.1576    
