TIME    3   100   220   340   460   580   700   820   940   1060   1180   1300   1420   1540   1660   1780   1900   2020   2140   2260   2380   2500   2620   2740   2860   2980   3100   3220   3340   3460   3580   3700   3820   3940   4060   4180   
NEUT_PROD    28.5   437   446   353   256   179   124   86.5   61.2   44.4   33.5   26.6   22.2   19.6   18.1   17.3   17   16.9   17   17.1   17.3   17.5   17.6   17.7   17.8   17.8   17.7   17.6   17.5   17.3   17   16.8   16.5   16.2   15.8   15.4   
NEUT_DEST    400   501   429   338   260   200   156   125   103   87.4   76.2   68.1   62.1   57.6   54.1   51.4   49.2   47.4   45.9   44.6   43.4   42.3   41.4   40.4   39.6   38.8   38   37.2   36.4   35.7   35   34.3   33.7   33   32.4   31.7   
BUd    0.162    82.1    154    137    104    74.2    51.6    35.8    24.9    17.7    12.9    9.8    7.79    6.51    5.73    5.27    5.01    4.88    4.84    4.84    4.87    4.91    4.94    4.97    4.99    5    4.99    4.97    4.93    4.89    4.83    4.76    4.69    4.6    4.51    4.41    
HE4    1.443e-05    0.0009692    0.007088    0.02127    0.04136    0.06378    0.08579    0.106    0.124    0.1401    0.1547    0.1684    0.1815    0.1946    0.2078    0.2212    0.2351    0.2494    0.2642    0.2793    0.2948    0.3106    0.3266    0.3427    0.359    0.3752    0.3915    0.4076    0.4237    0.4395    0.4551    0.4705    0.4856    0.5004    0.5149    0.529    
U234    6.85e-12    1.469e-05    0.000361    0.001825    0.004881    0.009382    0.01477    0.02037    0.02562    0.03012    0.03366    0.0362    0.03777    0.03849    0.03849    0.03792    0.03691    0.03558    0.03403    0.03234    0.03059    0.02881    0.02705    0.02533    0.02368    0.0221    0.0206    0.01918    0.01785    0.01661    0.01545    0.01437    0.01337    0.01243    0.01157    0.01077    
U236    0.000851    0.02328    0.0422    0.05442    0.06217    0.06698    0.06985    0.07146    0.07226    0.07254    0.0725    0.07227    0.07192    0.07151    0.07105    0.07058    0.07009    0.06959    0.06908    0.06856    0.06803    0.06749    0.06694    0.06638    0.0658    0.06522    0.06462    0.06401    0.0634    0.06277    0.06214    0.0615    0.06085    0.0602    0.05954    0.05888    
PU238    2.065e-07    0.0314    0.3209    0.9274    1.639    2.238    2.609    2.741    2.674    2.472    2.194    1.886    1.582    1.301    1.053    0.8421    0.6668    0.5242    0.4101    0.3201    0.2499    0.1956    0.1541    0.1225    0.09862    0.08069    0.0673    0.05734    0.04995    0.04448    0.04043    0.03742    0.03517    0.03345    0.03213    0.03107    
PU239    2.02e-05    0.002213    0.03761    0.1552    0.3458    0.5571    0.7363    0.8527    0.8993    0.8854    0.8274    0.7424    0.6452    0.5465    0.4535    0.3702    0.2982    0.2378    0.1881    0.148    0.1161    0.09104    0.07156    0.05656    0.04509    0.03639    0.02981    0.02487    0.02118    0.01842    0.01637    0.01483    0.01368    0.01281    0.01215    0.01163    
PU240    987.9    666.8    444.6    296.5    197.8    132    88.3    59.21    39.89    27.07    18.56    12.93    9.214    6.762    5.153    4.104    3.426    2.994    2.723    2.558    2.46    2.405    2.375    2.36    2.352    2.346    2.339    2.329    2.315    2.296    2.273    2.245    2.212    2.176    2.136    2.093    
PU241    11.92    200.7    204.7    161.6    116.6    80.92    55.13    37.26    25.11    16.96    11.51    7.886    5.482    3.891    2.842    2.154    1.704    1.413    1.227    1.11    1.038    0.9944    0.9696    0.9559    0.9485    0.9443    0.9411    0.9377    0.9333    0.9273    0.9196    0.91    0.8987    0.8856    0.8709    0.8548    
PU242    0.04694    32.76    84.13    125.8    153.3    168.9    175.6    176.5    173.5    168.2    161.5    154    146.3    138.5    130.8    123.4    116.4    109.6    103.2    97.2    91.51    86.16    81.13    76.4    71.96    67.79    63.87    60.19    56.74    53.5    50.46    47.6    44.91    42.39    40.01    37.78    
PU243    8.779e-06    0.006126    0.01573    0.02353    0.02868    0.03158    0.03285    0.03302    0.03246    0.03146    0.0302    0.02881    0.02736    0.0259    0.02447    0.02309    0.02176    0.0205    0.01931    0.01818    0.01712    0.01612    0.01517    0.01429    0.01346    0.01268    0.01195    0.01126    0.01061    0.01001    0.009438    0.008903    0.008401    0.007928    0.007484    0.007067    
PU244    1.049e-08    0.0003184    0.001924    0.005027    0.009419    0.0148    0.02088    0.02742    0.03423    0.04116    0.04807    0.05489    0.06154    0.06797    0.07415    0.08006    0.08566    0.09097    0.09597    0.1007    0.1051    0.1092    0.113    0.1165    0.1198    0.1229    0.1257    0.1282    0.1306    0.1327    0.1347    0.1364    0.138    0.1395    0.1408    0.1419    
AM241    0.00235    1.197    2.383    2.576    2.223    1.718    1.251    0.8799    0.6068    0.4142    0.2816    0.1917    0.1313    0.09096    0.06417    0.04644    0.03477    0.02712    0.02215    0.01895    0.01693    0.01566    0.01489    0.01444    0.01418    0.01403    0.01394    0.01388    0.01382    0.01375    0.01366    0.01355    0.01341    0.01324    0.01305    0.01284    
AM243    2.671e-05    0.7482    4.065    9.495    15.89    22.31    28.16    33.14    37.14    40.16    42.27    43.6    44.24    44.33    43.96    43.22    42.21    40.99    39.61    38.14    36.59    35.01    33.43    31.85    30.3    28.78    27.31    25.89    24.52    23.22    21.97    20.77    19.64    18.57    17.54    16.58    
CM242    7.181e-06    0.2773    1.255    2.143    2.563    2.549    2.27    1.88    1.482    1.128    0.8369    0.6096    0.4383    0.3127    0.2222    0.1581    0.1132    0.08216    0.06085    0.04637    0.03661    0.0301    0.02579    0.02298    0.02117    0.02002    0.01929    0.01883    0.01853    0.01832    0.01815    0.018    0.01784    0.01766    0.01745    0.01722    
CM243    1.447e-09    0.001984    0.01647    0.03863    0.0566    0.06481    0.06393    0.05716    0.04775    0.03799    0.02917    0.02182    0.01601    0.01158    0.008309    0.005938    0.004248    0.00306    0.002235    0.001668    0.001281    0.00102    0.0008451    0.0007295    0.0006537    0.0006046    0.000573    0.0005528    0.0005397    0.0005309    0.0005245    0.0005192    0.0005142    0.000509    0.0005033    0.000497    
CM244    3.888e-08    0.04011    0.465    1.726    4.056    7.467    11.82    16.9    22.48    28.32    34.23    40.04    45.61    50.84    55.66    60.02    63.89    67.26    70.13    72.52    74.44    75.92    76.99    77.67    78    78.02    77.74    77.2    76.43    75.47    74.32    73.02    71.6    70.06    68.44    66.74    
CM245    1.423e-11    0.0003191    0.005389    0.02339    0.05983    0.116    0.1902    0.2788    0.3777    0.4826    0.5897    0.6959    0.7985    0.8954    0.9853    1.067    1.14    1.204    1.259    1.305    1.342    1.372    1.393    1.408    1.415    1.417    1.414    1.406    1.393    1.376    1.356    1.334    1.308    1.281    1.252    1.222    
CM246    3.588e-14    2.972e-05    0.00109    0.007606    0.02757    0.07061    0.1461    0.262    0.4241    0.6361    0.8999    1.215    1.581    1.993    2.45    2.946    3.477    4.038    4.625    5.233    5.857    6.494    7.138    7.786    8.436    9.083    9.724    10.36    10.98    11.59    12.19    12.78    13.34    13.89    14.42    14.94    
CM247    1.067e-18    3.076e-08    2.31e-06    2.451e-05    0.000119    0.0003807    0.0009405    0.001951    0.003571    0.005949    0.009217    0.01348    0.01881    0.02525    0.03282    0.04149    0.05125    0.06202    0.07374    0.08633    0.09968    0.1137    0.1283    0.1434    0.1589    0.1746    0.1906    0.2066    0.2227    0.2387    0.2546    0.2704    0.2859    0.3011    0.316    0.3306    
SE78    3.418e-06    0.00442    0.009207    0.01326    0.01639    0.01871    0.02043    0.02172    0.02273    0.02354    0.02422    0.02482    0.02536    0.02587    0.02635    0.02681    0.02727    0.02773    0.02818    0.02863    0.02908    0.02952    0.02997    0.03042    0.03086    0.0313    0.03174    0.03218    0.03261    0.03305    0.03347    0.0339    0.03432    0.03473    0.03514    0.03553    
SE79    8.246e-06    0.009834    0.02038    0.02913    0.03565    0.04026    0.04346    0.04568    0.04723    0.04835    0.04919    0.04984    0.05039    0.05087    0.05132    0.05174    0.05217    0.0526    0.05303    0.05348    0.05393    0.05439    0.05486    0.05533    0.05581    0.0563    0.05679    0.05727    0.05776    0.05825    0.05874    0.05922    0.05969    0.06016    0.06061    0.06105    
SE80    1.688e-05    0.02149    0.04346    0.06164    0.07532    0.08514    0.09213    0.09714    0.1008    0.1036    0.1059    0.1078    0.1095    0.1111    0.1126    0.1141    0.1156    0.1171    0.1187    0.1202    0.1218    0.1235    0.1251    0.1268    0.1284    0.1301    0.1318    0.1335    0.1352    0.1369    0.1386    0.1403    0.142    0.1437    0.1454    0.147    
BR81    3.025e-05    0.03609    0.07447    0.106    0.1291    0.145    0.1557    0.1627    0.1672    0.1701    0.1719    0.1731    0.1739    0.1744    0.1748    0.1751    0.1755    0.1758    0.1762    0.1766    0.177    0.1775    0.1779    0.1785    0.179    0.1796    0.1801    0.1807    0.1813    0.1818    0.1824    0.1829    0.1834    0.1839    0.1844    0.1848    
SE82    5.502e-05    0.05705    0.1255    0.1834    0.2268    0.2578    0.2794    0.2946    0.3053    0.3131    0.3189    0.3236    0.3274    0.3308    0.3339    0.3368    0.3397    0.3425    0.3454    0.3483    0.3512    0.3542    0.3572    0.3602    0.3633    0.3664    0.3695    0.3726    0.3757    0.3789    0.382    0.3851    0.3882    0.3912    0.3942    0.3972    
KR82    9.807e-09    0.0004585    0.001156    0.002132    0.003324    0.004638    0.005999    0.007358    0.008682    0.009951    0.01116    0.01229    0.01336    0.01436    0.01529    0.01617    0.01698    0.01774    0.01846    0.01912    0.01975    0.02033    0.02088    0.0214    0.02188    0.02234    0.02277    0.02317    0.02356    0.02392    0.02426    0.02458    0.02489    0.02518    0.02545    0.0257    
KR83    9.025e-05    0.08807    0.1726    0.2194    0.2321    0.2222    0.2004    0.174    0.1474    0.1229    0.1017    0.08381    0.06924    0.05761    0.04847    0.04142    0.03604    0.03201    0.02903    0.02686    0.02532    0.02424    0.02352    0.02305    0.02277    0.02262    0.02256    0.02256    0.0226    0.02266    0.02272    0.02277    0.02279    0.02279    0.02275    0.02267    
KR84    0.0001759    0.1787    0.4343    0.6776    0.8829    1.048    1.178    1.28    1.36    1.422    1.472    1.512    1.544    1.571    1.594    1.614    1.632    1.649    1.664    1.679    1.693    1.707    1.72    1.734    1.748    1.761    1.775    1.788    1.802    1.815    1.829    1.843    1.856    1.869    1.883    1.896    
KR85    3.586e-05    0.03899    0.08646    0.1256    0.1537    0.1723    0.1839    0.1907    0.1942    0.1956    0.1956    0.1947    0.1933    0.1916    0.1897    0.1877    0.1858    0.1839    0.182    0.1802    0.1785    0.1768    0.1752    0.1737    0.1722    0.1707    0.1694    0.168    0.1667    0.1655    0.1642    0.163    0.1618    0.1607    0.1595    0.1583    
RB85    0.0001331    0.144    0.3255    0.4808    0.5984    0.6833    0.7436    0.7868    0.8182    0.8418    0.8603    0.8754    0.8883    0.8999    0.9106    0.9209    0.9308    0.9406    0.9504    0.9602    0.97    0.9798    0.9897    0.9995    1.009    1.019    1.029    1.039    1.049    1.059    1.069    1.079    1.088    1.098    1.107    1.116    
KR86    0.0003114    0.293    0.6733    0.9985    1.243    1.417    1.538    1.622    1.68    1.722    1.753    1.777    1.796    1.812    1.827    1.84    1.853    1.865    1.878    1.89    1.903    1.916    1.928    1.941    1.954    1.968    1.981    1.994    2.007    2.021    2.034    2.047    2.06    2.073    2.086    2.098    
RB87    0.0003727    0.3613    0.8288    1.228    1.528    1.74    1.888    1.991    2.063    2.114    2.151    2.18    2.202    2.222    2.239    2.255    2.27    2.285    2.299    2.314    2.329    2.344    2.359    2.375    2.39    2.406    2.422    2.437    2.453    2.469    2.485    2.501    2.516    2.531    2.547    2.561    
SR88    0.0004669    0.4806    1.093    1.614    2.005    2.284    2.479    2.614    2.709    2.777    2.828    2.867    2.899    2.927    2.952    2.975    2.997    3.019    3.041    3.063    3.085    3.108    3.131    3.153    3.177    3.2    3.223    3.247    3.271    3.294    3.318    3.341    3.365    3.388    3.411    3.433    
SR89    0.0006007    0.3957    0.4908    0.4354    0.3369    0.2442    0.1718    0.1199    0.08413    0.06012    0.04423    0.03387    0.02721    0.02301    0.02045    0.01895    0.01815    0.01779    0.0177    0.01777    0.01793    0.01812    0.01833    0.01853    0.01871    0.01887    0.01901    0.01913    0.01921    0.01927    0.01927    0.01922    0.01912    0.01895    0.01872    0.01843    
Y89    8.304e-06    0.2013    0.8579    1.552    2.129    2.56    2.866    3.078    3.225    3.327    3.399    3.451    3.491    3.523    3.549    3.573    3.594    3.615    3.636    3.656    3.677    3.698    3.719    3.74    3.762    3.784    3.806    3.828    3.85    3.872    3.894    3.916    3.938    3.959    3.98    4.001    
SR90    0.0007793    0.7545    1.702    2.5    3.088    3.494    3.766    3.942    4.054    4.124    4.165    4.188    4.199    4.204    4.204    4.201    4.197    4.193    4.189    4.185    4.181    4.178    4.175    4.172    4.17    4.168    4.167    4.165    4.164    4.162    4.161    4.159    4.157    4.155    4.152    4.149    
ZR90    9.05e-09    0.001716    0.01151    0.02964    0.0545    0.08426    0.1174    0.1528    0.1896    0.2274    0.2658    0.3046    0.3436    0.3827    0.4219    0.4611    0.5003    0.5395    0.5787    0.6179    0.6571    0.6963    0.7356    0.7748    0.814    0.8533    0.8926    0.9319    0.9712    1.011    1.05    1.089    1.129    1.168    1.208    1.247    
Y91    0.0006515    0.6359    0.8448    0.7757    0.6132    0.4508    0.3205    0.2254    0.1593    0.1146    0.08489    0.06544    0.05288    0.04493    0.04002    0.03712    0.03552    0.03476    0.03451    0.03457    0.0348    0.03511    0.03545    0.03578    0.03608    0.03635    0.03659    0.03678    0.03693    0.03701    0.03701    0.03693    0.03674    0.03645    0.03606    0.03557    
ZR91    6.802e-06    0.2774    1.242    2.307    3.216    3.909    4.407    4.757    5    5.171    5.293    5.382    5.45    5.505    5.552    5.593    5.632    5.668    5.705    5.741    5.777    5.813    5.85    5.887    5.925    5.963    6.001    6.039    6.077    6.115    6.154    6.192    6.229    6.267    6.303    6.34    
ZR92    0.001066    1.159    2.656    3.933    4.894    5.579    6.058    6.393    6.629    6.8    6.928    7.028    7.11    7.181    7.245    7.305    7.363    7.42    7.477    7.535    7.592    7.651    7.71    7.769    7.829    7.89    7.95    8.011    8.072    8.134    8.195    8.256    8.316    8.376    8.436    8.494    
ZR93    0.001095    1.531    3.511    5.186    6.43    7.301    7.892    8.288    8.551    8.725    8.841    8.918    8.972    9.01    9.039    9.062    9.082    9.101    9.12    9.138    9.158    9.178    9.198    9.219    9.241    9.263    9.285    9.308    9.33    9.353    9.375    9.397    9.418    9.438    9.457    9.475    
ZR94    0.001764    1.702    3.891    5.771    7.197    8.226    8.957    9.481    9.863    10.15    10.38    10.56    10.72    10.86    10.99    11.12    11.25    11.37    11.49    11.62    11.74    11.87    11.99    12.12    12.25    12.37    12.5    12.63    12.76    12.89    13.02    13.15    13.28    13.41    13.53    13.66    
ZR95    0.002148    1.459    2.035    1.917    1.537    1.137    0.8093    0.5669    0.3969    0.2813    0.2041    0.1533    0.1203    0.09931    0.08621    0.07833    0.07385    0.07157    0.07065    0.07056    0.07095    0.07157    0.07229    0.07302    0.0737    0.07432    0.07485    0.07529    0.07562    0.07581    0.07583    0.07564    0.07524    0.0746    0.07372    0.07263    
NB95    2.294e-05    0.3677    0.9118    1.018    0.8823    0.6806    0.4949    0.3498    0.2452    0.1728    0.124    0.09159    0.07044    0.05685    0.04828    0.04304    0.03997    0.03832    0.03756    0.03735    0.03745    0.03773    0.03808    0.03845    0.03879    0.03909    0.03935    0.03955    0.03968    0.03975    0.03973    0.03961    0.03939    0.03906    0.03861    0.03805    
MO95    3.415e-07    0.2152    1.726    3.932    6.02    7.653    8.797    9.533    9.967    10.19    10.27    10.26    10.18    10.07    9.936    9.79    9.638    9.485    9.333    9.184    9.038    8.896    8.759    8.626    8.497    8.372    8.251    8.133    8.019    7.907    7.799    7.693    7.59    7.488    7.388    7.29    
ZR96    0.002446    2.265    5.245    7.795    9.71    11.07    12.01    12.66    13.12    13.44    13.67    13.85    13.99    14.1    14.21    14.3    14.39    14.48    14.56    14.65    14.73    14.82    14.91    15    15.09    15.18    15.27    15.36    15.45    15.55    15.64    15.73    15.82    15.91    15.99    16.08    
MO96    3.196e-06    0.007001    0.04293    0.1303    0.2716    0.4576    0.6757    0.915    1.167    1.425    1.686    1.946    2.204    2.459    2.71    2.957    3.199    3.437    3.67    3.899    4.123    4.344    4.56    4.772    4.98    5.185    5.385    5.583    5.777    5.967    6.154    6.338    6.519    6.697    6.872    7.044    
MO97    0.001421    2.423    5.65    8.389    10.43    11.87    12.85    13.51    13.96    14.27    14.48    14.63    14.74    14.82    14.89    14.96    15.01    15.07    15.12    15.17    15.23    15.29    15.35    15.41    15.47    15.53    15.59    15.65    15.72    15.78    15.85    15.91    15.97    16.04    16.1    16.16    
MO98    0.002952    2.713    6.315    9.413    11.75    13.43    14.61    15.44    16.03    16.47    16.8    17.06    17.28    17.47    17.64    17.81    17.97    18.12    18.27    18.43    18.58    18.74    18.9    19.06    19.22    19.38    19.54    19.7    19.86    20.02    20.19    20.35    20.51    20.67    20.83    20.98    
TC99    0.0006734    2.97    7.095    10.4    12.66    14.06    14.8    15.11    15.12    14.94    14.64    14.28    13.88    13.46    13.04    12.63    12.22    11.83    11.45    11.09    10.75    10.42    10.1    9.804    9.518    9.245    8.984    8.734    8.496    8.267    8.049    7.838    7.636    7.442    7.254    7.072    
MO100    0.003551    3.265    7.579    11.27    14.05    16.01    17.38    18.32    18.97    19.43    19.76    20.01    20.21    20.37    20.51    20.64    20.77    20.88    21    21.12    21.24    21.36    21.48    21.6    21.73    21.85    21.98    22.1    22.23    22.35    22.48    22.6    22.73    22.85    22.97    23.09    
RU100    2.343e-07    0.04488    0.2678    0.6518    1.152    1.726    2.34    2.971    3.603    4.225    4.831    5.418    5.983    6.526    7.046    7.543    8.019    8.473    8.907    9.321    9.717    10.09    10.46    10.8    11.13    11.44    11.74    12.03    12.3    12.56    12.81    13.05    13.27    13.49    13.7    13.89    
RU101    0.003477    3.128    7.332    10.91    13.55    15.38    16.61    17.42    17.94    18.27    18.48    18.61    18.7    18.75    18.78    18.81    18.83    18.86    18.88    18.91    18.94    18.98    19.02    19.06    19.11    19.16    19.21    19.27    19.32    19.38    19.44    19.51    19.57    19.63    19.69    19.75    
RU102    0.003758    3.347    7.939    11.92    14.95    17.14    18.7    19.82    20.64    21.25    21.73    22.12    22.45    22.75    23.03    23.29    23.54    23.79    24.03    24.28    24.52    24.77    25.01    25.26    25.51    25.76    26.01    26.26    26.51    26.76    27.01    27.26    27.51    27.76    28    28.24    
RU103    0.003617    2.003    2.363    2.03    1.543    1.109    0.7802    0.5476    0.3888    0.2824    0.2121    0.1662    0.1366    0.1179    0.1063    0.09955    0.09583    0.09409    0.09358    0.09382    0.09448    0.09534    0.0963    0.09725    0.09818    0.09904    0.09984    0.1006    0.1012    0.1016    0.1019    0.102    0.1019    0.1015    0.1009    0.1    
RH103    6.319e-05    1.27    4.503    6.965    8.14    8.278    7.767    6.932    5.988    5.063    4.223    3.496    2.887    2.388    1.988    1.671    1.423    1.231    1.085    0.9744    0.8915    0.8302    0.7854    0.7529    0.7299    0.7137    0.7026    0.6952    0.6904    0.6872    0.6852    0.6836    0.6821    0.6802    0.6777    0.6745    
RU104    0.004119    3.622    8.64    12.96    16.21    18.51    20.11    21.2    21.95    22.47    22.84    23.11    23.31    23.47    23.61    23.73    23.84    23.94    24.04    24.15    24.25    24.35    24.45    24.55    24.66    24.76    24.87    24.97    25.08    25.18    25.29    25.39    25.5    25.6    25.7    25.79    
PD104    1.341e-07    0.1017    0.9759    2.684    4.889    7.252    9.539    11.62    13.43    14.97    16.26    17.33    18.2    18.91    19.5    19.99    20.39    20.74    21.03    21.29    21.53    21.74    21.93    22.12    22.3    22.47    22.64    22.8    22.97    23.13    23.29    23.45    23.61    23.77    23.92    24.08    
PD105    0.001021    2.181    5.241    7.785    9.612    10.82    11.58    12.01    12.23    12.31    12.29    12.22    12.11    11.98    11.84    11.69    11.55    11.4    11.25    11.11    10.98    10.84    10.71    10.59    10.47    10.35    10.24    10.13    10.02    9.913    9.81    9.71    9.613    9.517    9.422    9.329    
RU106    0.003746    2.954    6.455    8.674    9.562    9.499    8.873    7.967    6.967    5.984    5.076    4.272    3.577    2.988    2.497    2.092    1.761    1.493    1.276    1.102    0.9636    0.8533    0.7658    0.6966    0.6421    0.5991    0.5652    0.5385    0.5174    0.5005    0.4869    0.4755    0.4658    0.457    0.4489    0.4409    
PD106    0.0004816    1.242    3.736    6.771    9.917    12.94    15.7    18.18    20.35    22.24    23.87    25.28    26.51    27.57    28.5    29.32    30.06    30.72    31.32    31.87    32.39    32.87    33.33    33.76    34.18    34.59    34.98    35.37    35.74    36.11    36.48    36.83    37.19    37.53    37.88    38.21    
PD107    0.003245    2.68    6.512    9.758    12.12    13.71    14.72    15.33    15.67    15.82    15.86    15.81    15.72    15.6    15.46    15.3    15.15    14.99    14.83    14.67    14.52    14.37    14.22    14.08    13.94    13.8    13.67    13.54    13.41    13.28    13.16    13.03    12.91    12.79    12.67    12.56    
PD108    0.002482    2.021    4.963    7.492    9.368    10.67    11.55    12.12    12.48    12.7    12.83    12.9    12.92    12.92    12.9    12.86    12.82    12.77    12.72    12.67    12.62    12.56    12.51    12.45    12.39    12.34    12.28    12.22    12.16    12.1    12.04    11.98    11.92    11.86    11.79    11.73    
AG109    0.0008688    1.125    2.577    3.616    4.183    4.392    4.369    4.213    3.991    3.746    3.503    3.276    3.071    2.891    2.736    2.603    2.49    2.395    2.315    2.248    2.192    2.145    2.105    2.072    2.043    2.018    1.997    1.978    1.961    1.945    1.931    1.918    1.905    1.893    1.88    1.868    
PD110    0.0007654    0.6182    1.529    2.319    2.912    3.332    3.622    3.82    3.956    4.049    4.114    4.16    4.194    4.221    4.242    4.259    4.275    4.289    4.303    4.316    4.329    4.342    4.355    4.368    4.382    4.395    4.408    4.421    4.435    4.448    4.461    4.474    4.487    4.5    4.512    4.524    
AG110M    6.321e-08    0.003039    0.01488    0.0306    0.04544    0.05692    0.06439    0.06824    0.06926    0.06826    0.06599    0.06302    0.05976    0.05647    0.05335    0.05048    0.04791    0.04565    0.04369    0.042    0.04057    0.03935    0.03832    0.03744    0.0367    0.03607    0.03553    0.03507    0.03466    0.03431    0.03399    0.03371    0.03344    0.0332    0.03297    0.03275    
CD110    1.455e-06    0.07944    0.4445    1.055    1.816    2.64    3.47    4.268    5.016    5.705    6.333    6.905    7.423    7.894    8.323    8.716    9.078    9.412    9.723    10.01    10.29    10.54    10.79    11.02    11.25    11.46    11.67    11.86    12.05    12.24    12.42    12.59    12.75    12.92    13.07    13.22    
CD111    3.22e-05    0.2738    0.7315    1.12    1.413    1.624    1.779    1.897    1.993    2.077    2.155    2.231    2.307    2.384    2.463    2.544    2.628    2.713    2.8    2.889    2.98    3.071    3.164    3.257    3.351    3.445    3.539    3.634    3.728    3.822    3.916    4.01    4.103    4.196    4.288    4.379    
CD112    7.699e-05    0.1291    0.3376    0.5353    0.7032    0.843    0.9615    1.065    1.159    1.247    1.331    1.414    1.496    1.58    1.664    1.751    1.84    1.931    2.024    2.121    2.22    2.321    2.426    2.534    2.644    2.758    2.874    2.993    3.115    3.24    3.368    3.498    3.632    3.767    3.906    4.047    
CD113M    1.614e-06    0.001431    0.003651    0.005718    0.007445    0.00887    0.01007    0.01114    0.01211    0.01305    0.01397    0.0149    0.01585    0.01683    0.01784    0.0189    0.02    0.02115    0.02236    0.02361    0.02492    0.02628    0.0277    0.02918    0.03072    0.03232    0.03398    0.03571    0.0375    0.03935    0.04127    0.04326    0.04532    0.04745    0.04965    0.05192    
CD114    8.571e-05    0.1297    0.3247    0.4941    0.6221    0.7136    0.7777    0.8227    0.8545    0.8778    0.8953    0.9092    0.9208    0.931    0.9404    0.9495    0.9585    0.9675    0.9768    0.9863    0.9961    1.006    1.017    1.028    1.039    1.051    1.063    1.076    1.089    1.103    1.117    1.131    1.146    1.162    1.177    1.194    
CD116    2.317e-05    0.02098    0.04915    0.07334    0.0915    0.1044    0.1133    0.1195    0.1238    0.1268    0.129    0.1306    0.1319    0.133    0.1339    0.1347    0.1355    0.1363    0.137    0.1378    0.1385    0.1393    0.1401    0.1408    0.1416    0.1424    0.1432    0.144    0.1448    0.1456    0.1464    0.1472    0.148    0.1488    0.1495    0.1503    
SN116    4.359e-08    0.005962    0.0302    0.06298    0.09565    0.1238    0.1463    0.1635    0.1764    0.1861    0.1934    0.1991    0.2036    0.2074    0.2106    0.2135    0.2162    0.2188    0.2213    0.2237    0.2262    0.2286    0.231    0.2334    0.2359    0.2383    0.2408    0.2433    0.2458    0.2483    0.2509    0.2534    0.256    0.2585    0.2611    0.2637    
SN117    1.751e-05    0.0182    0.0418    0.06188    0.07688    0.08749    0.09482    0.09985    0.1033    0.1057    0.1075    0.1088    0.1098    0.1106    0.1113    0.112    0.1126    0.1132    0.1138    0.1144    0.1151    0.1157    0.1163    0.117    0.1176    0.1183    0.119    0.1196    0.1203    0.121    0.1216    0.1223    0.123    0.1236    0.1243    0.1249    
SN118    1.92e-05    0.01839    0.04235    0.06292    0.07847    0.08965    0.09755    0.1032    0.1072    0.1102    0.1125    0.1144    0.1159    0.1173    0.1186    0.1199    0.121    0.1222    0.1234    0.1246    0.1258    0.127    0.1282    0.1294    0.1306    0.1318    0.1331    0.1343    0.1356    0.1368    0.1381    0.1393    0.1406    0.1418    0.143    0.1442    
SN119    1.922e-05    0.01835    0.04204    0.06228    0.07746    0.08823    0.09568    0.1008    0.1043    0.1068    0.1085    0.1098    0.1107    0.1115    0.1121    0.1127    0.1133    0.1138    0.1143    0.1148    0.1154    0.1159    0.1164    0.117    0.1175    0.1181    0.1186    0.1192    0.1198    0.1203    0.1209    0.1215    0.122    0.1225    0.1231    0.1236    
SN120    1.893e-05    0.01818    0.04147    0.06143    0.07651    0.08733    0.09498    0.1004    0.1043    0.1072    0.1094    0.1112    0.1127    0.1141    0.1153    0.1165    0.1176    0.1188    0.1199    0.1211    0.1222    0.1234    0.1245    0.1257    0.1269    0.1281    0.1293    0.1305    0.1317    0.133    0.1342    0.1354    0.1366    0.1378    0.139    0.1402    
SB121    7.817e-06    0.01806    0.04112    0.06013    0.07384    0.08303    0.08884    0.09231    0.0942    0.09503    0.09519    0.0949    0.09435    0.09363    0.09283    0.09198    0.09111    0.09025    0.0894    0.08858    0.08778    0.087    0.08625    0.08552    0.08481    0.08412    0.08345    0.0828    0.08216    0.08154    0.08092    0.08032    0.07971    0.07911    0.07851    0.07791    
SN122    1.862e-05    0.01844    0.0414    0.06093    0.0756    0.08604    0.09333    0.09842    0.102    0.1046    0.1065    0.108    0.1092    0.1103    0.1113    0.1122    0.1131    0.1139    0.1148    0.1156    0.1165    0.1174    0.1183    0.1192    0.1201    0.1211    0.122    0.1229    0.1238    0.1248    0.1257    0.1266    0.1275    0.1284    0.1293    0.1302    
TE122    1.718e-10    0.0001095    0.000652    0.001588    0.00282    0.00425    0.005804    0.007427    0.009083    0.01075    0.0124    0.01404    0.01565    0.01723    0.01878    0.0203    0.02179    0.02325    0.02467    0.02607    0.02743    0.02877    0.03008    0.03136    0.03262    0.03384    0.03505    0.03623    0.03738    0.03851    0.03962    0.0407    0.04176    0.0428    0.04382    0.04481    
SB123    1.596e-05    0.01675    0.03899    0.05878    0.07411    0.08516    0.09279    0.09787    0.1011    0.1032    0.1043    0.1049    0.1052    0.1052    0.1051    0.1048    0.1046    0.1043    0.104    0.1038    0.1035    0.1033    0.103    0.1028    0.1026    0.1024    0.1023    0.1021    0.1019    0.1018    0.1016    0.1015    0.1013    0.1011    0.1009    0.1007    
SN124    2.316e-05    0.0242    0.053    0.07732    0.09554    0.1085    0.1175    0.1238    0.1282    0.1313    0.1337    0.1355    0.137    0.1383    0.1395    0.1406    0.1417    0.1428    0.1439    0.145    0.1461    0.1473    0.1484    0.1496    0.1508    0.1519    0.1531    0.1543    0.1555    0.1567    0.1579    0.1591    0.1603    0.1614    0.1626    0.1637    
SB125    2.547e-05    0.03837    0.07964    0.1078    0.1249    0.1332    0.1354    0.1337    0.1296    0.1242    0.1182    0.112    0.1059    0.1001    0.09458    0.08949    0.08482    0.08056    0.07668    0.07317    0.06999    0.06711    0.06451    0.06215    0.06002    0.05809    0.05633    0.05474    0.05328    0.05195    0.05073    0.04959    0.04853    0.04753    0.04658    0.04566    
TE125    1.346e-08    0.0006918    0.00488    0.01198    0.02108    0.03136    0.04216    0.05305    0.06372    0.07402    0.08384    0.09316    0.1019    0.1102    0.118    0.1254    0.1323    0.1389    0.1451    0.151    0.1566    0.1619    0.167    0.1719    0.1766    0.1812    0.1855    0.1898    0.1939    0.1979    0.2018    0.2055    0.2092    0.2128    0.2164    0.2198    
SN126    6.047e-05    0.06964    0.1464    0.2106    0.2587    0.293    0.3171    0.334    0.3462    0.3551    0.362    0.3676    0.3723    0.3766    0.3806    0.3845    0.3884    0.3923    0.3962    0.4002    0.4042    0.4083    0.4125    0.4167    0.4209    0.4252    0.4295    0.4338    0.4382    0.4425    0.4468    0.4511    0.4554    0.4596    0.4637    0.4678    
I127    1.451e-05    0.1631    0.3882    0.5741    0.7136    0.8111    0.8759    0.9172    0.9421    0.9559    0.9625    0.9643    0.9631    0.9602    0.9562    0.9517    0.947    0.9424    0.9378    0.9334    0.9293    0.9253    0.9216    0.9181    0.9147    0.9115    0.9084    0.9055    0.9026    0.8998    0.897    0.8943    0.8915    0.8887    0.8857    0.8827    
TE128    0.0002698    0.3122    0.6641    0.9593    1.181    1.339    1.451    1.529    1.586    1.627    1.66    1.686    1.708    1.728    1.747    1.765    1.783    1.801    1.819    1.838    1.856    1.875    1.894    1.914    1.933    1.953    1.972    1.992    2.012    2.032    2.052    2.072    2.091    2.111    2.13    2.148    
XE128    1.559e-09    0.0008447    0.005304    0.01294    0.02304    0.0349    0.04792    0.06167    0.07583    0.09021    0.1046    0.1191    0.1334    0.1476    0.1617    0.1756    0.1894    0.2031    0.2165    0.2299    0.2431    0.2561    0.269    0.2818    0.2945    0.307    0.3194    0.3317    0.3439    0.356    0.3679    0.3798    0.3915    0.4031    0.4146    0.426    
I129    0.0004587    0.5655    1.257    1.803    2.167    2.379    2.48    2.505    2.482    2.429    2.358    2.277    2.193    2.108    2.025    1.946    1.87    1.798    1.73    1.666    1.607    1.551    1.498    1.449    1.403    1.36    1.32    1.282    1.246    1.212    1.18    1.15    1.121    1.093    1.066    1.041    
TE130    0.001254    1.238    2.788    4.106    5.095    5.797    6.286    6.626    6.863    7.034    7.159    7.256    7.334    7.401    7.461    7.518    7.572    7.625    7.678    7.732    7.786    7.841    7.897    7.953    8.01    8.067    8.124    8.182    8.24    8.297    8.355    8.412    8.469    8.525    8.58    8.634    
XE130    1.799e-07    0.01148    0.06423    0.153    0.2671    0.3965    0.5336    0.6729    0.8109    0.9454    1.075    1.199    1.317    1.43    1.536    1.637    1.733    1.823    1.909    1.99    2.067    2.139    2.209    2.274    2.337    2.396    2.452    2.506    2.557    2.605    2.652    2.696    2.738    2.778    2.817    2.853    
I131    0.001995    0.5411    0.3463    0.2558    0.1835    0.1281    0.08863    0.0615    0.04323    0.0311    0.02311    0.01791    0.01456    0.01245    0.01115    0.01038    0.009967    0.009773    0.009718    0.009747    0.009823    0.009925    0.01004    0.01016    0.01028    0.01041    0.01053    0.01065    0.01076    0.01086    0.01093    0.01096    0.01096    0.01091    0.01081    0.01068    
XE131    0.0001726    1.908    4.544    6.24    7.075    7.265    7.039    6.577    6.002    5.393    4.796    4.239    3.735    3.287    2.896    2.558    2.268    2.022    1.813    1.638    1.491    1.368    1.265    1.18    1.109    1.05    1.001    0.961    0.9277    0.9001    0.8771    0.8577    0.841    0.8265    0.8133    0.8011    
TE132    0.002838    0.3131    0.2059    0.153    0.1098    0.0766    0.05287    0.03656    0.02557    0.01827    0.01345    0.01031    0.008289    0.007006    0.006213    0.005742    0.005481    0.005354    0.00531    0.005318    0.005355    0.005409    0.00547    0.005535    0.005601    0.005668    0.005735    0.005801    0.005861    0.005912    0.005948    0.005964    0.005958    0.005926    0.00587    0.005792    
XE132    0.0006487    3.249    8.308    13.01    16.98    20.21    22.81    24.91    26.63    28.05    29.24    30.24    31.1    31.85    32.5    33.08    33.59    34.06    34.49    34.88    35.25    35.6    35.93    36.24    36.54    36.84    37.12    37.4    37.67    37.93    38.19    38.45    38.7    38.95    39.19    39.43    
XE133    0.00215    0.7044    0.4723    0.352    0.253    0.1768    0.1224    0.08502    0.05984    0.04309    0.03206    0.02486    0.02022    0.01728    0.01547    0.01439    0.01379    0.0135    0.0134    0.01342    0.01351    0.01363    0.01378    0.01393    0.01409    0.01425    0.01441    0.01457    0.01471    0.01484    0.01493    0.01498    0.01498    0.01492    0.01482    0.01466    
CS133    0.0002397    4.172    10.29    14.98    18.05    19.79    20.56    20.68    20.38    19.82    19.11    18.32    17.51    16.7    15.91    15.14    14.42    13.73    13.08    12.48    11.91    11.37    10.88    10.41    9.974    9.566    9.184    8.827    8.492    8.178    7.883    7.606    7.344    7.097    6.863    6.64    
XE134    0.006044    5.562    13.19    19.74    24.66    28.15    30.57    32.23    33.37    34.18    34.75    35.18    35.51    35.78    36.01    36.21    36.4    36.59    36.77    36.95    37.13    37.31    37.5    37.68    37.87    38.06    38.24    38.43    38.62    38.81    39    39.19    39.38    39.56    39.74    39.92    
CS134    1.245e-07    0.08417    0.474    1.026    1.606    2.125    2.542    2.848    3.05    3.163    3.206    3.195    3.145    3.067    2.97    2.862    2.749    2.634    2.519    2.407    2.299    2.196    2.098    2.005    1.917    1.835    1.757    1.684    1.616    1.552    1.492    1.435    1.382    1.332    1.285    1.241    
BA134    7.442e-11    0.002055    0.02766    0.1042    0.2428    0.4416    0.6917    0.9811    1.298    1.631    1.971    2.313    2.649    2.977    3.295    3.599    3.891    4.168    4.432    4.682    4.919    5.143    5.356    5.556    5.747    5.926    6.097    6.258    6.411    6.555    6.693    6.823    6.947    7.065    7.176    7.282    
CS135    0.0002039    0.2188    0.609    1.069    1.608    2.227    2.917    3.662    4.441    5.236    6.031    6.811    7.567    8.292    8.982    9.633    10.24    10.82    11.35    11.84    12.3    12.72    13.11    13.47    13.8    14.11    14.38    14.64    14.87    15.08    15.27    15.44    15.59    15.73    15.85    15.96    
BA135    1.639e-10    3.108e-06    6.033e-05    0.000356    0.001152    0.002719    0.005298    0.009073    0.01417    0.02068    0.02861    0.03798    0.04874    0.06085    0.07425    0.08887    0.1046    0.1214    0.1393    0.158    0.1775    0.1979    0.2189    0.2406    0.2629    0.2857    0.309    0.3328    0.3569    0.3814    0.4062    0.4312    0.4565    0.4821    0.5077    0.5336    
XE136    0.01041    9.912    23.36    34.91    43.58    49.74    54.02    56.96    59.01    60.46    61.5    62.28    62.89    63.4    63.84    64.23    64.61    64.97    65.33    65.68    66.04    66.4    66.76    67.13    67.5    67.87    68.25    68.62    69    69.37    69.75    70.12    70.49    70.86    71.22    71.57    
CS136    1.286e-05    0.00964    0.005709    0.005579    0.006274    0.007416    0.008941    0.01076    0.01279    0.01493    0.01712    0.0193    0.02144    0.0235    0.02548    0.02735    0.02911    0.03076    0.0323    0.03373    0.03506    0.03628    0.03742    0.03846    0.03941    0.04029    0.04109    0.04183    0.0425    0.04311    0.04366    0.04415    0.0446    0.045    0.04535    0.04566    
BA136    7.054e-07    0.01665    0.04639    0.07447    0.1054    0.1413    0.1845    0.2366    0.299    0.3725    0.4576    0.5545    0.6628    0.7825    0.913    1.054    1.204    1.364    1.532    1.709    1.893    2.083    2.28    2.484    2.692    2.906    3.124    3.346    3.572    3.802    4.035    4.271    4.509    4.75    4.994    5.239    
CS137    0.005107    4.584    10.72    15.95    19.81    22.49    24.29    25.47    26.23    26.71    26.99    27.16    27.25    27.29    27.3    27.29    27.27    27.24    27.22    27.19    27.16    27.14    27.12    27.1    27.08    27.06    27.04    27.03    27.01    27    26.98    26.97    26.95    26.93    26.91    26.89    
BA137    6.119e-07    0.01068    0.0648    0.1628    0.2953    0.4521    0.6251    0.8084    0.998    1.191    1.386    1.581    1.775    1.969    2.162    2.354    2.544    2.733    2.92    3.106    3.29    3.473    3.655    3.836    4.015    4.193    4.369    4.545    4.719    4.892    5.064    5.234    5.404    5.572    5.739    5.905    
BA138    0.005003    4.459    10.58    15.85    19.81    22.61    24.56    25.9    26.83    27.48    27.95    28.31    28.58    28.81    29.01    29.19    29.36    29.53    29.7    29.86    30.03    30.2    30.37    30.55    30.72    30.9    31.08    31.27    31.45    31.64    31.83    32.01    32.2    32.39    32.57    32.75    
LA139    0.004772    4.313    10.17    15.12    18.75    21.23    22.85    23.87    24.48    24.81    24.96    25    24.96    24.87    24.76    24.63    24.49    24.35    24.2    24.06    23.92    23.78    23.64    23.51    23.38    23.26    23.14    23.01    22.89    22.78    22.66    22.54    22.43    22.31    22.2    22.08    
BA140    0.004418    1.213    1.058    0.8292    0.6042    0.4236    0.2925    0.2016    0.1401    0.09912    0.07202    0.05428    0.04279    0.03546    0.03088    0.02811    0.02651    0.02568    0.02533    0.02527    0.02538    0.02558    0.02582    0.02609    0.02635    0.02661    0.02685    0.02708    0.02728    0.02743    0.02751    0.02751    0.02741    0.0272    0.0269    0.02651    
LA140    0.0001866    0.1607    0.1419    0.1135    0.08509    0.06217    0.04548    0.03387    0.026    0.02072    0.01721    0.0149    0.01338    0.01239    0.01175    0.01135    0.0111    0.01094    0.01085    0.0108    0.01077    0.01076    0.01075    0.01074    0.01073    0.01073    0.01072    0.01072    0.0107    0.01069    0.01066    0.01063    0.01058    0.01051    0.01044    0.01035    
CE140    6.223e-05    2.946    8.98    14.34    18.52    21.6    23.84    25.49    26.73    27.68    28.46    29.11    29.68    30.2    30.69    31.16    31.61    32.05    32.49    32.92    33.36    33.79    34.22    34.65    35.08    35.51    35.94    36.37    36.79    37.21    37.64    38.05    38.47    38.88    39.29    39.69    
CE141    0.003507    1.927    2.114    1.764    1.321    0.9407    0.6569    0.4577    0.3221    0.2316    0.1718    0.1327    0.1076    0.09166    0.08186    0.07607    0.07289    0.07138    0.07092    0.07108    0.07159    0.07228    0.07304    0.07381    0.07454    0.07523    0.07587    0.07643    0.0769    0.07725    0.07745    0.07746    0.07727    0.07685    0.07623    0.0754    
PR141    7.544e-05    1.617    6.049    10.25    13.47    15.7    17.14    18.02    18.52    18.75    18.82    18.77    18.66    18.5    18.32    18.12    17.92    17.72    17.52    17.32    17.13    16.95    16.77    16.59    16.42    16.26    16.1    15.94    15.79    15.64    15.5    15.35    15.21    15.07    14.94    14.8    
CE142    0.003766    3.555    8.35    12.46    15.54    17.72    19.23    20.26    20.97    21.46    21.81    22.07    22.26    22.42    22.56    22.67    22.79    22.89    23    23.1    23.21    23.32    23.42    23.53    23.64    23.75    23.86    23.98    24.09    24.2    24.31    24.42    24.53    24.64    24.74    24.84    
ND142    4.249e-09    0.009381    0.0914    0.2622    0.5042    0.7947    1.114    1.449    1.788    2.125    2.457    2.781    3.094    3.397    3.688    3.968    4.237    4.495    4.742    4.979    5.206    5.423    5.631    5.83    6.02    6.203    6.377    6.544    6.703    6.855    7    7.139    7.271    7.397    7.517    7.631    
PR143    0.001259    0.985    0.854    0.6704    0.4903    0.3456    0.2406    0.1678    0.1186    0.08577    0.06411    0.04996    0.04081    0.035    0.0314    0.02924    0.02803    0.02742    0.0272    0.02721    0.02735    0.02756    0.0278    0.02806    0.02832    0.02857    0.0288    0.02903    0.02922    0.02938    0.02947    0.0295    0.02944    0.0293    0.02907    0.02876    
ND143    5.19e-05    1.942    4.874    6.271    6.423    5.852    4.979    4.061    3.23    2.536    1.988    1.57    1.261    1.039    0.8844    0.7797    0.7118    0.6704    0.6477    0.638    0.6371    0.642    0.6506    0.6613    0.6732    0.6855    0.6978    0.7099    0.7213    0.7322    0.7421    0.7512    0.7592    0.7662    0.772    0.7766    
CE144    0.003405    2.772    5.727    7.398    7.859    7.52    6.758    5.832    4.898    4.038    3.29    2.661    2.146    1.734    1.408    1.154    0.9581    0.8089    0.6962    0.6119    0.5494    0.5034    0.47    0.4459    0.4286    0.4165    0.4079    0.4019    0.3977    0.3945    0.392    0.3896    0.3871    0.3841    0.3806    0.3763    
ND144    9.787e-06    0.5692    3.47    7.989    13.1    18.07    22.5    26.25    29.31    31.74    33.65    35.13    36.28    37.17    37.86    38.41    38.86    39.22    39.53    39.81    40.06    40.3    40.52    40.74    40.96    41.18    41.39    41.62    41.84    42.07    42.3    42.53    42.76    42.99    43.23    43.46    
ND145    0.002327    2.297    5.262    7.611    9.168    10.07    10.5    10.62    10.53    10.33    10.06    9.752    9.432    9.113    8.803    8.507    8.227    7.965    7.72    7.492    7.282    7.086    6.906    6.739    6.585    6.443    6.311    6.19    6.078    5.975    5.879    5.791    5.708    5.632    5.56    5.493    
ND146    0.002255    2.07    5.079    7.884    10.23    12.13    13.69    14.99    16.11    17.09    17.97    18.77    19.51    20.21    20.87    21.51    22.11    22.69    23.26    23.8    24.33    24.85    25.35    25.84    26.31    26.78    27.24    27.68    28.12    28.55    28.98    29.39    29.8    30.2    30.59    30.98    
ND147    0.001778    0.4313    0.3689    0.289    0.2115    0.1498    0.1051    0.07418    0.05338    0.03957    0.03052    0.02467    0.02095    0.01865    0.01728    0.01653    0.01617    0.01607    0.01612    0.01627    0.01648    0.01671    0.01696    0.01721    0.01746    0.0177    0.01793    0.01816    0.01837    0.01857    0.01874    0.01887    0.01898    0.01904    0.01907    0.01907    
PM147    0.0001131    1.036    2.336    2.83    2.742    2.367    1.911    1.482    1.123    0.8441    0.6358    0.4856    0.38    0.3075    0.2589    0.2271    0.207    0.195    0.1884    0.1853    0.1845    0.1852    0.1867    0.1887    0.1909    0.1932    0.1954    0.1976    0.1996    0.2014    0.203    0.2043    0.2054    0.2061    0.2065    0.2066    
SM147    6.209e-08    0.02363    0.159    0.3536    0.5424    0.6898    0.7856    0.8337    0.8437    0.8263    0.7908    0.7448    0.6936    0.641    0.5896    0.5409    0.4957    0.4544    0.4172    0.3839    0.3543    0.3281    0.3051    0.2849    0.2672    0.2518    0.2383    0.2266    0.2164    0.2075    0.1999    0.1932    0.1874    0.1823    0.1779    0.174    
ND148    0.00163    1.444    3.43    5.13    6.396    7.282    7.884    8.286    8.552    8.727    8.841    8.916    8.965    8.998    9.021    9.037    9.05    9.06    9.07    9.079    9.089    9.099    9.109    9.119    9.13    9.142    9.153    9.165    9.176    9.188    9.199    9.211    9.221    9.231    9.241    9.249    
SM148    2.307e-08    0.08666    0.5784    1.342    2.179    2.965    3.644    4.202    4.65    5.005    5.287    5.512    5.694    5.844    5.969    6.077    6.17    6.254    6.329    6.399    6.463    6.524    6.582    6.637    6.69    6.742    6.792    6.841    6.889    6.936    6.982    7.027    7.072    7.116    7.16    7.202    
ND150    0.001025    0.8874    2.117    3.173    3.961    4.517    4.897    5.155    5.329    5.446    5.526    5.582    5.622    5.651    5.675    5.694    5.711    5.726    5.741    5.756    5.771    5.786    5.801    5.816    5.832    5.847    5.863    5.879    5.895    5.911    5.926    5.942    5.957    5.972    5.986    6    
SM150    0.000157    1.082    2.759    4.182    5.146    5.662    5.819    5.723    5.463    5.11    4.715    4.311    3.92    3.555    3.222    2.924    2.66    2.43    2.23    2.058    1.91    1.783    1.675    1.584    1.506    1.441    1.386    1.339    1.3    1.267    1.239    1.216    1.196    1.179    1.165    1.152    
SM151    0.0002693    0.08515    0.07789    0.07727    0.07457    0.07045    0.06565    0.06054    0.05538    0.05036    0.04562    0.04123    0.03726    0.0337    0.03056    0.02781    0.02542    0.02335    0.02157    0.02005    0.01876    0.01765    0.01672    0.01593    0.01526    0.0147    0.01423    0.01384    0.01351    0.01323    0.013    0.0128    0.01262    0.01247    0.01233    0.0122    
SM152    0.000663    1.085    2.381    3.211    3.604    3.692    3.595    3.396    3.149    2.885    2.623    2.373    2.142    1.932    1.744    1.577    1.429    1.301    1.189    1.092    1.009    0.9376    0.8765    0.8244    0.78    0.7423    0.7102    0.6831    0.6601    0.6406    0.624    0.6098    0.5976    0.587    0.5777    0.5693    
SM153    0.0003336    0.03357    0.04363    0.04977    0.05117    0.04968    0.0467    0.04308    0.0393    0.03559    0.03211    0.0289    0.02599    0.02339    0.02109    0.01906    0.01729    0.01575    0.01441    0.01326    0.01227    0.01142    0.0107    0.01008    0.009561    0.009116    0.008738    0.008419    0.008149    0.007919    0.007724    0.007556    0.007411    0.007283    0.007168    0.007064    
EU153    0.0001284    0.4371    1.194    1.844    2.27    2.479    2.523    2.458    2.327    2.162    1.984    1.806    1.636    1.477    1.333    1.203    1.087    0.9855    0.8962    0.8184    0.751    0.6929    0.6429    0.6    0.5633    0.532    0.5053    0.4826    0.4633    0.4469    0.433    0.4211    0.4109    0.4021    0.3944    0.3875    
SM154    0.0003363    0.2919    0.7094    1.075    1.353    1.553    1.694    1.791    1.859    1.905    1.937    1.959    1.974    1.983    1.989    1.993    1.994    1.994    1.994    1.992    1.99    1.987    1.984    1.98    1.977    1.973    1.969    1.965    1.961    1.956    1.952    1.947    1.943    1.938    1.933    1.928    
EU154    6.764e-07    0.06615    0.2943    0.545    0.7381    0.8535    0.9007    0.8983    0.8639    0.8112    0.7497    0.6857    0.6229    0.5635    0.5088    0.4591    0.4147    0.3753    0.3406    0.3104    0.2841    0.2613    0.2417    0.2249    0.2104    0.1981    0.1876    0.1786    0.171    0.1645    0.159    0.1543    0.1503    0.1469    0.1439    0.1412    
GD154    9.384e-11    0.0003952    0.004284    0.01375    0.02771    0.04391    0.06025    0.07523    0.08797    0.09813    0.1057    0.1107    0.1136    0.1147    0.1142    0.1124    0.1097    0.1063    0.1024    0.09817    0.09373    0.08922    0.08472    0.0803    0.07603    0.07195    0.06806    0.06441    0.06098    0.0578    0.05484    0.05212    0.04961    0.04731    0.04521    0.04329    
EU155    0.0001941    0.06404    0.1293    0.2046    0.2638    0.2993    0.3133    0.3113    0.2989    0.2806    0.2594    0.2374    0.2159    0.1956    0.1769    0.1599    0.1448    0.1313    0.1195    0.1092    0.1002    0.09244    0.08574    0.07998    0.07505    0.07083    0.06723    0.06416    0.06155    0.05933    0.05744    0.05583    0.05444    0.05325    0.0522    0.05128    
EU156    0.0001123    0.08799    0.1555    0.229    0.288    0.324    0.3382    0.3358    0.3223    0.3026    0.2797    0.256    0.2328    0.2109    0.1908    0.1725    0.1561    0.1416    0.1288    0.1176    0.1079    0.09952    0.09227    0.08603    0.08069    0.07612    0.07222    0.06889    0.06606    0.06365    0.0616    0.05984    0.05833    0.05703    0.0559    0.05489    
GD156    4.518e-06    0.1623    0.7126    1.604    2.805    4.223    5.748    7.287    8.777    10.18    11.46    12.63    13.68    14.61    15.44    16.17    16.81    17.38    17.87    18.3    18.69    19.02    19.31    19.57    19.8    20.01    20.19    20.35    20.5    20.63    20.75    20.86    20.97    21.06    21.15    21.23    
GD158    0.0001432    0.1873    0.508    0.8502    1.193    1.53    1.861    2.181    2.491    2.789    3.076    3.351    3.615    3.869    4.114    4.351    4.58    4.803    5.019    5.231    5.438    5.64    5.839    6.034    6.227    6.417    6.605    6.79    6.974    7.156    7.336    7.515    7.693    7.869    8.044    8.218    
TB159    2.26e-05    0.03476    0.08639    0.1304    0.1631    0.1864    0.2032    0.2161    0.2267    0.2364    0.2458    0.2556    0.2658    0.2767    0.2884    0.3008    0.3139    0.3277    0.3421    0.357    0.3725    0.3884    0.4048    0.4215    0.4386    0.4559    0.4735    0.4913    0.5093    0.5275    0.5459    0.5644    0.5829    0.6016    0.6204    0.6392    
GD160    1.857e-05    0.01507    0.03716    0.05627    0.07058    0.08068    0.0876    0.0923    0.09547    0.09761    0.09908    0.1001    0.1008    0.1013    0.1017    0.1021    0.1023    0.1026    0.1028    0.1031    0.1033    0.1035    0.1037    0.104    0.1042    0.1044    0.1046    0.1049    0.1051    0.1053    0.1056    0.1058    0.106    0.1062    0.1064    0.1066    
DY160    7.963e-11    0.0001305    0.001229    0.003671    0.007118    0.01109    0.01522    0.01927    0.0231    0.02669    0.03003    0.03314    0.03608    0.03889    0.0416    0.04425    0.04688    0.04952    0.05218    0.05488    0.05763    0.06044    0.06332    0.06626    0.06928    0.07236    0.07552    0.07874    0.08202    0.08536    0.08875    0.0922    0.0957    0.09924    0.1028    0.1064    
DY161    7.615e-07    0.004883    0.009655    0.01169    0.01222    0.0122    0.01214    0.01223    0.0125    0.01294    0.01349    0.01414    0.01485    0.01561    0.0164    0.01723    0.0181    0.01899    0.01991    0.02086    0.02185    0.02286    0.02389    0.02496    0.02605    0.02717    0.02831    0.02947    0.03065    0.03185    0.03307    0.03431    0.03556    0.03682    0.0381    0.03938    
DY162    2.527e-06    0.003393    0.01046    0.01702    0.0216    0.02427    0.02563    0.02628    0.02666    0.02705    0.02758    0.0283    0.02923    0.03034    0.03161    0.03303    0.03456    0.0362    0.03793    0.03975    0.04164    0.0436    0.04563    0.04772    0.04988    0.05209    0.05437    0.05669    0.05907    0.06149    0.06395    0.06646    0.06901    0.07159    0.0742    0.07684    
DY163    9.394e-07    0.001209    0.004469    0.009358    0.01491    0.02027    0.02496    0.02881    0.03188    0.03434    0.03637    0.03814    0.03978    0.04142    0.0431    0.04488    0.04678    0.04882    0.05099    0.05331    0.05576    0.05834    0.06105    0.06388    0.06683    0.06988    0.07305    0.07631    0.07967    0.08313    0.08667    0.09029    0.09399    0.09777    0.1016    0.1055    
HO165    1.151e-07    0.000361    0.001339    0.00306    0.005722    0.009312    0.01365    0.01848    0.02355    0.02867    0.0337    0.03856    0.04323    0.04772    0.05204    0.05624    0.06036    0.06443    0.06851    0.07262    0.07679    0.08105    0.08542    0.08992    0.09455    0.09933    0.1043    0.1094    0.1147    0.1201    0.1257    0.1315    0.1375    0.1436    0.1499    0.1563    
ER166    5.516e-09    9.352e-05    0.0003062    0.0006579    0.001244    0.00217    0.003524    0.005357    0.007683    0.01049    0.01373    0.01737    0.02136    0.02565    0.03019    0.03495    0.0399    0.04503    0.05031    0.05575    0.06133    0.06705    0.07293    0.07895    0.08514    0.09149    0.09801    0.1047    0.1116    0.1187    0.126    0.1335    0.1413    0.1492    0.1574    0.1658    
