TIME    3   100   220   340   460   580   700   820   940   1060   1180   1300   1420   1540   1660   1780   1900   2020   2140   2260   2380   2500   2620   2740   2860   2980   3100   3220   3340   3460   3580   3700   3820   3940   4060   4180   
NEUT_PROD    2.17   2.75   5.09   8.83   13.5   18.8   24.3   29.9   35.4   40.6   45.5   50   54   57.5   60.6   63.2   65.4   67.1   68.4   69.4   70   70.3   70.3   70   69.5   68.9   68   67   65.8   64.6   63.2   61.8   60.3   58.7   57.2   55.5   
NEUT_DEST    61   68.1   74.5   79.8   84.4   88.2   91.5   94.3   96.6   98.5   100   101   102   102   103   102   102   101   101   99.5   98.3   96.9   95.4   93.8   92.1   90.3   88.4   86.5   84.6   82.6   80.6   78.6   76.6   74.6   72.6   70.7   
BUd    0.0202    3.64    3.57    3.79    4.46    5.46    6.66    7.99    9.37    10.7    12.1    13.3    14.5    15.5    16.4    17.2    17.9    18.5    18.9    19.2    19.5    19.6    19.7    19.7    19.6    19.4    19.2    19    18.7    18.4    18    17.6    17.2    16.8    16.4    15.9    
HE4    2.622e-07    0.0003497    0.002689    0.008573    0.01901    0.0346    0.0556    0.08204    0.1138    0.1506    0.192    0.2378    0.2873    0.3402    0.396    0.4543    0.5146    0.5765    0.6396    0.7036    0.7681    0.8329    0.8977    0.9622    1.026    1.09    1.152    1.214    1.274    1.333    1.391    1.448    1.503    1.557    1.609    1.659    
PU238    4.823e-12    5.742e-07    7.357e-06    4.62e-05    0.0001933    0.0005865    0.001402    0.002817    0.004972    0.007949    0.01176    0.01636    0.02166    0.02751    0.03377    0.04028    0.04687    0.05341    0.05977    0.06584    0.07153    0.07678    0.08154    0.08577    0.08947    0.09262    0.09524    0.09733    0.09893    0.1001    0.1007    0.101    0.1009    0.1005    0.09973    0.0987    
PU240    1.53e-06    0.01798    0.1278    0.3723    0.754    1.255    1.847    2.501    3.189    3.886    4.572    5.231    5.851    6.422    6.939    7.399    7.8    8.142    8.427    8.657    8.835    8.964    9.048    9.091    9.095    9.066    9.006    8.919    8.808    8.676    8.526    8.361    8.183    7.994    7.797    7.593    
PU241    8.372e-05    0.003256    0.02244    0.07955    0.1861    0.3431    0.5443    0.78    1.039    1.311    1.587    1.858    2.119    2.363    2.589    2.794    2.975    3.134    3.269    3.381    3.472    3.542    3.592    3.625    3.641    3.642    3.63    3.605    3.57    3.525    3.472    3.412    3.346    3.274    3.198    3.119    
PU242    998.1    938.7    881.1    827.1    776.4    728.9    684.3    642.5    603.3    566.6    532.2    500    469.9    441.6    415.2    390.4    367.2    345.5    325.1    306    288.1    271.4    255.6    240.9    227.1    214.1    201.9    190.4    179.7    169.6    160.1    151.1    142.7    134.8    127.4    120.4    
PU243    0.1867    0.1756    0.1648    0.1547    0.1452    0.1363    0.128    0.1202    0.1129    0.106    0.09956    0.09353    0.08789    0.08261    0.07766    0.07303    0.06869    0.06462    0.06081    0.05724    0.0539    0.05076    0.04782    0.04506    0.04247    0.04004    0.03776    0.03562    0.03361    0.03172    0.02994    0.02827    0.0267    0.02522    0.02383    0.02252    
PU244    0.000668    0.02597    0.05402    0.08328    0.1131    0.1429    0.1724    0.2011    0.229    0.2558    0.2814    0.3058    0.3289    0.3506    0.3711    0.3903    0.4082    0.425    0.4405    0.4549    0.4683    0.4806    0.492    0.5024    0.5119    0.5206    0.5285    0.5357    0.5422    0.548    0.5533    0.5579    0.562    0.5656    0.5687    0.5713    
AM241    1.651e-08    1.324e-05    0.0001142    0.0005106    0.001434    0.003023    0.005298    0.008189    0.01157    0.01531    0.01924    0.02323    0.02718    0.03098    0.03457    0.03788    0.04089    0.04358    0.04592    0.04793    0.04961    0.05096    0.05202    0.05278    0.05329    0.05354    0.05358    0.05342    0.05307    0.05257    0.05192    0.05115    0.05028    0.04931    0.04827    0.04716    
AM243    1.69    54.93    96.68    127.7    150.1    165.7    175.8    181.7    184.2    184.1    182    178.3    173.6    168.1    162    155.5    148.9    142.2    135.5    128.9    122.4    116.2    110.1    104.3    98.68    93.35    88.26    83.43    78.83    74.48    70.36    66.46    62.78    59.3    56.01    52.91    
AM244    8.134e-05    0.003295    0.005803    0.007667    0.009014    0.00995    0.01056    0.01091    0.01106    0.01105    0.01093    0.01071    0.01042    0.01009    0.009727    0.00934    0.008941    0.008538    0.008136    0.00774    0.007352    0.006975    0.006612    0.006262    0.005926    0.005606    0.0053    0.00501    0.004734    0.004473    0.004225    0.003991    0.00377    0.003561    0.003364    0.003177    
CM242    1.385e-09    4.829e-06    3.865e-05    0.0001956    0.000662    0.001647    0.003311    0.005726    0.00888    0.01269    0.01701    0.02171    0.02662    0.03159    0.0365    0.04123    0.0457    0.04984    0.05361    0.05698    0.05993    0.06246    0.06457    0.06628    0.06761    0.06858    0.06921    0.06953    0.06957    0.06935    0.0689    0.06825    0.06741    0.06641    0.06528    0.06403    
CM244    0.004954    5.598    20.07    40.46    64.47    90.37    116.8    142.9    167.8    191.2    212.6    231.8    248.9    263.7    276.3    286.8    295.3    301.8    306.6    309.8    311.4    311.7    310.8    308.8    305.9    302.1    297.6    292.4    286.8    280.6    274.2    267.4    260.3    253.1    245.8    238.4    
CM245    2.976e-06    0.05949    0.2785    0.6195    1.038    1.5    1.979    2.455    2.915    3.347    3.747    4.109    4.431    4.712    4.954    5.155    5.32    5.449    5.545    5.611    5.649    5.662    5.652    5.622    5.573    5.509    5.431    5.341    5.241    5.132    5.016    4.894    4.768    4.638    4.505    4.371    
CM246    1.128e-08    0.008584    0.08711    0.3073    0.7177    1.347    2.208    3.302    4.623    6.157    7.89    9.8    11.87    14.07    16.39    18.8    21.28    23.82    26.4    29    31.6    34.2    36.78    39.33    41.84    44.31    46.72    49.07    51.35    53.57    55.71    57.78    59.77    61.68    63.51    65.26    
CM247    4.697e-13    1.247e-05    0.000255    0.001336    0.004084    0.009358    0.01794    0.03046    0.04739    0.06903    0.09552    0.1268    0.1629    0.2034    0.2481    0.2966    0.3485    0.4035    0.461    0.5206    0.582    0.6447    0.7082    0.7724    0.8367    0.901    0.9649    1.028    1.09    1.152    1.212    1.27    1.328    1.383    1.437    1.489    
CM248    2.588e-16    2.458e-07    1.056e-05    8.61e-05    0.0003615    0.001063    0.002502    0.005064    0.009188    0.01535    0.02404    0.03574    0.05094    0.07007    0.09356    0.1218    0.155    0.1936    0.2378    0.2876    0.3433    0.405    0.4726    0.5462    0.6257    0.711    0.8021    0.8988    1.001    1.108    1.221    1.338    1.46    1.586    1.717    1.851    
SE80    1.186e-10    1.704e-07    0.0004753    0.001123    0.002121    0.003563    0.005508    0.007994    0.01104    0.01466    0.01885    0.02357    0.02878    0.03442    0.04044    0.04677    0.05336    0.06015    0.06709    0.07415    0.08127    0.08843    0.09559    0.1027    0.1098    0.1168    0.1238    0.1306    0.1373    0.1439    0.1504    0.1567    0.1629    0.1689    0.1748    0.1804    
BR81    2.125e-10    2.943e-07    0.0007263    0.001708    0.003216    0.005388    0.008307    0.01202    0.01657    0.02194    0.02811    0.03504    0.04265    0.05084    0.05951    0.06857    0.07793    0.08749    0.09718    0.1069    0.1167    0.1264    0.136    0.1454    0.1547    0.1638    0.1726    0.1812    0.1895    0.1975    0.2052    0.2126    0.2197    0.2265    0.233    0.2391    
SE82    3.863e-10    4.939e-07    0.000898    0.002125    0.004023    0.006774    0.01049    0.01526    0.02112    0.02808    0.03614    0.04523    0.05528    0.06617    0.07779    0.09002    0.1028    0.1159    0.1293    0.1429    0.1567    0.1705    0.1844    0.1982    0.2119    0.2254    0.2388    0.252    0.265    0.2777    0.2901    0.3023    0.3141    0.3257    0.3369    0.3478    
KR83    6.335e-10    7.893e-07    0.001169    0.002468    0.004307    0.006793    0.009921    0.01364    0.01786    0.02249    0.02742    0.03251    0.0376    0.04257    0.0473    0.0517    0.0557    0.05927    0.0624    0.06509    0.06736    0.06921    0.07067    0.07178    0.07256    0.07305    0.07326    0.07323    0.07299    0.07256    0.07196    0.07121    0.07034    0.06936    0.06829    0.06715    
KR84    1.234e-09    1.598e-06    0.00234    0.005857    0.01149    0.01986    0.03144    0.04662    0.06566    0.08874    0.1159    0.1471    0.1821    0.2207    0.2625    0.3072    0.3543    0.4034    0.4543    0.5066    0.5599    0.6139    0.6685    0.7233    0.7781    0.8327    0.887    0.9408    0.994    1.046    1.098    1.149    1.198    1.247    1.295    1.341    
KR85    2.517e-10    3.436e-07    0.0005604    0.001316    0.002476    0.004147    0.006392    0.009247    0.01273    0.01684    0.02155    0.02681    0.03257    0.03874    0.04525    0.052    0.05893    0.06597    0.07305    0.08012    0.08713    0.09405    0.1008    0.1074    0.1138    0.12    0.126    0.1317    0.1372    0.1424    0.1473    0.152    0.1563    0.1604    0.1643    0.1678    
RB85    9.34e-10    1.276e-06    0.002007    0.004771    0.009059    0.01529    0.02375    0.03462    0.04802    0.064    0.08253    0.1035    0.1267    0.152    0.1791    0.2076    0.2374    0.2683    0.3    0.3322    0.365    0.398    0.4311    0.4643    0.4973    0.5302    0.5628    0.595    0.6269    0.6582    0.689    0.7193    0.7489    0.7779    0.8063    0.834    
KR86    2.185e-09    2.654e-06    0.003585    0.008501    0.01613    0.02724    0.0423    0.06165    0.08548    0.1139    0.1468    0.1839    0.2251    0.2697    0.3174    0.3676    0.4199    0.4739    0.5292    0.5854    0.6422    0.6994    0.7566    0.8136    0.8703    0.9265    0.982    1.037    1.09    1.143    1.195    1.245    1.295    1.343    1.389    1.435    
RB87    2.616e-09    3.265e-06    0.004487    0.01064    0.02019    0.03407    0.0529    0.07708    0.1069    0.1423    0.1834    0.2298    0.2811    0.3368    0.3962    0.4589    0.5241    0.5914    0.6602    0.7302    0.8009    0.872    0.9431    1.014    1.084    1.154    1.223    1.291    1.358    1.423    1.487    1.549    1.61    1.67    1.728    1.784    
SR88    3.277e-09    4.296e-06    0.006369    0.01511    0.02865    0.04833    0.075    0.1092    0.1514    0.2015    0.2596    0.3252    0.3978    0.4766    0.5606    0.6492    0.7415    0.8367    0.9341    1.033    1.133    1.234    1.334    1.435    1.535    1.633    1.731    1.827    1.922    2.015    2.106    2.195    2.281    2.366    2.448    2.528    
SR89    4.217e-09    3.65e-06    0.004717    0.007091    0.01078    0.01564    0.02132    0.02757    0.03422    0.04107    0.04792    0.05452    0.06065    0.06615    0.07092    0.07494    0.07823    0.08084    0.08283    0.08427    0.08521    0.0857    0.08581    0.08557    0.08503    0.08423    0.0832    0.08198    0.08058    0.07905    0.0774    0.07565    0.07382    0.07193    0.07    0.06804    
Y89    5.821e-11    1.667e-06    0.003372    0.01206    0.0255    0.04552    0.07351    0.1104    0.1569    0.2132    0.2794    0.3552    0.4401    0.5333    0.6337    0.7404    0.8522    0.9682    1.087    1.209    1.332    1.456    1.58    1.704    1.827    1.949    2.07    2.188    2.305    2.419    2.531    2.64    2.746    2.849    2.949    3.046    
SR90    5.47e-09    6.738e-06    0.01007    0.02375    0.0449    0.07553    0.1169    0.1698    0.2346    0.3116    0.4003    0.5001    0.6098    0.7283    0.8541    0.9858    1.122    1.262    1.404    1.547    1.69    1.833    1.975    2.115    2.252    2.387    2.519    2.648    2.772    2.893    3.009    3.121    3.229    3.333    3.432    3.526    
ZR90    6.349e-14    1.387e-08    3.122e-05    0.0001664    0.0004535    0.0009676    0.0018    0.003052    0.004832    0.00725    0.01042    0.01444    0.01942    0.02545    0.03259    0.04093    0.05051    0.06136    0.07353    0.08702    0.1019    0.118    0.1355    0.1544    0.1745    0.1959    0.2186    0.2425    0.2676    0.2939    0.3213    0.3498    0.3794    0.4099    0.4415    0.4739    
Y91    4.57e-09    5.877e-06    0.007474    0.01169    0.01791    0.0261    0.03573    0.04638    0.05773    0.06946    0.08122    0.0926    0.1032    0.1128    0.1211    0.1282    0.1341    0.1388    0.1425    0.1452    0.147    0.1481    0.1485    0.1483    0.1475    0.1463    0.1448    0.1428    0.1406    0.1381    0.1355    0.1326    0.1296    0.1265    0.1233    0.12    
ZR91    4.767e-11    2.299e-06    0.004536    0.01686    0.03623    0.06523    0.106    0.16    0.2282    0.3112    0.4091    0.5216    0.6479    0.7869    0.937    1.097    1.265    1.439    1.619    1.802    1.988    2.176    2.364    2.552    2.74    2.926    3.109    3.291    3.469    3.644    3.815    3.983    4.147    4.306    4.461    4.611    
ZR92    7.48e-09    1.042e-05    0.01484    0.03526    0.06692    0.113    0.1754    0.2556    0.3544    0.4721    0.6085    0.7626    0.9332    1.118    1.316    1.525    1.742    1.967    2.197    2.431    2.667    2.905    3.144    3.382    3.618    3.853    4.085    4.314    4.54    4.761    4.978    5.19    5.398    5.6    5.798    5.99    
ZR93    7.678e-09    1.38e-05    0.01933    0.04587    0.0869    0.1465    0.2271    0.3303    0.4573    0.6082    0.7826    0.9792    1.196    1.431    1.68    1.943    2.215    2.495    2.78    3.068    3.359    3.649    3.938    4.225    4.508    4.787    5.061    5.329    5.591    5.846    6.093    6.333    6.565    6.79    7.006    7.214    
ZR94    1.238e-08    1.529e-05    0.02191    0.05203    0.09886    0.167    0.2596    0.3786    0.5254    0.7006    0.9038    1.134    1.389    1.667    1.964    2.278    2.606    2.946    3.294    3.65    4.011    4.375    4.742    5.108    5.474    5.839    6.2    6.558    6.912    7.262    7.605    7.944    8.276    8.601    8.921    9.233    
ZR95    1.508e-08    1.366e-05    0.01598    0.02551    0.03936    0.05755    0.07902    0.1028    0.1282    0.1545    0.1809    0.2064    0.2303    0.2518    0.2706    0.2866    0.2998    0.3104    0.3186    0.3246    0.3286    0.331    0.3317    0.3312    0.3294    0.3266    0.3228    0.3183    0.3131    0.3073    0.3011    0.2945    0.2875    0.2803    0.2729    0.2654    
NB95    1.608e-10    3.161e-06    0.00498    0.011    0.01768    0.02646    0.03709    0.04905    0.06192    0.07528    0.08877    0.102    0.1144    0.1259    0.136    0.1448    0.1522    0.1582    0.163    0.1666    0.1691    0.1707    0.1715    0.1716    0.171    0.1698    0.1681    0.166    0.1634    0.1606    0.1575    0.1542    0.1507    0.147    0.1432    0.1394    
MO95    2.392e-12    1.7e-06    0.003762    0.02179    0.05295    0.1006    0.1689    0.261    0.3788    0.5233    0.6946    0.8918    1.113    1.356    1.618    1.894    2.182    2.478    2.779    3.081    3.383    3.683    3.977    4.266    4.546    4.817    5.079    5.329    5.568    5.795    6.01    6.212    6.401    6.577    6.74    6.891    
ZR96    1.717e-08    2.068e-05    0.02625    0.06227    0.1182    0.1997    0.3103    0.4524    0.6275    0.8361    1.078    1.351    1.653    1.981    2.332    2.701    3.085    3.482    3.888    4.3    4.717    5.136    5.556    5.974    6.389    6.801    7.207    7.607    8    8.386    8.763    9.132    9.491    9.841    10.18    10.51    
MO96    2.24e-11    6.625e-08    5.305e-05    0.000443    0.001523    0.003683    0.00742    0.01332    0.02202    0.0342    0.05054    0.0717    0.09832    0.131    0.1701    0.2161    0.2694    0.3301    0.3983    0.4742    0.5576    0.6486    0.747    0.8526    0.9653    1.085    1.211    1.343    1.481    1.625    1.774    1.928    2.086    2.249    2.416    2.586    
MO97    9.961e-09    2.21e-05    0.02831    0.06745    0.128    0.2161    0.3355    0.4888    0.6775    0.9021    1.162    1.456    1.78    2.131    2.506    2.9    3.309    3.731    4.162    4.599    5.039    5.48    5.921    6.359    6.793    7.222    7.643    8.058    8.463    8.86    9.246    9.622    9.988    10.34    10.69    11.02    
MO98    2.072e-08    2.486e-05    0.03063    0.07278    0.1384    0.234    0.3641    0.5314    0.7379    0.9844    1.27    1.594    1.953    2.343    2.761    3.202    3.662    4.138    4.627    5.125    5.629    6.138    6.649    7.16    7.669    8.175    8.677    9.173    9.662    10.14    10.62    11.08    11.54    11.98    12.42    12.84    
MO99    1.912e-08    2.804e-06    0.00171    0.001979    0.002867    0.004037    0.005401    0.006922    0.008572    0.01031    0.01206    0.01375    0.01531    0.01668    0.01786    0.01882    0.01959    0.02019    0.02062    0.02092    0.0211    0.02117    0.02115    0.02105    0.02088    0.02065    0.02037    0.02005    0.01969    0.0193    0.01888    0.01845    0.01799    0.01753    0.01706    0.01658    
TC99    4.72e-09    2.757e-05    0.03065    0.07322    0.1377    0.2304    0.3548    0.5127    0.7046    0.9301    1.187    1.473    1.783    2.112    2.456    2.81    3.168    3.527    3.882    4.232    4.573    4.903    5.22    5.523    5.81    6.081    6.334    6.57    6.787    6.987    7.168    7.331    7.477    7.606    7.717    7.812    
MO100    2.492e-08    2.989e-05    0.03703    0.08785    0.1668    0.2818    0.438    0.6386    0.8859    1.181    1.522    1.908    2.335    2.798    3.293    3.814    4.357    4.917    5.49    6.073    6.662    7.253    7.845    8.435    9.022    9.602    10.18    10.74    11.29    11.84    12.37    12.89    13.4    13.89    14.37    14.83    
RU100    1.642e-12    3.73e-07    0.0005992    0.002857    0.007444    0.01544    0.02813    0.04688    0.07309    0.1082    0.1534    0.2101    0.2792    0.3616    0.458    0.5686    0.6938    0.8335    0.9876    1.156    1.337    1.532    1.739    1.958    2.188    2.427    2.677    2.935    3.2    3.472    3.75    4.034    4.321    4.613    4.907    5.203    
RU101    2.44e-08    2.905e-05    0.03197    0.07567    0.1435    0.2423    0.3762    0.5481    0.7596    1.011    1.302    1.63    1.992    2.384    2.801    3.238    3.693    4.16    4.636    5.119    5.604    6.09    6.574    7.054    7.529    7.998    8.458    8.909    9.35    9.781    10.2    10.61    11    11.39    11.76    12.11    
RU102    2.637e-08    3.12e-05    0.03301    0.07867    0.15    0.2545    0.3969    0.5808    0.8083    1.081    1.397    1.757    2.156    2.592    3.059    3.554    4.072    4.609    5.162    5.727    6.302    6.883    7.468    8.055    8.642    9.228    9.811    10.39    10.96    11.53    12.08    12.63    13.18    13.71    14.23    14.74    
RU103    2.538e-08    1.932e-05    0.01953    0.02775    0.042    0.06081    0.08271    0.1068    0.1325    0.159    0.1855    0.211    0.2348    0.2561    0.2747    0.2904    0.3033    0.3137    0.3217    0.3277    0.3318    0.3342    0.3351    0.3348    0.3333    0.3308    0.3274    0.3233    0.3186    0.3133    0.3076    0.3015    0.295    0.2884    0.2816    0.2746    
RH103    4.429e-10    1.08e-05    0.0169    0.05104    0.09695    0.1599    0.2415    0.3411    0.4566    0.5856    0.7249    0.8709    1.02    1.167    1.31    1.444    1.568    1.68    1.779    1.866    1.939    1.999    2.048    2.085    2.112    2.13    2.138    2.139    2.132    2.119    2.101    2.078    2.05    2.019    1.984    1.947    
RU104    2.89e-08    3.403e-05    0.0334    0.07952    0.1515    0.2568    0.4001    0.5849    0.8132    1.086    1.402    1.76    2.156    2.587    3.047    3.533    4.038    4.561    5.096    5.639    6.189    6.742    7.295    7.846    8.394    8.936    9.472    9.999    10.52    11.02    11.52    12.01    12.48    12.94    13.39    13.82    
PD104    9.391e-13    8.004e-07    0.001703    0.0117    0.03302    0.06996    0.1277    0.2115    0.3262    0.4758    0.6637    0.8923    1.163    1.475    1.829    2.221    2.65    3.111    3.602    4.118    4.656    5.213    5.784    6.366    6.956    7.551    8.149    8.748    9.344    9.937    10.52    11.1    11.68    12.24    12.79    13.33    
PD105    7.161e-09    2.049e-05    0.02024    0.04835    0.09157    0.1543    0.2391    0.3477    0.4809    0.6386    0.8202    1.024    1.248    1.488    1.742    2.007    2.279    2.556    2.836    3.116    3.395    3.67    3.941    4.206    4.464    4.714    4.956    5.188    5.41    5.623    5.825    6.017    6.198    6.369    6.529    6.678    
RU106    2.627e-08    2.85e-05    0.02239    0.04863    0.08691    0.1399    0.2079    0.2903    0.3857    0.4921    0.6069    0.7272    0.8497    0.971    1.088    1.2    1.303    1.397    1.481    1.554    1.617    1.67    1.713    1.747    1.771    1.788    1.797    1.798    1.794    1.784    1.768    1.749    1.725    1.697    1.667    1.634    
PD106    3.376e-09    1.146e-05    0.01168    0.03301    0.06961    0.1269    0.2101    0.3238    0.4723    0.6591    0.8867    1.157    1.469    1.824    2.22    2.654    3.125    3.628    4.162    4.722    5.306    5.91    6.531    7.167    7.815    8.471    9.135    9.803    10.47    11.14    11.81    12.48    13.14    13.8    14.45    15.1    
PD107    2.276e-08    2.594e-05    0.0183    0.04339    0.0826    0.14    0.2182    0.3189    0.4431    0.5908    0.7616    0.9539    1.166    1.394    1.636    1.89    2.152    2.42    2.692    2.965    3.238    3.509    3.776    4.04    4.297    4.548    4.792    5.028    5.255    5.473    5.682    5.882    6.072    6.252    6.422    6.583    
PD108    1.741e-08    1.966e-05    0.01288    0.03072    0.0588    0.1001    0.1568    0.2301    0.3209    0.4296    0.5558    0.6988    0.857    1.029    1.212    1.406    1.607    1.814    2.025    2.239    2.455    2.671    2.886    3.1    3.311    3.518    3.722    3.921    4.115    4.303    4.485    4.661    4.831    4.995    5.151    5.301    
AG109    6.091e-09    1.093e-05    0.007738    0.0174    0.03183    0.05223    0.07909    0.1125    0.1521    0.1976    0.2482    0.303    0.3609    0.4207    0.4813    0.5419    0.6015    0.6595    0.7155    0.769    0.8199    0.868    0.9131    0.9553    0.9946    1.031    1.064    1.095    1.123    1.149    1.172    1.193    1.212    1.229    1.244    1.257    
PD110    5.369e-09    6.039e-06    0.003692    0.008835    0.01696    0.02896    0.04545    0.06687    0.09348    0.1254    0.1626    0.2049    0.2518    0.3029    0.3577    0.4157    0.4762    0.5389    0.6032    0.6687    0.735    0.8018    0.8689    0.9358    1.002    1.068    1.134    1.198    1.261    1.323    1.384    1.444    1.502    1.558    1.614    1.667    
CD110    1.019e-11    6.756e-07    0.0006905    0.003129    0.007932    0.01613    0.0289    0.04744    0.07292    0.1064    0.1489    0.2011    0.2636    0.3368    0.4207    0.5153    0.6203    0.7352    0.8595    0.9928    1.134    1.283    1.439    1.601    1.768    1.94    2.116    2.295    2.477    2.662    2.848    3.036    3.224    3.413    3.602    3.79    
CD111    2.256e-10    2.689e-06    0.001533    0.003886    0.00752    0.01292    0.02041    0.03023    0.04259    0.05761    0.07536    0.09584    0.119    0.1447    0.1728    0.2031    0.2356    0.27    0.3064    0.3444    0.3842    0.4255    0.4682    0.5124    0.5579    0.6046    0.6526    0.7016    0.7518    0.8029    0.855    0.9079    0.9617    1.016    1.072    1.128    
CD112    5.396e-10    1.265e-06    0.0007022    0.001758    0.003474    0.006078    0.009754    0.01466    0.02094    0.0287    0.03803    0.04897    0.06155    0.07576    0.09159    0.109    0.128    0.1485    0.1705    0.194    0.219    0.2454    0.2733    0.3025    0.3333    0.3654    0.399    0.434    0.4704    0.5083    0.5476    0.5884    0.6306    0.6744    0.7196    0.7663    
CD114    6.011e-10    1.265e-06    0.0007923    0.001914    0.003678    0.006285    0.009871    0.01453    0.02033    0.0273    0.03543    0.04468    0.05498    0.06622    0.0783    0.09111    0.1045    0.1185    0.1328    0.1475    0.1624    0.1775    0.1928    0.2081    0.2234    0.2387    0.2539    0.2691    0.2841    0.299    0.3138    0.3284    0.3428    0.3571    0.3712    0.3851    
CD116    1.626e-10    1.937e-07    0.0002239    0.0005317    0.001011    0.001709    0.002658    0.003879    0.005384    0.00718    0.009261    0.01161    0.01422    0.01705    0.02007    0.02325    0.02657    0.03    0.0335    0.03707    0.04067    0.04429    0.04792    0.05154    0.05513    0.05869    0.06221    0.06567    0.06908    0.07242    0.07568    0.07888    0.08199    0.08503    0.08798    0.09085    
SN117    1.229e-10    1.647e-07    0.0002246    0.0005325    0.00101    0.001703    0.002642    0.003847    0.005329    0.007093    0.009134    0.01144    0.01398    0.01674    0.01968    0.02277    0.02599    0.0293    0.03268    0.03611    0.03957    0.04304    0.04651    0.04996    0.05337    0.05675    0.06007    0.06334    0.06654    0.06967    0.07272    0.07569    0.07858    0.08139    0.08411    0.08674    
SN118    1.348e-10    1.666e-07    0.0002254    0.0005354    0.001017    0.001719    0.002673    0.003899    0.005411    0.007215    0.009308    0.01168    0.0143    0.01716    0.02021    0.02344    0.02681    0.0303    0.03387    0.03752    0.04122    0.04495    0.04869    0.05244    0.05617    0.05989    0.06357    0.06722    0.07082    0.07436    0.07785    0.08127    0.08463    0.08793    0.09115    0.09429    
SN119    1.349e-10    1.656e-07    0.0002297    0.0005448    0.001034    0.001745    0.002708    0.003945    0.005468    0.00728    0.009378    0.01175    0.01436    0.0172    0.02023    0.02342    0.02673    0.03014    0.03363    0.03717    0.04074    0.04432    0.0479    0.05146    0.05498    0.05847    0.0619    0.06527    0.06857    0.07181    0.07496    0.07803    0.08101    0.08391    0.08672    0.08943    
SN120    1.329e-10    1.632e-07    0.0002354    0.0005587    0.001061    0.001791    0.002782    0.004056    0.005625    0.007496    0.009666    0.01212    0.01484    0.01779    0.02095    0.02429    0.02777    0.03137    0.03506    0.03882    0.04263    0.04647    0.05033    0.05418    0.05802    0.06184    0.06562    0.06936    0.07305    0.07668    0.08025    0.08376    0.08719    0.09055    0.09384    0.09705    
SB121    5.483e-11    1.612e-07    0.0002427    0.0005755    0.001086    0.001822    0.002812    0.004076    0.00562    0.007445    0.009541    0.01189    0.01446    0.01722    0.02014    0.02318    0.0263    0.02948    0.03268    0.03589    0.03907    0.04222    0.04531    0.04833    0.05128    0.05413    0.05688    0.05952    0.06206    0.06447    0.06677    0.06895    0.071    0.07293    0.07474    0.07643    
SN122    1.308e-10    1.631e-07    0.0002604    0.0006167    0.001169    0.00197    0.003055    0.004446    0.006158    0.008195    0.01055    0.01322    0.01616    0.01935    0.02276    0.02635    0.03009    0.03394    0.03788    0.04189    0.04594    0.05001    0.05408    0.05814    0.06217    0.06617    0.07011    0.074    0.07782    0.08156    0.08523    0.08881    0.09231    0.09572    0.09904    0.1023    
SB123    1.121e-10    1.468e-07    0.0002491    0.0006146    0.001187    0.002022    0.00316    0.004627    0.006438    0.008597    0.0111    0.01393    0.01705    0.02044    0.02404    0.02783    0.03175    0.03577    0.03986    0.04398    0.04811    0.05223    0.0563    0.06032    0.06427    0.06812    0.07188    0.07552    0.07905    0.08246    0.08573    0.08887    0.09187    0.09473    0.09746    0.1    
SN124    1.627e-10    2.088e-07    0.0003874    0.0009162    0.001734    0.002918    0.004519    0.006568    0.009086    0.01208    0.01554    0.01944    0.02375    0.02842    0.0334    0.03863    0.04408    0.04969    0.05542    0.06124    0.06711    0.073    0.07889    0.08475    0.09057    0.09632    0.102    0.1076    0.113    0.1184    0.1236    0.1288    0.1337    0.1386    0.1433    0.1478    
SB125    1.789e-10    3.09e-07    0.0008041    0.001892    0.003492    0.005739    0.00869    0.01236    0.01673    0.02177    0.0274    0.03353    0.04004    0.04681    0.0537    0.0606    0.0674    0.074    0.08034    0.08636    0.09201    0.09726    0.1021    0.1065    0.1104    0.1139    0.117    0.1196    0.1218    0.1236    0.125    0.126    0.1267    0.1271    0.1271    0.1268    
SN126    4.248e-10    5.756e-07    0.001335    0.003155    0.005963    0.01002    0.0155    0.02251    0.03111    0.04132    0.05312    0.06642    0.08111    0.09701    0.114    0.1318    0.1503    0.1694    0.1889    0.2088    0.2287    0.2488    0.2689    0.2888    0.3086    0.3282    0.3476    0.3666    0.3853    0.4036    0.4215    0.4389    0.456    0.4725    0.4886    0.5043    
I127    1.017e-10    1.382e-06    0.002844    0.007121    0.01364    0.02308    0.03585    0.05221    0.07231    0.09619    0.1237    0.1548    0.1889    0.2258    0.2648    0.3057    0.3478    0.3908    0.4343    0.478    0.5215    0.5646    0.6071    0.6488    0.6895    0.7291    0.7674    0.8044    0.8399    0.874    0.9065    0.9375    0.9669    0.9946    1.021    1.045    
TE128    1.895e-09    2.606e-06    0.005756    0.01362    0.02576    0.04333    0.06706    0.09741    0.1347    0.179    0.2302    0.288    0.3518    0.4209    0.4946    0.5722    0.653    0.7362    0.8213    0.9077    0.9949    1.083    1.17    1.258    1.344    1.43    1.515    1.598    1.68    1.761    1.84    1.917    1.992    2.065    2.136    2.205    
I129    3.221e-09    4.851e-06    0.009311    0.0222    0.04158    0.06919    0.1059    0.1521    0.2078    0.2726    0.3459    0.4267    0.5136    0.6052    0.6998    0.7961    0.8926    0.9882    1.082    1.173    1.26    1.344    1.422    1.496    1.565    1.629    1.687    1.74    1.787    1.829    1.866    1.897    1.924    1.945    1.962    1.975    
TE130    8.803e-09    1.098e-05    0.01716    0.04064    0.07702    0.1298    0.2013    0.293    0.4059    0.5401    0.6955    0.8709    1.065    1.275    1.499    1.736    1.981    2.235    2.494    2.757    3.023    3.291    3.558    3.824    4.089    4.35    4.609    4.863    5.113    5.358    5.598    5.832    6.06    6.282    6.498    6.708    
XE130    1.273e-12    8.897e-08    0.0002758    0.001227    0.003135    0.006427    0.0116    0.01916    0.02964    0.04355    0.06136    0.08349    0.1103    0.142    0.1789    0.2209    0.2682    0.3206    0.378    0.4402    0.507    0.5781    0.6533    0.7322    0.8146    0.9    0.9882    1.079    1.171    1.266    1.362    1.459    1.556    1.655    1.753    1.852    
I131    1.4e-08    5.74e-06    0.004085    0.004712    0.006807    0.009559    0.01276    0.01633    0.0202    0.02426    0.02837    0.03233    0.03598    0.03919    0.04192    0.04416    0.04594    0.0473    0.04829    0.04896    0.04934    0.04948    0.0494    0.04914    0.04871    0.04815    0.04747    0.04669    0.04583    0.0449    0.0439    0.04287    0.04179    0.04069    0.03957    0.03844    
XE131    1.209e-09    1.745e-05    0.02235    0.05306    0.09641    0.1564    0.2342    0.3295    0.4412    0.5677    0.7064    0.8543    1.008    1.163    1.316    1.465    1.606    1.738    1.859    1.969    2.066    2.152    2.226    2.288    2.338    2.378    2.408    2.429    2.44    2.444    2.44    2.43    2.414    2.392    2.366    2.335    
TE132    1.992e-08    3.39e-06    0.002281    0.00264    0.003822    0.005375    0.007183    0.009196    0.01138    0.01366    0.01597    0.0182    0.02025    0.02206    0.02359    0.02485    0.02586    0.02662    0.02718    0.02755    0.02777    0.02784    0.02779    0.02764    0.0274    0.02708    0.02669    0.02625    0.02575    0.02522    0.02466    0.02406    0.02345    0.02282    0.02219    0.02154    
XE132    4.548e-09    2.962e-05    0.03758    0.09577    0.188    0.3251    0.5156    0.7658    1.081    1.464    1.918    2.441    3.032    3.686    4.398    5.162    5.973    6.825    7.711    8.626    9.564    10.52    11.49    12.47    13.45    14.44    15.42    16.4    17.37    18.33    19.28    20.21    21.13    22.03    22.91    23.77    
XE133    1.508e-08    7.787e-06    0.004899    0.005667    0.008208    0.01155    0.01545    0.0198    0.02451    0.02947    0.03448    0.03931    0.04377    0.04771    0.05107    0.05383    0.05604    0.05775    0.05901    0.05987    0.06039    0.06061    0.06057    0.0603    0.05983    0.0592    0.05842    0.05752    0.05651    0.05542    0.05426    0.05303    0.05176    0.05046    0.04913    0.04779    
CS133    1.679e-09    3.862e-05    0.04421    0.1077    0.202    0.3365    0.5161    0.7427    1.017    1.337    1.699    2.099    2.53    2.985    3.455    3.932    4.411    4.884    5.347    5.796    6.226    6.636    7.022    7.383    7.719    8.027    8.308    8.561    8.787    8.986    9.158    9.305    9.427    9.525    9.599    9.652    
XE134    4.241e-08    5.2e-05    0.05371    0.1277    0.243    0.4114    0.6406    0.9357    1.3    1.735    2.239    2.81    3.442    4.129    4.862    5.636    6.442    7.275    8.128    8.995    9.871    10.75    11.64    12.52    13.39    14.26    15.11    15.96    16.78    17.6    18.39    19.17    19.93    20.67    21.39    22.09    
CS134    8.741e-13    7.024e-07    0.001135    0.005036    0.01203    0.02311    0.0393    0.06144    0.09019    0.1259    0.1688    0.2188    0.2753    0.3378    0.4054    0.4771    0.5519    0.6285    0.7061    0.7835    0.8601    0.9349    1.007    1.077    1.143    1.206    1.264    1.318    1.368    1.414    1.455    1.491    1.523    1.551    1.575    1.594    
BA134    5.225e-16    1.603e-08    3.391e-05    0.0003198    0.001167    0.002955    0.006173    0.01142    0.01935    0.03072    0.04627    0.06675    0.09291    0.1254    0.1648    0.2117    0.2663    0.3289    0.3996    0.4785    0.5655    0.6604    0.7629    0.8728    0.9896    1.113    1.242    1.377    1.518    1.662    1.811    1.964    2.119    2.278    2.438    2.6    
CS135    1.431e-09    2.007e-06    0.002418    0.006599    0.01396    0.026    0.04423    0.0703    0.1059    0.1528    0.2127    0.2871    0.3774    0.4848    0.61    0.7539    0.9166    1.098    1.299    1.517    1.754    2.007    2.276    2.56    2.857    3.167    3.488    3.818    4.157    4.502    4.853    5.209    5.567    5.927    6.288    6.648    
XE136    7.305e-08    9.213e-05    0.1004    0.2385    0.4537    0.7676    1.195    1.744    2.422    3.231    4.17    5.232    6.407    7.683    9.048    10.49    11.99    13.53    15.12    16.73    18.36    20    21.65    23.28    24.91    26.53    28.12    29.69    31.24    32.75    34.24    35.69    37.1    38.49    39.83    41.13    
BA136    4.957e-12    1.188e-07    0.000613    0.00169    0.003352    0.005834    0.009316    0.01396    0.01993    0.0274    0.03653    0.04748    0.06041    0.07548    0.09287    0.1127    0.1353    0.1607    0.1891    0.2209    0.2561    0.2951    0.3379    0.3849    0.4361    0.4917    0.552    0.617    0.6868    0.7616    0.8414    0.9264    1.017    1.112    1.212    1.318    
CS137    3.584e-08    4.246e-05    0.04782    0.1132    0.2147    0.3623    0.5625    0.8194    1.135    1.511    1.946    2.435    2.975    3.559    4.18    4.832    5.508    6.202    6.909    7.623    8.341    9.058    9.771    10.48    11.17    11.86    12.53    13.18    13.82    14.44    15.04    15.61    16.17    16.71    17.23    17.72    
BA137    4.303e-12    8.752e-08    0.0001572    0.0007463    0.00196    0.004103    0.00754    0.01267    0.01993    0.02973    0.04252    0.0587    0.07864    0.1027    0.1311    0.1641    0.202    0.2447    0.2925    0.3453    0.4032    0.4661    0.5339    0.6067    0.6844    0.7667    0.8536    0.9449    1.04    1.14    1.244    1.351    1.462    1.577    1.694    1.815    
BA138    3.51e-08    4.175e-05    0.04249    0.101    0.1923    0.3256    0.5071    0.7409    1.03    1.374    1.774    2.227    2.728    3.273    3.855    4.469    5.11    5.771    6.449    7.139    7.837    8.539    9.243    9.945    10.64    11.34    12.02    12.7    13.36    14.01    14.66    15.28    15.89    16.49    17.07    17.64    
LA139    3.348e-08    4.035e-05    0.0415    0.09814    0.1861    0.3139    0.4872    0.7094    0.9825    1.307    1.681    2.102    2.565    3.066    3.596    4.151    4.726    5.313    5.909    6.509    7.11    7.707    8.299    8.881    9.453    10.01    10.55    11.08    11.59    12.08    12.56    13.01    13.45    13.86    14.25    14.62    
BA140    3.1e-08    1.275e-05    0.009173    0.01125    0.01672    0.02384    0.03209    0.04121    0.05098    0.06116    0.07137    0.08119    0.09026    0.0983    0.1052    0.1109    0.1155    0.1191    0.1218    0.1237    0.1248    0.1253    0.1253    0.1248    0.1238    0.1225    0.1209    0.119    0.1168    0.1145    0.112    0.1094    0.1067    0.1039    0.1011    0.09816    
LA140    1.308e-09    1.687e-06    0.00122    0.001512    0.002258    0.003234    0.004374    0.005642    0.007013    0.008452    0.009912    0.01134    0.01267    0.01389    0.01496    0.01588    0.01667    0.01732    0.01786    0.01829    0.01863    0.01888    0.01906    0.01917    0.01923    0.01923    0.01918    0.0191    0.01897    0.01882    0.01864    0.01844    0.01822    0.01798    0.01772    0.01746    
CE140    4.359e-10    2.596e-05    0.03238    0.08918    0.1755    0.3029    0.4785    0.7072    0.9926    1.336    1.739    2.199    2.713    3.277    3.886    4.533    5.215    5.925    6.659    7.413    8.182    8.963    9.753    10.55    11.35    12.15    12.94    13.74    14.53    15.31    16.09    16.86    17.61    18.36    19.1    19.83    
CE141    2.461e-08    1.878e-05    0.01826    0.0249    0.03753    0.05412    0.07336    0.09449    0.117    0.1402    0.1634    0.1857    0.2064    0.2249    0.2409    0.2543    0.2653    0.274    0.2807    0.2855    0.2887    0.2905    0.2909    0.2902    0.2886    0.286    0.2827    0.2788    0.2743    0.2694    0.2641    0.2584    0.2526    0.2465    0.2402    0.2339    
PR141    5.288e-10    1.375e-05    0.0215    0.06867    0.139    0.2425    0.3851    0.5705    0.8008    1.076    1.397    1.759    2.16    2.594    3.056    3.539    4.04    4.551    5.069    5.589    6.107    6.62    7.125    7.62    8.103    8.571    9.024    9.459    9.877    10.28    10.66    11.02    11.36    11.68    11.98    12.25    
CE142    2.643e-08    3.278e-05    0.03825    0.09102    0.1731    0.2926    0.455    0.6639    0.9214    1.228    1.584    1.986    2.431    2.913    3.429    3.971    4.537    5.12    5.716    6.321    6.933    7.548    8.162    8.774    9.382    9.982    10.58    11.16    11.73    12.29    12.84    13.37    13.89    14.4    14.89    15.37    
ND142    2.975e-14    7.382e-08    0.0001563    0.001095    0.003209    0.007067    0.01338    0.02293    0.03654    0.05504    0.07923    0.1099    0.1476    0.1929    0.2464    0.3082    0.3786    0.4576    0.5452    0.6412    0.7454    0.8575    0.9773    1.104    1.238    1.378    1.524    1.675    1.832    1.992    2.157    2.325    2.496    2.669    2.844    3.021    
PR143    8.827e-09    1.022e-05    0.00785    0.009652    0.01434    0.02045    0.02753    0.03535    0.04373    0.05247    0.06124    0.0697    0.07752    0.08447    0.09045    0.09545    0.0995    0.1027    0.1051    0.1068    0.108    0.1085    0.1086    0.1083    0.1077    0.1067    0.1055    0.104    0.1023    0.1005    0.09848    0.09639    0.0942    0.09195    0.08964    0.0873    
ND143    3.636e-10    1.722e-05    0.02177    0.05041    0.08757    0.1372    0.1991    0.2719    0.3534    0.4415    0.5339    0.6279    0.7206    0.8096    0.8928    0.9688    1.037    1.096    1.147    1.191    1.226    1.255    1.278    1.294    1.306    1.313    1.316    1.316    1.313    1.307    1.298    1.288    1.276    1.263    1.249    1.234    
CE144    2.389e-08    2.612e-05    0.02633    0.05557    0.09728    0.154    0.2255    0.3107    0.4077    0.5142    0.6273    0.7438    0.8604    0.9737    1.081    1.181    1.271    1.351    1.42    1.479    1.527    1.566    1.595    1.616    1.629    1.635    1.634    1.628    1.616    1.6    1.579    1.555    1.529    1.499    1.468    1.434    
ND144    6.859e-11    4.699e-06    0.007562    0.03628    0.08997    0.1777    0.3093    0.4938    0.739    1.051    1.434    1.891    2.421    3.024    3.693    4.426    5.214    6.052    6.932    7.848    8.792    9.758    10.74    11.73    12.73    13.74    14.73    15.73    16.71    17.69    18.65    19.59    20.52    21.43    22.31    23.18    
ND145    1.633e-08    2.141e-05    0.02302    0.05332    0.09946    0.1656    0.2538    0.3652    0.4999    0.6573    0.8358    1.033    1.246    1.471    1.705    1.944    2.186    2.427    2.664    2.898    3.124    3.343    3.552    3.752    3.942    4.12    4.288    4.444    4.589    4.722    4.844    4.956    5.056    5.147    5.227    5.298    
ND146    1.583e-08    1.927e-05    0.0204    0.05004    0.09743    0.168    0.2661    0.395    0.5574    0.7554    0.99    1.261    1.568    1.91    2.284    2.688    3.12    3.578    4.058    4.559    5.078    5.613    6.163    6.724    7.296    7.877    8.464    9.057    9.653    10.25    10.85    11.45    12.05    12.65    13.25    13.84    
ND147    1.248e-08    4.607e-06    0.003131    0.003818    0.005665    0.008078    0.01088    0.01399    0.01734    0.02084    0.02437    0.02778    0.03095    0.03378    0.03623    0.0383    0.03999    0.04136    0.04241    0.0432    0.04376    0.0441    0.04426    0.04427    0.04413    0.04388    0.04352    0.04307    0.04254    0.04195    0.04131    0.04062    0.0399    0.03915    0.03839    0.0376    
PM147    7.928e-10    9.348e-06    0.0104    0.02217    0.03742    0.05762    0.08248    0.1112    0.143    0.1768    0.2118    0.2468    0.2808    0.3128    0.3422    0.3685    0.3915    0.4112    0.4277    0.4412    0.4518    0.4599    0.4657    0.4693    0.4712    0.4714    0.4701    0.4676    0.464    0.4594    0.454    0.4479    0.4412    0.4341    0.4266    0.4187    
SM147    4.349e-13    1.923e-07    0.0003059    0.001562    0.003736    0.007085    0.01187    0.01826    0.02637    0.03619    0.04767    0.06065    0.07493    0.09024    0.1063    0.1227    0.1393    0.1557    0.1716    0.187    0.2015    0.2151    0.2277    0.2393    0.2497    0.259    0.2672    0.2743    0.2803    0.2853    0.2893    0.2923    0.2945    0.2959    0.2965    0.2965    
ND148    1.144e-08    1.354e-05    0.01358    0.03224    0.0613    0.1037    0.1614    0.2356    0.327    0.436    0.5623    0.7048    0.8624    1.033    1.215    1.407    1.606    1.811    2.02    2.232    2.446    2.66    2.873    3.086    3.295    3.502    3.706    3.905    4.1    4.29    4.475    4.655    4.829    4.997    5.16    5.317    
SM148    1.615e-13    7.038e-07    0.001132    0.005737    0.01422    0.02793    0.04837    0.07687    0.1146    0.1623    0.2208    0.2902    0.3705    0.4615    0.5626    0.673    0.7918    0.918    1.051    1.189    1.331    1.478    1.627    1.778    1.93    2.084    2.237    2.39    2.543    2.694    2.843    2.991    3.136    3.279    3.419    3.556    
ND150    7.19e-09    8.365e-06    0.00797    0.01894    0.03605    0.06105    0.09509    0.1389    0.1931    0.2577    0.3326    0.4173    0.511    0.6127    0.7213    0.8356    0.9547    1.077    1.203    1.33    1.459    1.588    1.717    1.846    1.973    2.099    2.223    2.345    2.465    2.581    2.695    2.806    2.914    3.019    3.121    3.219    
SM150    1.1e-09    1.013e-05    0.01017    0.02549    0.04876    0.08207    0.1265    0.1826    0.25    0.3281    0.4157    0.5113    0.6127    0.7177    0.8243    0.9302    1.034    1.133    1.228    1.317    1.399    1.474    1.541    1.602    1.655    1.701    1.74    1.773    1.799    1.82    1.835    1.845    1.85    1.851    1.848    1.842    
SM152    4.651e-09    1.032e-05    0.009684    0.02141    0.03847    0.06231    0.09332    0.1314    0.1762    0.2271    0.2832    0.3432    0.4058    0.4696    0.5332    0.5955    0.6555    0.7124    0.7657    0.8149    0.8599    0.9003    0.9363    0.9677    0.9948    1.018    1.036    1.051    1.062    1.07    1.075    1.077    1.076    1.072    1.067    1.059    
EU153    9e-10    4.112e-06    0.003747    0.009997    0.01947    0.03302    0.05117    0.0741    0.1017    0.1338    0.1698    0.2091    0.2509    0.2942    0.3381    0.3818    0.4245    0.4655    0.5044    0.5408    0.5743    0.6049    0.6324    0.6567    0.678    0.6962    0.7114    0.7239    0.7336    0.7408    0.7457    0.7483    0.749    0.7477    0.7448    0.7404    
SM154    2.359e-09    2.778e-06    0.002377    0.005703    0.01093    0.01861    0.02913    0.04275    0.05964    0.07987    0.1034    0.1301    0.1598    0.1921    0.2267    0.2632    0.3014    0.3407    0.3811    0.4221    0.4635    0.5051    0.5466    0.588    0.6289    0.6693    0.709    0.7479    0.7859    0.8229    0.8589    0.8937    0.9274    0.96    0.9912    1.021    
EU154    4.737e-12    5.686e-07    0.0006551    0.002454    0.005287    0.009438    0.01514    0.02253    0.03162    0.04235    0.05459    0.06813    0.08271    0.09803    0.1137    0.1295    0.1451    0.1602    0.1747    0.1883    0.2009    0.2125    0.223    0.2324    0.2407    0.2478    0.2539    0.2589    0.263    0.266    0.2682    0.2696    0.2702    0.2702    0.2694    0.2681    
EU155    1.362e-09    6.615e-07    0.00047    0.00109    0.002166    0.003726    0.005836    0.008537    0.01183    0.0157    0.02008    0.02491    0.03007    0.03546    0.04098    0.0465    0.05193    0.05718    0.06219    0.06691    0.07129    0.0753    0.07893    0.08217    0.08502    0.08749    0.08958    0.09132    0.0927    0.09377    0.09452    0.095    0.09521    0.09517    0.09492    0.09447    
EU156    7.872e-10    8.951e-07    0.0006313    0.00129    0.002497    0.00424    0.006578    0.009552    0.01317    0.01739    0.02217    0.02742    0.03302    0.03887    0.04483    0.05079    0.05665    0.06232    0.06772    0.0728    0.07751    0.08182    0.08573    0.08921    0.09226    0.09491    0.09714    0.09899    0.1005    0.1016    0.1024    0.1029    0.1031    0.103    0.1027    0.1022    
GD156    3.165e-11    1.406e-06    0.001534    0.005846    0.01471    0.03053    0.05584    0.09344    0.1462    0.2168    0.3079    0.4217    0.5599    0.7237    0.9138    1.13    1.373    1.641    1.932    2.246    2.58    2.933    3.302    3.686    4.082    4.488    4.903    5.323    5.748    6.176    6.604    7.032    7.458    7.881    8.3    8.713    
GD158    1.004e-09    1.794e-06    0.00127    0.003359    0.006987    0.01278    0.02134    0.03326    0.04914    0.06953    0.09494    0.1258    0.1624    0.2051    0.2539    0.309    0.3704    0.438    0.5118    0.5915    0.677    0.7681    0.8645    0.966    1.072    1.183    1.298    1.418    1.54    1.667    1.796    1.929    2.064    2.202    2.342    2.484    
TB159    1.584e-10    3.419e-07    0.0001901    0.0004568    0.000879    0.001507    0.002378    0.003522    0.00496    0.006712    0.008788    0.01119    0.01393    0.01699    0.02036    0.02405    0.02805    0.03236    0.03697    0.04189    0.04711    0.05265    0.05849    0.06465    0.07113    0.07792    0.08503    0.09247    0.1002    0.1083    0.1167    0.1254    0.1344    0.1437    0.1533    0.1632    
