TIME    3   100   220   340   460   580   700   820   1040   1160   1280   1400   1520   1640   1760   1880   2000   2120   2240   2360   2480   2600   2720   2840   2960   3080   3200   3320   3440   3560   3680   3800   3920   4040   4160   4280   
NEUT_PROD    2100   770   275   99.8   38.8   18.1   11.7   10.2   11.1   12   12.9   13.8   14.6   15.3   15.9   16.5   16.9   17.3   17.6   17.7   17.9   17.9   17.9   17.8   17.7   17.5   17.3   17   16.7   16.4   16   15.7   15.3   14.9   14.5   14.1   
NEUT_DEST    1030   590   233   143   106   88   78.3   72   63.9   61.1   58.6   56.5   54.6   52.9   51.4   50   48.8   47.6   46.5   45.5   44.5   43.5   42.7   41.8   41   40.2   39.4   38.6   37.9   37.2   36.5   35.8   35.1   34.4   33.8   33.1   
BUd    22.2    479    176    62    22.6    9.19    4.76    3.43    6.75    3.39    3.6    3.82    4.03    4.22    4.39    4.55    4.68    4.79    4.88    4.94    4.99    5.01    5.02    5.01    4.99    4.95    4.89    4.83    4.75    4.67    4.58    4.48    4.38    4.27    4.16    4.05    
HE4    3.261e-07    0.005411    0.02779    0.0581    0.08648    0.1095    0.1276    0.1421    0.1645    0.1762    0.1881    0.2006    0.2137    0.2275    0.2418    0.2567    0.2721    0.2878    0.3039    0.3201    0.3365    0.353    0.3694    0.3858    0.402    0.4181    0.4339    0.4495    0.4649    0.4799    0.4946    0.5089    0.5229    0.5365    0.5498    0.5626    
U234    1.023e-10    0.0001762    0.002056    0.006648    0.01312    0.02007    0.02638    0.03143    0.03635    0.03744    0.0376    0.03706    0.036    0.03459    0.03296    0.03121    0.0294    0.0276    0.02583    0.02412    0.02249    0.02094    0.01948    0.01812    0.01684    0.01565    0.01455    0.01352    0.01257    0.01168    0.01086    0.01011    0.009406    0.008757    0.008156    0.0076    
PU238    7.393e-06    0.2919    1.333    2.429    3.073    3.217    3.011    2.623    1.73    1.366    1.058    0.8089    0.613    0.4623    0.3479    0.2622    0.1985    0.1515    0.1171    0.09193    0.07368    0.0605    0.05101    0.0442    0.03932    0.03584    0.03335    0.03155    0.03024    0.02925    0.02849    0.02787    0.02733    0.02684    0.02637    0.02591    
PU239    4.363e-07    0.02156    0.1941    0.5007    0.7944    0.9772    1.031    0.9831    0.7358    0.602    0.4808    0.3768    0.2911    0.2226    0.1692    0.1281    0.0971    0.07385    0.05658    0.04385    0.0345    0.02768    0.02272    0.01913    0.01653    0.01466    0.01331    0.01233    0.01161    0.01108    0.01068    0.01036    0.0101    0.009875    0.009673    0.009481    
PU240    0.0002863    0.007204    0.04357    0.1572    0.3516    0.5934    0.8427    1.072    1.381    1.533    1.658    1.764    1.856    1.939    2.014    2.081    2.14    2.192    2.236    2.272    2.299    2.318    2.329    2.331    2.326    2.314    2.295    2.27    2.24    2.205    2.166    2.124    2.078    2.03    1.979    1.927    
PU241    969.4    354.3    125.2    44.28    15.72    5.681    2.198    1.03    0.5757    0.5845    0.6229    0.6661    0.7071    0.7443    0.7778    0.8079    0.8349    0.8588    0.8795    0.897    0.911    0.9217    0.929    0.933    0.9337    0.9315    0.9264    0.9188    0.9087    0.8966    0.8825    0.8668    0.8497    0.8314    0.812    0.7918    
PU242    7.696    156.9    203.2    210.6    204.8    194.8    183.8    173    152.8    143.5    134.9    126.8    119.2    112.1    105.4    99.12    93.26    87.75    82.6    77.76    73.22    68.97    64.97    61.23    57.71    54.41    51.31    48.4    45.67    43.1    40.69    38.42    36.28    34.27    32.38    30.6    
PU243    0.001439    0.02934    0.038    0.0394    0.03831    0.03644    0.03439    0.03235    0.02857    0.02685    0.02523    0.02371    0.02229    0.02096    0.01971    0.01854    0.01744    0.01641    0.01545    0.01454    0.0137    0.0129    0.01215    0.01145    0.0108    0.01018    0.009598    0.009054    0.008543    0.008062    0.00761    0.007186    0.006786    0.00641    0.006057    0.005724    
PU244    2.585e-06    0.00244    0.007761    0.01437    0.02156    0.029    0.03649    0.0439    0.05819    0.06495    0.07143    0.07759    0.08342    0.08894    0.09412    0.09898    0.1035    0.1078    0.1117    0.1154    0.1188    0.1219    0.1248    0.1274    0.1298    0.1321    0.1341    0.1359    0.1376    0.139    0.1404    0.1415    0.1426    0.1435    0.1443    0.145    
AM243    0.006583    5.532    15.26    24.48    31.95    37.56    41.53    44.15    46.38    46.4    45.91    45.03    43.86    42.49    40.97    39.36    37.7    36.02    34.33    32.67    31.05    29.46    27.93    26.46    25.05    23.7    22.41    21.19    20.02    18.92    17.87    16.89    15.95    15.07    14.23    13.45    
CM242    0.002098    1.842    3.502    3.547    2.834    2.007    1.326    0.8391    0.3411    0.206    0.1255    0.07822    0.05079    0.03509    0.02625    0.0214    0.01883    0.01757    0.01704    0.01692    0.017    0.01717    0.01737    0.01756    0.01771    0.01782    0.01788    0.01788    0.01783    0.01773    0.01758    0.01739    0.01716    0.01689    0.01659    0.01627    
CM244    1.282e-05    0.4019    2.384    6.089    11.14    17.08    23.5    30.08    42.88    48.72    54.08    58.92    63.2    66.93    70.1    72.74    74.87    76.52    77.73    78.53    78.95    79.03    78.8    78.3    77.56    76.61    75.47    74.17    72.74    71.19    69.55    67.83    66.05    64.23    62.37    60.49    
CM245    5.83e-09    0.003698    0.03056    0.08885    0.1738    0.2773    0.3917    0.5107    0.7454    0.8537    0.9537    1.044    1.125    1.196    1.257    1.307    1.349    1.382    1.406    1.422    1.432    1.435    1.433    1.425    1.413    1.397    1.377    1.355    1.329    1.302    1.272    1.242    1.21    1.177    1.143    1.109    
CM246    1.766e-11    0.0004245    0.007716    0.03631    0.1009    0.2125    0.3781    0.6012    1.22    1.612    2.053    2.538    3.063    3.622    4.21    4.821    5.451    6.094    6.747    7.405    8.065    8.724    9.377    10.02    10.66    11.28    11.9    12.49    13.07    13.63    14.18    14.7    15.2    15.69    16.15    16.6    
CM247    6.126e-16    5.179e-07    1.93e-05    0.0001376    0.000509    0.00133    0.002803    0.005115    0.01283    0.01843    0.02524    0.03326    0.04247    0.05279    0.06417    0.0765    0.08969    0.1036    0.1182    0.1334    0.1489    0.1648    0.1809    0.1972    0.2135    0.2298    0.246    0.262    0.2778    0.2933    0.3086    0.3234    0.3379    0.3519    0.3656    0.3787    
SE78    0.0005606    0.03276    0.03831    0.04066    0.04194    0.04285    0.0436    0.0443    0.04558    0.04622    0.04684    0.04745    0.04806    0.04866    0.04925    0.04983    0.05041    0.05097    0.05154    0.05209    0.05264    0.05318    0.05371    0.05423    0.05475    0.05526    0.05577    0.05626    0.05674    0.05721    0.05768    0.05812    0.05856    0.05899    0.0594    0.05979    
SE79    0.001352    0.07214    0.08272    0.08633    0.08756    0.08798    0.08815    0.08825    0.08839    0.08853    0.0887    0.0889    0.08913    0.08938    0.08966    0.08995    0.09027    0.09059    0.09093    0.09129    0.09165    0.09202    0.0924    0.09279    0.09317    0.09356    0.09395    0.09434    0.09472    0.09509    0.09545    0.0958    0.09613    0.09645    0.09675    0.09703    
SE80    0.002768    0.163    0.1854    0.1937    0.197    0.1987    0.2    0.201    0.2031    0.2043    0.2056    0.2069    0.2083    0.2097    0.2113    0.2128    0.2144    0.216    0.2177    0.2194    0.2211    0.2229    0.2247    0.2264    0.2282    0.23    0.2318    0.2336    0.2354    0.2372    0.2389    0.2406    0.2423    0.2439    0.2455    0.2471    
BR81    0.004961    0.2648    0.3017    0.3127    0.3149    0.3142    0.3125    0.3106    0.3067    0.3051    0.3035    0.3021    0.3008    0.2996    0.2985    0.2975    0.2966    0.2958    0.295    0.2942    0.2935    0.2929    0.2923    0.2917    0.2912    0.2907    0.2901    0.2896    0.2891    0.2885    0.2879    0.2873    0.2867    0.2859    0.2852    0.2844    
SE82    0.009024    0.3875    0.4578    0.483    0.4925    0.4967    0.4991    0.501    0.5044    0.5064    0.5085    0.5108    0.5132    0.5157    0.5183    0.521    0.5238    0.5266    0.5296    0.5326    0.5356    0.5387    0.5418    0.5449    0.5481    0.5513    0.5545    0.5576    0.5608    0.5639    0.5669    0.5699    0.5729    0.5758    0.5785    0.5813    
KR82    2.248e-06    0.004563    0.007791    0.01068    0.01341    0.01594    0.01829    0.02044    0.02423    0.0259    0.02744    0.02885    0.03014    0.03133    0.03243    0.03343    0.03435    0.0352    0.03598    0.0367    0.03735    0.03796    0.03851    0.03902    0.03948    0.03991    0.04029    0.04065    0.04097    0.04127    0.04153    0.04177    0.04198    0.04217    0.04234    0.04248    
KR83    0.01478    0.5661    0.5348    0.4401    0.3454    0.2662    0.2043    0.1572    0.095    0.07561    0.06134    0.0509    0.04331    0.03785    0.03397    0.03126    0.02939    0.02815    0.02736    0.0269    0.02666    0.02658    0.0266    0.0267    0.02683    0.02698    0.02711    0.02723    0.0273    0.02733    0.02732    0.02725    0.02713    0.02696    0.02676    0.02652    
KR84    0.02887    1.16    1.548    1.769    1.912    2.012    2.086    2.143    2.221    2.249    2.274    2.294    2.313    2.33    2.346    2.361    2.376    2.39    2.405    2.419    2.433    2.447    2.462    2.476    2.491    2.506    2.52    2.535    2.55    2.564    2.578    2.593    2.607    2.621    2.634    2.648    
KR85    0.00588    0.2581    0.3035    0.3148    0.3148    0.311    0.3061    0.301    0.2918    0.2871    0.2825    0.2782    0.2741    0.2701    0.2663    0.2626    0.2591    0.2558    0.2525    0.2494    0.2464    0.2435    0.2406    0.2379    0.2353    0.2327    0.2302    0.2277    0.2253    0.223    0.2206    0.2183    0.216    0.2137    0.2115    0.2092    
RB85    0.02182    0.9455    1.142    1.214    1.245    1.261    1.273    1.282    1.3    1.31    1.32    1.33    1.34    1.35    1.361    1.372    1.383    1.394    1.405    1.416    1.427    1.438    1.449    1.461    1.472    1.483    1.494    1.505    1.516    1.526    1.537    1.547    1.557    1.567    1.577    1.586    
KR86    0.05107    1.863    2.256    2.397    2.45    2.472    2.484    2.493    2.508    2.517    2.527    2.537    2.547    2.558    2.569    2.581    2.593    2.605    2.618    2.631    2.644    2.657    2.671    2.684    2.698    2.711    2.725    2.739    2.752    2.765    2.778    2.791    2.804    2.816    2.828    2.84    
SR86    1.201e-07    0.000522    0.001874    0.003106    0.004389    0.005692    0.007004    0.008322    0.01096    0.0123    0.01363    0.01496    0.0163    0.01764    0.01899    0.02034    0.0217    0.02306    0.02443    0.0258    0.02718    0.02856    0.02995    0.03134    0.03273    0.03413    0.03554    0.03695    0.03836    0.03978    0.0412    0.04262    0.04405    0.04548    0.04691    0.04835    
RB87    0.06112    2.305    2.791    2.963    3.026    3.053    3.066    3.076    3.093    3.103    3.114    3.125    3.137    3.149    3.162    3.176    3.19    3.204    3.219    3.234    3.249    3.265    3.28    3.296    3.312    3.328    3.344    3.36    3.376    3.391    3.406    3.421    3.436    3.45    3.464    3.478    
SR88    0.07658    3.115    3.759    3.985    4.07    4.107    4.127    4.143    4.17    4.185    4.202    4.22    4.238    4.257    4.277    4.298    4.32    4.342    4.364    4.387    4.41    4.434    4.458    4.482    4.506    4.531    4.555    4.579    4.603    4.627    4.651    4.674    4.696    4.719    4.74    4.761    
SR89    0.09784    2.434    0.8493    0.2992    0.1089    0.04322    0.02092    0.01377    0.01081    0.01209    0.01296    0.01375    0.01449    0.01519    0.01583    0.01642    0.01695    0.01742    0.01785    0.01822    0.01856    0.01886    0.01913    0.01936    0.01954    0.01967    0.01973    0.01971    0.0196    0.01942    0.01917    0.01885    0.01849    0.01808    0.01765    0.01719    
Y89    0.002039    1.458    3.815    4.634    4.92    5.021    5.059    5.075    5.092    5.1    5.11    5.122    5.134    5.148    5.162    5.178    5.194    5.211    5.229    5.247    5.265    5.284    5.304    5.323    5.343    5.363    5.383    5.403    5.423    5.442    5.461    5.48    5.498    5.515    5.532    5.548    
SR90    0.1278    4.898    5.839    6.138    6.215    6.214    6.189    6.156    6.093    6.061    6.031    6.003    5.977    5.952    5.929    5.907    5.886    5.866    5.847    5.829    5.812    5.795    5.779    5.763    5.748    5.733    5.718    5.704    5.689    5.673    5.658    5.641    5.625    5.607    5.589    5.57    
ZR90    2.832e-06    0.01346    0.06058    0.1151    0.1721    0.2296    0.2872    0.3445    0.4505    0.5072    0.5636    0.6197    0.6757    0.7315    0.7871    0.8426    0.8979    0.9531    1.008    1.063    1.118    1.173    1.227    1.282    1.336    1.39    1.445    1.499    1.553    1.607    1.661    1.714    1.768    1.822    1.875    1.928    
Y91    0.1247    3.888    1.601    0.6199    0.2404    0.09962    0.04926    0.03219    0.02535    0.02666    0.02797    0.02927    0.03051    0.03169    0.03278    0.03378    0.03468    0.03548    0.03619    0.03683    0.03739    0.03789    0.03833    0.0387    0.039    0.0392    0.03928    0.03923    0.03904    0.03872    0.03828    0.03773    0.0371    0.03639    0.03563    0.03484    
ZR91    0.001909    2.022    5.585    6.994    7.531    7.734    7.816    7.855    7.898    7.919    7.942    7.966    7.992    8.02    8.049    8.079    8.111    8.144    8.177    8.212    8.247    8.283    8.319    8.356    8.393    8.43    8.467    8.504    8.541    8.577    8.613    8.648    8.682    8.715    8.747    8.778    
ZR92    0.1748    7.45    9.056    9.616    9.832    9.928    9.984    10.03    10.11    10.15    10.2    10.25    10.3    10.35    10.41    10.46    10.52    10.58    10.64    10.7    10.77    10.83    10.89    10.96    11.02    11.09    11.15    11.22    11.28    11.35    11.41    11.47    11.53    11.59    11.65    11.71    
ZR93    0.2121    9.803    11.92    12.59    12.8    12.85    12.84    12.82    12.77    12.75    12.73    12.71    12.7    12.69    12.69    12.68    12.68    12.68    12.68    12.68    12.69    12.69    12.7    12.7    12.71    12.71    12.72    12.73    12.73    12.74    12.74    12.74    12.75    12.74    12.74    12.74    
ZR94    0.2894    10.96    13.27    14.14    14.51    14.7    14.84    14.96    15.19    15.31    15.43    15.56    15.69    15.82    15.95    16.09    16.23    16.37    16.52    16.66    16.81    16.95    17.1    17.25    17.4    17.55    17.7    17.85    18    18.14    18.29    18.44    18.58    18.72    18.86    19    
ZR95    0.3504    8.7    3.912    1.616    0.6465    0.2637    0.1198    0.06847    0.0459    0.04839    0.05127    0.05424    0.05715    0.0599    0.06246    0.0648    0.06692    0.06881    0.0705    0.072    0.07333    0.07451    0.07556    0.07645    0.07716    0.07765    0.07787    0.0778    0.07743    0.07675    0.0758    0.07462    0.07324    0.07171    0.07005    0.0683    
NB95    0.005611    2.407    2.738    1.329    0.5581    0.227    0.09654    0.04806    0.02707    0.02534    0.02654    0.0281    0.02968    0.03119    0.0326    0.03389    0.03506    0.03609    0.03701    0.03781    0.03851    0.03911    0.03962    0.04005    0.04038    0.0406    0.0407    0.04066    0.04047    0.04013    0.03966    0.03907    0.03838    0.0376    0.03675    0.03586    
MO95    0.0001117    1.834    8.879    13.26    15    15.47    15.43    15.21    14.59    14.29    13.99    13.7    13.42    13.15    12.89    12.65    12.41    12.18    11.95    11.74    11.53    11.33    11.13    10.94    10.76    10.58    10.41    10.24    10.08    9.914    9.756    9.6    9.447    9.297    9.148    9    
ZR96    0.4012    14.22    17.3    18.39    18.8    18.96    19.04    19.1    19.2    19.25    19.31    19.38    19.44    19.52    19.59    19.67    19.75    19.83    19.91    20    20.09    20.18    20.27    20.36    20.45    20.54    20.63    20.73    20.82    20.91    20.99    21.08    21.17    21.25    21.33    21.41    
MO96    0.0006842    0.04509    0.2174    0.528    0.9014    1.295    1.69    2.079    2.833    3.196    3.551    3.897    4.235    4.566    4.889    5.205    5.513    5.815    6.111    6.4    6.683    6.96    7.231    7.497    7.758    8.013    8.263    8.508    8.748    8.983    9.214    9.44    9.662    9.879    10.09    10.3    
MO97    0.293    15.24    18.83    19.96    20.33    20.45    20.47    20.48    20.46    20.46    20.47    20.49    20.5    20.53    20.55    20.59    20.62    20.66    20.7    20.74    20.79    20.84    20.88    20.94    20.99    21.04    21.09    21.15    21.2    21.25    21.3    21.35    21.4    21.45    21.49    21.53    
MO98    0.4842    16.93    20.7    22.09    22.64    22.91    23.08    23.22    23.48    23.62    23.76    23.91    24.06    24.22    24.38    24.54    24.71    24.88    25.05    25.22    25.4    25.58    25.76    25.94    26.12    26.3    26.48    26.66    26.84    27.02    27.2    27.37    27.55    27.72    27.89    28.05    
TC99    0.1565    18.14    23.05    23.67    23.26    22.53    21.71    20.89    19.32    18.59    17.9    17.25    16.62    16.03    15.47    14.93    14.42    13.94    13.47    13.03    12.61    12.21    11.83    11.47    11.12    10.78    10.46    10.16    9.865    9.583    9.31    9.047    8.794    8.548    8.31    8.079    
MO100    0.5824    20.39    24.85    26.43    27    27.23    27.35    27.42    27.55    27.62    27.7    27.79    27.88    27.98    28.08    28.18    28.29    28.4    28.52    28.63    28.75    28.87    29    29.12    29.25    29.37    29.49    29.62    29.74    29.86    29.98    30.1    30.21    30.32    30.43    30.54    
RU100    7.34e-05    0.3456    1.285    2.295    3.295    4.26    5.183    6.063    7.696    8.453    9.173    9.858    10.51    11.13    11.72    12.28    12.81    13.32    13.8    14.26    14.7    15.12    15.51    15.89    16.24    16.58    16.9    17.21    17.5    17.78    18.04    18.28    18.52    18.74    18.95    19.15    
RU101    0.5703    19.09    23.32    24.69    25.08    25.13    25.07    24.99    24.81    24.74    24.69    24.64    24.61    24.59    24.57    24.57    24.57    24.58    24.6    24.62    24.65    24.68    24.72    24.76    24.81    24.86    24.91    24.96    25.01    25.07    25.12    25.18    25.23    25.28    25.33    25.38    
RU102    0.6163    20.3    25.17    27.03    27.82    28.25    28.55    28.81    29.29    29.54    29.8    30.06    30.32    30.59    30.86    31.13    31.41    31.69    31.97    32.25    32.54    32.82    33.11    33.4    33.69    33.98    34.27    34.55    34.84    35.13    35.41    35.69    35.97    36.25    36.52    36.79    
RU103    0.588    11.39    3.262    1.084    0.4056    0.1801    0.1048    0.08116    0.07262    0.07759    0.08097    0.08416    0.08723    0.09013    0.09284    0.09534    0.09764    0.09973    0.1016    0.1034    0.105    0.1064    0.1078    0.109    0.11    0.1108    0.1113    0.1116    0.1115    0.1111    0.1104    0.1095    0.1084    0.1071    0.1057    0.1043    
RH103    0.01549    8.761    17.17    16.19    13.36    10.54    8.187    6.336    3.83    3.018    2.412    1.959    1.622    1.372    1.188    1.054    0.9558    0.8853    0.8352    0.8002    0.7763    0.7604    0.7504    0.7445    0.7414    0.7402    0.74    0.7401    0.7399    0.7391    0.7375    0.7348    0.731    0.7262    0.7203    0.7136    
RU104    0.6755    21.67    26.93    28.79    29.46    29.72    29.84    29.91    30.01    30.07    30.14    30.2    30.27    30.35    30.43    30.52    30.6    30.69    30.79    30.88    30.98    31.08    31.18    31.28    31.38    31.48    31.58    31.68    31.78    31.88    31.98    32.07    32.17    32.25    32.34    32.42    
PD104    4.392e-05    0.9082    5.257    10.11    14.29    17.63    20.23    22.23    24.96    25.88    26.6    27.18    27.64    28.02    28.34    28.61    28.85    29.07    29.27    29.46    29.64    29.81    29.98    30.15    30.32    30.48    30.65    30.81    30.98    31.14    31.31    31.47    31.63    31.79    31.95    32.1    
PD105    0.2195    13.04    16.47    17.27    17.32    17.13    16.86    16.57    16    15.73    15.47    15.23    14.99    14.77    14.55    14.34    14.14    13.94    13.75    13.57    13.39    13.22    13.06    12.89    12.74    12.59    12.44    12.29    12.15    12.01    11.88    11.74    11.61    11.48    11.35    11.22    
RU106    0.6137    16.76    17.56    15.49    12.9    10.5    8.476    6.824    4.598    3.723    3.029    2.48    2.045    1.701    1.43    1.217    1.049    0.9172    0.814    0.7334    0.6705    0.6216    0.5836    0.5541    0.5311    0.5131    0.4987    0.4869    0.4768    0.4677    0.4591    0.4508    0.4424    0.4339    0.4251    0.416    
PD106    0.1037    7.79    13.49    18.14    21.93    25.05    27.62    29.75    32.88    34.2    35.34    36.33    37.21    38    38.72    39.37    39.98    40.55    41.09    41.6    42.09    42.57    43.03    43.49    43.93    44.36    44.79    45.21    45.62    46.03    46.43    46.82    47.21    47.59    47.97    48.34    
PD107    0.5322    15.21    18.99    20.11    20.31    20.19    19.96    19.7    19.17    18.92    18.67    18.44    18.21    17.98    17.77    17.56    17.36    17.16    16.97    16.78    16.6    16.43    16.25    16.08    15.92    15.76    15.6    15.44    15.29    15.14    14.99    14.84    14.69    14.54    14.4    14.25    
PD108    0.407    11.37    14.38    15.39    15.69    15.75    15.72    15.66    15.51    15.44    15.36    15.29    15.21    15.14    15.06    14.99    14.92    14.84    14.77    14.69    14.62    14.54    14.47    14.39    14.32    14.24    14.16    14.09    14.01    13.93    13.85    13.76    13.68    13.6    13.51    13.42    
AG109    0.1743    6.304    7.145    6.79    6.152    5.509    4.941    4.462    3.737    3.47    3.252    3.073    2.927    2.807    2.707    2.626    2.558    2.501    2.454    2.414    2.38    2.35    2.325    2.302    2.282    2.264    2.247    2.231    2.216    2.201    2.186    2.171    2.157    2.142    2.127    2.112    
PD110    0.1255    3.449    4.398    4.734    4.856    4.902    4.922    4.933    4.949    4.957    4.965    4.975    4.984    4.995    5.005    5.016    5.028    5.04    5.052    5.064    5.077    5.09    5.103    5.116    5.129    5.142    5.155    5.168    5.181    5.194    5.206    5.218    5.23    5.241    5.252    5.263    
AG110M    1.814e-05    0.02227    0.06061    0.08429    0.09499    0.09707    0.09422    0.08897    0.07954    0.07268    0.06688    0.06203    0.05799    0.05464    0.05187    0.04958    0.04769    0.04612    0.04482    0.04373    0.04282    0.04206    0.04141    0.04085    0.04037    0.03994    0.03957    0.03923    0.03891    0.03862    0.03834    0.03808    0.03781    0.03755    0.0373    0.03704    
CD110    0.0004214    0.6013    1.95    3.304    4.536    5.623    6.572    7.402    8.772    9.346    9.861    10.33    10.75    11.14    11.51    11.84    12.16    12.46    12.74    13.01    13.27    13.51    13.75    13.98    14.2    14.41    14.61    14.81    15    15.18    15.36    15.54    15.7    15.86    16.02    16.17    
CD111    0.007755    1.513    2.154    2.317    2.385    2.433    2.483    2.541    2.683    2.766    2.854    2.947    3.044    3.145    3.248    3.353    3.46    3.568    3.678    3.788    3.899    4.01    4.122    4.234    4.345    4.457    4.568    4.678    4.788    4.897    5.005    5.112    5.218    5.323    5.427    5.53    
CD112    0.01621    0.7194    0.9958    1.143    1.249    1.339    1.426    1.513    1.69    1.782    1.878    1.976    2.077    2.181    2.289    2.4    2.515    2.633    2.754    2.879    3.007    3.139    3.274    3.413    3.555    3.701    3.849    4.002    4.157    4.316    4.477    4.642    4.81    4.981    5.155    5.331    
CD113M    0.0002648    0.008004    0.01071    0.01212    0.01312    0.014    0.01487    0.01578    0.01778    0.01884    0.01995    0.02113    0.02236    0.02365    0.025    0.02641    0.02789    0.02944    0.03105    0.03273    0.03448    0.0363    0.0382    0.04017    0.04222    0.04434    0.04654    0.04882    0.05118    0.05363    0.05615    0.05876    0.06146    0.06424    0.0671    0.07006    
CD114    0.01593    0.7259    0.944    1.019    1.048    1.061    1.069    1.075    1.088    1.095    1.102    1.11    1.118    1.127    1.137    1.146    1.157    1.168    1.179    1.191    1.203    1.216    1.23    1.244    1.258    1.273    1.289    1.305    1.322    1.339    1.357    1.375    1.394    1.413    1.433    1.453    
CD116    0.003799    0.1293    0.1586    0.169    0.1728    0.1744    0.1751    0.1756    0.1765    0.177    0.1775    0.1781    0.1787    0.1793    0.1799    0.1806    0.1813    0.182    0.1828    0.1835    0.1843    0.1851    0.1859    0.1867    0.1875    0.1883    0.1891    0.1899    0.1907    0.1915    0.1922    0.193    0.1937    0.1944    0.1951    0.1958    
SN116    1.372e-05    0.04399    0.1279    0.1834    0.2158    0.2341    0.2445    0.2508    0.2582    0.261    0.2635    0.266    0.2685    0.2709    0.2734    0.276    0.2785    0.2811    0.2837    0.2863    0.2889    0.2916    0.2943    0.297    0.2998    0.3025    0.3053    0.3081    0.3109    0.3138    0.3166    0.3194    0.3223    0.3251    0.328    0.3309    
SN117    0.002871    0.1159    0.1406    0.1489    0.1519    0.1529    0.1533    0.1536    0.1539    0.1542    0.1545    0.1548    0.1552    0.1556    0.156    0.1565    0.1569    0.1574    0.158    0.1585    0.159    0.1596    0.1602    0.1608    0.1614    0.1619    0.1625    0.1631    0.1637    0.1643    0.1649    0.1654    0.166    0.1665    0.167    0.1675    
SN118    0.003149    0.117    0.1422    0.1515    0.1554    0.1573    0.1586    0.1597    0.1617    0.1628    0.1639    0.1651    0.1662    0.1675    0.1687    0.17    0.1713    0.1726    0.1739    0.1753    0.1767    0.178    0.1794    0.1808    0.1822    0.1837    0.1851    0.1865    0.1879    0.1893    0.1907    0.1921    0.1934    0.1948    0.1961    0.1974    
SN119    0.003152    0.1173    0.1419    0.1506    0.1538    0.155    0.1555    0.1558    0.1561    0.1563    0.1566    0.1568    0.1571    0.1574    0.1577    0.1581    0.1585    0.1589    0.1593    0.1597    0.1602    0.1606    0.1611    0.1616    0.1621    0.1625    0.163    0.1635    0.164    0.1644    0.1649    0.1653    0.1657    0.1661    0.1665    0.1668    
SN120    0.003105    0.1172    0.1416    0.1506    0.1542    0.1561    0.1573    0.1583    0.1602    0.1612    0.1623    0.1634    0.1645    0.1657    0.1669    0.1681    0.1693    0.1706    0.1719    0.1732    0.1745    0.1758    0.1772    0.1785    0.1799    0.1812    0.1826    0.1839    0.1853    0.1866    0.188    0.1893    0.1906    0.1919    0.1931    0.1944    
SB121    0.001697    0.1174    0.1431    0.149    0.1495    0.1481    0.1461    0.144    0.1396    0.1376    0.1357    0.1338    0.132    0.1303    0.1287    0.127    0.1255    0.124    0.1225    0.1211    0.1198    0.1184    0.1171    0.1159    0.1146    0.1134    0.1123    0.1111    0.11    0.1088    0.1077    0.1066    0.1055    0.1043    0.1032    0.1021    
SN122    0.003055    0.1215    0.1452    0.1537    0.1569    0.1583    0.1591    0.1597    0.1607    0.1614    0.162    0.1627    0.1634    0.1642    0.165    0.1658    0.1666    0.1675    0.1684    0.1693    0.1702    0.1711    0.1721    0.173    0.1739    0.1749    0.1758    0.1768    0.1777    0.1786    0.1795    0.1804    0.1813    0.1822    0.183    0.1838    
TE122    6.487e-08    0.0008471    0.00332    0.006008    0.00872    0.01139    0.01401    0.01655    0.02145    0.0238    0.02609    0.02832    0.03049    0.03261    0.03468    0.03669    0.03865    0.04056    0.04243    0.04425    0.04603    0.04776    0.04945    0.0511    0.0527    0.05427    0.0558    0.0573    0.05875    0.06017    0.06155    0.0629    0.06421    0.06549    0.06674    0.06795    
SB123    0.002619    0.1118    0.1432    0.1566    0.1622    0.164    0.1642    0.1636    0.1613    0.1602    0.159    0.1579    0.1568    0.1557    0.1547    0.1538    0.1529    0.152    0.1511    0.1503    0.1495    0.1488    0.1481    0.1473    0.1466    0.146    0.1453    0.1446    0.144    0.1433    0.1426    0.1419    0.1412    0.1405    0.1398    0.1391    
SN124    0.003798    0.1651    0.1946    0.205    0.2089    0.2104    0.2112    0.2118    0.2129    0.2135    0.2142    0.215    0.2158    0.2167    0.2176    0.2186    0.2196    0.2206    0.2216    0.2227    0.2238    0.2249    0.226    0.2272    0.2283    0.2294    0.2306    0.2317    0.2329    0.234    0.2351    0.2361    0.2372    0.2382    0.2391    0.2401    
TE124    2.776e-08    0.0001888    0.001211    0.002818    0.004702    0.006711    0.008773    0.01086    0.01492    0.01707    0.01916    0.02122    0.02327    0.02531    0.02734    0.02935    0.03136    0.03336    0.03535    0.03733    0.0393    0.04126    0.04321    0.04515    0.04709    0.04901    0.05092    0.05282    0.05471    0.05659    0.05846    0.06032    0.06216    0.064    0.06582    0.06763    
SB125    0.004217    0.286    0.3482    0.3355    0.3143    0.2918    0.27    0.2498    0.2169    0.2012    0.1869    0.174    0.1622    0.1514    0.1416    0.1328    0.1247    0.1174    0.1107    0.1046    0.09906    0.09402    0.08943    0.08524    0.08142    0.07792    0.07472    0.07177    0.06904    0.06651    0.06414    0.06192    0.05982    0.05784    0.05595    0.05415    
TE125    3.335e-06    0.005462    0.03048    0.05785    0.08437    0.1092    0.1322    0.1535    0.1881    0.205    0.2206    0.235    0.2484    0.2608    0.2723    0.2831    0.2931    0.3024    0.3111    0.3194    0.3271    0.3343    0.3412    0.3477    0.3538    0.3597    0.3652    0.3705    0.3756    0.3805    0.3851    0.3896    0.3939    0.398    0.402    0.4058    
SN126    0.009917    0.5027    0.5809    0.6089    0.6195    0.6242    0.6271    0.6294    0.6336    0.6362    0.639    0.642    0.6452    0.6485    0.652    0.6556    0.6593    0.6632    0.6671    0.6711    0.6752    0.6794    0.6836    0.6878    0.6921    0.6964    0.7007    0.7049    0.7091    0.7133    0.7174    0.7214    0.7254    0.7292    0.7329    0.7365    
TE126    1.027e-05    0.007254    0.01101    0.01238    0.01371    0.01505    0.0164    0.01775    0.02048    0.02186    0.02325    0.02466    0.02607    0.02749    0.02893    0.03037    0.03182    0.03328    0.03474    0.03622    0.0377    0.03919    0.04068    0.04218    0.04369    0.04521    0.04673    0.04825    0.04978    0.05132    0.05285    0.05439    0.05593    0.05748    0.05902    0.06057    
I127    0.003939    1.142    1.599    1.705    1.737    1.737    1.725    1.707    1.667    1.648    1.63    1.612    1.595    1.578    1.563    1.548    1.533    1.519    1.506    1.493    1.48    1.468    1.456    1.444    1.433    1.422    1.411    1.4    1.39    1.379    1.369    1.358    1.348    1.337    1.326    1.316    
TE128    0.04435    2.225    2.593    2.724    2.775    2.799    2.813    2.826    2.848    2.861    2.875    2.89    2.906    2.922    2.939    2.956    2.974    2.993    3.012    3.031    3.051    3.07    3.09    3.11    3.131    3.151    3.171    3.192    3.212    3.231    3.251    3.27    3.289    3.307    3.325    3.342    
XE128    5.582e-07    0.006658    0.02986    0.05568    0.08228    0.1089    0.1352    0.1612    0.2118    0.2364    0.2605    0.2843    0.3076    0.3306    0.3531    0.3753    0.3972    0.4187    0.4398    0.4606    0.4811    0.5013    0.5212    0.5408    0.5601    0.5792    0.5979    0.6164    0.6346    0.6525    0.6701    0.6875    0.7047    0.7215    0.7381    0.7545    
I129    0.07533    3.879    4.684    4.733    4.582    4.376    4.16    3.951    3.561    3.386    3.222    3.069    2.925    2.791    2.666    2.549    2.439    2.336    2.24    2.149    2.065    1.985    1.91    1.84    1.774    1.712    1.654    1.598    1.546    1.495    1.448    1.402    1.358    1.316    1.275    1.236    
TE130    0.2057    8.12    9.718    10.28    10.5    10.58    10.63    10.66    10.72    10.76    10.79    10.83    10.88    10.92    10.97    11.01    11.06    11.12    11.17    11.22    11.28    11.33    11.39    11.45    11.5    11.56    11.62    11.68    11.73    11.79    11.84    11.9    11.95    12    12.05    12.1    
XE130    4.832e-05    0.09209    0.3469    0.6171    0.8806    1.131    1.367    1.588    1.991    2.173    2.345    2.505    2.656    2.797    2.929    3.054    3.171    3.28    3.383    3.48    3.571    3.657    3.737    3.813    3.884    3.951    4.013    4.072    4.128    4.18    4.229    4.274    4.317    4.357    4.395    4.43    
XE131    0.04202    11.93    15.69    14.36    12.56    10.8    9.24    7.894    5.779    4.968    4.288    3.718    3.24    2.841    2.507    2.228    1.996    1.803    1.642    1.508    1.398    1.306    1.231    1.168    1.117    1.075    1.04    1.01    0.9851    0.9635    0.9444    0.9271    0.9112    0.8961    0.8817    0.8677    
XE132    0.1498    20.5    29.46    33.66    36.52    38.71    40.5    42    44.37    45.33    46.17    46.91    47.57    48.16    48.69    49.17    49.61    50.02    50.41    50.77    51.11    51.44    51.75    52.06    52.35    52.64    52.92    53.2    53.46    53.73    53.99    54.24    54.48    54.73    54.96    55.19    
XE133    0.4356    4.26    0.2908    0.1035    0.0408    0.01938    0.01231    0.01024    0.008776    0.01051    0.011    0.01149    0.01195    0.01239    0.0128    0.01318    0.01353    0.01386    0.01417    0.01446    0.01475    0.01503    0.0153    0.01556    0.0158    0.01599    0.01612    0.01619    0.01618    0.01611    0.01598    0.0158    0.01557    0.01531    0.01503    0.01472    
CS133    0.07018    25.59    34.66    34.93    33.69    32.01    30.26    28.56    25.43    24.02    22.71    21.48    20.34    19.27    18.28    17.35    16.48    15.67    14.92    14.21    13.55    12.93    12.36    11.82    11.31    10.84    10.4    9.982    9.589    9.219    8.87    8.538    8.224    7.926    7.641    7.37    
XE134    0.9919    33.57    41.51    44.31    45.33    45.73    45.92    46.05    46.24    46.36    46.48    46.61    46.75    46.9    47.05    47.21    47.38    47.55    47.72    47.9    48.08    48.27    48.45    48.64    48.83    49.02    49.21    49.4    49.59    49.77    49.96    50.13    50.31    50.48    50.64    50.8    
CS134    4.166e-05    0.6331    2.212    3.39    4.157    4.601    4.811    4.863    4.752    4.573    4.378    4.176    3.975    3.779    3.589    3.408    3.236    3.074    2.921    2.778    2.643    2.517    2.399    2.288    2.184    2.087    1.996    1.911    1.831    1.756    1.686    1.619    1.557    1.497    1.441    1.388    
BA134    2.867e-08    0.01962    0.1637    0.462    0.8682    1.341    1.848    2.369    3.314    3.81    4.284    4.733    5.159    5.561    5.94    6.297    6.633    6.949    7.247    7.527    7.79    8.038    8.272    8.492    8.699    8.894    9.078    9.251    9.415    9.57    9.715    9.853    9.983    10.11    10.22    10.33    
CS135    0.03345    1.373    2.262    3.106    4.116    5.242    6.428    7.626    9.961    11.06    12.09    13.05    13.95    14.78    15.54    16.25    16.9    17.49    18.04    18.54    18.99    19.4    19.78    20.12    20.42    20.69    20.94    21.16    21.35    21.52    21.67    21.79    21.9    21.99    22.06    22.12    
BA135    2.942e-08    3.46e-05    0.0004181    0.001866    0.004937    0.00998    0.01718    0.02661    0.05166    0.06716    0.08463    0.1039    0.1249    0.1475    0.1715    0.1969    0.2235    0.2511    0.2798    0.3094    0.3398    0.371    0.4028    0.4353    0.4682    0.5016    0.5355    0.5697    0.6042    0.6389    0.6739    0.709    0.7443    0.7797    0.8151    0.8506    
XE136    1.707    60.41    74.34    79.3    81.13    81.87    82.24    82.5    82.92    83.16    83.41    83.69    83.97    84.27    84.59    84.91    85.25    85.6    85.95    86.31    86.68    87.05    87.42    87.8    88.18    88.57    88.95    89.33    89.71    90.08    90.45    90.81    91.16    91.51    91.85    92.17    
CS136    0.002057    0.09195    0.0092    0.009414    0.01161    0.01457    0.01785    0.02125    0.02863    0.03108    0.03406    0.03684    0.03943    0.04184    0.04406    0.0461    0.04799    0.04971    0.0513    0.05274    0.05406    0.05526    0.05635    0.05734    0.05822    0.05902    0.05973    0.06037    0.06093    0.06141    0.06184    0.0622    0.06251    0.06276    0.06296    0.06312    
BA136    0.0001705    0.1353    0.2661    0.3131    0.3679    0.4369    0.5227    0.6264    0.8905    1.048    1.221    1.41    1.613    1.83    2.059    2.299    2.551    2.812    3.081    3.36    3.645    3.938    4.237    4.541    4.851    5.165    5.484    5.806    6.132    6.461    6.792    7.126    7.462    7.799    8.138    8.478    
CS137    0.8376    28.1    34.29    36.32    36.9    36.97    36.88    36.73    36.45    36.3    36.16    36.03    35.9    35.79    35.68    35.58    35.48    35.39    35.31    35.22    35.14    35.07    35    34.92    34.86    34.79    34.72    34.65    34.59    34.52    34.44    34.37    34.29    34.21    34.13    34.04    
BA137    0.000127    0.08308    0.3181    0.5828    0.8556    1.129    1.4    1.669    2.151    2.412    2.669    2.924    3.176    3.425    3.672    3.917    4.159    4.399    4.637    4.873    5.106    5.338    5.567    5.795    6.021    6.244    6.466    6.686    6.904    7.12    7.334    7.547    7.758    7.966    8.173    8.378    
BA138    0.8205    26.84    33.21    35.46    36.29    36.62    36.78    36.89    37.08    37.19    37.3    37.43    37.57    37.71    37.86    38.01    38.17    38.34    38.51    38.69    38.87    39.06    39.25    39.44    39.63    39.83    40.02    40.22    40.42    40.62    40.82    41.01    41.21    41.4    41.59    41.77    
LA139    0.7826    25.99    31.83    33.62    34.01    33.92    33.67    33.37    32.74    32.44    32.16    31.88    31.62    31.36    31.11    30.87    30.64    30.42    30.2    29.98    29.77    29.57    29.37    29.18    28.99    28.8    28.61    28.43    28.25    28.07    27.88    27.7    27.52    27.33    27.15    26.96    
BA140    0.7052    6.372    0.7823    0.2749    0.1031    0.04377    0.02384    0.01772    0.0135    0.01741    0.01843    0.01945    0.02043    0.02135    0.02221    0.023    0.02372    0.02438    0.02499    0.02555    0.02607    0.02657    0.02703    0.02745    0.02781    0.02808    0.02824    0.02827    0.02817    0.02794    0.02759    0.02715    0.02662    0.02604    0.02541    0.02474    
LA140    0.04106    0.8473    0.1127    0.04653    0.02411    0.01629    0.0136    0.0127    0.01195    0.01237    0.01242    0.01247    0.01251    0.01256    0.01259    0.01262    0.01264    0.01266    0.01267    0.01268    0.01268    0.01269    0.01269    0.01268    0.01267    0.01265    0.01261    0.01256    0.01249    0.0124    0.0123    0.01218    0.01206    0.01192    0.01178    0.01164    
CE140    0.01907    18.93    31.55    34.63    36.01    36.8    37.39    37.9    38.88    39.37    39.86    40.35    40.85    41.35    41.85    42.35    42.86    43.36    43.86    44.37    44.87    45.37    45.88    46.38    46.87    47.37    47.86    48.35    48.84    49.32    49.8    50.27    50.74    51.2    51.65    52.1    
CE141    0.569    10.84    2.526    0.8044    0.2982    0.1298    0.0736    0.05617    0.04854    0.05444    0.05736    0.06006    0.06265    0.06509    0.06736    0.06945    0.07136    0.0731    0.07468    0.07612    0.07744    0.07865    0.07976    0.08075    0.08159    0.08222    0.08261    0.08272    0.08255    0.08211    0.08142    0.08053    0.07946    0.07826    0.07696    0.07557    
PR141    0.01849    11.22    23.99    26.91    27.52    27.41    27.07    26.66    25.81    25.4    25.01    24.63    24.27    23.92    23.58    23.26    22.94    22.64    22.35    22.06    21.79    21.52    21.26    21.01    20.76    20.52    20.29    20.06    19.84    19.61    19.4    19.18    18.96    18.75    18.54    18.33    
CE142    0.6178    21.96    27.04    28.8    29.42    29.65    29.75    29.81    29.89    29.94    30    30.06    30.13    30.21    30.29    30.38    30.46    30.56    30.65    30.75    30.85    30.95    31.05    31.15    31.26    31.36    31.47    31.57    31.68    31.78    31.88    31.97    32.07    32.16    32.24    32.33    
ND142    1.626e-06    0.08378    0.4965    1.017    1.553    2.078    2.584    3.069    3.977    4.401    4.805    5.192    5.562    5.914    6.251    6.573    6.879    7.172    7.451    7.717    7.971    8.213    8.443    8.662    8.87    9.068    9.256    9.435    9.604    9.765    9.917    10.06    10.2    10.32    10.44    10.56    
PR143    0.2743    5.311    0.6442    0.2302    0.09127    0.04335    0.0273    0.0224    0.01919    0.02231    0.0232    0.02408    0.02493    0.02573    0.02648    0.02717    0.0278    0.02839    0.02892    0.02942    0.02989    0.03034    0.03076    0.03114    0.03147    0.03173    0.03189    0.03194    0.03188    0.03171    0.03144    0.03108    0.03066    0.03019    0.02967    0.02912    
ND143    0.01584    12.1    14.98    11.23    7.839    5.33    3.613    2.483    1.292    1.012    0.8475    0.754    0.7059    0.6865    0.6847    0.6937    0.7089    0.7276    0.7478    0.7685    0.7889    0.8088    0.8278    0.8458    0.8626    0.8782    0.8924    0.9052    0.9164    0.9261    0.9343    0.941    0.9464    0.9506    0.9537    0.9558    
CE144    0.5578    16.39    15.93    13.19    10.32    7.886    5.975    4.52    2.733    2.1    1.632    1.287    1.034    0.8496    0.7152    0.618    0.5483    0.4987    0.4639    0.4397    0.4233    0.4124    0.4055    0.4012    0.3987    0.3972    0.3961    0.3949    0.3932    0.3908    0.3876    0.3835    0.3786    0.3728    0.3662    0.359    
ND144    0.002508    4.444    16.42    26.48    33.99    39.36    43.13    45.77    48.8    49.76    50.46    50.98    51.38    51.7    51.97    52.2    52.42    52.62    52.83    53.03    53.23    53.43    53.65    53.86    54.09    54.31    54.55    54.78    55.03    55.27    55.52    55.76    56.01    56.26    56.5    56.74    
ND145    0.3815    13.91    16.34    16.53    16.03    15.34    14.63    13.95    12.74    12.2    11.71    11.26    10.84    10.45    10.1    9.769    9.465    9.185    8.925    8.686    8.464    8.259    8.07    7.896    7.734    7.585    7.446    7.318    7.198    7.087    6.983    6.885    6.794    6.708    6.627    6.55    
ND146    0.37    12.61    16.51    18.63    20.08    21.27    22.33    23.32    25.13    25.99    26.81    27.59    28.35    29.09    29.79    30.48    31.14    31.79    32.42    33.02    33.62    34.2    34.76    35.31    35.85    36.38    36.9    37.4    37.9    38.39    38.86    39.33    39.79    40.24    40.68    41.12    
ND147    0.2826    2.245    0.2681    0.09876    0.0413    0.02168    0.01531    0.01356    0.01278    0.01433    0.01494    0.01554    0.01612    0.01667    0.01719    0.01768    0.01814    0.01857    0.01898    0.01937    0.01975    0.02011    0.02045    0.02078    0.02108    0.02135    0.02158    0.02176    0.02189    0.02197    0.02201    0.02202    0.02199    0.02195    0.02188    0.0218    
PM147    0.0274    6.216    6.384    4.316    2.705    1.648    1.005    0.6302    0.2977    0.2349    0.2035    0.189    0.184    0.184    0.1867    0.1907    0.1953    0.2    0.2046    0.209    0.2132    0.217    0.2206    0.2239    0.227    0.2297    0.232    0.234    0.2355    0.2366    0.2374    0.2378    0.2378    0.2376    0.2371    0.2365    
SM147    2.02e-05    0.1899    0.7472    1.103    1.263    1.295    1.253    1.174    0.9788    0.8866    0.8014    0.7241    0.6551    0.5938    0.5399    0.4924    0.4509    0.4145    0.3828    0.3551    0.331    0.31    0.2917    0.2759    0.2621    0.2502    0.2399    0.231    0.2232    0.2164    0.2106    0.2054    0.2009    0.1968    0.1933    0.19    
ND148    0.2675    8.671    10.71    11.4    11.62    11.68    11.68    11.66    11.62    11.6    11.58    11.57    11.56    11.55    11.54    11.54    11.53    11.53    11.53    11.53    11.53    11.53    11.53    11.53    11.53    11.54    11.54    11.54    11.54    11.54    11.54    11.54    11.54    11.54    11.53    11.53    
SM148    9.242e-06    0.7036    2.739    4.35    5.456    6.194    6.689    7.032    7.471    7.622    7.749    7.858    7.955    8.043    8.124    8.199    8.27    8.336    8.399    8.46    8.518    8.574    8.629    8.682    8.733    8.784    8.834    8.883    8.931    8.978    9.025    9.071    9.116    9.16    9.204    9.246    
ND150    0.1681    5.281    6.545    6.984    7.133    7.181    7.196    7.199    7.197    7.199    7.202    7.206    7.211    7.218    7.225    7.233    7.243    7.253    7.263    7.274    7.286    7.298    7.31    7.323    7.335    7.348    7.361    7.373    7.386    7.397    7.409    7.42    7.43    7.439    7.448    7.456    
SM150    0.04285    6.544    9.014    9.477    9.146    8.465    7.664    6.858    5.422    4.819    4.294    3.84    3.451    3.118    2.834    2.592    2.387    2.213    2.066    1.942    1.837    1.748    1.674    1.611    1.558    1.514    1.477    1.446    1.42    1.397    1.378    1.361    1.346    1.332    1.32    1.308    
SM151    0.05562    0.4806    0.1128    0.09576    0.08575    0.07732    0.06946    0.06213    0.04932    0.04419    0.03962    0.03567    0.03229    0.0294    0.02694    0.02485    0.02308    0.02158    0.02032    0.01925    0.01836    0.0176    0.01698    0.01645    0.01601    0.01564    0.01533    0.01506    0.01483    0.01462    0.01444    0.01427    0.01411    0.01397    0.01383    0.0137    
SM152    0.1141    6.326    6.911    6.226    5.454    4.768    4.185    3.69    2.891    2.571    2.292    2.05    1.84    1.659    1.503    1.369    1.254    1.157    1.073    1.002    0.9423    0.8914    0.8484    0.812    0.7813    0.7553    0.7333    0.7145    0.6984    0.6844    0.6721    0.6612    0.6515    0.6425    0.6343    0.6266    
SM153    0.04659    0.1811    0.09148    0.07728    0.06604    0.05717    0.05    0.04403    0.03442    0.03073    0.02743    0.02457    0.02209    0.01994    0.0181    0.01652    0.01516    0.01401    0.01303    0.01219    0.01148    0.01089    0.01038    0.009954    0.009594    0.009289    0.00903    0.008808    0.008616    0.008448    0.008298    0.008164    0.008042    0.007929    0.007824    0.007725    
EU153    0.02919    2.618    3.931    4.18    3.984    3.627    3.24    2.874    2.251    1.997    1.775    1.583    1.415    1.269    1.143    1.035    0.9414    0.8613    0.7927    0.7341    0.6843    0.6418    0.6058    0.5753    0.5495    0.5276    0.509    0.4932    0.4797    0.4681    0.458    0.4491    0.4412    0.4341    0.4276    0.4216    
SM154    0.05528    1.709    2.164    2.34    2.413    2.448    2.466    2.477    2.487    2.489    2.489    2.487    2.485    2.481    2.477    2.472    2.466    2.46    2.454    2.448    2.441    2.434    2.427    2.419    2.412    2.404    2.397    2.389    2.381    2.373    2.365    2.357    2.348    2.34    2.331    2.322    
EU154    0.0002104    0.4681    1.175    1.447    1.466    1.373    1.242    1.107    0.8676    0.7693    0.6833    0.6082    0.5429    0.4861    0.4369    0.3944    0.3578    0.3263    0.2994    0.2763    0.2567    0.2399    0.2257    0.2136    0.2034    0.1947    0.1874    0.1811    0.1758    0.1712    0.1673    0.1639    0.1608    0.1581    0.1556    0.1534    
GD154    3.693e-08    0.003661    0.02317    0.0528    0.08257    0.1079    0.1273    0.1411    0.1512    0.1533    0.1529    0.1505    0.1467    0.1418    0.1362    0.1301    0.1238    0.1174    0.111    0.1048    0.0988    0.09307    0.08764    0.08253    0.07776    0.07333    0.06924    0.06546    0.062    0.05883    0.05593    0.0533    0.05089    0.04871    0.04672    0.04492    
EU155    0.03097    0.3519    0.396    0.4873    0.4981    0.4693    0.4261    0.3808    0.2974    0.2663    0.237    0.2114    0.1892    0.1698    0.153    0.1385    0.126    0.1153    0.1061    0.0982    0.09148    0.08575    0.08088    0.07674    0.07324    0.07026    0.06774    0.06559    0.06375    0.06217    0.0608    0.05959    0.05853    0.05757    0.0567    0.0559    
EU156    0.02166    0.4556    0.4133    0.5107    0.5293    0.5026    0.4582    0.4102    0.3145    0.2871    0.2556    0.228    0.2039    0.183    0.1649    0.1493    0.1357    0.1241    0.1141    0.1056    0.09831    0.09211    0.08683    0.08234    0.07854    0.07531    0.07257    0.07024    0.06824    0.06652    0.06502    0.06371    0.06255    0.0615    0.06055    0.05968    
GD156    0.001274    1.121    2.952    5.118    7.536    9.907    12.09    14.03    17.63    18.91    20.04    21.01    21.86    22.59    23.23    23.78    24.25    24.67    25.02    25.33    25.6    25.84    26.04    26.22    26.38    26.52    26.65    26.76    26.86    26.95    27.03    27.1    27.17    27.23    27.28    27.33    
GD158    0.02616    1.09    1.612    2.039    2.461    2.877    3.277    3.66    4.475    4.809    5.13    5.439    5.737    6.026    6.306    6.578    6.844    7.103    7.357    7.607    7.852    8.094    8.332    8.567    8.799    9.029    9.256    9.481    9.705    9.926    10.15    10.36    10.58    10.79    11.01    11.22    
TB159    0.004717    0.1912    0.2447    0.2617    0.2684    0.2732    0.279    0.2865    0.3082    0.3217    0.3365    0.3526    0.3698    0.388    0.407    0.4268    0.4473    0.4683    0.4899    0.5118    0.5342    0.5569    0.58    0.6032    0.6267    0.6504    0.6742    0.6981    0.7222    0.7463    0.7705    0.7947    0.819    0.8433    0.8676    0.8918    
GD160    0.003045    0.08439    0.1073    0.1153    0.1181    0.119    0.1194    0.1195    0.1196    0.1196    0.1197    0.1198    0.1199    0.1201    0.1202    0.1204    0.1205    0.1207    0.1209    0.1211    0.1213    0.1215    0.1217    0.1219    0.1221    0.1223    0.1225    0.1227    0.1229    0.1232    0.1233    0.1235    0.1237    0.1239    0.124    0.1242    
TB160    3.435e-06    0.003366    0.006953    0.008223    0.008671    0.008881    0.00906    0.009278    0.01022    0.01038    0.0108    0.0113    0.01185    0.01243    0.01304    0.01367    0.01433    0.01502    0.01571    0.01643    0.01716    0.0179    0.01865    0.01941    0.02018    0.02095    0.02173    0.02251    0.0233    0.02409    0.02489    0.02568    0.02648    0.02728    0.02807    0.02887    
DY160    2.879e-08    0.001197    0.006149    0.01262    0.01887    0.02445    0.02933    0.03363    0.04035    0.04398    0.04735    0.05063    0.05391    0.05722    0.06059    0.06403    0.06756    0.07119    0.07492    0.07875    0.08268    0.0867    0.09082    0.09502    0.09931    0.1037    0.1081    0.1126    0.1171    0.1217    0.1264    0.1311    0.1358    0.1406    0.1454    0.1502    
DY161    0.0001827    0.02581    0.02323    0.01766    0.01487    0.01397    0.0141    0.01473    0.01672    0.01763    0.01862    0.01968    0.02079    0.02195    0.02315    0.02439    0.02568    0.027    0.02835    0.02975    0.03118    0.03264    0.03413    0.03565    0.03719    0.03876    0.04035    0.04196    0.04359    0.04523    0.04688    0.04855    0.05023    0.05191    0.0536    0.0553    
DY162    0.0004143    0.0217    0.03594    0.03904    0.03766    0.03534    0.03351    0.03257    0.03304    0.03421    0.03566    0.03735    0.03924    0.04131    0.04353    0.04586    0.04831    0.05086    0.05351    0.05624    0.05906    0.06196    0.06493    0.06797    0.07108    0.07425    0.07747    0.08075    0.08407    0.08743    0.09083    0.09426    0.09772    0.1012    0.1047    0.1083    
DY163    0.0001547    0.008204    0.01829    0.02818    0.0357    0.04067    0.04371    0.04556    0.04785    0.04899    0.05034    0.05196    0.05385    0.05602    0.05847    0.06118    0.06413    0.0673    0.07068    0.07426    0.07801    0.08194    0.08601    0.09024    0.0946    0.09909    0.1037    0.1084    0.1133    0.1182    0.1232    0.1283    0.1334    0.1386    0.1439    0.1493    
HO165    2.005e-05    0.002537    0.005928    0.01067    0.01693    0.024    0.03123    0.0382    0.05088    0.05642    0.06147    0.06625    0.07084    0.07534    0.07983    0.08438    0.08905    0.09387    0.09888    0.1041    0.1096    0.1153    0.1212    0.1275    0.134    0.1407    0.1478    0.155    0.1626    0.1704    0.1784    0.1866    0.1951    0.2038    0.2126    0.2217    
ER166    1.623e-06    0.0006169    0.001303    0.002314    0.003938    0.006294    0.009391    0.01317    0.02266    0.0279    0.03343    0.0392    0.04515    0.05126    0.05752    0.06391    0.07044    0.07712    0.08395    0.09096    0.09815    0.1056    0.1132    0.1211    0.1292    0.1376    0.1463    0.1553    0.1646    0.1742    0.1842    0.1945    0.2051    0.2161    0.2274    0.2391    
