TIME    3   100   220   340   460   580   700   820   1040   1160   1280   1400   1520   1640   1760   1880   2000   2120   2240   2360   2480   2600   2720   2840   2960   3080   3200   3320   3440   3560   3680   3800   3920   4040   4160   4280   
NEUT_PROD    0.792   0.941   1.57   2.71   4.27   6.11   8.1   10.1   14   15.8   17.5   19   20.3   21.4   22.4   23.3   24   24.6   25.1   25.5   25.8   26   26.2   26.3   26.3   26.3   26.3   26.2   26.1   26   25.9   25.7   25.5   25.3   25.1   24.9   
NEUT_DEST    15.2   18.5   20.3   22.8   25.6   28.5   31.3   34.1   39.2   41.5   43.6   45.4   47.1   48.5   49.7   50.8   51.7   52.4   53   53.5   53.9   54.1   54.3   54.4   54.5   54.4   54.3   54.2   54   53.8   53.5   53.3   53   52.6   52.3   51.9   
BUd    0.00839    1.05    1.15    1.37    1.76    2.28    2.89    3.54    10.7    5.46    6.02    6.54    7.01    7.42    7.77    8.08    8.34    8.56    8.74    8.89    9    9.08    9.14    9.18    9.2    9.2    9.18    9.16    9.12    9.08    9.02    8.96    8.9    8.83    8.75    8.67    
U234    1.517e-06    0.0005286    0.003945    0.01221    0.02609    0.04564    0.07043    0.09977    0.1618    0.2005    0.2406    0.2813    0.3222    0.3626    0.4023    0.4408    0.4779    0.5134    0.547    0.5788    0.6085    0.6362    0.6619    0.6855    0.7071    0.7267    0.7444    0.7603    0.7744    0.7868    0.7976    0.8068    0.8146    0.8211    0.8262    0.8302    
U235    0.0001137    0.003113    0.005264    0.007053    0.008959    0.01131    0.01432    0.01808    0.02736    0.03295    0.0392    0.04594    0.05304    0.06035    0.06777    0.07519    0.08253    0.08971    0.09667    0.1034    0.1098    0.1158    0.1215    0.1269    0.1318    0.1364    0.1406    0.1445    0.1479    0.1511    0.1538    0.1563    0.1584    0.1603    0.1618    0.1631    
U236    999.5    984.9    970    955.4    940.9    926.7    912.7    898.9    872    858.8    845.8    833.1    820.5    808.1    795.9    783.9    772    760.4    748.9    737.6    726.4    715.5    704.7    694    683.6    673.2    663.1    653.1    643.2    633.5    623.9    614.5    605.3    596.1    587.1    578.3    
U237    0.3834    1.354    1.334    1.314    1.294    1.274    1.255    1.236    1.199    1.181    1.163    1.145    1.128    1.111    1.094    1.078    1.062    1.046    1.03    1.014    0.9989    0.9838    0.9689    0.9543    0.9399    0.9257    0.9117    0.898    0.8844    0.8711    0.8579    0.845    0.8322    0.8197    0.8073    0.7951    
U238    0.003932    0.802    1.6    2.383    3.152    3.908    4.649    5.377    6.856    7.545    8.221    8.884    9.535    10.17    10.8    11.42    12.02    12.61    13.19    13.76    14.32    14.87    15.41    15.94    16.46    16.96    17.46    17.95    18.43    18.9    19.36    19.81    20.25    20.68    21.11    21.52    
NP237    0.06219    11.89    23.27    33.01    41.33    48.39    54.38    59.42    67.1    70    72.35    74.24    75.72    76.85    77.68    78.23    78.56    78.7    78.66    78.48    78.18    77.76    77.26    76.68    76.03    75.33    74.58    73.79    72.98    72.13    71.27    70.39    69.5    68.61    67.7    66.79    
NP238    6.726e-05    0.04507    0.08833    0.1254    0.157    0.1839    0.2066    0.2258    0.2549    0.266    0.275    0.2822    0.2878    0.2921    0.2953    0.2974    0.2986    0.2992    0.299    0.2983    0.2972    0.2956    0.2937    0.2915    0.289    0.2863    0.2835    0.2805    0.2774    0.2742    0.2709    0.2676    0.2642    0.2608    0.2574    0.2539    
PU238    1.76e-05    0.6639    2.442    4.847    7.546    10.32    13.01    15.55    19.97    21.83    23.46    24.86    26.06    27.07    27.9    28.58    29.12    29.54    29.85    30.06    30.18    30.24    30.23    30.16    30.05    29.9    29.71    29.49    29.24    28.98    28.69    28.39    28.08    27.76    27.43    27.1    
PU239    7.826e-08    0.06231    0.3728    0.946    1.708    2.576    3.481    4.376    6.009    6.723    7.36    7.919    8.404    8.819    9.169    9.461    9.699    9.89    10.04    10.15    10.23    10.27    10.3    10.3    10.28    10.25    10.2    10.14    10.06    9.984    9.897    9.802    9.703    9.599    9.492    9.382    
PU240    2.308e-10    0.004725    0.05386    0.1986    0.4626    0.8413    1.313    1.85    3.005    3.576    4.122    4.633    5.101    5.523    5.899    6.228    6.512    6.755    6.959    7.128    7.264    7.371    7.453    7.512    7.55    7.571    7.577    7.569    7.549    7.519    7.481    7.435    7.383    7.325    7.263    7.197    
PU241    4.78e-13    0.0003525    0.007049    0.03516    0.09915    0.2058    0.3534    0.535    0.961    1.184    1.403    1.614    1.811    1.992    2.156    2.302    2.43    2.541    2.636    2.716    2.782    2.835    2.877    2.909    2.933    2.948    2.956    2.959    2.956    2.948    2.937    2.922    2.904    2.884    2.862    2.838    
PU242    5.504e-16    1.672e-05    0.0006878    0.0054    0.02131    0.05789    0.1247    0.2294    0.5704    0.8081    1.088    1.405    1.755    2.131    2.529    2.941    3.363    3.79    4.217    4.639    5.054    5.459    5.852    6.229    6.591    6.935    7.261    7.569    7.857    8.127    8.378    8.61    8.823    9.019    9.197    9.358    
AM241    2.771e-17    7.363e-07    2.697e-05    0.0001911    0.0006786    0.001657    0.003208    0.005318    0.01013    0.01372    0.01709    0.02033    0.02341    0.0263    0.02895    0.03137    0.03352    0.03541    0.03706    0.03847    0.03966    0.04065    0.04145    0.04209    0.04258    0.04294    0.04317    0.04331    0.04336    0.04332    0.04322    0.04306    0.04285    0.0426    0.04231    0.04199    
AM243    1.208e-19    1.614e-07    1.326e-05    0.0001582    0.0008433    0.002895    0.007546    0.0163    0.05241    0.08257    0.1222    0.1717    0.2315    0.3012    0.3805    0.4686    0.5646    0.6675    0.776    0.8892    1.006    1.125    1.245    1.365    1.484    1.602    1.718    1.83    1.94    2.045    2.146    2.243    2.334    2.421    2.502    2.579    
CM242    1.897e-20    6.946e-08    5.22e-06    5.682e-05    0.0002681    0.0008059    0.001834    0.003463    0.008263    0.01151    0.01528    0.01928    0.02333    0.02731    0.03114    0.03474    0.03807    0.0411    0.04382    0.04623    0.04833    0.05014    0.05167    0.05294    0.05399    0.05482    0.05545    0.05592    0.05624    0.05642    0.05649    0.05646    0.05633    0.05613    0.05586    0.05553    
CM244    6.696e-23    4.29e-09    7.17e-07    1.315e-05    9.595e-05    0.0004225    0.001355    0.003495    0.0151    0.02694    0.04466    0.0697    0.1035    0.1474    0.2024    0.2697    0.3498    0.4433    0.5505    0.6712    0.8054    0.9525    1.112    1.283    1.465    1.656    1.856    2.063    2.277    2.496    2.719    2.944    3.172    3.4    3.627    3.853    
SE80    2.529e-10    0.001805    0.002029    0.002348    0.002839    0.003546    0.004491    0.00568    0.0088    0.01066    0.01266    0.01482    0.01714    0.01959    0.02214    0.0248    0.02753    0.03033    0.03318    0.03608    0.03901    0.04196    0.04494    0.04792    0.05091    0.0539    0.05688    0.05986    0.06282    0.06577    0.06871    0.07163    0.07452    0.0774    0.08025    0.08308    
BR81    4.342e-10    0.003102    0.003443    0.003923    0.004663    0.005731    0.007156    0.008944    0.01362    0.01638    0.01928    0.02241    0.02574    0.02923    0.03286    0.03659    0.04041    0.04429    0.04821    0.05216    0.05612    0.06007    0.064    0.06791    0.07178    0.07561    0.07939    0.08311    0.08678    0.09038    0.09392    0.09739    0.1008    0.1041    0.1074    0.1106    
SE82    6.998e-10    0.004984    0.005558    0.006304    0.007389    0.008906    0.0109    0.01339    0.01992    0.02378    0.0277    0.03197    0.03655    0.04139    0.04646    0.05172    0.05716    0.06273    0.06841    0.07418    0.08003    0.08592    0.09185    0.0978    0.1038    0.1097    0.1157    0.1216    0.1275    0.1334    0.1392    0.145    0.1508    0.1565    0.1622    0.1678    
KR83    1.034e-09    0.007332    0.006344    0.005794    0.00583    0.006431    0.007521    0.008998    0.01287    0.01485    0.01638    0.01799    0.01962    0.02122    0.02275    0.02418    0.0255    0.0267    0.02778    0.02874    0.02958    0.03032    0.03094    0.03147    0.03192    0.03229    0.03258    0.03281    0.03299    0.03311    0.0332    0.03324    0.03325    0.03323    0.03318    0.03312    
KR84    2.183e-09    0.01647    0.0202    0.02408    0.02875    0.03461    0.04195    0.05093    0.07446    0.0886    0.103    0.1187    0.1356    0.1537    0.1729    0.193    0.2139    0.2356    0.2579    0.2807    0.3039    0.3275    0.3514    0.3755    0.3998    0.4242    0.4486    0.4731    0.4976    0.522    0.5464    0.5706    0.5948    0.6188    0.6427    0.6664    
KR85    5.345e-10    0.004159    0.00455    0.005014    0.005688    0.006629    0.007864    0.009394    0.01342    0.01572    0.01788    0.02021    0.02269    0.02529    0.02798    0.03075    0.03357    0.03641    0.03928    0.04214    0.04499    0.04782    0.05061    0.05337    0.05607    0.05872    0.06131    0.06384    0.06631    0.06871    0.07103    0.07329    0.07548    0.0776    0.07964    0.08161    
RB85    1.98e-09    0.01554    0.01741    0.01957    0.02253    0.02652    0.03166    0.03798    0.05443    0.06409    0.07335    0.08344    0.09428    0.1058    0.1179    0.1305    0.1435    0.157    0.1707    0.1847    0.1989    0.2133    0.2279    0.2425    0.2572    0.272    0.2868    0.3016    0.3164    0.3311    0.3459    0.3605    0.3751    0.3897    0.4041    0.4185    
KR86    4.415e-09    0.03156    0.03501    0.03907    0.04458    0.05196    0.06143    0.07306    0.1034    0.121    0.1374    0.1552    0.1744    0.1948    0.2162    0.2384    0.2614    0.2851    0.3092    0.3337    0.3586    0.3838    0.4091    0.4345    0.46    0.4855    0.5109    0.5364    0.5617    0.5869    0.612    0.6369    0.6617    0.6862    0.7106    0.7348    
RB87    5.579e-09    0.04089    0.04538    0.05058    0.05759    0.06696    0.07895    0.09364    0.1318    0.154    0.1745    0.1967    0.2206    0.2459    0.2725    0.3002    0.3288    0.3582    0.3881    0.4186    0.4495    0.4807    0.5121    0.5436    0.5752    0.6068    0.6384    0.6699    0.7013    0.7325    0.7635    0.7943    0.8249    0.8553    0.8854    0.9152    
SR88    7.715e-09    0.0587    0.06528    0.07276    0.0828    0.09617    0.1133    0.1342    0.1884    0.2199    0.2486    0.28    0.3136    0.3493    0.3867    0.4257    0.4659    0.5072    0.5494    0.5923    0.6357    0.6796    0.7238    0.7682    0.8127    0.8572    0.9017    0.9461    0.9903    1.034    1.078    1.122    1.165    1.208    1.25    1.292    
SR89    1.069e-08    0.05113    0.01474    0.008416    0.009018    0.01149    0.01456    0.0178    0.02634    0.02729    0.02522    0.02656    0.02836    0.03007    0.03158    0.03288    0.03399    0.03492    0.03568    0.0363    0.03678    0.03715    0.03741    0.03759    0.03768    0.03771    0.03767    0.03758    0.03745    0.03728    0.03707    0.03684    0.03658    0.0363    0.03601    0.03569    
Y89    1.472e-10    0.02682    0.07155    0.08748    0.09976    0.1144    0.1331    0.1565    0.2168    0.2557    0.2936    0.3312    0.3712    0.4138    0.4587    0.5056    0.5542    0.6043    0.6555    0.7077    0.7606    0.8141    0.8679    0.922    0.9762    1.03    1.084    1.138    1.192    1.245    1.298    1.351    1.403    1.454    1.506    1.556    
SR90    1.316e-08    0.09398    0.1033    0.1143    0.1292    0.1492    0.1749    0.2064    0.2884    0.3355    0.3777    0.4236    0.4727    0.5245    0.5786    0.6346    0.6921    0.7507    0.8102    0.8703    0.9307    0.9912    1.052    1.112    1.172    1.231    1.29    1.348    1.405    1.461    1.516    1.571    1.625    1.677    1.729    1.779    
ZR90    8.453e-12    0.0002776    0.001147    0.002138    0.00325    0.00452    0.005994    0.007726    0.01186    0.0147    0.01795    0.02161    0.02571    0.03028    0.03533    0.0409    0.047    0.05364    0.06083    0.06857    0.07689    0.08577    0.09521    0.1052    0.1158    0.127    0.1387    0.1509    0.1637    0.177    0.1909    0.2053    0.2202    0.2356    0.2515    0.2679    
Y91    9.293e-09    0.06678    0.02302    0.01345    0.014    0.01781    0.0228    0.02818    0.04231    0.04442    0.04303    0.04552    0.04866    0.05165    0.05432    0.05664    0.05863    0.0603    0.0617    0.06283    0.06374    0.06445    0.06498    0.06534    0.06557    0.06568    0.06569    0.0656    0.06543    0.06519    0.0649    0.06455    0.06416    0.06374    0.06328    0.06279    
ZR91    9.657e-11    0.02985    0.08528    0.1076    0.1246    0.1445    0.1701    0.2024    0.2864    0.3416    0.3972    0.4537    0.5138    0.5779    0.6456    0.7164    0.79    0.8658    0.9434    1.023    1.103    1.184    1.266    1.349    1.432    1.514    1.597    1.68    1.762    1.844    1.925    2.006    2.086    2.166    2.245    2.323    
ZR92    1.233e-08    0.1004    0.1125    0.1267    0.1467    0.1743    0.2101    0.2547    0.3714    0.4402    0.508    0.582    0.6614    0.7456    0.834    0.9261    1.021    1.119    1.219    1.321    1.424    1.528    1.633    1.738    1.844    1.95    2.056    2.161    2.267    2.372    2.476    2.58    2.684    2.786    2.888    2.989    
ZR93    1.036e-08    0.1089    0.1222    0.1379    0.1609    0.1934    0.2365    0.2903    0.4321    0.5161    0.6015    0.6943    0.7937    0.8988    1.009    1.123    1.24    1.36    1.482    1.606    1.731    1.856    1.981    2.107    2.232    2.357    2.48    2.603    2.725    2.845    2.964    3.081    3.197    3.311    3.424    3.534    
ZR94    1.491e-08    0.1075    0.1208    0.1384    0.1644    0.2012    0.25    0.3113    0.4734    0.5703    0.672    0.783    0.9024    1.029    1.163    1.302    1.446    1.595    1.747    1.902    2.06    2.22    2.382    2.544    2.708    2.873    3.038    3.203    3.368    3.534    3.699    3.863    4.028    4.191    4.355    4.517    
ZR95    1.532e-08    0.07889    0.03009    0.01986    0.02291    0.03116    0.04165    0.05305    0.08167    0.0879    0.09344    0.1011    0.1087    0.1156    0.1217    0.1269    0.1314    0.1352    0.1383    0.1408    0.1428    0.1443    0.1454    0.1462    0.1466    0.1467    0.1466    0.1463    0.1458    0.1452    0.1444    0.1435    0.1425    0.1414    0.1402    0.139    
NB95    1.629e-10    0.02026    0.02171    0.01226    0.0111    0.01417    0.01907    0.02477    0.04018    0.04384    0.04697    0.05065    0.05461    0.05835    0.0617    0.06463    0.06714    0.06926    0.07103    0.07248    0.07364    0.07454    0.07521    0.07568    0.07597    0.07611    0.07611    0.076    0.07578    0.07548    0.0751    0.07466    0.07417    0.07363    0.07305    0.07243    
MO95    2.418e-12    0.01168    0.07102    0.1065    0.129    0.1536    0.1867    0.231    0.3494    0.4355    0.5271    0.6238    0.7269    0.8361    0.9507    1.07    1.192    1.316    1.441    1.567    1.693    1.818    1.942    2.064    2.183    2.301    2.415    2.526    2.635    2.74    2.841    2.939    3.034    3.125    3.212    3.296    
ZR96    1.542e-08    0.1102    0.1236    0.1422    0.1706    0.2118    0.2672    0.3375    0.5242    0.6365    0.7569    0.8882    1.029    1.179    1.336    1.5    1.669    1.842    2.019    2.2    2.382    2.566    2.752    2.938    3.124    3.311    3.497    3.683    3.868    4.052    4.235    4.416    4.596    4.775    4.952    5.128    
MO96    6.525e-13    9.632e-05    0.001393    0.003857    0.006979    0.01069    0.01518    0.0207    0.03582    0.04622    0.05893    0.07405    0.09175    0.1122    0.1354    0.1617    0.191    0.2234    0.2589    0.2977    0.3395    0.3845    0.4326    0.4837    0.5378    0.5948    0.6546    0.7172    0.7824    0.8502    0.9205    0.9932    1.068    1.145    1.225    1.306    
MO97    7.852e-09    0.1029    0.1175    0.1359    0.1649    0.2075    0.2652    0.3388    0.5347    0.6529    0.7818    0.9223    1.073    1.232    1.4    1.573    1.752    1.936    2.123    2.312    2.504    2.697    2.891    3.085    3.279    3.472    3.665    3.857    4.047    4.236    4.423    4.609    4.792    4.973    5.153    5.33    
MO98    1.46e-08    0.1043    0.1178    0.1377    0.1691    0.2152    0.2779    0.358    0.5722    0.7022    0.8456    1.002    1.171    1.35    1.539    1.736    1.94    2.15    2.365    2.584    2.806    3.031    3.259    3.487    3.717    3.948    4.179    4.41    4.641    4.871    5.101    5.329    5.557    5.784    6.009    6.234    
TC99    2.958e-09    0.1032    0.1203    0.1355    0.1619    0.2025    0.2587    0.3308    0.5215    0.635    0.7581    0.8898    1.028    1.172    1.32    1.47    1.62    1.77    1.919    2.065    2.209    2.348    2.484    2.615    2.741    2.863    2.979    3.089    3.194    3.294    3.389    3.478    3.561    3.64    3.713    3.782    
MO100    1.607e-08    0.1147    0.1295    0.1519    0.1881    0.2419    0.3154    0.4096    0.6615    0.8143    0.9846    1.17    1.37    1.581    1.804    2.035    2.274    2.519    2.77    3.025    3.282    3.543    3.805    4.068    4.331    4.594    4.857    5.119    5.38    5.64    5.898    6.154    6.408    6.66    6.909    7.156    
RU100    1.058e-12    0.001546    0.006531    0.012    0.01831    0.02604    0.03581    0.04829    0.08401    0.1085    0.1378    0.1725    0.2128    0.2589    0.3109    0.3689    0.433    0.503    0.579    0.6607    0.748    0.8408    0.9387    1.042    1.149    1.261    1.378    1.498    1.622    1.749    1.879    2.013    2.149    2.287    2.428    2.57    
RU101    1.296e-08    0.09286    0.1043    0.1224    0.1524    0.1974    0.2595    0.3392    0.5531    0.683    0.8284    0.9869    1.157    1.336    1.525    1.72    1.921    2.128    2.337    2.55    2.764    2.98    3.196    3.412    3.628    3.844    4.058    4.27    4.481    4.69    4.897    5.102    5.305    5.505    5.703    5.898    
RU102    1.1e-08    0.07864    0.09026    0.109    0.1402    0.1873    0.2525    0.3369    0.5655    0.7061    0.8674    1.044    1.235    1.439    1.654    1.879    2.113    2.354    2.602    2.856    3.114    3.376    3.641    3.909    4.179    4.45    4.723    4.996    5.27    5.545    5.819    6.093    6.366    6.639    6.912    7.183    
RU103    8.187e-09    0.03494    0.009251    0.01037    0.01728    0.02657    0.03711    0.04819    0.07368    0.08057    0.0938    0.1029    0.1107    0.1177    0.1237    0.1289    0.1334    0.1372    0.1404    0.1429    0.145    0.1467    0.1479    0.1488    0.1494    0.1497    0.1498    0.1497    0.1494    0.149    0.1484    0.1478    0.147    0.1462    0.1453    0.1444    
RH103    1.419e-10    0.02236    0.04586    0.04912    0.05881    0.07933    0.1109    0.1522    0.2556    0.3165    0.3802    0.4457    0.5088    0.5684    0.6239    0.6749    0.7213    0.763    0.8002    0.8329    0.8614    0.8859    0.9068    0.9243    0.9387    0.9503    0.9595    0.9663    0.9713    0.9744    0.976    0.9762    0.9753    0.9733    0.9704    0.9667    
RU104    4.969e-09    0.03543    0.04233    0.05653    0.08298    0.1251    0.1851    0.264    0.4795    0.6136    0.7741    0.9498    1.139    1.34    1.552    1.772    2    2.235    2.474    2.718    2.964    3.214    3.464    3.716    3.968    4.22    4.472    4.723    4.973    5.221    5.467    5.712    5.955    6.195    6.433    6.669    
PD104    2.999e-13    0.001755    0.01348    0.02704    0.04224    0.06184    0.08901    0.1267    0.2412    0.3234    0.423    0.5412    0.6776    0.8313    1.001    1.186    1.384    1.595    1.816    2.047    2.286    2.532    2.785    3.042    3.304    3.569    3.836    4.105    4.376    4.647    4.918    5.19    5.46    5.73    5.999    6.266    
PD105    7.724e-10    0.01331    0.01692    0.02454    0.03951    0.06379    0.09851    0.1441    0.2667    0.3427    0.4346    0.5341    0.64    0.7512    0.8667    0.9854    1.107    1.229    1.353    1.477    1.6    1.723    1.844    1.964    2.082    2.198    2.312    2.423    2.532    2.637    2.74    2.841    2.938    3.032    3.124    3.212    
RU106    1.147e-09    0.007456    0.008861    0.01511    0.02833    0.04944    0.0784    0.1145    0.2078    0.2561    0.3153    0.3733    0.4292    0.4825    0.5325    0.579    0.6216    0.6602    0.6949    0.7257    0.7528    0.7762    0.7963    0.8132    0.8273    0.8386    0.8475    0.8542    0.8589    0.8618    0.8632    0.8631    0.8618    0.8594    0.856    0.8518    
PD106    3.609e-10    0.006839    0.01047    0.01709    0.02947    0.05041    0.08251    0.128    0.2617    0.357    0.4742    0.611    0.7668    0.9407    1.132    1.339    1.561    1.797    2.045    2.305    2.574    2.854    3.141    3.436    3.737    4.043    4.354    4.67    4.989    5.311    5.635    5.961    6.289    6.618    6.948    7.278    
PD107    5.135e-10    0.00354    0.005612    0.0119    0.02492    0.0466    0.07819    0.1203    0.2363    0.3091    0.3986    0.4961    0.6006    0.711    0.8263    0.9456    1.068    1.193    1.319    1.446    1.573    1.7    1.826    1.951    2.075    2.197    2.317    2.435    2.551    2.664    2.775    2.883    2.989    3.091    3.191    3.289    
PD108    2.457e-10    0.001669    0.003096    0.007524    0.01679    0.03233    0.05515    0.08579    0.1711    0.2251    0.2918    0.3651    0.4441    0.5282    0.6167    0.7089    0.8041    0.9018    1.001    1.102    1.204    1.307    1.41    1.512    1.615    1.716    1.817    1.917    2.016    2.113    2.209    2.303    2.396    2.487    2.577    2.665    
AG109    7.032e-11    0.0007326    0.001482    0.003928    0.008924    0.01697    0.02826    0.04269    0.07982    0.1016    0.1285    0.1561    0.184    0.212    0.2399    0.2673    0.294    0.3201    0.3453    0.3697    0.393    0.4155    0.4369    0.4574    0.477    0.4958    0.5136    0.5306    0.5469    0.5624    0.5773    0.5914    0.605    0.618    0.6304    0.6423    
PD110    9.03e-11    0.0005514    0.0009646    0.002243    0.004927    0.009448    0.01611    0.02511    0.05029    0.06634    0.08617    0.108    0.1317    0.157    0.1838    0.2118    0.2409    0.2709    0.3016    0.333    0.3648    0.397    0.4295    0.4621    0.4949    0.5276    0.5604    0.5931    0.6256    0.658    0.6902    0.7222    0.754    0.7854    0.8166    0.8475    
CD110    1.129e-13    4.822e-05    0.0002457    0.0007385    0.001946    0.004415    0.008752    0.01556    0.03876    0.05606    0.07791    0.1048    0.1368    0.1738    0.2158    0.2626    0.314    0.3698    0.4298    0.4937    0.5613    0.6324    0.7066    0.7838    0.8636    0.946    1.031    1.117    1.206    1.296    1.388    1.481    1.575    1.67    1.766    1.863    
CD111    6.37e-12    0.0004072    0.0006768    0.001251    0.002464    0.004526    0.007591    0.01176    0.02362    0.03132    0.04082    0.05152    0.06332    0.07618    0.09005    0.1049    0.1207    0.1374    0.155    0.1734    0.1927    0.2127    0.2335    0.2551    0.2774    0.3005    0.3242    0.3486    0.3738    0.3995    0.426    0.453    0.4807    0.509    0.5379    0.5674    
CD112    2.664e-11    0.0003089    0.0004322    0.0007217    0.001308    0.002303    0.003799    0.00587    0.01194    0.016    0.02104    0.02683    0.03336    0.04063    0.04863    0.05737    0.06683    0.07702    0.08793    0.09956    0.1119    0.125    0.1388    0.1534    0.1687    0.1848    0.2016    0.2192    0.2377    0.2569    0.2769    0.2978    0.3195    0.3421    0.3656    0.3899    
CD114    6.412e-11    0.0005617    0.0007093    0.001029    0.001657    0.002688    0.004191    0.006205    0.01182    0.01539    0.01972    0.02451    0.0297    0.03527    0.04117    0.04737    0.05382    0.06049    0.06735    0.07438    0.08155    0.08884    0.09623    0.1037    0.1112    0.1188    0.1265    0.1342    0.1419    0.1496    0.1574    0.1652    0.173    0.1808    0.1887    0.1965    
SN124    9.29e-11    0.0005631    0.0006553    0.0008312    0.001144    0.001629    0.002305    0.003178    0.005515    0.006941    0.008622    0.01045    0.0124    0.01447    0.01663    0.01887    0.02118    0.02355    0.02596    0.02841    0.03089    0.03338    0.03589    0.0384    0.04091    0.04342    0.04592    0.04842    0.0509    0.05336    0.05581    0.05823    0.06064    0.06302    0.06538    0.06772    
SB125    7.487e-11    0.0007021    0.0008698    0.001134    0.001667    0.002519    0.003702    0.0052    0.009107    0.01131    0.01393    0.01665    0.01941    0.02218    0.02492    0.02761    0.03022    0.03273    0.03514    0.03742    0.03958    0.0416    0.04349    0.04524    0.04686    0.04834    0.0497    0.05092    0.05203    0.05302    0.0539    0.05467    0.05534    0.05592    0.05641    0.05682    
SN126    2.192e-10    0.001441    0.00171    0.002269    0.003293    0.004896    0.00714    0.01004    0.0178    0.02253    0.0282    0.03435    0.04091    0.04784    0.05509    0.06261    0.07035    0.07827    0.08634    0.09453    0.1028    0.1111    0.1195    0.1279    0.1363    0.1447    0.1531    0.1614    0.1697    0.178    0.1862    0.1943    0.2024    0.2104    0.2183    0.2261    
I127    3.913e-11    0.002762    0.003803    0.005099    0.007426    0.0111    0.0163    0.02307    0.04111    0.05229    0.06555    0.07996    0.0953    0.1114    0.1281    0.1453    0.1628    0.1805    0.1984    0.2164    0.2343    0.2521    0.2697    0.2872    0.3044    0.3214    0.338    0.3543    0.3703    0.3859    0.4011    0.4159    0.4304    0.4444    0.458    0.4713    
TE128    1.203e-09    0.008662    0.01008    0.01272    0.01739    0.02459    0.0346    0.04749    0.0819    0.1029    0.1275    0.1543    0.1829    0.2131    0.2448    0.2776    0.3114    0.3461    0.3814    0.4173    0.4536    0.4902    0.5269    0.5638    0.6008    0.6377    0.6745    0.7113    0.7478    0.7842    0.8204    0.8563    0.8919    0.9272    0.9622    0.9969    
I129    1.748e-09    0.01449    0.0172    0.02083    0.02763    0.03842    0.0535    0.07282    0.1232    0.1531    0.1875    0.2239    0.2616    0.3002    0.3391    0.3781    0.4167    0.4547    0.4918    0.5279    0.5626    0.5961    0.628    0.6584    0.6873    0.7145    0.7401    0.7641    0.7865    0.8073    0.8266    0.8444    0.8607    0.8757    0.8892    0.9015    
TE130    4.907e-09    0.03492    0.03998    0.0487    0.06359    0.0863    0.1177    0.1582    0.2665    0.3325    0.4087    0.4917    0.5805    0.6747    0.7733    0.8759    0.9816    1.09    1.201    1.313    1.427    1.542    1.657    1.773    1.889    2.005    2.12    2.236    2.35    2.464    2.578    2.69    2.802    2.912    3.022    3.131    
XE130    1.078e-12    0.0002888    0.001214    0.0023    0.003685    0.00558    0.008221    0.01185    0.02296    0.03084    0.04054    0.0522    0.06592    0.08172    0.09963    0.1196    0.1417    0.1658    0.1918    0.2197    0.2495    0.2809    0.3139    0.3484    0.3844    0.4216    0.46    0.4996    0.5401    0.5815    0.6237    0.6665    0.71    0.754    0.7985    0.8433    
I131    7.996e-09    0.01484    0.001526    0.00229    0.003558    0.005092    0.006753    0.008441    0.01183    0.01308    0.01461    0.0158    0.01685    0.01778    0.01858    0.01926    0.01983    0.02031    0.02069    0.021    0.02124    0.02141    0.02153    0.0216    0.02163    0.02162    0.02158    0.02151    0.02142    0.02131    0.02118    0.02104    0.02088    0.02072    0.02054    0.02036    
XE131    6.864e-10    0.05747    0.06953    0.07265    0.08416    0.1054    0.1365    0.1764    0.2784    0.3358    0.3975    0.4605    0.5231    0.5843    0.6434    0.6997    0.7526    0.802    0.8475    0.8891    0.9268    0.9607    0.9909    1.017    1.041    1.061    1.078    1.092    1.104    1.114    1.121    1.127    1.131    1.133    1.134    1.134    
XE132    2.593e-09    0.102    0.1362    0.1697    0.2181    0.287    0.3803    0.5004    0.8277    1.033    1.268    1.529    1.814    2.123    2.452    2.8    3.165    3.545    3.939    4.343    4.758    5.18    5.61    6.045    6.485    6.928    7.373    7.821    8.269    8.717    9.165    9.611    10.06    10.5    10.94    11.38    
XE133    9.612e-09    0.02281    0.00216    0.003041    0.00459    0.006485    0.008548    0.01065    0.01495    0.01646    0.01794    0.01943    0.02076    0.02193    0.02295    0.02382    0.02456    0.02517    0.02568    0.02609    0.0264    0.02664    0.02681    0.02693    0.02698    0.027    0.02697    0.02691    0.02682    0.0267    0.02656    0.0264    0.02623    0.02605    0.02585    0.02564    
CS133    1.068e-09    0.1452    0.181    0.2001    0.2356    0.292    0.3709    0.4724    0.7389    0.897    1.067    1.248    1.436    1.63    1.826    2.023    2.219    2.412    2.6    2.783    2.96    3.13    3.292    3.446    3.591    3.729    3.858    3.978    4.09    4.194    4.29    4.378    4.458    4.532    4.598    4.657    
XE134    2.556e-08    0.1908    0.2149    0.2499    0.3052    0.3867    0.498    0.6404    1.023    1.255    1.51    1.79    2.09    2.41    2.746    3.096    3.458    3.83    4.211    4.598    4.99    5.387    5.786    6.186    6.588    6.99    7.391    7.791    8.19    8.586    8.98    9.372    9.76    10.15    10.53    10.91    
CS134    5.572e-13    0.002916    0.01139    0.018    0.02402    0.03066    0.03892    0.04949    0.07985    0.09899    0.121    0.1454    0.1721    0.2007    0.2307    0.2618    0.2936    0.3258    0.358    0.39    0.4216    0.4524    0.4824    0.5113    0.5392    0.5658    0.5911    0.6151    0.6377    0.6589    0.6788    0.6973    0.7145    0.7303    0.7448    0.7581    
BA134    4.384e-16    6.967e-05    0.0007968    0.002351    0.004584    0.007486    0.01117    0.01584    0.02821    0.03767    0.04931    0.06342    0.08024    0.09998    0.1228    0.1489    0.1783    0.2111    0.2472    0.2867    0.3294    0.3754    0.4246    0.4767    0.5317    0.5894    0.6498    0.7125    0.7776    0.8448    0.9139    0.9848    1.057    1.131    1.207    1.283    
CS135    8.398e-10    0.007074    0.01105    0.01633    0.02408    0.03457    0.0482    0.06554    0.1136    0.1461    0.1847    0.2301    0.2825    0.3424    0.4099    0.4852    0.5682    0.659    0.7574    0.8631    0.9759    1.096    1.222    1.354    1.492    1.634    1.782    1.934    2.09    2.249    2.412    2.576    2.743    2.912    3.082    3.254    
XE136    4.123e-08    0.3148    0.3554    0.4169    0.5161    0.6637    0.8659    1.125    1.823    2.248    2.72    3.237    3.793    4.384    5.006    5.653    6.322    7.011    7.714    8.43    9.155    9.887    10.63    11.37    12.11    12.85    13.6    14.34    15.07    15.81    16.54    17.26    17.98    18.7    19.41    20.11    
BA136    1.108e-12    0.0001305    0.0003687    0.0007817    0.001533    0.002726    0.004441    0.006736    0.01361    0.018    0.02342    0.02978    0.03708    0.0454    0.05483    0.06546    0.07738    0.09068    0.1055    0.1218    0.1399    0.1597    0.1814    0.205    0.2307    0.2585    0.2884    0.3206    0.3551    0.3919    0.4311    0.4728    0.517    0.5637    0.6129    0.6647    
CS137    2.138e-08    0.1525    0.1709    0.1992    0.2452    0.3138    0.4078    0.5283    0.8515    1.047    1.263    1.498    1.75    2.017    2.296    2.585    2.883    3.187    3.496    3.809    4.124    4.44    4.756    5.072    5.386    5.698    6.007    6.313    6.616    6.915    7.21    7.5    7.786    8.067    8.343    8.614    
BA137    3.099e-12    0.0003438    0.001547    0.002916    0.00455    0.006598    0.009241    0.01267    0.02183    0.02879    0.03727    0.04739    0.05928    0.07305    0.08879    0.1066    0.1264    0.1485    0.1726    0.199    0.2276    0.2583    0.2913    0.3264    0.3636    0.403    0.4445    0.488    0.5335    0.581    0.6305    0.6818    0.735    0.7899    0.8466    0.905    
BA138    2.368e-08    0.1716    0.1926    0.2222    0.268    0.3348    0.4254    0.5409    0.8502    1.038    1.24    1.462    1.701    1.955    2.223    2.501    2.79    3.087    3.39    3.699    4.013    4.33    4.649    4.97    5.292    5.614    5.936    6.258    6.578    6.898    7.216    7.532    7.846    8.158    8.468    8.775    
LA139    2.223e-08    0.1629    0.1812    0.2075    0.2492    0.311    0.395    0.5023    0.7888    0.9611    1.147    1.349    1.566    1.794    2.033    2.28    2.533    2.791    3.052    3.315    3.58    3.844    4.107    4.369    4.628    4.885    5.138    5.387    5.632    5.873    6.109    6.34    6.566    6.787    7.003    7.214    
BA140    2.108e-08    0.04612    0.00451    0.006129    0.009248    0.01315    0.01746    0.0219    0.0322    0.03434    0.03699    0.04021    0.04308    0.04561    0.04781    0.04969    0.05129    0.05261    0.0537    0.05457    0.05525    0.05575    0.0561    0.05632    0.05642    0.05643    0.05634    0.05618    0.05595    0.05566    0.05533    0.05496    0.05455    0.05411    0.05365    0.05316    
CE140    2.943e-10    0.1134    0.1827    0.212    0.2561    0.3207    0.409    0.5229    0.8453    1.037    1.247    1.477    1.727    1.994    2.278    2.575    2.886    3.208    3.539    3.879    4.227    4.581    4.941    5.305    5.673    6.045    6.419    6.796    7.174    7.554    7.935    8.316    8.698    9.081    9.463    9.845    
CE141    1.898e-08    0.08076    0.01469    0.01325    0.01961    0.02823    0.03793    0.04803    0.0715    0.07692    0.08337    0.09072    0.09742    0.1033    0.1085    0.113    0.1168    0.12    0.1226    0.1248    0.1265    0.1278    0.1287    0.1294    0.1298    0.1299    0.1299    0.1297    0.1293    0.1288    0.1282    0.1275    0.1267    0.1259    0.125    0.124    
PR141    4.063e-10    0.06858    0.1505    0.1752    0.2067    0.2543    0.3212    0.4086    0.6437    0.7927    0.9528    1.125    1.31    1.505    1.709    1.919    2.134    2.352    2.572    2.793    3.014    3.234    3.452    3.667    3.879    4.087    4.291    4.491    4.686    4.876    5.061    5.241    5.415    5.584    5.748    5.906    
CE142    2.069e-08    0.1541    0.1739    0.2004    0.2414    0.301    0.3817    0.4842    0.758    0.923    1.101    1.295    1.504    1.726    1.959    2.201    2.451    2.708    2.97    3.237    3.506    3.778    4.052    4.327    4.602    4.876    5.15    5.423    5.695    5.964    6.232    6.498    6.762    7.022    7.281    7.536    
ND142    2.284e-14    0.00039    0.003034    0.006331    0.01009    0.01457    0.02013    0.02714    0.04694    0.06061    0.07711    0.09661    0.1193    0.1453    0.1748    0.2078    0.2443    0.2843    0.3278    0.3747    0.425    0.4785    0.5352    0.5948    0.6573    0.7226    0.7904    0.8606    0.9331    1.008    1.084    1.163    1.243    1.324    1.407    1.491    
PR143    7.421e-09    0.04538    0.004374    0.005675    0.008362    0.01174    0.01546    0.01928    0.02858    0.02998    0.03166    0.03442    0.03689    0.03907    0.04098    0.04262    0.04402    0.0452    0.04617    0.04697    0.0476    0.04809    0.04845    0.0487    0.04885    0.04892    0.04892    0.04884    0.04872    0.04855    0.04833    0.04808    0.0478    0.0475    0.04717    0.04683    
ND143    3.05e-10    0.09158    0.1045    0.08667    0.08475    0.0966    0.1193    0.1498    0.2327    0.2704    0.3028    0.3352    0.3674    0.3983    0.4273    0.454    0.4783    0.5001    0.5194    0.5365    0.5515    0.5645    0.5758    0.5856    0.5939    0.6011    0.6072    0.6125    0.6169    0.6206    0.6238    0.6265    0.6288    0.6307    0.6323    0.6337    
CE144    1.992e-08    0.1314    0.113    0.1045    0.1083    0.1241    0.1507    0.1858    0.2847    0.3298    0.3696    0.4108    0.4519    0.4917    0.5293    0.5642    0.5961    0.6248    0.6502    0.6725    0.6916    0.7078    0.7213    0.7322    0.7409    0.7475    0.7522    0.7553    0.7568    0.7571    0.7562    0.7543    0.7515    0.748    0.7437    0.739    
ND144    6.069e-11    0.0265    0.1144    0.1875    0.2552    0.328    0.4147    0.5222    0.82    1.02    1.246    1.498    1.775    2.077    2.402    2.748    3.114    3.498    3.896    4.307    4.73    5.162    5.601    6.046    6.496    6.95    7.405    7.862    8.32    8.777    9.233    9.688    10.14    10.59    11.04    11.48    
ND145    1.275e-08    0.1009    0.1074    0.118    0.137    0.1664    0.2071    0.2591    0.3962    0.4765    0.5598    0.6489    0.7425    0.8395    0.9387    1.039    1.14    1.24    1.339    1.437    1.532    1.625    1.715    1.803    1.887    1.968    2.046    2.121    2.192    2.26    2.325    2.387    2.446    2.502    2.555    2.606    
ND146    1.102e-08    0.08179    0.09849    0.1197    0.1493    0.1903    0.2445    0.3133    0.4991    0.6144    0.7422    0.8844    1.04    1.21    1.391    1.585    1.789    2.004    2.228    2.46    2.701    2.949    3.205    3.466    3.733    4.006    4.283    4.564    4.85    5.138    5.43    5.725    6.023    6.322    6.624    6.927    
ND147    8.014e-09    0.01557    0.001528    0.002101    0.003165    0.004497    0.005969    0.00749    0.01094    0.01179    0.01276    0.01389    0.01492    0.01583    0.01663    0.01733    0.01794    0.01846    0.0189    0.01927    0.01958    0.01983    0.02003    0.02019    0.02031    0.0204    0.02046    0.0205    0.02052    0.02052    0.0205    0.02047    0.02043    0.02038    0.02032    0.02025    
PM147    5.072e-10    0.03802    0.03519    0.0277    0.02789    0.03384    0.04388    0.05661    0.08974    0.1033    0.1159    0.1284    0.1405    0.1519    0.1623    0.1717    0.18    0.1873    0.1937    0.1992    0.2038    0.2077    0.211    0.2137    0.2159    0.2176    0.2189    0.2198    0.2205    0.2209    0.2211    0.221    0.2209    0.2205    0.2201    0.2196    
SM147    2.785e-13    0.0008459    0.004163    0.006212    0.007705    0.009262    0.01128    0.01399    0.02136    0.02669    0.03245    0.03856    0.04497    0.05159    0.05833    0.06509    0.0718    0.07837    0.08473    0.09084    0.09665    0.1021    0.1073    0.1121    0.1165    0.1206    0.1243    0.1277    0.1308    0.1335    0.136    0.1381    0.14    0.1417    0.1432    0.1444    
ND148    6.407e-09    0.04622    0.05194    0.06039    0.07396    0.09411    0.1217    0.1571    0.2524    0.3101    0.3738    0.4433    0.5181    0.5973    0.6805    0.767    0.8562    0.9476    1.041    1.135    1.231    1.327    1.423    1.52    1.616    1.712    1.807    1.902    1.996    2.089    2.181    2.272    2.362    2.451    2.539    2.625    
SM148    1.05e-13    0.003099    0.01501    0.02423    0.03258    0.04191    0.05365    0.0688    0.1135    0.1427    0.1762    0.2137    0.2552    0.3007    0.3497    0.4022    0.4577    0.5159    0.5765    0.6393    0.7039    0.7701    0.8376    0.9062    0.9757    1.046    1.117    1.188    1.259    1.331    1.403    1.474    1.546    1.617    1.688    1.758    
ND150    2.504e-09    0.0177    0.02017    0.02434    0.03149    0.04245    0.05775    0.07762    0.1315    0.1646    0.2026    0.2443    0.2891    0.3367    0.3867    0.4387    0.4925    0.5478    0.6042    0.6614    0.7194    0.7778    0.8365    0.8954    0.9543    1.013    1.072    1.13    1.188    1.245    1.302    1.359    1.415    1.47    1.525    1.579    
SM150    5.219e-10    0.02984    0.04024    0.04713    0.05593    0.06889    0.08712    0.111    0.1767    0.2148    0.2557    0.2982    0.3417    0.3856    0.4291    0.4718    0.5131    0.5528    0.5905    0.6261    0.6593    0.6903    0.7189    0.7451    0.7691    0.7909    0.8106    0.8283    0.8442    0.8583    0.8709    0.8819    0.8916    0.9    0.9073    0.9135    
SM152    1.15e-09    0.01741    0.0195    0.02285    0.02943    0.03951    0.05309    0.06995    0.1125    0.1366    0.1638    0.1912    0.2185    0.2452    0.2712    0.2962    0.3202    0.3428    0.3641    0.3839    0.4023    0.4191    0.4345    0.4485    0.4611    0.4724    0.4824    0.4913    0.4991    0.5058    0.5116    0.5166    0.5207    0.5242    0.5269    0.5291    
EU153    1.799e-10    0.00567    0.009419    0.01241    0.01636    0.0221    0.02999    0.04011    0.06656    0.08234    0.1001    0.1188    0.1377    0.1567    0.1752    0.1933    0.2106    0.2272    0.2428    0.2574    0.271    0.2836    0.2952    0.3057    0.3152    0.3238    0.3315    0.3382    0.3442    0.3494    0.3539    0.3577    0.361    0.3636    0.3658    0.3675    
SM154    3.058e-10    0.002237    0.002788    0.003875    0.005856    0.008996    0.01347    0.01937    0.03559    0.04574    0.05794    0.07133    0.08579    0.1012    0.1174    0.1344    0.1519    0.1699    0.1882    0.2069    0.2258    0.2448    0.2639    0.2831    0.3022    0.3212    0.3401    0.3588    0.3774    0.3957    0.4139    0.4318    0.4494    0.4667    0.4838    0.5005    
EU154    9.421e-13    0.0008301    0.002664    0.003873    0.005139    0.006886    0.009334    0.01257    0.02128    0.02673    0.03279    0.03935    0.04613    0.05296    0.05973    0.06635    0.07274    0.07886    0.08467    0.09015    0.09526    0.1    0.1044    0.1084    0.112    0.1153    0.1182    0.1208    0.1231    0.1251    0.1269    0.1284    0.1297    0.1308    0.1316    0.1324    
EU155    1.317e-10    0.0004576    0.0008616    0.001355    0.001871    0.002553    0.003475    0.004665    0.008165    0.009733    0.01195    0.01425    0.01663    0.01902    0.02139    0.0237    0.02593    0.02806    0.03008    0.03199    0.03377    0.03542    0.03694    0.03833    0.03959    0.04074    0.04176    0.04267    0.04348    0.04419    0.04481    0.04534    0.0458    0.04618    0.0465    0.04675    
EU156    4.631e-11    0.0004671    0.000833    0.001424    0.002029    0.002804    0.003833    0.005146    0.009352    0.01068    0.01314    0.01563    0.0182    0.02079    0.02335    0.02585    0.02826    0.03056    0.03275    0.0348    0.03672    0.0385    0.04013    0.04163    0.04299    0.04422    0.04532    0.0463    0.04716    0.04792    0.04858    0.04915    0.04963    0.05004    0.05037    0.05064    
GD156    2.222e-12    0.0007624    0.00345    0.008703    0.01665    0.02772    0.0429    0.06343    0.1365    0.1813    0.2357    0.301    0.3778    0.466    0.5657    0.6764    0.7978    0.9293    1.07    1.22    1.378    1.543    1.715    1.894    2.077    2.265    2.456    2.652    2.849    3.049    3.251    3.454    3.658    3.862    4.066    4.27    
GD158    3.156e-11    0.0004307    0.0009695    0.002154    0.004164    0.007207    0.01154    0.01741    0.03728    0.04937    0.06428    0.08178    0.102    0.1249    0.1506    0.1791    0.2104    0.2443    0.2809    0.3201    0.3619    0.4061    0.4527    0.5016    0.5528    0.6061    0.6615    0.7189    0.7782    0.8394    0.9024    0.9671    1.033    1.101    1.171    1.242    
