TIME    3   100   220   340   460   580   700   820   1040   1160   1280   1400   1520   1640   1760   1880   2000   2120   2240   2360   2480   2600   2720   2840   2960   3080   3200   3320   3440   3560   3680   3800   3920   4040   4160   4280   
NEUT_PROD    822   552   366   243   161   107   71.3   47.8   22.1   15.4   11.1   8.32   6.55   5.44   4.76   4.35   4.13   4.01   3.96   3.95   3.96   3.98   4.01   4.03   4.05   4.06   4.07   4.07   4.07   4.06   4.05   4.03   4.01   3.99   3.96   3.93   
NEUT_DEST    426   308   223   164   123   94.6   74.6   60.5   43.5   38.3   34.6   31.8   29.6   28   26.7   25.6   24.8   24   23.4   22.8   22.4   21.9   21.6   21.2   20.9   20.6   20.3   20.1   19.8   19.6   19.4   19.2   19   18.8   18.6   18.4   
BUd    9.95    264    182    121    80.1    53.2    35.4    23.7    27.7    7.41    5.22    3.79    2.87    2.28    1.91    1.68    1.55    1.47    1.43    1.41    1.4    1.4    1.41    1.41    1.42    1.42    1.42    1.42    1.42    1.42    1.41    1.41    1.4    1.39    1.38    1.37    
U234    0.0001069    0.002831    0.004595    0.005884    0.007155    0.008727    0.0108    0.01346    0.01987    0.02433    0.02924    0.0345    0.04003    0.04573    0.05152    0.05731    0.06306    0.06869    0.07416    0.07944    0.08448    0.08926    0.09378    0.09801    0.102    0.1056    0.1089    0.112    0.1148    0.1173    0.1195    0.1215    0.1232    0.1247    0.126    0.127    
U235    987.7    663    439.5    291.4    193.2    128.1    84.9    56.29    24.74    16.41    10.88    7.214    4.786    3.176    2.109    1.402    0.934    0.6239    0.4187    0.283    0.1934    0.1343    0.09537    0.06987    0.05322    0.04242    0.03548    0.03108    0.02834    0.0267    0.02575    0.02526    0.02504    0.025    0.02505    0.02516    
U236    1.899    51.83    85.4    106.9    120.4    128.6    133.3    135.7    136.4    135.6    134.4    133    131.3    129.6    127.8    126    124.1    122.3    120.5    118.7    116.9    115.2    113.4    111.7    110    108.4    106.7    105.1    103.5    102    100.4    98.93    97.44    95.97    94.52    93.09    
U237    0.0003848    0.07117    0.1174    0.1469    0.1655    0.1768    0.1832    0.1865    0.1875    0.1865    0.1848    0.1828    0.1806    0.1782    0.1757    0.1732    0.1707    0.1682    0.1657    0.1632    0.1608    0.1583    0.156    0.1536    0.1513    0.149    0.1468    0.1446    0.1424    0.1402    0.1381    0.136    0.134    0.132    0.13    0.128    
U238    2.565e-06    0.02238    0.0793    0.1583    0.2512    0.3526    0.4589    0.5678    0.7971    0.9061    1.014    1.121    1.225    1.329    1.43    1.53    1.628    1.724    1.818    1.911    2.002    2.091    2.179    2.264    2.349    2.431    2.512    2.592    2.67    2.746    2.821    2.894    2.966    3.037    3.106    3.174    
NP237    4.058e-05    0.3387    1.199    2.314    3.518    4.712    5.84    6.872    8.596    9.299    9.899    10.41    10.83    11.17    11.45    11.67    11.84    11.96    12.05    12.09    12.11    12.11    12.08    12.03    11.96    11.89    11.8    11.7    11.59    11.47    11.35    11.23    11.1    10.96    10.83    10.69    
NP238    3.424e-08    0.001283    0.004548    0.008782    0.01336    0.0179    0.02219    0.02611    0.03264    0.03534    0.03762    0.03955    0.04115    0.04247    0.04353    0.04437    0.04501    0.04547    0.04579    0.04597    0.04604    0.04602    0.04591    0.04573    0.04548    0.04518    0.04484    0.04446    0.04405    0.04361    0.04315    0.04267    0.04218    0.04167    0.04116    0.04064    
PU238    7.019e-09    0.01317    0.09303    0.2599    0.5065    0.8141    1.161    1.528    2.255    2.597    2.913    3.201    3.46    3.688    3.886    4.057    4.201    4.321    4.419    4.497    4.557    4.602    4.632    4.65    4.656    4.654    4.643    4.625    4.601    4.571    4.537    4.499    4.458    4.414    4.368    4.32    
PU239    2.729e-11    0.0009968    0.01189    0.04354    0.1006    0.1819    0.2826    0.3965    0.6399    0.7603    0.8752    0.9823    1.08    1.169    1.247    1.315    1.374    1.424    1.466    1.5    1.528    1.549    1.565    1.576    1.583    1.586    1.586    1.583    1.577    1.569    1.56    1.549    1.536    1.523    1.508    1.493    
PU240    7.522e-14    6.084e-05    0.001404    0.007557    0.02277    0.0502    0.09114    0.145    0.2836    0.3623    0.4437    0.5252    0.6047    0.6806    0.7515    0.8168    0.876    0.9288    0.9753    1.016    1.05    1.08    1.104    1.123    1.139    1.15    1.159    1.164    1.167    1.168    1.166    1.163    1.158    1.152    1.145    1.137    
PU241    1.343e-16    3.848e-06    0.0001584    0.001175    0.004347    0.01107    0.02237    0.03865    0.085    0.1133    0.1436    0.1749    0.2063    0.237    0.2663    0.2938    0.3191    0.3421    0.3626    0.3807    0.3965    0.41    0.4214    0.4308    0.4385    0.4445    0.4491    0.4524    0.4546    0.4557    0.456    0.4554    0.4542    0.4524    0.45    0.4473    
PU242    1.357e-19    1.552e-07    1.299e-05    0.0001519    0.0007852    0.002612    0.006605    0.01386    0.04221    0.06477    0.09343    0.1282    0.1688    0.2149    0.2658    0.3208    0.3791    0.4401    0.5028    0.5666    0.6307    0.6947    0.7579    0.8199    0.8803    0.9387    0.9949    1.049    1.1    1.148    1.194    1.237    1.276    1.314    1.348    1.379    
AM243    0    1.31e-09    2.167e-07    3.879e-06    2.718e-05    0.0001145    0.0003513    0.0008676    0.003437    0.005886    0.009369    0.01405    0.02005    0.02745    0.03629    0.04657    0.05823    0.07119    0.08534    0.1005    0.1166    0.1335    0.1509    0.1687    0.1868    0.205    0.2232    0.2412    0.2589    0.2763    0.2932    0.3095    0.3252    0.3403    0.3547    0.3683    
GE76    0.0001341    0.003689    0.006133    0.007752    0.008825    0.009535    0.01001    0.01032    0.01066    0.01075    0.01082    0.01086    0.01089    0.01091    0.01093    0.01094    0.01095    0.01096    0.01097    0.01097    0.01098    0.01099    0.011    0.01101    0.01101    0.01102    0.01103    0.01104    0.01104    0.01105    0.01106    0.01107    0.01107    0.01108    0.01109    0.0111    
SE77    0.0001202    0.008064    0.01312    0.01604    0.01756    0.01818    0.01823    0.01792    0.01674    0.01603    0.01529    0.01455    0.01383    0.01313    0.01246    0.01182    0.01121    0.01063    0.01009    0.009573    0.009088    0.008631    0.008199    0.007792    0.007409    0.007047    0.006706    0.006384    0.00608    0.005794    0.005523    0.005268    0.005028    0.0048    0.004585    0.004382    
SE78    0.0005952    0.01761    0.02976    0.03824    0.04427    0.04865    0.0519    0.05441    0.058    0.05937    0.06055    0.06159    0.06253    0.06339    0.06419    0.06493    0.06563    0.06628    0.0669    0.06748    0.06803    0.06856    0.06905    0.06952    0.06997    0.07039    0.0708    0.07118    0.07154    0.07189    0.07222    0.07253    0.07282    0.07311    0.07337    0.07363    
SE79    0.001798    0.04956    0.08226    0.1038    0.1179    0.127    0.133    0.1368    0.1406    0.1414    0.1418    0.142    0.142    0.1419    0.1417    0.1414    0.1412    0.1409    0.1407    0.1404    0.1401    0.1398    0.1396    0.1393    0.139    0.1387    0.1385    0.1382    0.1379    0.1377    0.1374    0.1371    0.1369    0.1366    0.1364    0.1361    
SE80    0.00437    0.1203    0.2001    0.2531    0.2883    0.3118    0.3275    0.338    0.35    0.3534    0.3559    0.3577    0.3591    0.3602    0.3611    0.362    0.3627    0.3635    0.3642    0.3648    0.3655    0.3662    0.3669    0.3675    0.3682    0.3689    0.3695    0.3702    0.3708    0.3715    0.3721    0.3728    0.3734    0.3741    0.3747    0.3753    
BR81    0.00749    0.2062    0.3408    0.4278    0.4834    0.5182    0.5392    0.5511    0.559    0.5585    0.5563    0.553    0.549    0.5447    0.5401    0.5353    0.5305    0.5257    0.5209    0.5161    0.5114    0.5067    0.502    0.4974    0.4929    0.4884    0.484    0.4796    0.4753    0.471    0.4667    0.4625    0.4584    0.4543    0.4502    0.4462    
SE82    0.01208    0.3322    0.5524    0.6984    0.7952    0.8595    0.9021    0.9305    0.962    0.9706    0.9764    0.9805    0.9834    0.9856    0.9872    0.9886    0.9897    0.9908    0.9917    0.9926    0.9935    0.9944    0.9952    0.9961    0.997    0.9978    0.9987    0.9995    1    1.001    1.002    1.003    1.004    1.005    1.005    1.006    
KR82    2.635e-06    0.001329    0.004387    0.008407    0.0129    0.01755    0.02216    0.02661    0.0348    0.03848    0.04188    0.04501    0.04787    0.05048    0.05285    0.055    0.05695    0.0587    0.06027    0.06167    0.06293    0.06404    0.06502    0.06587    0.06662    0.06726    0.0678    0.06826    0.06864    0.06894    0.06917    0.06934    0.06945    0.06951    0.06952    0.06948    
KR83    0.01783    0.4634    0.6558    0.6967    0.6589    0.5852    0.5001    0.4166    0.2758    0.2214    0.1771    0.1415    0.1134    0.09146    0.07444    0.06139    0.05146    0.04395    0.03832    0.03413    0.03104    0.02878    0.02714    0.02597    0.02514    0.02456    0.02416    0.0239    0.02372    0.02361    0.02354    0.02349    0.02346    0.02344    0.02341    0.02338    
KR84    0.03777    1.124    1.986    2.646    3.149    3.531    3.822    4.043    4.338    4.435    4.509    4.566    4.609    4.643    4.67    4.691    4.709    4.723    4.736    4.746    4.756    4.765    4.773    4.78    4.788    4.795    4.802    4.809    4.816    4.823    4.83    4.836    4.843    4.85    4.856    4.863    
KR85    0.009257    0.2764    0.4542    0.5662    0.6348    0.6748    0.6959    0.7048    0.7036    0.6959    0.6861    0.6751    0.6634    0.6512    0.639    0.6268    0.6147    0.6028    0.5911    0.5796    0.5684    0.5574    0.5467    0.5363    0.526    0.5161    0.5063    0.4968    0.4875    0.4784    0.4695    0.4609    0.4524    0.4441    0.4361    0.4282    
RB85    0.03431    1.037    1.732    2.197    2.511    2.723    2.869    2.97    3.091    3.13    3.16    3.184    3.205    3.222    3.238    3.253    3.267    3.279    3.292    3.304    3.316    3.327    3.338    3.349    3.36    3.37    3.38    3.39    3.4    3.41    3.419    3.428    3.437    3.446    3.454    3.463    
KR86    0.07652    2.105    3.501    4.427    5.042    5.45    5.721    5.902    6.104    6.159    6.197    6.223    6.242    6.256    6.266    6.275    6.282    6.288    6.293    6.298    6.303    6.308    6.313    6.318    6.322    6.327    6.332    6.336    6.341    6.345    6.35    6.354    6.358    6.363    6.367    6.371    
SR86    1.775e-07    0.0004216    0.001753    0.003734    0.006146    0.008842    0.01173    0.01474    0.02096    0.02415    0.02735    0.03056    0.03378    0.037    0.04023    0.04345    0.04668    0.0499    0.05311    0.05633    0.05954    0.06275    0.06595    0.06914    0.07234    0.07552    0.0787    0.08188    0.08505    0.08821    0.09137    0.09452    0.09766    0.1008    0.1039    0.107    
RB87    0.09671    2.727    4.537    5.736    6.531    7.058    7.407    7.638    7.894    7.962    8.008    8.039    8.061    8.075    8.086    8.094    8.1    8.105    8.109    8.113    8.117    8.12    8.123    8.127    8.13    8.133    8.137    8.14    8.143    8.146    8.15    8.153    8.156    8.159    8.162    8.165    
SR88    0.1337    3.916    6.518    8.245    9.39    10.15    10.66    10.99    11.37    11.47    11.54    11.59    11.63    11.65    11.67    11.69    11.7    11.71    11.72    11.73    11.74    11.75    11.76    11.77    11.78    11.79    11.8    11.81    11.82    11.83    11.84    11.85    11.85    11.86    11.87    11.88    
SR89    0.1842    2.701    2.311    1.632    1.102    0.7345    0.4883    0.3246    0.1574    0.09948    0.06616    0.04515    0.03152    0.02224    0.01634    0.01254    0.01009    0.008519    0.007521    0.006895    0.006508    0.006273    0.006133    0.006051    0.006004    0.005975    0.005955    0.005939    0.005922    0.005902    0.005879    0.005852    0.005821    0.005787    0.005749    0.005708    
Y89    0.003826    2.498    6.327    9.277    11.3    12.66    13.55    14.13    14.74    14.9    15    15.06    15.09    15.1    15.1    15.1    15.09    15.07    15.06    15.04    15.02    15.01    14.99    14.97    14.95    14.94    14.92    14.9    14.88    14.87    14.85    14.83    14.81    14.79    14.78    14.76    
SR90    0.2283    6.26    10.35    13.01    14.72    15.8    16.46    16.85    17.16    17.16    17.12    17.04    16.94    16.82    16.7    16.57    16.44    16.3    16.17    16.04    15.9    15.77    15.64    15.51    15.38    15.25    15.13    15    14.88    14.75    14.63    14.51    14.39    14.27    14.15    14.03    
ZR90    0.0001506    0.02679    0.1006    0.2067    0.3342    0.4754    0.6253    0.7806    1.077    1.238    1.398    1.559    1.719    1.878    2.036    2.193    2.348    2.503    2.657    2.81    2.961    3.112    3.261    3.409    3.557    3.703    3.848    3.992    4.135    4.277    4.418    4.558    4.697    4.835    4.972    5.108    
Y91    0.1882    3.63    3.293    2.401    1.649    1.112    0.7471    0.5029    0.2552    0.1676    0.1167    0.08483    0.06424    0.05038    0.04149    0.03572    0.03197    0.02954    0.02796    0.02692    0.02625    0.02579    0.02548    0.02525    0.02507    0.02491    0.02476    0.02462    0.02447    0.02433    0.02417    0.02401    0.02384    0.02366    0.02349    0.0233    
ZR91    0.00287    2.817    7.456    11.2    13.83    15.62    16.81    17.6    18.44    18.68    18.84    18.94    19    19.05    19.07    19.09    19.1    19.11    19.12    19.12    19.12    19.12    19.12    19.12    19.12    19.12    19.12    19.12    19.12    19.12    19.12    19.12    19.12    19.12    19.12    19.12    
ZR92    0.2137    6.697    11.17    14.14    16.12    17.44    18.33    18.93    19.61    19.81    19.96    20.06    20.15    20.22    20.27    20.32    20.37    20.42    20.46    20.5    20.54    20.59    20.63    20.67    20.71    20.75    20.79    20.83    20.87    20.91    20.96    21    21.04    21.08    21.12    21.16    
ZR93    0.2121    7.255    12.06    15.22    17.27    18.6    19.44    19.97    20.46    20.54    20.57    20.56    20.52    20.46    20.4    20.33    20.25    20.17    20.09    20.01    19.93    19.85    19.77    19.69    19.62    19.54    19.46    19.38    19.31    19.23    19.15    19.08    19    18.93    18.85    18.78    
ZR94    0.2584    7.173    11.97    15.19    17.37    18.85    19.87    20.59    21.5    21.8    22.04    22.24    22.42    22.58    22.73    22.88    23.02    23.15    23.29    23.42    23.55    23.69    23.82    23.95    24.08    24.21    24.34    24.47    24.6    24.72    24.85    24.98    25.11    25.23    25.36    25.48    
ZR95    0.2636    4.35    4.069    3.021    2.092    1.413    0.9455    0.6315    0.312    0.2008    0.1354    0.0947    0.06871    0.052    0.04132    0.03454    0.03031    0.02772    0.02618    0.02531    0.02485    0.02464    0.02457    0.02457    0.0246    0.02464    0.02467    0.02468    0.02466    0.02463    0.02457    0.02449    0.02438    0.02427    0.02413    0.02398    
NB95    0.004208    1.615    2.168    1.798    1.296    0.8891    0.5984    0.4003    0.2022    0.1295    0.0855    0.05863    0.04171    0.03085    0.02391    0.01949    0.0167    0.01498    0.01394    0.01333    0.013    0.01283    0.01276    0.01275    0.01276    0.01278    0.01279    0.0128    0.0128    0.01279    0.01276    0.01272    0.01268    0.01262    0.01255    0.01248    
MO95    8.368e-05    1.412    5.934    10.38    13.64    15.78    17.06    17.76    18.07    18    17.79    17.5    17.18    16.83    16.47    16.1    15.74    15.38    15.03    14.68    14.35    14.01    13.69    13.38    13.07    12.77    12.48    12.2    11.92    11.65    11.39    11.13    10.88    10.64    10.4    10.17    
ZR96    0.2668    7.344    12.21    15.44    17.58    19    19.94    20.56    21.25    21.44    21.57    21.66    21.72    21.77    21.81    21.84    21.86    21.89    21.91    21.93    21.96    21.98    22    22.02    22.04    22.07    22.09    22.11    22.13    22.15    22.18    22.2    22.22    22.24    22.26    22.28    
MO96    1.484e-05    0.01372    0.122    0.3497    0.6722    1.059    1.485    1.932    2.849    3.306    3.757    4.201    4.636    5.06    5.475    5.879    6.273    6.657    7.031    7.394    7.749    8.093    8.429    8.756    9.073    9.383    9.684    9.977    10.26    10.54    10.81    11.07    11.33    11.58    11.82    12.05    
MO97    0.1708    6.859    11.44    14.45    16.43    17.72    18.56    19.09    19.64    19.76    19.83    19.87    19.88    19.87    19.86    19.85    19.83    19.81    19.79    19.77    19.75    19.73    19.72    19.7    19.69    19.67    19.66    19.65    19.64    19.62    19.61    19.6    19.6    19.59    19.58    19.57    
MO98    0.2522    6.948    11.58    14.67    16.74    18.14    19.1    19.75    20.55    20.8    20.99    21.15    21.29    21.41    21.52    21.62    21.72    21.82    21.92    22.02    22.12    22.21    22.31    22.41    22.51    22.6    22.7    22.8    22.89    22.99    23.09    23.18    23.28    23.38    23.47    23.57    
TC99    0.07252    6.835    11.32    14.01    15.52    16.27    16.52    16.45    15.79    15.32    14.82    14.31    13.79    13.28    12.78    12.3    11.83    11.38    10.95    10.53    10.14    9.757    9.393    9.045    8.712    8.393    8.088    7.796    7.516    7.248    6.991    6.745    6.509    6.282    6.066    5.858    
MO100    0.2777    7.637    12.7    16.05    18.27    19.74    20.71    21.36    22.08    22.27    22.4    22.5    22.57    22.62    22.66    22.7    22.73    22.76    22.79    22.82    22.85    22.88    22.91    22.94    22.97    23    23.03    23.06    23.09    23.12    23.15    23.18    23.21    23.23    23.26    23.29    
RU100    3.451e-05    0.1599    0.5649    1.117    1.754    2.431    3.124    3.813    5.145    5.777    6.382    6.96    7.511    8.035    8.532    9.004    9.452    9.876    10.28    10.66    11.02    11.35    11.67    11.98    12.26    12.53    12.78    13.02    13.24    13.45    13.65    13.83    14    14.16    14.31    14.45    
RU101    0.2233    6.172    10.22    12.85    14.55    15.64    16.33    16.75    17.14    17.2    17.23    17.22    17.21    17.18    17.15    17.12    17.09    17.06    17.04    17.02    17    16.99    16.98    16.97    16.96    16.96    16.96    16.96    16.97    16.97    16.98    16.99    17    17.01    17.02    17.03    
RU102    0.189    5.24    8.762    11.14    12.77    13.89    14.68    15.26    16.02    16.29    16.52    16.72    16.91    17.08    17.25    17.41    17.58    17.74    17.89    18.05    18.21    18.37    18.53    18.68    18.84    19    19.15    19.31    19.47    19.62    19.78    19.93    20.09    20.24    20.4    20.55    
RU103    0.1391    1.735    1.361    0.9327    0.6276    0.4232    0.288    0.199    0.1094    0.07859    0.06206    0.052    0.04585    0.04304    0.04111    0.04011    0.03974    0.03975    0.03997    0.04031    0.0407    0.04109    0.04147    0.04182    0.04212    0.04239    0.04262    0.04281    0.04296    0.04309    0.04319    0.04326    0.04331    0.04334    0.04335    0.04336    
RH103    0.00365    1.961    4.02    4.877    4.932    4.566    4.019    3.426    2.354    1.928    1.57    1.278    1.044    0.861    0.7184    0.6083    0.524    0.46    0.4118    0.3759    0.3493    0.3299    0.3158    0.3057    0.2986    0.2938    0.2905    0.2883    0.287    0.2862    0.2858    0.2856    0.2856    0.2856    0.2857    0.2857    
RU104    0.08436    2.351    3.92    4.963    5.655    6.116    6.424    6.63    6.867    6.936    6.988    7.028    7.062    7.094    7.124    7.153    7.183    7.212    7.242    7.272    7.303    7.334    7.366    7.398    7.431    7.463    7.496    7.529    7.562    7.594    7.627    7.659    7.691    7.723    7.755    7.786    
PD104    1.033e-05    0.2235    1.143    2.454    3.869    5.222    6.435    7.48    9.075    9.665    10.14    10.53    10.84    11.09    11.3    11.47    11.61    11.73    11.84    11.93    12.01    12.09    12.17    12.24    12.3    12.37    12.43    12.5    12.56    12.62    12.69    12.75    12.81    12.87    12.93    13    
PD105    0.01711    0.8737    1.453    1.82    2.049    2.187    2.266    2.308    2.33    2.325    2.315    2.303    2.289    2.277    2.265    2.254    2.244    2.235    2.227    2.22    2.213    2.208    2.202    2.198    2.194    2.19    2.186    2.183    2.18    2.177    2.174    2.171    2.168    2.166    2.163    2.16    
RU106    0.01873    0.4678    0.6833    0.7508    0.736    0.6791    0.6044    0.526    0.3994    0.3396    0.29    0.2495    0.2173    0.1935    0.1753    0.1616    0.1516    0.1445    0.1395    0.1363    0.1344    0.1333    0.1329    0.1329    0.1332    0.1336    0.134    0.1345    0.1348    0.1351    0.1352    0.1352    0.1351    0.1348    0.1344    0.1339    
PD106    0.008001    0.4718    0.9007    1.282    1.615    1.905    2.157    2.376    2.722    2.875    3.012    3.138    3.254    3.364    3.468    3.569    3.667    3.762    3.857    3.95    4.043    4.136    4.228    4.32    4.412    4.504    4.597    4.689    4.781    4.873    4.964    5.056    5.148    5.239    5.33    5.421    
PD107    0.008187    0.2253    0.3715    0.4655    0.5252    0.5627    0.586    0.6006    0.6167    0.622    0.627    0.6324    0.6383    0.6464    0.6553    0.6651    0.6757    0.6871    0.699    0.7115    0.7244    0.7376    0.7511    0.7647    0.7784    0.792    0.8057    0.8192    0.8326    0.8459    0.8589    0.8717    0.8842    0.8964    0.9084    0.92    
PD108    0.00377    0.1043    0.1744    0.2219    0.2545    0.2774    0.2942    0.3074    0.3283    0.338    0.3477    0.3577    0.3683    0.3804    0.393    0.4061    0.4198    0.4339    0.4484    0.4632    0.4782    0.4933    0.5085    0.5238    0.5391    0.5542    0.5693    0.5843    0.599    0.6136    0.628    0.6421    0.6559    0.6695    0.6828    0.6959    
AG109    0.001252    0.0433    0.06703    0.07854    0.08288    0.08329    0.08178    0.07961    0.07588    0.07492    0.07468    0.07514    0.07624    0.07842    0.08099    0.08386    0.08696    0.09022    0.09356    0.09695    0.1003    0.1037    0.107    0.1102    0.1133    0.1163    0.1192    0.122    0.1246    0.1272    0.1296    0.1319    0.1341    0.1362    0.1382    0.1401    
PD110    0.001263    0.03473    0.05777    0.07308    0.08332    0.0903    0.09521    0.09887    0.1044    0.1069    0.1095    0.1122    0.115    0.1184    0.1219    0.1257    0.1297    0.1339    0.1382    0.1427    0.1473    0.152    0.1568    0.1617    0.1666    0.1716    0.1766    0.1816    0.1866    0.1916    0.1965    0.2015    0.2064    0.2113    0.2162    0.221    
CD110    3.019e-06    0.004642    0.01568    0.02994    0.04552    0.06132    0.07675    0.09156    0.1192    0.1322    0.1449    0.1574    0.1699    0.1824    0.1952    0.2084    0.2219    0.2358    0.2501    0.2648    0.28    0.2956    0.3115    0.3279    0.3446    0.3616    0.379    0.3966    0.4144    0.4325    0.4507    0.4691    0.4877    0.5063    0.5251    0.5439    
CD111    0.0001353    0.02627    0.04546    0.05759    0.06522    0.07001    0.07308    0.07514    0.07795    0.07921    0.08055    0.08205    0.08376    0.08579    0.08807    0.0906    0.09336    0.09636    0.09958    0.103    0.1067    0.1105    0.1145    0.1188    0.1232    0.1277    0.1324    0.1373    0.1423    0.1475    0.1528    0.1583    0.1638    0.1695    0.1753    0.1812    
CD112    0.0004581    0.02044    0.03512    0.04576    0.05372    0.05989    0.0649    0.06914    0.07638    0.0797    0.08294    0.08617    0.08943    0.0928    0.09626    0.09981    0.1035    0.1073    0.1112    0.1152    0.1194    0.1237    0.1281    0.1327    0.1374    0.1423    0.1474    0.1525    0.1579    0.1634    0.169    0.1749    0.1809    0.187    0.1934    0.1999    
CD114    0.0009362    0.03706    0.06205    0.07866    0.08972    0.09712    0.1021    0.1056    0.1098    0.1112    0.1124    0.1135    0.1145    0.1155    0.1165    0.1176    0.1187    0.1198    0.121    0.1222    0.1235    0.1248    0.1261    0.1275    0.1288    0.1302    0.1317    0.1331    0.1346    0.136    0.1375    0.1391    0.1406    0.1421    0.1437    0.1452    
CD116    0.0006429    0.01771    0.02946    0.03726    0.04242    0.04586    0.04815    0.04969    0.05145    0.05197    0.05236    0.05267    0.05292    0.05316    0.05339    0.0536    0.05382    0.05404    0.05425    0.05448    0.0547    0.05493    0.05516    0.05539    0.05563    0.05587    0.0561    0.05634    0.05658    0.05681    0.05705    0.05728    0.05752    0.05775    0.05798    0.05821    
SN116    1.433e-06    0.004769    0.01399    0.0231    0.03061    0.03632    0.04049    0.04349    0.04718    0.04832    0.04919    0.04988    0.05046    0.05097    0.05144    0.05189    0.05232    0.05276    0.05319    0.05362    0.05406    0.0545    0.05495    0.0554    0.05585    0.05631    0.05677    0.05723    0.05769    0.05816    0.05862    0.05909    0.05955    0.06002    0.06048    0.06094    
SN117    0.0005838    0.01767    0.02937    0.03707    0.04213    0.04545    0.04761    0.04902    0.05053    0.05091    0.05117    0.05134    0.05146    0.05157    0.05166    0.05174    0.05182    0.05191    0.05199    0.05208    0.05217    0.05226    0.05236    0.05246    0.05256    0.05266    0.05277    0.05287    0.05297    0.05308    0.05318    0.05328    0.05339    0.05349    0.05359    0.05368    
SN118    0.0007151    0.02003    0.03337    0.04229    0.04827    0.05231    0.05507    0.05698    0.05934    0.06011    0.06072    0.06125    0.06171    0.06215    0.06257    0.06298    0.06339    0.0638    0.06421    0.06462    0.06504    0.06545    0.06587    0.06629    0.06672    0.06714    0.06757    0.06799    0.06842    0.06884    0.06927    0.06969    0.07011    0.07053    0.07095    0.07137    
SN119    0.0006713    0.0186    0.03095    0.03914    0.04456    0.04815    0.05052    0.05208    0.05378    0.05424    0.05455    0.05477    0.05493    0.05507    0.05519    0.0553    0.0554    0.05551    0.05561    0.05572    0.05583    0.05595    0.05606    0.05618    0.0563    0.05642    0.05654    0.05667    0.05679    0.05691    0.05703    0.05715    0.05726    0.05738    0.0575    0.05761    
SN120    0.0007227    0.01991    0.03317    0.04202    0.04796    0.05196    0.05469    0.05658    0.0589    0.05965    0.06026    0.06077    0.06122    0.06166    0.06207    0.06248    0.06288    0.06328    0.06368    0.06409    0.0645    0.06491    0.06533    0.06575    0.06617    0.06659    0.06701    0.06743    0.06786    0.06828    0.0687    0.06912    0.06954    0.06996    0.07038    0.0708    
SB121    0.0004304    0.02112    0.03501    0.04384    0.04931    0.05258    0.0544    0.05527    0.05538    0.05499    0.05444    0.0538    0.05311    0.05241    0.0517    0.051    0.0503    0.04962    0.04895    0.04829    0.04765    0.04703    0.04641    0.04582    0.04523    0.04466    0.0441    0.04355    0.04301    0.04248    0.04196    0.04145    0.04095    0.04045    0.03997    0.03949    
SN122    0.0008214    0.02259    0.03758    0.04752    0.05412    0.05851    0.06144    0.06342    0.0657    0.06637    0.06687    0.06726    0.06759    0.06789    0.06816    0.06843    0.06868    0.06894    0.0692    0.06946    0.06972    0.06999    0.07026    0.07053    0.0708    0.07107    0.07134    0.07162    0.07189    0.07216    0.07243    0.07269    0.07296    0.07322    0.07349    0.07375    
SB123    0.0007445    0.02226    0.0393    0.05164    0.06022    0.06597    0.06968    0.07196    0.07377    0.07398    0.07387    0.07356    0.07313    0.07263    0.0721    0.07154    0.07098    0.07042    0.06986    0.06931    0.06877    0.06824    0.06771    0.0672    0.06669    0.0662    0.0657    0.06522    0.06474    0.06427    0.0638    0.06334    0.06288    0.06242    0.06197    0.06152    
SN124    0.001359    0.03736    0.06209    0.07845    0.08927    0.09643    0.1012    0.1043    0.1078    0.1088    0.1095    0.11    0.1103    0.1107    0.111    0.1112    0.1115    0.1118    0.112    0.1123    0.1125    0.1128    0.1131    0.1133    0.1136    0.1139    0.1142    0.1144    0.1147    0.115    0.1153    0.1155    0.1158    0.1161    0.1163    0.1166    
SB125    0.001126    0.04588    0.0749    0.09055    0.09764    0.09935    0.09775    0.0942    0.08561    0.08026    0.075    0.06994    0.06517    0.06075    0.05667    0.0529    0.04944    0.04627    0.04336    0.04071    0.03828    0.03606    0.03403    0.03217    0.03047    0.02891    0.02748    0.02616    0.02496    0.02385    0.02283    0.02189    0.02102    0.02022    0.01948    0.01879    
TE125    9.066e-07    0.001434    0.005916    0.01235    0.01984    0.02778    0.03577    0.04357    0.05697    0.0637    0.06999    0.07584    0.08127    0.08631    0.09099    0.09534    0.09938    0.1031    0.1066    0.1099    0.113    0.1158    0.1185    0.121    0.1234    0.1256    0.1277    0.1297    0.1316    0.1334    0.1351    0.1368    0.1383    0.1398    0.1413    0.1426    
SN126    0.003471    0.09544    0.1587    0.2005    0.2283    0.2467    0.259    0.2672    0.2765    0.2793    0.2813    0.2828    0.2841    0.2853    0.2864    0.2875    0.2886    0.2896    0.2907    0.2918    0.2929    0.294    0.2951    0.2962    0.2974    0.2985    0.2996    0.3008    0.3019    0.303    0.3042    0.3053    0.3064    0.3075    0.3086    0.3097    
TE126    2.216e-05    0.001736    0.003253    0.004415    0.005342    0.006115    0.006785    0.00739    0.008487    0.009005    0.009513    0.01001    0.01051    0.01101    0.01152    0.01202    0.01252    0.01303    0.01354    0.01405    0.01456    0.01507    0.01559    0.01611    0.01663    0.01715    0.01767    0.01819    0.01872    0.01924    0.01977    0.0203    0.02083    0.02136    0.0219    0.02243    
I127    0.00108    0.1852    0.326    0.4216    0.4842    0.5238    0.5475    0.5606    0.5678    0.5663    0.563    0.5585    0.5533    0.5479    0.5424    0.5369    0.5315    0.5261    0.5208    0.5157    0.5107    0.5058    0.501    0.4964    0.4918    0.4873    0.4829    0.4786    0.4744    0.4702    0.4661    0.462    0.458    0.454    0.4501    0.4462    
TE128    0.02033    0.5751    0.9569    1.21    1.378    1.49    1.565    1.614    1.671    1.688    1.7    1.709    1.716    1.723    1.728    1.734    1.739    1.744    1.75    1.755    1.76    1.765    1.771    1.776    1.781    1.787    1.792    1.797    1.803    1.808    1.813    1.819    1.824    1.829    1.834    1.839    
XE128    8.748e-07    0.001546    0.005687    0.0116    0.01868    0.02648    0.03471    0.04316    0.06025    0.06874    0.07715    0.08544    0.09361    0.1016    0.1096    0.1173    0.125    0.1325    0.1399    0.1472    0.1543    0.1613    0.1682    0.175    0.1817    0.1883    0.1948    0.2012    0.2074    0.2136    0.2197    0.2256    0.2315    0.2373    0.243    0.2485    
I129    0.02979    0.975    1.623    2.002    2.203    2.288    2.299    2.264    2.122    2.035    1.944    1.854    1.764    1.679    1.597    1.518    1.444    1.374    1.308    1.245    1.186    1.131    1.078    1.029    0.9821    0.9381    0.8966    0.8574    0.8204    0.7855    0.7525    0.7212    0.6917    0.6637    0.6373    0.6122    
TE130    0.08406    2.321    3.859    4.879    5.554    6.001    6.299    6.496    6.718    6.78    6.823    6.855    6.879    6.9    6.917    6.933    6.948    6.963    6.977    6.992    7.006    7.021    7.035    7.05    7.065    7.08    7.095    7.11    7.125    7.14    7.154    7.169    7.184    7.198    7.213    7.227    
XE130    2.734e-05    0.02983    0.1065    0.2115    0.3317    0.4588    0.5873    0.7138    0.9534    1.065    1.17    1.269    1.362    1.449    1.53    1.606    1.677    1.744    1.805    1.863    1.917    1.966    2.012    2.055    2.095    2.132    2.166    2.197    2.227    2.253    2.278    2.3    2.321    2.339    2.357    2.372    
XE131    0.01762    3.731    6.007    6.975    7.159    6.895    6.395    5.788    4.541    3.97    3.454    2.997    2.596    2.25    1.952    1.698    1.481    1.297    1.142    1.011    0.9006    0.8078    0.7298    0.6643    0.6094    0.5634    0.5248    0.4924    0.4653    0.4425    0.4234    0.4073    0.3937    0.3822    0.3725    0.3642    
XE132    0.06356    6.922    12.42    16.61    19.84    22.38    24.39    26    28.38    29.26    30    30.62    31.14    31.59    31.97    32.3    32.59    32.84    33.06    33.26    33.44    33.6    33.74    33.88    34    34.12    34.22    34.33    34.42    34.52    34.61    34.69    34.77    34.86    34.93    35.01    
XE133    0.2054    0.6547    0.4345    0.2886    0.192    0.1281    0.08579    0.05788    0.02738    0.01953    0.01439    0.01107    0.008954    0.00772    0.006895    0.006399    0.006115    0.005963    0.005894    0.005873    0.005879    0.005898    0.005922    0.005946    0.005966    0.005982    0.005993    0.005997    0.005997    0.005991    0.005981    0.005966    0.005948    0.005927    0.005903    0.005876    
CS133    0.03302    9.585    16.11    19.84    21.77    22.53    22.55    22.11    20.52    19.57    18.6    17.63    16.68    15.77    14.9    14.08    13.3    12.57    11.87    11.23    10.62    10.05    9.509    9.005    8.533    8.09    7.674    7.283    6.917    6.572    6.249    5.945    5.66    5.392    5.14    4.903    
XE134    0.4421    12.7    21.13    26.72    30.42    32.87    34.5    35.58    36.78    37.1    37.33    37.48    37.6    37.69    37.76    37.82    37.87    37.93    37.97    38.02    38.07    38.12    38.16    38.21    38.26    38.31    38.36    38.41    38.46    38.5    38.55    38.6    38.65    38.7    38.74    38.79    
CS134    1.964e-05    0.2921    0.9295    1.624    2.24    2.727    3.077    3.303    3.508    3.473    3.396    3.292    3.17    3.036    2.897    2.757    2.618    2.482    2.352    2.226    2.107    1.994    1.887    1.786    1.691    1.601    1.517    1.438    1.363    1.294    1.228    1.166    1.108    1.054    1.003    0.9546    
BA134    1.537e-08    0.009605    0.06975    0.2032    0.4089    0.6752    0.9872    1.33    2.003    2.376    2.741    3.095    3.435    3.76    4.068    4.36    4.635    4.894    5.137    5.365    5.579    5.779    5.966    6.14    6.304    6.456    6.598    6.731    6.854    6.969    7.076    7.176    7.268    7.354    7.434    7.508    
CS135    0.01451    0.4842    0.9747    1.525    2.168    2.898    3.695    4.534    6.26    7.109    7.926    8.704    9.439    10.13    10.77    11.36    11.91    12.41    12.87    13.29    13.67    14.02    14.33    14.61    14.85    15.07    15.27    15.44    15.58    15.71    15.81    15.9    15.97    16.02    16.06    16.08    
BA135    2.288e-08    1.208e-05    0.0001804    0.0008047    0.002212    0.00469    0.008456    0.01366    0.0284    0.03799    0.04912    0.0617    0.07568    0.09096    0.1075    0.1251    0.1437    0.1633    0.1838    0.205    0.227    0.2496    0.2728    0.2964    0.3205    0.345    0.3698    0.395    0.4203    0.4459    0.4716    0.4975    0.5234    0.5494    0.5754    0.6014    
XE136    0.7123    20.96    34.86    44.08    50.19    54.25    56.95    58.75    60.78    61.34    61.74    62.03    62.24    62.42    62.57    62.7    62.82    62.94    63.05    63.16    63.28    63.39    63.5    63.61    63.73    63.84    63.96    64.07    64.19    64.3    64.41    64.53    64.64    64.75    64.86    64.98    
CS136    0.0003364    0.002764    0.0036    0.004751    0.006282    0.008152    0.01028    0.01258    0.01796    0.01981    0.02214    0.02437    0.02648    0.02847    0.03031    0.03203    0.03361    0.03506    0.0364    0.03761    0.03871    0.03971    0.04061    0.04141    0.04213    0.04277    0.04333    0.04382    0.04425    0.04461    0.04492    0.04517    0.04538    0.04554    0.04565    0.04573    
BA136    2.786e-05    0.01094    0.02787    0.04994    0.07908    0.1173    0.1661    0.2267    0.3879    0.4874    0.5989    0.7227    0.858    1.004    1.161    1.327    1.502    1.686    1.876    2.074    2.278    2.488    2.703    2.922    3.146    3.374    3.605    3.839    4.075    4.314    4.555    4.797    5.041    5.286    5.532    5.778    
CS137    0.3695    10.14    16.79    21.13    23.93    25.72    26.84    27.52    28.13    28.2    28.19    28.12    28.03    27.91    27.78    27.64    27.5    27.35    27.21    27.07    26.93    26.78    26.64    26.51    26.37    26.23    26.1    25.97    25.83    25.7    25.57    25.44    25.31    25.19    25.06    24.93    
BA137    6.541e-05    0.03506    0.1345    0.2754    0.4429    0.6268    0.8207    1.02    1.391    1.594    1.796    1.996    2.195    2.391    2.585    2.777    2.967    3.154    3.339    3.522    3.702    3.88    4.056    4.23    4.402    4.572    4.739    4.905    5.068    5.23    5.389    5.547    5.702    5.856    6.008    6.158    
BA138    0.4097    11.43    19.01    24.04    27.37    29.58    31.05    32.02    33.12    33.42    33.63    33.79    33.9    34    34.07    34.14    34.21    34.27    34.33    34.4    34.46    34.52    34.59    34.66    34.73    34.8    34.87    34.94    35.01    35.09    35.16    35.24    35.32    35.39    35.47    35.55    
LA139    0.3844    10.83    17.89    22.43    25.32    27.11    28.18    28.77    29.11    29.04    28.89    28.68    28.44    28.18    27.91    27.63    27.35    27.07    26.8    26.52    26.25    25.98    25.72    25.45    25.2    24.94    24.69    24.44    24.2    23.96    23.72    23.48    23.25    23.02    22.79    22.56    
BA140    0.355    1.696    1.127    0.7474    0.4958    0.3292    0.219    0.1462    0.0622    0.04566    0.03209    0.02327    0.01758    0.01406    0.01178    0.01037    0.009521    0.009035    0.008775    0.008653    0.008612    0.008615    0.008638    0.008668    0.008695    0.008716    0.008726    0.008727    0.008716    0.008696    0.008666    0.008627    0.008581    0.008528    0.008469    0.008405    
LA140    0.02059    0.2258    0.1534    0.105    0.07291    0.05162    0.03749    0.02812    0.01721    0.01502    0.01319    0.01197    0.01115    0.01061    0.01022    0.009952    0.009754    0.009604    0.009483    0.009382    0.009292    0.009209    0.00913    0.009052    0.008976    0.008899    0.008823    0.008746    0.008668    0.00859    0.008512    0.008434    0.008355    0.008277    0.008198    0.00812    
CE140    0.009542    8.953    16.93    22.36    26.08    28.68    30.52    31.87    33.68    34.33    34.89    35.39    35.84    36.26    36.67    37.06    37.43    37.81    38.17    38.53    38.89    39.24    39.59    39.94    40.28    40.62    40.95    41.29    41.61    41.94    42.26    42.58    42.89    43.2    43.51    43.82    
CE141    0.3247    3.827    2.827    1.9    1.266    0.8445    0.5655    0.3811    0.1894    0.1275    0.09242    0.07003    0.05563    0.04665    0.04091    0.03737    0.03528    0.03411    0.03352    0.03329    0.03327    0.03336    0.03352    0.0337    0.03387    0.03404    0.03418    0.0343    0.03439    0.03446    0.03451    0.03454    0.03455    0.03454    0.03452    0.03448    
PR141    0.01052    6.071    13.44    18.4    21.52    23.42    24.5    25.04    25.2    25.03    24.76    24.44    24.08    23.7    23.31    22.92    22.54    22.15    21.78    21.4    21.04    20.69    20.34    20    19.66    19.34    19.02    18.7    18.4    18.1    17.81    17.52    17.24    16.96    16.69    16.43    
CE142    0.3581    10.29    17.16    21.7    24.69    26.67    27.97    28.82    29.75    29.98    30.13    30.23    30.29    30.33    30.35    30.37    30.38    30.39    30.39    30.39    30.4    30.4    30.4    30.41    30.41    30.41    30.42    30.42    30.42    30.43    30.43    30.43    30.44    30.44    30.44    30.44    
ND142    9.242e-07    0.04977    0.261    0.5905    0.9913    1.431    1.889    2.35    3.253    3.686    4.103    4.504    4.887    5.252    5.601    5.933    6.248    6.547    6.831    7.101    7.355    7.596    7.824    8.039    8.241    8.431    8.611    8.779    8.936    9.083    9.221    9.349    9.467    9.578    9.679    9.773    
PR143    0.1709    1.685    1.124    0.7479    0.4987    0.3337    0.2245    0.1522    0.06957    0.05241    0.03888    0.03006    0.02434    0.02071    0.01838    0.01692    0.01602    0.01549    0.01519    0.01504    0.01497    0.01495    0.01495    0.01496    0.01498    0.01499    0.015    0.015    0.01499    0.01497    0.01494    0.01491    0.01487    0.01483    0.01478    0.01472    
ND143    0.009848    6.821    10.13    10.34    9.205    7.639    6.083    4.722    2.723    2.077    1.604    1.263    1.023    0.8568    0.7455    0.6734    0.6291    0.6041    0.5926    0.59    0.5934    0.6005    0.61    0.6207    0.632    0.6435    0.6547    0.6656    0.6759    0.6857    0.6948    0.7033    0.7112    0.7185    0.7252    0.7313    
CE144    0.3443    8.361    11.77    12.45    11.72    10.35    8.788    7.265    4.933    3.895    3.054    2.384    1.855    1.442    1.123    0.8775    0.6899    0.5474    0.4395    0.3582    0.2972    0.2516    0.2175    0.1922    0.1734    0.1594    0.149    0.1413    0.1355    0.1311    0.1278    0.1252    0.1231    0.1213    0.1198    0.1185    
ND144    0.001609    2.809    9.864    18.09    25.97    32.85    38.54    43.09    49.17    51.26    52.82    53.98    54.82    55.44    55.88    56.2    56.43    56.59    56.71    56.8    56.86    56.92    56.96    57.01    57.05    57.09    57.13    57.17    57.22    57.26    57.32    57.37    57.43    57.49    57.55    57.61    
ND145    0.2203    6.64    10.66    12.97    14.19    14.7    14.78    14.6    13.81    13.34    12.85    12.36    11.88    11.43    10.99    10.58    10.2    9.841    9.504    9.189    8.895    8.62    8.364    8.125    7.902    7.693    7.499    7.318    7.149    6.992    6.844    6.707    6.579    6.46    6.348    6.245    
ND146    0.1903    5.534    9.637    12.76    15.22    17.21    18.87    20.29    22.67    23.7    24.64    25.53    26.36    27.15    27.89    28.61    29.29    29.94    30.56    31.17    31.74    32.3    32.84    33.36    33.87    34.36    34.83    35.29    35.74    36.17    36.59    37.01    37.41    37.8    38.18    38.56    
ND147    0.134    0.5523    0.3684    0.2464    0.1656    0.1123    0.07714    0.054    0.02772    0.02257    0.01849    0.01593    0.01437    0.0135    0.01302    0.0128    0.01275    0.01282    0.01294    0.01311    0.01329    0.01347    0.01366    0.01384    0.01402    0.01419    0.01435    0.0145    0.01464    0.01478    0.01491    0.01503    0.01515    0.01526    0.01536    0.01547    
PM147    0.01295    2.699    3.625    3.44    2.871    2.245    1.691    1.248    0.6657    0.4915    0.3709    0.2882    0.2326    0.196    0.1724    0.1576    0.1488    0.144    0.1417    0.1412    0.1417    0.1429    0.1444    0.1462    0.148    0.1499    0.1517    0.1534    0.1551    0.1567    0.1582    0.1597    0.1611    0.1624    0.1636    0.1648    
SM147    9.55e-06    0.09414    0.3478    0.5999    0.7904    0.9091    0.9651    0.9736    0.8935    0.8369    0.7749    0.7117    0.6502    0.5921    0.5382    0.4891    0.4447    0.4049    0.3694    0.3379    0.3101    0.2856    0.2641    0.2452    0.2286    0.2142    0.2015    0.1905    0.1809    0.1725    0.1652    0.159    0.1535    0.1488    0.1448    0.1413    
ND148    0.1105    3.083    5.116    6.451    7.323    7.888    8.251    8.48    8.703    8.747    8.767    8.77    8.764    8.75    8.733    8.714    8.693    8.671    8.649    8.627    8.605    8.583    8.561    8.539    8.518    8.497    8.476    8.455    8.434    8.413    8.393    8.372    8.351    8.331    8.31    8.289    
SM148    4.411e-06    0.3492    1.288    2.344    3.309    4.117    4.765    5.273    5.974    6.213    6.401    6.553    6.676    6.779    6.866    6.94    7.005    7.063    7.114    7.161    7.204    7.244    7.281    7.315    7.348    7.38    7.41    7.439    7.466    7.494    7.52    7.546    7.571    7.596    7.621    7.646    
ND150    0.04285    1.177    1.954    2.467    2.804    3.025    3.169    3.263    3.361    3.386    3.401    3.41    3.415    3.418    3.42    3.421    3.422    3.422    3.423    3.423    3.423    3.424    3.425    3.425    3.426    3.427    3.428    3.428    3.429    3.43    3.431    3.431    3.432    3.433    3.433    3.434    
SM150    0.01498    2.052    3.715    4.804    5.386    5.579    5.504    5.256    4.532    4.129    3.739    3.374    3.04    2.741    2.475    2.242    2.039    1.864    1.712    1.581    1.469    1.374    1.292    1.222    1.163    1.113    1.07    1.034    1.003    0.9771    0.9551    0.9366    0.921    0.9078    0.8968    0.8875    
SM151    0.01214    0.05279    0.05584    0.05777    0.05783    0.05619    0.05332    0.0497    0.04172    0.03781    0.03412    0.03075    0.02771    0.02503    0.02267    0.0206    0.01881    0.01726    0.01592    0.01478    0.0138    0.01296    0.01225    0.01164    0.01112    0.01068    0.0103    0.009982    0.009712    0.009482    0.009288    0.009123    0.008984    0.008865    0.008765    0.008681    
SM152    0.02083    1.125    1.801    2.185    2.386    2.463    2.452    2.379    2.125    1.971    1.812    1.656    1.506    1.367    1.24    1.125    1.022    0.9306    0.8504    0.7804    0.7195    0.6668    0.6213    0.5822    0.5486    0.5198    0.4952    0.4741    0.4562    0.4409    0.4278    0.4167    0.4073    0.3992    0.3924    0.3865    
SM153    0.006835    0.02006    0.02583    0.02889    0.03028    0.03054    0.02998    0.02884    0.02545    0.02361    0.02168    0.01979    0.018    0.01634    0.01482    0.01345    0.01223    0.01115    0.0102    0.009365    0.008643    0.008018    0.007479    0.007015    0.006617    0.006275    0.005983    0.005733    0.00552    0.005338    0.005182    0.00505    0.004937    0.004841    0.004759    0.004689    
EU153    0.004264    0.4131    0.8282    1.148    1.365    1.495    1.555    1.563    1.469    1.39    1.299    1.203    1.106    1.011    0.9213    0.838    0.7617    0.6929    0.6313    0.5768    0.5288    0.4869    0.4504    0.4188    0.3915    0.3679    0.3477    0.3304    0.3155    0.3028    0.292    0.2827    0.2748    0.2681    0.2623    0.2574    
SM154    0.005188    0.1492    0.2543    0.3295    0.3846    0.4259    0.4577    0.4828    0.5201    0.5339    0.5455    0.5552    0.5635    0.5707    0.5769    0.5821    0.5866    0.5904    0.5936    0.5964    0.5987    0.6007    0.6023    0.6037    0.6049    0.6058    0.6066    0.6072    0.6077    0.608    0.6083    0.6084    0.6085    0.6085    0.6084    0.6082    
EU154    3.067e-05    0.07996    0.2237    0.3541    0.4509    0.5143    0.5494    0.5623    0.5409    0.5164    0.486    0.4524    0.4175    0.3829    0.3497    0.3184    0.2895    0.2633    0.2397    0.2186    0.2001    0.1838    0.1696    0.1572    0.1466    0.1373    0.1294    0.1226    0.1168    0.1118    0.1075    0.1039    0.1007    0.09809    0.09582    0.09389    
GD154    5.38e-09    0.0006312    0.004047    0.01051    0.01906    0.0286    0.03825    0.04735    0.06027    0.06609    0.07054    0.07368    0.07559    0.07641    0.0763    0.0754    0.07387    0.07183    0.06943    0.06676    0.06392    0.06099    0.05803    0.0551    0.05223    0.04946    0.04682    0.0443    0.04193    0.03972    0.03765    0.03573    0.03396    0.03233    0.03084    0.02947    
EU155    0.002142    0.02993    0.07302    0.1157    0.1486    0.1707    0.1833    0.1884    0.1833    0.1747    0.1648    0.1537    0.1422    0.1306    0.1195    0.109    0.09923    0.09035    0.08235    0.07522    0.06891    0.06337    0.05853    0.05433    0.05068    0.04754    0.04483    0.0425    0.0405    0.0388    0.03733    0.03608    0.03502    0.03411    0.03333    0.03266    
EU156    0.0009151    0.02996    0.07105    0.1161    0.1522    0.177    0.1918    0.1983    0.1939    0.1859    0.1758    0.1643    0.1522    0.14    0.1282    0.117    0.1065    0.09704    0.08845    0.08078    0.07398    0.068    0.06278    0.05823    0.05429    0.05088    0.04795    0.04543    0.04327    0.04141    0.03983    0.03847    0.03731    0.03632    0.03548    0.03476    
GD156    5.988e-05    0.07549    0.3037    0.7397    1.365    2.129    2.98    3.874    5.909    6.755    7.552    8.292    8.97    9.585    10.14    10.63    11.07    11.46    11.81    12.11    12.37    12.6    12.81    12.99    13.14    13.28    13.4    13.51    13.61    13.69    13.77    13.84    13.9    13.95    14    14.05    
GD158    0.0005758    0.03227    0.0809    0.1575    0.2623    0.3904    0.5361    0.6945    1.094    1.27    1.445    1.618    1.789    1.956    2.119    2.278    2.434    2.585    2.733    2.877    3.018    3.156    3.291    3.424    3.555    3.684    3.811    3.936    4.06    4.183    4.304    4.424    4.544    4.662    4.779    4.895    
TB159    5.263e-05    0.00224    0.003905    0.005394    0.007071    0.009208    0.01199    0.01553    0.02579    0.03218    0.03936    0.04728    0.05589    0.06514    0.07497    0.0853    0.0961    0.1073    0.1188    0.1307    0.1428    0.1552    0.1678    0.1805    0.1934    0.2064    0.2195    0.2326    0.2459    0.2592    0.2726    0.286    0.2994    0.3128    0.3262    0.3397    
