TIME    3   100   220   340   460   580   700   820   1040   1160   1280   1400   1520   1640   1760   1880   2000   2120   2240   2360   2480   2600   2720   2840   2960   3080   3200   3320   3440   3560   3680   3800   3920   4040   4160   4280   
NEUT_PROD    0.631   25.1   61.9   94.9   120   135   144   146   139   131   122   113   103   93.8   84.8   76.4   68.6   61.4   54.9   49.1   43.9   39.3   35.1   31.5   28.3   25.5   23   20.8   18.9   17.2   15.7   14.4   13.2   12.2   11.3   10.5   
NEUT_DEST    495   160   186   205   217   222   222   217   199   187   175   162   150   138   127   117   107   97.9   89.8   82.3   75.6   69.6   64.1   59.2   54.8   50.8   47.3   44.1   41.3   38.8   36.5   34.4   32.6   31   29.5   28.1   
BUd    0.0951    2.49    9.02    22.2    33    40.7    45.5    47.7    76.8    45.1    42.5    39.5    36.4    33.2    30.1    27.2    24.4    21.9    19.6    17.5    15.6    14    12.5    11.1    9.98    8.94    8.03    7.23    6.53    5.91    5.36    4.88    4.46    4.09    3.77    3.48    
HE4    4.891e-08    0.00171    0.006842    0.01401    0.02229    0.03111    0.04016    0.04923    0.06551    0.07399    0.08217    0.09002    0.09752    0.1047    0.1115    0.118    0.1242    0.1301    0.1358    0.1412    0.1465    0.1516    0.1566    0.1616    0.1664    0.1712    0.1759    0.1805    0.1852    0.1898    0.1944    0.1989    0.2035    0.208    0.2124    0.2169    
U234    2.497e-06    0.09732    0.3772    0.7472    1.146    1.534    1.889    2.197    2.595    2.756    2.871    2.944    2.981    2.986    2.965    2.922    2.86    2.785    2.697    2.602    2.5    2.394    2.286    2.177    2.068    1.96    1.854    1.751    1.651    1.554    1.461    1.372    1.287    1.206    1.129    1.056    
U235    7.676e-07    0.00239    0.01837    0.05138    0.09888    0.1561    0.2182    0.2806    0.3898    0.4344    0.4726    0.5037    0.5276    0.5445    0.5549    0.5595    0.559    0.554    0.5453    0.5335    0.5191    0.5028    0.485    0.4661    0.4464    0.4263    0.4061    0.3858    0.3658    0.3462    0.327    0.3084    0.2904    0.2731    0.2565    0.2407    
U236    8.737e-05    0.0005144    0.001346    0.00392    0.009289    0.01818    0.03095    0.04764    0.09139    0.1176    0.146    0.1761    0.2074    0.2394    0.2716    0.3038    0.3355    0.3665    0.3965    0.4252    0.4527    0.4787    0.5032    0.5261    0.5473    0.567    0.585    0.6015    0.6164    0.6298    0.6417    0.6523    0.6615    0.6695    0.6762    0.6818    
U238    16.59    59.23    59.06    58.89    58.72    58.55    58.38    58.21    57.87    57.71    57.54    57.37    57.21    57.04    56.88    56.71    56.55    56.38    56.22    56.06    55.9    55.74    55.57    55.41    55.25    55.09    54.94    54.78    54.62    54.46    54.3    54.15    53.99    53.83    53.68    53.52    
NP237    262.1    831.6    726.1    633.9    553.5    483.3    422    368.4    280.9    245.2    214.1    187    163.2    142.5    124.4    108.7    94.88    82.85    72.34    63.17    55.16    48.17    42.06    36.73    32.08    28.02    24.47    21.37    18.67    16.31    14.25    12.45    10.88    9.508    8.311    7.266    
NP238    0.4016    3.162    2.761    2.411    2.105    1.838    1.605    1.401    1.068    0.9326    0.8143    0.711    0.6208    0.542    0.4733    0.4132    0.3608    0.3151    0.2751    0.2402    0.2098    0.1832    0.16    0.1397    0.122    0.1065    0.09306    0.08128    0.071    0.06202    0.05419    0.04735    0.04137    0.03616    0.03161    0.02763    
NP239    0.001534    0.03509    0.03133    0.02804    0.02516    0.02265    0.02046    0.01854    0.0154    0.01411    0.01299    0.01201    0.01116    0.0104    0.009747    0.009172    0.008667    0.008225    0.007836    0.007495    0.007196    0.006933    0.006701    0.006496    0.006316    0.006157    0.006016    0.005891    0.00578    0.005681    0.005593    0.005514    0.005444    0.00538    0.005323    0.005271    
PU238    0.1466    89.5    147.3    178.8    192.5    194.5    189    179    152.6    138.6    125    112    99.87    88.74    78.61    69.47    61.26    53.94    47.43    41.66    36.56    32.05    28.09    24.6    21.54    18.85    16.49    14.42    12.61    11.03    9.642    8.429    7.369    6.442    5.631    4.923    
PU239    0.0007778    11.52    30.72    46.71    57.18    62.6    64.18    63.07    56.36    51.98    47.41    42.88    38.53    34.44    30.67    27.22    24.09    21.28    18.77    16.53    14.55    12.79    11.24    9.871    8.667    7.608    6.679    5.864    5.15    4.524    3.975    3.496    3.076    2.709    2.388    2.107    
PU240    2.525e-06    1.162    6.145    13.86    22.21    29.66    35.43    39.29    41.88    41.21    39.66    37.51    34.99    32.28    29.52    26.8    24.2    21.74    19.46    17.38    15.48    13.76    12.23    10.85    9.635    8.553    7.597    6.753    6.01    5.357    4.783    4.279    3.836    3.448    3.107    2.807    
PU241    6.219e-09    0.1053    0.9909    3.01    5.806    8.795    11.49    13.62    15.9    16.12    15.9    15.33    14.53    13.58    12.55    11.49    10.45    9.441    8.491    7.608    6.797    6.058    5.39    4.791    4.255    3.779    3.356    2.982    2.652    2.361    2.105    1.88    1.683    1.509    1.357    1.223    
PU242    8.314e-12    0.005999    0.1219    0.602    1.677    3.432    5.811    8.663    15.03    18.19    21.16    23.84    26.18    28.15    29.75    30.99    31.88    32.45    32.74    32.78    32.61    32.24    31.72    31.07    30.32    29.48    28.58    27.63    26.65    25.66    24.65    23.65    22.65    21.67    20.7    19.76    
AM241    4.184e-13    0.0002588    0.004594    0.01996    0.04849    0.08624    0.1267    0.164    0.2012    0.2229    0.2307    0.2297    0.2229    0.2122    0.199    0.1844    0.1693    0.1542    0.1396    0.1258    0.1128    0.1009    0.09    0.08014    0.07126    0.06332    0.05625    0.04997    0.04441    0.03949    0.03516    0.03135    0.028    0.02505    0.02247    0.0202    
AM243    2.079e-15    6.684e-05    0.002799    0.02134    0.08129    0.2127    0.4404    0.7784    1.778    2.412    3.107    3.836    4.576    5.304    6.001    6.652    7.245    7.77    8.225    8.605    8.912    9.147    9.314    9.417    9.46    9.45    9.392    9.291    9.154    8.985    8.789    8.572    8.337    8.088    7.828    7.561    
CM242    3.56e-16    2.822e-05    0.00108    0.007238    0.0235    0.05185    0.09026    0.134    0.2139    0.2424    0.2661    0.2811    0.2873    0.2858    0.2782    0.2661    0.2509    0.2337    0.2156    0.1973    0.1793    0.1621    0.1459    0.1309    0.1171    0.1045    0.09309    0.08285    0.0737    0.06554    0.0583    0.05189    0.04623    0.04124    0.03684    0.03297    
CM244    1.549e-18    2.005e-06    0.0001756    0.00209    0.01104    0.03747    0.09651    0.206    0.6462    1.004    1.464    2.028    2.694    3.453    4.294    5.205    6.169    7.17    8.193    9.222    10.24    11.24    12.2    13.12    13.99    14.79    15.54    16.21    16.8    17.33    17.78    18.16    18.47    18.71    18.88    18.99    
CM245    3.303e-22    1.142e-08    1.582e-06    2.322e-05    0.0001385    0.000509    0.001386    0.00308    0.01022    0.01618    0.02398    0.03367    0.04522    0.05851    0.07336    0.08954    0.1068    0.1248    0.1433    0.1619    0.1805    0.1988    0.2165    0.2334    0.2495    0.2644    0.2782    0.2908    0.3021    0.312    0.3206    0.3279    0.3339    0.3386    0.3421    0.3444    
CM246    0    6.834e-10    2.007e-07    4.636e-06    3.86e-05    0.0001853    0.0006313    0.001704    0.007841    0.01432    0.02419    0.03837    0.05776    0.08324    0.1156    0.1555    0.2034    0.2599    0.325    0.399    0.4818    0.5732    0.673    0.7807    0.8958    1.018    1.146    1.28    1.419    1.563    1.709    1.859    2.011    2.165    2.319    2.474    
SE78    3.517e-09    0.0001951    0.001396    0.003446    0.006179    0.009367    0.01281    0.01634    0.02328    0.02653    0.02961    0.03249    0.03516    0.03762    0.0399    0.04198    0.0439    0.04565    0.04725    0.04872    0.05007    0.0513    0.05243    0.05348    0.05443    0.05532    0.05613    0.05689    0.05759    0.05823    0.05884    0.0594    0.05992    0.06041    0.06086    0.06129    
SE79    1.12e-08    0.0004223    0.002999    0.007346    0.01307    0.01967    0.02669    0.03379    0.04735    0.05353    0.05923    0.06443    0.06913    0.07334    0.0771    0.08043    0.08338    0.08597    0.08824    0.09023    0.09197    0.09348    0.09479    0.09592    0.0969    0.09775    0.09848    0.0991    0.09963    0.1001    0.1005    0.1008    0.101    0.1013    0.1014    0.1016    
SE80    1.558e-08    0.001011    0.007197    0.01764    0.0314    0.04726    0.06416    0.08127    0.1141    0.1291    0.1431    0.1559    0.1676    0.1781    0.1877    0.1962    0.2039    0.2107    0.2169    0.2224    0.2273    0.2317    0.2356    0.2392    0.2423    0.2452    0.2478    0.2502    0.2524    0.2543    0.2561    0.2578    0.2593    0.2608    0.2621    0.2633    
BR81    3.203e-08    0.00155    0.011    0.02687    0.0477    0.07156    0.0968    0.1222    0.17    0.1914    0.211    0.2286    0.2442    0.2579    0.2698    0.2802    0.289    0.2965    0.3027    0.3079    0.3121    0.3155    0.3181    0.32    0.3214    0.3223    0.3227    0.3228    0.3225    0.322    0.3212    0.3202    0.319    0.3176    0.3161    0.3145    
SE82    4.841e-08    0.001915    0.01364    0.03358    0.06008    0.09091    0.124    0.1579    0.2235    0.2538    0.282    0.3081    0.3318    0.3534    0.3728    0.3903    0.406    0.42    0.4325    0.4436    0.4536    0.4624    0.4704    0.4774    0.4838    0.4894    0.4945    0.4991    0.5033    0.507    0.5104    0.5135    0.5164    0.519    0.5214    0.5236    
KR82    1.096e-11    3.791e-05    0.0002992    0.0008211    0.001613    0.002657    0.003923    0.005379    0.00872    0.01054    0.01242    0.01433    0.01625    0.01816    0.02004    0.02188    0.02367    0.02539    0.02705    0.02863    0.03013    0.03155    0.03289    0.03414    0.03531    0.03641    0.03742    0.03836    0.03922    0.04001    0.04073    0.04138    0.04198    0.04251    0.04299    0.04341    
KR83    6.73e-08    0.002619    0.01738    0.03909    0.06399    0.08846    0.1101    0.1274    0.1483    0.1522    0.1526    0.1501    0.1454    0.1391    0.1317    0.1237    0.1154    0.1071    0.09891    0.0911    0.08372    0.07684    0.07049    0.06468    0.0594    0.05462    0.05034    0.0465    0.04308    0.04005    0.03735    0.03497    0.03286    0.031    0.02936    0.02792    
KR84    1.237e-07    0.004863    0.03607    0.09299    0.1733    0.2721    0.3839    0.5038    0.7511    0.8722    0.9889    1.1    1.204    1.3    1.39    1.472    1.547    1.615    1.677    1.733    1.784    1.83    1.871    1.908    1.942    1.973    2    2.026    2.049    2.07    2.089    2.106    2.123    2.138    2.152    2.165    
KR85    2.453e-08    0.001198    0.008511    0.02083    0.03706    0.05572    0.0755    0.09538    0.1331    0.1497    0.1646    0.1778    0.1894    0.1993    0.2076    0.2146    0.2203    0.2247    0.2282    0.2307    0.2324    0.2334    0.2337    0.2336    0.2329    0.2319    0.2305    0.2288    0.2269    0.2248    0.2225    0.2201    0.2176    0.215    0.2123    0.2096    
RB85    8.697e-08    0.004272    0.03057    0.0756    0.1359    0.2066    0.2832    0.3621    0.5164    0.589    0.6572    0.7207    0.7792    0.8329    0.8819    0.9265    0.9671    1.004    1.037    1.067    1.095    1.12    1.143    1.163    1.182    1.2    1.216    1.231    1.244    1.257    1.269    1.28    1.29    1.3    1.309    1.318    
KR86    1.885e-07    0.007641    0.05462    0.1351    0.2431    0.3698    0.5074    0.6491    0.9268    1.057    1.178    1.291    1.394    1.488    1.573    1.65    1.719    1.781    1.836    1.886    1.93    1.97    2.005    2.037    2.065    2.091    2.114    2.135    2.153    2.17    2.186    2.2    2.213    2.225    2.236    2.246    
RB87    2.297e-07    0.009564    0.06837    0.169    0.304    0.4624    0.634    0.8107    1.157    1.318    1.469    1.609    1.737    1.853    1.959    2.053    2.139    2.215    2.283    2.344    2.398    2.447    2.49    2.529    2.563    2.594    2.622    2.647    2.669    2.69    2.708    2.725    2.74    2.754    2.767    2.779    
SR88    3.172e-07    0.01358    0.09702    0.2397    0.4306    0.654    0.8957    1.144    1.629    1.855    2.067    2.262    2.441    2.604    2.752    2.885    3.005    3.112    3.208    3.294    3.37    3.439    3.5    3.556    3.605    3.649    3.689    3.726    3.758    3.788    3.815    3.84    3.863    3.884    3.904    3.922    
SR89    4.203e-07    0.01236    0.06588    0.1157    0.157    0.1859    0.2028    0.2098    0.2158    0.1954    0.1811    0.1673    0.1534    0.1397    0.1265    0.114    0.1025    0.09184    0.08218    0.07345    0.06562    0.05862    0.0524    0.04688    0.042    0.0377    0.0339    0.03055    0.02761    0.02502    0.02274    0.02073    0.01896    0.01741    0.01603    0.01481    
Y89    5.809e-09    0.004884    0.05723    0.188    0.3878    0.6405    0.9276    1.232    1.833    2.134    2.41    2.665    2.9    3.113    3.305    3.479    3.634    3.772    3.895    4.004    4.101    4.186    4.261    4.328    4.386    4.438    4.483    4.523    4.559    4.59    4.617    4.642    4.663    4.682    4.699    4.713    
SR90    4.81e-07    0.02148    0.1531    0.3767    0.6742    1.02    1.391    1.77    2.501    2.833    3.14    3.419    3.669    3.892    4.088    4.26    4.408    4.536    4.645    4.737    4.814    4.878    4.93    4.971    5.003    5.026    5.043    5.053    5.058    5.058    5.054    5.046    5.036    5.022    5.006    4.988    
ZR90    5.707e-12    4.01e-05    0.0006157    0.002702    0.007095    0.0144    0.02499    0.03904    0.07474    0.09896    0.1262    0.1562    0.1888    0.2236    0.2604    0.299    0.3392    0.3807    0.4234    0.467    0.5116    0.5568    0.6026    0.6489    0.6957    0.7427    0.7899    0.8374    0.885    0.9326    0.9803    1.028    1.076    1.123    1.171    1.218    
Y91    3.962e-07    0.01912    0.105    0.1896    0.2615    0.3133    0.3447    0.3589    0.3742    0.3403    0.3159    0.2924    0.2688    0.2455    0.2229    0.2016    0.1817    0.1635    0.1468    0.1317    0.1182    0.1061    0.09536    0.08581    0.07735    0.06989    0.0633    0.0575    0.05239    0.0479    0.04394    0.04045    0.03738    0.03466    0.03227    0.03014    
ZR91    4.152e-09    0.006473    0.07818    0.2635    0.5526    0.9233    1.349    1.804    2.703    3.163    3.585    3.975    4.335    4.663    4.96    5.229    5.47    5.686    5.879    6.051    6.203    6.339    6.46    6.567    6.663    6.747    6.823    6.89    6.95    7.004    7.052    7.095    7.134    7.169    7.201    7.229    
ZR92    5.643e-07    0.03159    0.2262    0.5597    1.007    1.531    2.099    2.683    3.828    4.362    4.863    5.326    5.752    6.14    6.492    6.809    7.095    7.353    7.584    7.791    7.977    8.144    8.294    8.429    8.551    8.661    8.761    8.852    8.935    9.011    9.081    9.146    9.206    9.261    9.313    9.362    
ZR93    5.131e-07    0.04117    0.2947    0.7283    1.308    1.984    2.714    3.462    4.911    5.58    6.201    6.769    7.284    7.746    8.159    8.524    8.845    9.127    9.372    9.585    9.768    9.925    10.06    10.17    10.27    10.35    10.42    10.47    10.51    10.55    10.57    10.59    10.6    10.61    10.61    10.61    
ZR94    6.73e-07    0.04655    0.3335    0.8254    1.486    2.262    3.105    3.975    5.687    6.492    7.25    7.956    8.608    9.207    9.755    10.25    10.71    11.12    11.5    11.84    12.15    12.44    12.7    12.94    13.16    13.36    13.55    13.73    13.89    14.05    14.19    14.33    14.46    14.59    14.71    14.82    
ZR95    8.525e-07    0.04027    0.2252    0.4134    0.5767    0.6968    0.7718    0.8075    0.8478    0.7736    0.718    0.6643    0.6102    0.5565    0.5045    0.4552    0.4091    0.3667    0.328    0.293    0.2615    0.2334    0.2084    0.1862    0.1666    0.1493    0.134    0.1206    0.1088    0.09846    0.08937    0.08137    0.07435    0.06817    0.06273    0.05793    
NB95    9.004e-09    0.008491    0.07346    0.1698    0.2612    0.3338    0.3832    0.4109    0.456    0.4175    0.3857    0.3574    0.3293    0.3014    0.274    0.2478    0.2231    0.2002    0.1793    0.1603    0.1431    0.1278    0.1141    0.1019    0.09111    0.08159    0.0732    0.06581    0.05932    0.05361    0.0486    0.04419    0.04032    0.03692    0.03392    0.03128    
MO95    1.337e-10    0.003874    0.07734    0.3424    0.8169    1.468    2.243    3.086    4.711    5.583    6.352    7.034    7.636    8.16    8.607    8.983    9.291    9.538    9.729    9.87    9.967    10.02    10.05    10.04    10.01    9.951    9.877    9.787    9.684    9.569    9.445    9.313    9.175    9.033    8.887    8.738    
ZR96    8.649e-07    0.05583    0.3999    0.9901    1.783    2.716    3.729    4.774    6.823    7.78    8.676    9.505    10.26    10.96    11.58    12.14    12.64    13.1    13.5    13.86    14.17    14.46    14.71    14.94    15.14    15.32    15.48    15.62    15.75    15.87    15.97    16.07    16.15    16.23    16.3    16.37    
MO96    1.962e-11    6.775e-05    0.001294    0.007629    0.02446    0.05664    0.1078    0.1801    0.3872    0.5232    0.6794    0.8535    1.043    1.247    1.462    1.687    1.92    2.159    2.403    2.65    2.899    3.15    3.401    3.651    3.901    4.148    4.393    4.635    4.874    5.109    5.341    5.569    5.793    6.013    6.228    6.439    
MO97    4.828e-07    0.06022    0.4328    1.073    1.932    2.94    4.033    5.156    7.346    8.364    9.312    10.18    10.98    11.7    12.34    12.91    13.42    13.87    14.27    14.62    14.93    15.19    15.43    15.63    15.81    15.96    16.1    16.21    16.31    16.4    16.47    16.54    16.59    16.64    16.68    16.71    
MO98    9.443e-07    0.0651    0.4669    1.158    2.089    3.188    4.385    5.625    8.071    9.222    10.31    11.31    12.24    13.09    13.87    14.57    15.21    15.79    16.31    16.78    17.21    17.6    17.95    18.27    18.56    18.83    19.07    19.3    19.5    19.7    19.88    20.05    20.21    20.36    20.5    20.64    
MO99    7.972e-07    0.007251    0.02447    0.03489    0.04323    0.0487    0.05157    0.05235    0.04964    0.04689    0.04374    0.04037    0.03695    0.03359    0.03038    0.02737    0.02458    0.02202    0.01971    0.01762    0.01575    0.01409    0.01261    0.0113    0.01015    0.009134    0.00824    0.007455    0.006765    0.006161    0.00563    0.005164    0.004755    0.004396    0.00408    0.003801    
TC99    1.934e-07    0.06558    0.4732    1.171    2.093    3.155    4.278    5.401    7.469    8.364    9.148    9.818    10.37    10.82    11.17    11.42    11.59    11.69    11.72    11.69    11.62    11.51    11.36    11.18    10.98    10.76    10.52    10.28    10.02    9.765    9.503    9.239    8.975    8.713    8.453    8.197    
MO100    1.029e-06    0.07873    0.5642    1.397    2.518    3.836    5.268    6.746    9.647    11    12.27    13.44    14.52    15.5    16.38    17.17    17.88    18.52    19.08    19.59    20.04    20.44    20.79    21.1    21.38    21.63    21.86    22.06    22.23    22.39    22.54    22.67    22.79    22.89    22.99    23.08    
RU100    6.958e-11    0.0007687    0.01132    0.04647    0.117    0.2305    0.3907    0.5986    1.149    1.484    1.853    2.25    2.67    3.108    3.56    4.02    4.486    4.954    5.421    5.883    6.34    6.789    7.228    7.656    8.073    8.477    8.867    9.244    9.607    9.956    10.29    10.61    10.92    11.21    11.49    11.75    
RU101    1.064e-06    0.0681    0.4876    1.207    2.175    3.313    4.549    5.821    8.305    9.456    10.53    11.51    12.4    13.2    13.91    14.55    15.1    15.59    16.02    16.4    16.72    17    17.24    17.45    17.63    17.78    17.91    18.02    18.12    18.2    18.27    18.33    18.38    18.42    18.46    18.49    
RU102    1.096e-06    0.07011    0.5043    1.256    2.278    3.494    4.829    6.223    9.006    10.33    11.59    12.76    13.86    14.87    15.8    16.65    17.43    18.14    18.79    19.38    19.93    20.43    20.89    21.31    21.7    22.07    22.41    22.72    23.02    23.3    23.57    23.82    24.07    24.3    24.52    24.74    
RU103    9.691e-07    0.05353    0.2716    0.4599    0.6149    0.7235    0.7876    0.8147    0.8323    0.7587    0.7086    0.6576    0.6051    0.553    0.5027    0.4552    0.411    0.3704    0.3335    0.3002    0.2703    0.2437    0.22    0.1991    0.1807    0.1644    0.1502    0.1377    0.1267    0.1171    0.1087    0.1013    0.09489    0.08926    0.08432    0.07999    
RH103    1.651e-08    0.02594    0.2719    0.7896    1.463    2.186    2.872    3.464    4.25    4.487    4.573    4.557    4.462    4.305    4.104    3.874    3.626    3.37    3.114    2.864    2.624    2.398    2.186    1.99    1.81    1.647    1.498    1.365    1.245    1.138    1.042    0.9572    0.8819    0.8153    0.7565    0.7045    
RU104    9.05e-07    0.07088    0.5104    1.272    2.306    3.536    4.883    6.286    9.065    10.37    11.6    12.74    13.79    14.75    15.61    16.38    17.08    17.7    18.25    18.74    19.17    19.56    19.9    20.2    20.47    20.71    20.92    21.1    21.27    21.42    21.55    21.67    21.77    21.86    21.95    22.03    
PD104    3.479e-11    0.001635    0.03754    0.1899    0.5174    1.047    1.779    2.692    4.9    6.149    7.438    8.732    10.01    11.24    12.42    13.54    14.59    15.56    16.46    17.28    18.04    18.72    19.35    19.91    20.42    20.88    21.29    21.67    22.01    22.31    22.59    22.84    23.06    23.27    23.46    23.63    
RH105    3.745e-07    0.002502    0.00847    0.01214    0.01512    0.01712    0.01822    0.01857    0.01773    0.0168    0.01571    0.01454    0.01333    0.01214    0.011    0.009929    0.008932    0.008019    0.00719    0.006442    0.005772    0.005174    0.004644    0.004174    0.00376    0.003395    0.003074    0.002792    0.002545    0.002328    0.002137    0.001971    0.001824    0.001696    0.001583    0.001483    
PD105    1.947e-07    0.04315    0.3115    0.7747    1.396    2.125    2.911    3.715    5.251    5.951    6.589    7.161    7.665    8.103    8.477    8.792    9.052    9.263    9.429    9.556    9.647    9.707    9.741    9.751    9.74    9.713    9.67    9.615    9.549    9.475    9.393    9.304    9.211    9.114    9.014    8.911    
RU106    5.014e-07    0.04912    0.3361    0.782    1.326    1.898    2.442    2.921    3.706    3.88    3.966    3.976    3.92    3.81    3.66    3.48    3.28    3.068    2.851    2.635    2.423    2.219    2.025    1.843    1.673    1.515    1.371    1.239    1.119    1.01    0.9125    0.8244    0.7454    0.6747    0.6116    0.5553    
PD106    9.135e-08    0.02301    0.1862    0.5296    1.073    1.812    2.727    3.792    6.149    7.493    8.86    10.23    11.58    12.9    14.17    15.39    16.55    17.65    18.68    19.66    20.57    21.42    22.22    22.96    23.66    24.31    24.92    25.48    26.02    26.52    26.99    27.43    27.85    28.24    28.62    28.98    
PD107    3.079e-07    0.03894    0.2807    0.7015    1.277    1.965    2.722    3.51    5.06    5.78    6.446    7.051    7.594    8.072    8.49    8.848    9.153    9.407    9.616    9.784    9.916    10.01    10.09    10.13    10.15    10.16    10.15    10.12    10.08    10.03    9.977    9.912    9.84    9.764    9.683    9.598    
PD108    2.078e-07    0.02733    0.198    0.4982    0.9133    1.415    1.974    2.563    3.746    4.306    4.834    5.322    5.768    6.171    6.531    6.851    7.132    7.377    7.589    7.771    7.926    8.056    8.164    8.253    8.324    8.379    8.421    8.45    8.469    8.478    8.479    8.472    8.459    8.44    8.416    8.387    
AG109    9.314e-08    0.01687    0.1176    0.2813    0.4902    0.7223    0.9578    1.182    1.56    1.705    1.82    1.907    1.967    2.004    2.023    2.025    2.015    1.994    1.966    1.933    1.896    1.858    1.818    1.778    1.739    1.7    1.664    1.628    1.595    1.564    1.534    1.506    1.48    1.455    1.432    1.411    
PD110    1.207e-07    0.007844    0.05692    0.1438    0.2647    0.4119    0.5771    0.7525    1.108    1.28    1.442    1.594    1.735    1.864    1.981    2.087    2.182    2.268    2.344    2.412    2.473    2.526    2.574    2.616    2.654    2.688    2.717    2.744    2.767    2.788    2.807    2.824    2.839    2.853    2.865    2.877    
AG110M    6.506e-12    3.489e-05    0.0004539    0.001637    0.003647    0.006384    0.009644    0.01319    0.02083    0.02379    0.02647    0.02876    0.03065    0.03211    0.03319    0.0339    0.03431    0.03444    0.03436    0.0341    0.0337    0.0332    0.03263    0.03201    0.03137    0.03071    0.03006    0.02942    0.0288    0.02821    0.02764    0.0271    0.02658    0.0261    0.02565    0.02522    
CD110    1.521e-10    0.0008918    0.01265    0.05065    0.1252    0.2426    0.4047    0.6101    1.133    1.439    1.766    2.108    2.458    2.813    3.167    3.518    3.862    4.197    4.521    4.834    5.135    5.423    5.698    5.96    6.21    6.448    6.674    6.89    7.094    7.289    7.474    7.65    7.818    7.978    8.13    8.275    
CD111    9.445e-09    0.003267    0.02464    0.06404    0.1194    0.1876    0.2652    0.3492    0.5259    0.6153    0.7038    0.7906    0.8755    0.9584    1.039    1.118    1.196    1.272    1.347    1.42    1.493    1.565    1.636    1.707    1.778    1.848    1.918    1.988    2.057    2.126    2.194    2.263    2.331    2.399    2.466    2.533    
CD112    4.842e-08    0.001488    0.01105    0.02889    0.05496    0.08836    0.1279    0.1723    0.2713    0.3241    0.3783    0.4334    0.4893    0.5456    0.6024    0.6596    0.7173    0.7755    0.8344    0.8941    0.9547    1.016    1.079    1.143    1.208    1.275    1.343    1.413    1.484    1.557    1.632    1.709    1.787    1.867    1.949    2.033    
CD114    1.02e-07    0.001713    0.01234    0.03125    0.05756    0.08963    0.1256    0.1639    0.2418    0.2795    0.3155    0.3493    0.3809    0.4101    0.437    0.4616    0.4842    0.5048    0.5236    0.5409    0.5567    0.5713    0.5849    0.5975    0.6093    0.6205    0.6311    0.6413    0.6511    0.6606    0.6699    0.6791    0.6881    0.6972    0.7062    0.7154    
IN115    1.953e-08    0.0003924    0.002397    0.004978    0.007601    0.009884    0.01164    0.01283    0.0137    0.01356    0.01314    0.01254    0.01182    0.01105    0.01025    0.009459    0.008699    0.007981    0.007314    0.006703    0.006147    0.005645    0.005197    0.004798    0.004444    0.004132    0.003858    0.003618    0.003408    0.003226    0.003067    0.00293    0.002812    0.00271    0.002623    0.002549    
CD116    7.153e-08    0.0004901    0.003443    0.008513    0.01535    0.0234    0.03218    0.04126    0.05914    0.06751    0.07536    0.08262    0.08929    0.09535    0.1008    0.1058    0.1102    0.1142    0.1177    0.1209    0.1237    0.1262    0.1284    0.1304    0.1321    0.1337    0.1351    0.1364    0.1375    0.1386    0.1395    0.1403    0.1411    0.1418    0.1424    0.143    
SN116    1.18e-10    8.512e-05    0.001081    0.003923    0.008815    0.01562    0.024    0.03351    0.0542    0.06477    0.07511    0.08505    0.09448    0.1033    0.1115    0.1191    0.1261    0.1326    0.1384    0.1438    0.1487    0.1532    0.1574    0.1612    0.1647    0.1679    0.1709    0.1737    0.1763    0.1787    0.181    0.1832    0.1853    0.1873    0.1892    0.1911    
SN117    6.722e-08    0.0004927    0.003451    0.008498    0.01525    0.02314    0.03168    0.04044    0.05751    0.06542    0.07279    0.07958    0.08576    0.09134    0.09636    0.1008    0.1048    0.1084    0.1115    0.1142    0.1167    0.1188    0.1206    0.1223    0.1237    0.125    0.1261    0.127    0.1278    0.1286    0.1292    0.1298    0.1303    0.1307    0.131    0.1314    
SN118    7.044e-08    0.0004932    0.003461    0.008544    0.01537    0.02339    0.03211    0.04111    0.05881    0.06713    0.07495    0.08222    0.08892    0.09506    0.1007    0.1058    0.1104    0.1146    0.1184    0.1218    0.1249    0.1277    0.1303    0.1327    0.1348    0.1368    0.1387    0.1403    0.1419    0.1434    0.1448    0.1461    0.1473    0.1485    0.1496    0.1507    
SN119    7.016e-08    0.0005024    0.003525    0.008687    0.0156    0.02369    0.03245    0.04146    0.05899    0.06715    0.07475    0.08175    0.08812    0.09389    0.09907    0.1037    0.1078    0.1115    0.1147    0.1175    0.12    0.1222    0.1241    0.1258    0.1273    0.1285    0.1296    0.1306    0.1315    0.1322    0.1328    0.1334    0.1338    0.1342    0.1346    0.1349    
SN120    7.28e-08    0.0005149    0.003612    0.008902    0.01599    0.0243    0.0333    0.04258    0.06077    0.06928    0.07727    0.08469    0.09152    0.09777    0.1035    0.1086    0.1133    0.1175    0.1213    0.1248    0.1279    0.1307    0.1333    0.1356    0.1378    0.1397    0.1416    0.1432    0.1448    0.1462    0.1476    0.1488    0.15    0.1511    0.1522    0.1532    
SB121    3.158e-08    0.0005321    0.003735    0.00917    0.01635    0.02465    0.03348    0.04239    0.05922    0.06675    0.07358    0.07965    0.08498    0.08959    0.09351    0.0968    0.09951    0.1017    0.1034    0.1047    0.1056    0.1062    0.1065    0.1066    0.1064    0.1061    0.1056    0.105    0.1042    0.1034    0.1025    0.1015    0.1004    0.09931    0.09817    0.097    
SN122    7.997e-08    0.0005696    0.003989    0.009806    0.01756    0.02661    0.03636    0.04636    0.06579    0.07481    0.08322    0.09098    0.09807    0.1045    0.1103    0.1155    0.1202    0.1244    0.1282    0.1315    0.1345    0.1371    0.1395    0.1416    0.1435    0.1452    0.1467    0.1481    0.1493    0.1504    0.1515    0.1524    0.1532    0.154    0.1547    0.1554    
SB123    7.199e-08    0.0005348    0.003854    0.009758    0.01785    0.02746    0.03794    0.04874    0.06948    0.07924    0.08817    0.09625    0.1035    0.1098    0.1154    0.1202    0.1243    0.1278    0.1307    0.1331    0.1351    0.1366    0.1377    0.1386    0.1392    0.1395    0.1396    0.1395    0.1393    0.139    0.1385    0.1379    0.1372    0.1365    0.1357    0.1348    
SN124    9.783e-08    0.000843    0.005918    0.01452    0.02593    0.03918    0.0534    0.06789    0.09589    0.1088    0.1208    0.1318    0.1418    0.1509    0.159    0.1663    0.1728    0.1786    0.1837    0.1883    0.1923    0.1959    0.1991    0.2019    0.2043    0.2065    0.2085    0.2102    0.2118    0.2131    0.2144    0.2155    0.2164    0.2173    0.2181    0.2189    
SB125    7.762e-08    0.001747    0.01236    0.02987    0.0519    0.07591    0.09986    0.1223    0.1611    0.1748    0.1854    0.1932    0.1982    0.2008    0.2014    0.2002    0.1974    0.1935    0.1886    0.1829    0.1766    0.1699    0.163    0.1559    0.1487    0.1416    0.1346    0.1277    0.121    0.1145    0.1083    0.1023    0.09663    0.0912    0.08605    0.08116    
TE125    4.143e-11    2.662e-05    0.0004257    0.001868    0.004841    0.009644    0.01638    0.02502    0.04549    0.05881    0.07316    0.08828    0.1039    0.1199    0.136    0.152    0.1679    0.1835    0.1987    0.2135    0.2277    0.2414    0.2545    0.267    0.2789    0.2902    0.3009    0.311    0.3206    0.3295    0.338    0.3459    0.3533    0.3603    0.3668    0.373    
SN126    1.33e-07    0.002861    0.02028    0.04971    0.0886    0.1335    0.1815    0.2302    0.3237    0.3666    0.4063    0.4428    0.4759    0.5058    0.5327    0.5568    0.5783    0.5974    0.6144    0.6295    0.6429    0.6547    0.6653    0.6747    0.683    0.6905    0.6971    0.703    0.7083    0.7131    0.7174    0.7213    0.7248    0.7281    0.731    0.7337    
TE126    2.256e-10    7.03e-05    0.0005637    0.001476    0.002731    0.004236    0.00591    0.007686    0.01145    0.01331    0.01516    0.01698    0.01878    0.02056    0.0223    0.02402    0.02572    0.02739    0.02905    0.03068    0.0323    0.0339    0.03549    0.03707    0.03863    0.04019    0.04174    0.04328    0.04481    0.04634    0.04786    0.04938    0.05089    0.05239    0.0539    0.0554    
TE127M    4.188e-09    0.0008103    0.004967    0.009992    0.01472    0.01846    0.02098    0.02235    0.02391    0.02227    0.02071    0.01915    0.01758    0.01603    0.01454    0.01311    0.01179    0.01057    0.00945    0.00844    0.007533    0.006723    0.006002    0.005363    0.004799    0.004301    0.003864    0.00348    0.003143    0.002847    0.002588    0.00236    0.002161    0.001986    0.001832    0.001697    
I127    1.616e-08    0.005992    0.04445    0.1129    0.2049    0.3123    0.4276    0.5445    0.7646    0.8653    0.9565    1.038    1.11    1.172    1.225    1.271    1.308    1.339    1.364    1.383    1.398    1.408    1.415    1.418    1.419    1.417    1.413    1.407    1.4    1.391    1.382    1.371    1.359    1.347    1.335    1.321    
TE128    2.789e-07    0.01227    0.08736    0.2146    0.383    0.5779    0.7864    0.9983    1.407    1.594    1.769    1.929    2.075    2.207    2.326    2.432    2.528    2.613    2.689    2.757    2.817    2.871    2.919    2.961    3    3.034    3.065    3.092    3.117    3.14    3.161    3.179    3.196    3.212    3.227    3.24    
XE128    3.701e-12    2.657e-05    0.0003919    0.001625    0.004132    0.008203    0.014    0.02158    0.0419    0.05445    0.06842    0.08364    0.09996    0.1172    0.1353    0.154    0.1732    0.1929    0.2129    0.2331    0.2534    0.2739    0.2943    0.3147    0.335    0.3552    0.3752    0.395    0.4146    0.434    0.4531    0.4719    0.4905    0.5087    0.5267    0.5444    
TE129M    4.427e-08    0.001971    0.009611    0.0157    0.02045    0.02351    0.02508    0.02547    0.02508    0.02264    0.02094    0.01923    0.01752    0.01586    0.01429    0.01282    0.01147    0.01024    0.009134    0.008139    0.007252    0.006464    0.005766    0.00515    0.004607    0.00413    0.003712    0.003344    0.003022    0.00274    0.002492    0.002275    0.002084    0.001916    0.001769    0.001639    
I129    2.887e-07    0.01953    0.1417    0.3494    0.6192    0.9229    1.236    1.54    2.075    2.295    2.478    2.627    2.743    2.827    2.884    2.916    2.926    2.917    2.892    2.854    2.804    2.746    2.68    2.609    2.533    2.455    2.374    2.293    2.211    2.13    2.049    1.97    1.892    1.816    1.742    1.671    
TE130    5.895e-07    0.03651    0.2609    0.6434    1.154    1.75    2.393    3.052    4.333    4.927    5.481    5.991    6.457    6.88    7.262    7.604    7.91    8.183    8.427    8.643    8.836    9.007    9.159    9.294    9.414    9.522    9.618    9.703    9.78    9.85    9.912    9.968    10.02    10.07    10.11    10.15    
XE130    1.452e-10    0.0003831    0.004996    0.01961    0.04831    0.09359    0.1564    0.2366    0.4435    0.5669    0.7007    0.8428    0.9911    1.144    1.299    1.455    1.611    1.766    1.918    2.067    2.212    2.353    2.489    2.62    2.745    2.865    2.979    3.087    3.19    3.287    3.379    3.465    3.546    3.622    3.693    3.76    
I131    7.08e-07    0.01731    0.05825    0.08258    0.1017    0.1139    0.1199    0.1211    0.1138    0.1072    0.09966    0.09172    0.08373    0.07595    0.06854    0.06162    0.05523    0.0494    0.04412    0.03938    0.03513    0.03136    0.02801    0.02506    0.02245    0.02015    0.01813    0.01636    0.01481    0.01344    0.01224    0.01119    0.01027    0.009459    0.008745    0.008115    
XE131    6.044e-08    0.04864    0.3505    0.8492    1.463    2.116    2.746    3.311    4.156    4.426    4.598    4.682    4.689    4.632    4.523    4.373    4.193    3.992    3.777    3.556    3.333    3.113    2.899    2.693    2.497    2.312    2.139    1.977    1.828    1.691    1.565    1.45    1.346    1.25    1.164    1.087    
TE132    9.298e-07    0.009627    0.03253    0.04631    0.05723    0.06425    0.06781    0.0686    0.06432    0.06092    0.05669    0.0522    0.04766    0.04323    0.039    0.03505    0.03139    0.02805    0.02503    0.02231    0.01988    0.01771    0.01579    0.01409    0.01259    0.01127    0.01011    0.00909    0.008195    0.007409    0.00672    0.006115    0.005584    0.005117    0.004705    0.004343    
XE132    2.18e-07    0.07836    0.59    1.534    2.866    4.509    6.378    8.396    12.61    14.72    16.77    18.75    20.63    22.4    24.07    25.62    27.06    28.39    29.61    30.73    31.75    32.69    33.55    34.32    35.03    35.68    36.26    36.8    37.28    37.73    38.13    38.5    38.84    39.15    39.43    39.7    
I133    7.669e-07    0.00348    0.01174    0.01671    0.02068    0.02327    0.02461    0.02495    0.02358    0.02226    0.02074    0.01911    0.01747    0.01585    0.01431    0.01287    0.01153    0.01031    0.009202    0.008205    0.007311    0.006516    0.005809    0.005184    0.004633    0.004147    0.003719    0.003344    0.003014    0.002724    0.00247    0.002247    0.002051    0.001879    0.001727    0.001593    
XE133    6.145e-07    0.02077    0.07006    0.09979    0.1235    0.139    0.1471    0.1491    0.1412    0.1334    0.1245    0.1149    0.1052    0.09566    0.08658    0.07805    0.07017    0.06296    0.05643    0.05055    0.04528    0.04059    0.03643    0.03275    0.02951    0.02665    0.02414    0.02193    0.01999    0.01829    0.0168    0.01549    0.01435    0.01334    0.01245    0.01167    
CS133    6.798e-08    0.09473    0.6937    1.729    3.082    4.621    6.228    7.806    10.61    11.78    12.77    13.58    14.21    14.67    14.98    15.16    15.22    15.17    15.04    14.83    14.56    14.24    13.88    13.49    13.08    12.66    12.22    11.78    11.34    10.9    10.47    10.05    9.632    9.228    8.837    8.458    
XE134    1.58e-06    0.1142    0.8205    2.04    3.693    5.651    7.794    10.02    14.43    16.5    18.44    20.25    21.91    23.42    24.78    26.02    27.12    28.11    29    29.78    30.48    31.11    31.66    32.15    32.59    32.99    33.34    33.65    33.93    34.18    34.41    34.62    34.8    34.97    35.13    35.27    
CS134    3.837e-11    0.001509    0.02139    0.08141    0.1883    0.3403    0.5294    0.7445    1.217    1.438    1.647    1.837    2.005    2.149    2.267    2.361    2.431    2.479    2.506    2.516    2.509    2.488    2.456    2.414    2.363    2.306    2.244    2.178    2.109    2.038    1.967    1.895    1.823    1.752    1.682    1.613    
BA134    2.223e-14    2.958e-05    0.0008823    0.005674    0.01915    0.04635    0.09182    0.159    0.3498    0.4914    0.656    0.8419    1.047    1.268    1.502    1.748    2.001    2.26    2.522    2.785    3.047    3.307    3.563    3.813    4.057    4.295    4.524    4.746    4.96    5.165    5.361    5.548    5.727    5.897    6.059    6.212    
CS135    5.378e-08    0.005027    0.03889    0.1071    0.2163    0.3724    0.5799    0.8418    1.527    1.951    2.42    2.929    3.472    4.041    4.63    5.232    5.841    6.452    7.059    7.657    8.243    8.813    9.364    9.894    10.4    10.89    11.35    11.78    12.19    12.57    12.92    13.25    13.56    13.84    14.1    14.34    
BA135    1.008e-13    1.296e-07    2.218e-06    1.681e-05    7.334e-05    0.0002234    0.0005394    0.001111    0.003351    0.005237    0.007795    0.01111    0.01527    0.02034    0.02637    0.03341    0.04147    0.05059    0.06075    0.07196    0.08421    0.09746    0.1117    0.1269    0.143    0.1599    0.1777    0.1963    0.2156    0.2355    0.2561    0.2773    0.2991    0.3213    0.344    0.3671    
XE136    2.654e-06    0.2134    1.532    3.806    6.878    10.51    14.48    18.6    26.73    30.54    34.13    37.45    40.5    43.28    45.8    48.07    50.11    51.94    53.57    55.03    56.33    57.48    58.52    59.44    60.26    61    61.66    62.25    62.78    63.27    63.7    64.1    64.46    64.79    65.1    65.38    
CS136    4.73e-09    0.0006198    0.00253    0.003855    0.004983    0.005875    0.006614    0.00729    0.009065    0.009562    0.01052    0.01159    0.01277    0.01405    0.0154    0.01683    0.0183    0.01981    0.02133    0.02285    0.02436    0.02584    0.02729    0.02869    0.03005    0.03135    0.03259    0.03377    0.03488    0.03593    0.03691    0.03782    0.03867    0.03945    0.04017    0.04083    
BA136    2.164e-10    0.001054    0.009547    0.02625    0.04972    0.07859    0.1118    0.1487    0.2368    0.2855    0.3387    0.3973    0.4618    0.5329    0.611    0.6965    0.7898    0.891    1    1.118    1.243    1.377    1.518    1.667    1.824    1.988    2.158    2.336    2.519    2.708    2.903    3.103    3.308    3.517    3.73    3.947    
CS137    1.324e-06    0.1017    0.7288    1.804    3.25    4.949    6.792    8.689    12.4    14.11    15.7    17.15    18.46    19.64    20.68    21.6    22.4    23.1    23.7    24.22    24.65    25.02    25.33    25.58    25.78    25.94    26.07    26.16    26.22    26.26    26.28    26.28    26.26    26.23    26.18    26.13    
BA137    1.808e-10    0.0002194    0.00295    0.01207    0.03066    0.061    0.1045    0.1619    0.3049    0.4026    0.5123    0.6326    0.7627    0.9013    1.047    1.2    1.358    1.521    1.687    1.857    2.029    2.203    2.378    2.555    2.732    2.909    3.086    3.263    3.439    3.615    3.79    3.963    4.136    4.307    4.477    4.645    
BA138    1.306e-06    0.09034    0.6491    1.615    2.924    4.476    6.177    7.944    11.44    13.09    14.64    16.08    17.41    18.62    19.71    20.7    21.6    22.39    23.11    23.75    24.33    24.84    25.3    25.71    26.08    26.42    26.72    26.99    27.24    27.47    27.68    27.87    28.05    28.22    28.37    28.52    
LA139    1.306e-06    0.08843    0.6333    1.568    2.827    4.307    5.912    7.562    10.77    12.24    13.6    14.84    15.94    16.92    17.78    18.53    19.16    19.71    20.16    20.53    20.83    21.07    21.25    21.39    21.48    21.53    21.55    21.54    21.51    21.45    21.38    21.29    21.19    21.08    20.95    20.82    
BA140    1.17e-06    0.03189    0.129    0.1954    0.2493    0.2858    0.3062    0.3134    0.3    0.2846    0.2661    0.2461    0.2254    0.205    0.1854    0.167    0.1498    0.1341    0.1197    0.1068    0.09524    0.08491    0.07572    0.06759    0.0604    0.05406    0.04848    0.04358    0.03927    0.03548    0.03216    0.02924    0.02668    0.02442    0.02243    0.02068    
LA140    4.854e-08    0.00423    0.01718    0.0262    0.03369    0.03894    0.04212    0.04357    0.04279    0.04123    0.03922    0.03696    0.03459    0.03222    0.02991    0.02771    0.02565    0.02375    0.02201    0.02042    0.019    0.01771    0.01656    0.01553    0.01462    0.0138    0.01307    0.01242    0.01185    0.01133    0.01087    0.01046    0.01009    0.009762    0.009462    0.009191    
CE140    1.601e-08    0.05626    0.5102    1.41    2.675    4.213    5.93    7.744    11.54    13.31    15    16.61    18.11    19.51    20.8    22.01    23.11    24.14    25.09    25.96    26.77    27.52    28.22    28.87    29.49    30.06    30.6    31.11    31.6    32.06    32.5    32.92    33.32    33.71    34.09    34.45    
CE141    1.057e-06    0.05215    0.2534    0.4167    0.5496    0.6412    0.694    0.7148    0.7189    0.658    0.6148    0.5696    0.523    0.4769    0.4325    0.3907    0.3517    0.316    0.2835    0.2542    0.228    0.2045    0.1837    0.1653    0.1491    0.1348    0.1222    0.1111    0.1014    0.0929    0.08544    0.0789    0.07317    0.06814    0.06372    0.05983    
PR141    2.23e-08    0.0328    0.352    1.072    2.115    3.388    4.798    6.262    9.082    10.41    11.61    12.69    13.64    14.47    15.19    15.79    16.29    16.7    17.02    17.27    17.46    17.58    17.65    17.68    17.67    17.62    17.55    17.45    17.33    17.19    17.04    16.87    16.7    16.52    16.32    16.13    
CE142    1.123e-06    0.08109    0.5835    1.45    2.618    3.996    5.496    7.047    10.1    11.53    12.86    14.09    15.22    16.25    17.18    18.01    18.75    19.41    20    20.52    20.98    21.39    21.75    22.07    22.35    22.6    22.82    23.01    23.18    23.34    23.47    23.59    23.7    23.79    23.88    23.95    
ND142    1.247e-12    0.0001501    0.003471    0.01796    0.05062    0.1067    0.1891    0.2992    0.5975    0.784    0.9915    1.217    1.457    1.71    1.972    2.24    2.513    2.788    3.064    3.338    3.61    3.878    4.141    4.399    4.65    4.894    5.13    5.359    5.58    5.792    5.996    6.191    6.379    6.557    6.727    6.889    
CE143    6.89e-07    0.003909    0.01319    0.01881    0.02331    0.02626    0.02782    0.02826    0.02684    0.02538    0.02371    0.02192    0.0201    0.01832    0.01661    0.01501    0.01352    0.01216    0.01093    0.009819    0.008825    0.007938    0.007151    0.006454    0.005839    0.005297    0.00482    0.0044    0.004032    0.003709    0.003425    0.003175    0.002956    0.002763    0.002594    0.002444    
PR143    3.64e-07    0.02709    0.1102    0.1671    0.2131    0.2441    0.2613    0.2674    0.2582    0.2432    0.2277    0.2109    0.1937    0.1767    0.1604    0.145    0.1307    0.1176    0.1057    0.09501    0.0854    0.07682    0.06919    0.06244    0.05647    0.05121    0.04659    0.04252    0.03894    0.0358    0.03304    0.03062    0.02849    0.02662    0.02497    0.02351    
ND143    1.492e-08    0.04015    0.3288    0.7922    1.313    1.811    2.231    2.55    2.918    2.937    2.891    2.798    2.672    2.524    2.365    2.202    2.04    1.886    1.74    1.604    1.481    1.369    1.269    1.181    1.102    1.034    0.9744    0.9228    0.8785    0.8406    0.8082    0.7809    0.7578    0.7384    0.7222    0.7088    
CE144    1.01e-06    0.05844    0.3917    0.8871    1.464    2.04    2.558    2.983    3.634    3.71    3.706    3.635    3.512    3.349    3.16    2.953    2.739    2.523    2.311    2.107    1.914    1.733    1.565    1.41    1.269    1.141    1.026    0.9221    0.8292    0.7463    0.6725    0.6069    0.5487    0.4972    0.4516    0.4112    
ND144    2.864e-09    0.009323    0.143    0.5804    1.401    2.62    4.201    6.078    10.39    12.74    15.07    17.35    19.54    21.61    23.55    25.35    27    28.51    29.88    31.13    32.24    33.25    34.15    34.96    35.68    36.33    36.91    37.43    37.89    38.31    38.69    39.04    39.35    39.63    39.9    40.14    
ND145    7.774e-07    0.04954    0.3499    0.8511    1.506    2.253    3.035    3.808    5.213    5.808    6.323    6.755    7.109    7.387    7.597    7.745    7.839    7.885    7.89    7.862    7.804    7.723    7.623    7.509    7.383    7.248    7.108    6.964    6.819    6.673    6.529    6.386    6.247    6.11    5.978    5.851    
ND146    7.77e-07    0.04282    0.3137    0.8    1.484    2.326    3.287    4.33    6.543    7.667    8.781    9.874    10.94    11.97    12.96    13.91    14.83    15.7    16.54    17.34    18.1    18.83    19.52    20.19    20.82    21.43    22.01    22.57    23.1    23.61    24.11    24.58    25.03    25.47    25.9    26.31    
ND147    5.658e-07    0.01119    0.04422    0.06656    0.08487    0.0974    0.1046    0.1073    0.1032    0.09875    0.09289    0.08647    0.07985    0.0733    0.067    0.06106    0.05555    0.05051    0.04594    0.04183    0.03815    0.03489    0.03201    0.02947    0.02725    0.0253    0.0236    0.02212    0.02084    0.01972    0.01876    0.01793    0.01721    0.01659    0.01605    0.01559    
PM147    3.565e-08    0.02013    0.1537    0.3503    0.5602    0.7506    0.9029    1.01    1.123    1.108    1.074    1.026    0.9674    0.9035    0.8373    0.7712    0.7072    0.6464    0.5898    0.5376    0.49    0.4471    0.4086    0.3743    0.3439    0.3171    0.2935    0.2728    0.2547    0.239    0.2253    0.2134    0.2031    0.1941    0.1864    0.1798    
SM147    1.955e-11    0.0003499    0.005974    0.02473    0.05803    0.104    0.1588    0.218    0.3258    0.3788    0.4238    0.4602    0.4881    0.5077    0.5198    0.525    0.5244    0.5187    0.5089    0.4957    0.48    0.4625    0.4436    0.424    0.404    0.384    0.3643    0.345    0.3264    0.3086    0.2916    0.2756    0.2605    0.2464    0.2333    0.2211    
ND148    5.193e-07    0.02884    0.2074    0.5155    0.9325    1.426    1.965    2.524    3.626    4.139    4.62    5.062    5.465    5.829    6.156    6.446    6.703    6.929    7.127    7.3    7.45    7.579    7.691    7.786    7.867    7.936    7.994    8.042    8.082    8.114    8.14    8.16    8.175    8.185    8.192    8.196    
PM148    8.677e-11    0.0003986    0.003052    0.007001    0.01124    0.01509    0.01817    0.02036    0.02247    0.02237    0.02169    0.02072    0.01954    0.01826    0.01692    0.01559    0.01429    0.01307    0.01192    0.01087    0.009906    0.009037    0.008259    0.007566    0.006951    0.006408    0.005931    0.005512    0.005147    0.004828    0.004551    0.00431    0.004102    0.003921    0.003765    0.00363    
SM148    7.259e-12    0.001274    0.02179    0.09136    0.2213    0.4123    0.657    0.9443    1.614    1.962    2.307    2.644    2.968    3.277    3.567    3.839    4.092    4.325    4.54    4.736    4.916    5.081    5.231    5.367    5.492    5.605    5.708    5.802    5.887    5.966    6.037    6.103    6.163    6.218    6.269    6.316    
PM149    2.847e-07    0.001867    0.00693    0.01088    0.01448    0.01727    0.01917    0.02025    0.02055    0.01993    0.019    0.0179    0.0167    0.01547    0.01425    0.01307    0.01196    0.01092    0.009971    0.009102    0.008317    0.007613    0.006985    0.006426    0.005931    0.005495    0.00511    0.004772    0.004476    0.004216    0.003989    0.003789    0.003615    0.003463    0.003329    0.003212    
ND150    3.165e-07    0.01697    0.1219    0.3033    0.5495    0.8419    1.162    1.496    2.155    2.464    2.754    3.023    3.269    3.492    3.693    3.873    4.033    4.176    4.301    4.412    4.509    4.595    4.669    4.734    4.791    4.841    4.883    4.921    4.953    4.98    5.004    5.025    5.042    5.057    5.069    5.08    
SM150    5.006e-08    0.02124    0.1588    0.4077    0.7446    1.135    1.544    1.943    2.65    2.911    3.112    3.255    3.342    3.382    3.379    3.34    3.273    3.184    3.077    2.958    2.832    2.701    2.569    2.438    2.31    2.186    2.068    1.956    1.85    1.751    1.659    1.574    1.495    1.423    1.356    1.296    
SM151    7.601e-08    0.002184    0.008159    0.01329    0.01866    0.02372    0.02822    0.03205    0.03762    0.03925    0.04018    0.04052    0.04036    0.03978    0.03887    0.03769    0.03632    0.03481    0.03322    0.03159    0.02995    0.02833    0.02675    0.02523    0.02378    0.0224    0.02111    0.0199    0.01877    0.01773    0.01677    0.01589    0.01508    0.01434    0.01367    0.01306    
SM152    1.606e-07    0.02153    0.1472    0.3439    0.585    0.8429    1.096    1.328    1.699    1.83    1.924    1.983    2.011    2.012    1.99    1.95    1.895    1.83    1.756    1.677    1.594    1.511    1.428    1.347    1.268    1.192    1.121    1.053    0.9889    0.9294    0.8742    0.8231    0.7761    0.7329    0.6934    0.6573    
SM153    7.79e-08    0.0007374    0.003381    0.006441    0.009907    0.01339    0.01663    0.01948    0.02369    0.02513    0.02603    0.02649    0.02658    0.02636    0.02587    0.02517    0.02431    0.02334    0.02229    0.0212    0.02008    0.01897    0.01787    0.01681    0.01578    0.01481    0.01389    0.01302    0.01221    0.01146    0.01076    0.01012    0.009531    0.008991    0.008497    0.008048    
EU153    2.953e-08    0.007426    0.05952    0.16    0.2992    0.4621    0.6335    0.8004    1.086    1.196    1.282    1.343    1.381    1.397    1.396    1.38    1.351    1.312    1.265    1.213    1.158    1.1    1.042    0.9842    0.9273    0.8722    0.8193    0.769    0.7215    0.6769    0.6353    0.5966    0.5609    0.5279    0.4976    0.4699    
SM154    6.485e-08    0.005034    0.03647    0.09164    0.1675    0.2588    0.3601    0.4667    0.6808    0.7827    0.8789    0.9685    1.051    1.126    1.194    1.254    1.308    1.356    1.397    1.434    1.465    1.492    1.515    1.534    1.55    1.563    1.573    1.581    1.587    1.591    1.594    1.595    1.595    1.594    1.592    1.589    
EU154    1.549e-10    0.0009228    0.01143    0.03891    0.08193    0.1362    0.1964    0.2574    0.366    0.4107    0.4464    0.4731    0.4911    0.5011    0.5042    0.5011    0.493    0.4809    0.4655    0.4478    0.4285    0.4082    0.3873    0.3663    0.3456    0.3254    0.3059    0.2872    0.2695    0.2529    0.2373    0.2228    0.2093    0.1969    0.1854    0.175    
GD154    2.149e-14    4.328e-06    0.0001118    0.0006456    0.001963    0.004311    0.007786    0.01234    0.0228    0.02956    0.03652    0.04342    0.05005    0.05625    0.06187    0.06682    0.07105    0.07453    0.07725    0.07924    0.08054    0.0812    0.08127    0.08081    0.0799    0.07859    0.07695    0.07503    0.0729    0.07059    0.06817    0.06566    0.06311    0.06055    0.058    0.05548    
EU155    3.723e-08    0.001276    0.007347    0.01791    0.03345    0.05247    0.07322    0.09407    0.1346    0.1459    0.1578    0.1666    0.1725    0.1757    0.1765    0.1752    0.1723    0.168    0.1626    0.1564    0.1497    0.1426    0.1354    0.1281    0.121    0.114    0.1073    0.1009    0.09477    0.08903    0.08366    0.07867    0.07403    0.06975    0.06581    0.06219    
EU156    1.884e-08    0.001697    0.009529    0.02142    0.03839    0.0589    0.08116    0.1035    0.1503    0.1588    0.1713    0.1807    0.1869    0.1903    0.191    0.1896    0.1863    0.1815    0.1757    0.1689    0.1616    0.154    0.1461    0.1382    0.1305    0.1229    0.1156    0.1087    0.1021    0.09584    0.09002    0.0846    0.07958    0.07494    0.07067    0.06675    
GD156    7.493e-10    0.002272    0.02645    0.09549    0.2321    0.4559    0.7789    1.204    2.521    3.218    3.966    4.761    5.586    6.427    7.271    8.107    8.925    9.717    10.48    11.2    11.89    12.53    13.14    13.7    14.22    14.7    15.14    15.54    15.91    16.24    16.54    16.82    17.06    17.28    17.48    17.66    
GD158    1.771e-08    0.002535    0.01993    0.05458    0.109    0.1845    0.281    0.3976    0.7271    0.8955    1.075    1.265    1.462    1.666    1.873    2.083    2.295    2.507    2.718    2.928    3.136    3.342    3.545    3.745    3.942    4.137    4.328    4.515    4.7    4.882    5.061    5.237    5.41    5.58    5.748    5.913    
TB159    2.493e-09    0.0004044    0.002946    0.007472    0.01382    0.02163    0.03055    0.04022    0.06128    0.07217    0.08314    0.09416    0.1052    0.1164    0.1276    0.139    0.1506    0.1623    0.1743    0.1866    0.1992    0.212    0.2251    0.2385    0.2522    0.2662    0.2805    0.295    0.3098    0.3248    0.34    0.3554    0.371    0.3867    0.4026    0.4186    
GD160    2.533e-09    0.000197    0.001428    0.003601    0.006617    0.01028    0.01438    0.01871    0.02748    0.03168    0.03566    0.03937    0.0428    0.04593    0.04876    0.05132    0.05361    0.05566    0.05748    0.05909    0.06052    0.06178    0.06289    0.06386    0.06472    0.06548    0.06614    0.06673    0.06724    0.06769    0.06809    0.06843    0.06874    0.06901    0.06925    0.06945    
DY162    9.754e-10    6.068e-05    0.000492    0.001316    0.002434    0.003722    0.005074    0.006409    0.008855    0.009986    0.01102    0.012    0.01294    0.01387    0.01481    0.01576    0.01675    0.01778    0.01886    0.02    0.02121    0.02248    0.02381    0.02522    0.0267    0.02824    0.02985    0.03153    0.03327    0.03507    0.03692    0.03884    0.04081    0.04282    0.04489    0.047    
DY163    5.311e-10    2.507e-05    0.0002216    0.0006844    0.001462    0.002544    0.003883    0.005409    0.008754    0.01046    0.01214    0.01378    0.01536    0.01689    0.01839    0.01986    0.02132    0.0228    0.0243    0.02584    0.02743    0.0291    0.03084    0.03267    0.03459    0.03661    0.03872    0.04094    0.04326    0.04567    0.04819    0.05081    0.05352    0.05633    0.05922    0.0622    
HO165    1.721e-10    9.557e-06    8.822e-05    0.0002773    0.0006217    0.001166    0.001944    0.002974    0.005891    0.007642    0.009555    0.01162    0.01382    0.0161    0.01846    0.02088    0.02334    0.02585    0.02839    0.03097    0.03361    0.03631    0.03907    0.04192    0.04486    0.04791    0.05107    0.05436    0.05778    0.06135    0.06507    0.06895    0.07299    0.07719    0.08156    0.0861    
