TIME    3   100   220   340   460   580   700   820   1040   1160   1280   1400   1520   1640   1760   1880   2000   2120   2240   2360   2480   2600   2720   2840   2960   3080   3200   3320   3440   3560   3680   3800   3920   4040   4160   4280   
NEUT_PROD    3.73   53.3   83.4   99.8   107   109   107   104   93.3   87.6   81.9   76.4   71.1   66.1   61.5   57.1   53.1   49.4   45.9   42.7   39.8   37   34.5   32.2   30   28.1   26.2   24.5   23   21.5   20.2   19   17.8   16.8   15.8   14.9   
NEUT_DEST    79.5   102   113   119   121   120   117   113   104   99.5   94.7   90   85.5   81.2   77.1   73.2   69.6   66.2   62.9   59.9   57.1   54.4   51.9   49.6   47.5   45.4   43.5   41.8   40.1   38.6   37.1   35.8   34.5   33.3   32.2   31.2   
BUd    0.0314    11.6    27.8    37    41.6    43.4    43.4    42.3    79.1    36.2    33.9    31.7    29.5    27.5    25.5    23.7    22    20.5    19    17.7    16.4    15.3    14.2    13.3    12.4    11.5    10.8    10    9.39    8.78    8.22    7.7    7.22    6.77    6.36    5.98    
U234    997.6    923.8    853.4    788.4    728.3    672.9    621.6    574.2    490.1    452.7    418.3    386.4    357    329.8    304.6    281.4    260    240.2    221.9    205    189.4    175    161.6    149.3    138    127.5    117.8    108.8    100.5    92.87    85.8    79.27    73.24    67.67    62.53    57.77    
U235    2.35    62.03    98.43    118.2    127.3    129.5    127.6    123.2    110.7    103.8    96.87    90.17    83.74    77.66    71.94    66.59    61.61    56.97    52.67    48.68    44.99    41.58    38.42    35.5    32.8    30.3    28    25.87    23.9    22.08    20.4    18.85    17.41    16.09    14.86    13.73    
U236    0.002251    2.132    7.284    14.09    21.69    29.51    37.21    44.59    57.95    63.86    69.24    74.1    78.48    82.39    85.88    88.96    91.67    94.03    96.07    97.82    99.31    100.5    101.6    102.4    103    103.4    103.7    103.8    103.8    103.7    103.5    103.2    102.7    102.3    101.7    101.1    
U237    3.119e-07    0.002927    0.01001    0.01937    0.02981    0.04056    0.05115    0.06129    0.07966    0.08779    0.09519    0.1019    0.1079    0.1133    0.1181    0.1223    0.126    0.1293    0.1321    0.1345    0.1365    0.1382    0.1396    0.1407    0.1416    0.1422    0.1426    0.1427    0.1428    0.1426    0.1423    0.1418    0.1413    0.1406    0.1398    0.1389    
U238    1.542e-09    0.0005969    0.004273    0.0129    0.02744    0.04827    0.07541    0.1087    0.1957    0.245    0.2988    0.3566    0.418    0.4826    0.5501    0.6201    0.6922    0.7662    0.8418    0.9187    0.9968    1.076    1.155    1.235    1.316    1.397    1.477    1.558    1.638    1.719    1.798    1.878    1.957    2.035    2.112    2.189    
NP237    2.44e-08    0.009141    0.06542    0.1937    0.4009    0.6837    1.033    1.438    2.363    2.864    3.375    3.89    4.4    4.9    5.386    5.854    6.3    6.724    7.123    7.496    7.843    8.165    8.46    8.73    8.975    9.196    9.394    9.569    9.723    9.857    9.972    10.07    10.15    10.21    10.26    10.29    
NP238    1.693e-11    3.463e-05    0.000248    0.0007347    0.001522    0.002596    0.003924    0.005462    0.008968    0.01088    0.01282    0.01478    0.01672    0.01862    0.02047    0.02225    0.02394    0.02555    0.02707    0.02849    0.02981    0.03103    0.03216    0.03318    0.03411    0.03495    0.03571    0.03637    0.03696    0.03747    0.0379    0.03827    0.03857    0.03882    0.039    0.03913    
PU238    2.857e-12    0.000267    0.00386    0.01659    0.04419    0.09088    0.159    0.2491    0.4899    0.6371    0.7981    0.9698    1.149    1.333    1.519    1.705    1.889    2.069    2.243    2.411    2.571    2.722    2.865    2.999    3.124    3.239    3.345    3.442    3.53    3.609    3.679    3.742    3.796    3.844    3.884    3.918    
PU239    9.985e-15    1.692e-05    0.0004199    0.002377    0.007564    0.01764    0.0339    0.05711    0.1246    0.1683    0.2177    0.2718    0.3295    0.3899    0.4519    0.5149    0.5778    0.64    0.701    0.7602    0.8172    0.8718    0.9235    0.9724    1.018    1.061    1.1    1.137    1.17    1.2    1.227    1.252    1.274    1.293    1.309    1.323    
PU240    2.619e-17    8.574e-07    4.167e-05    0.0003431    0.001417    0.004023    0.009034    0.01728    0.04594    0.06691    0.09239    0.1221    0.1558    0.1928    0.2325    0.2744    0.3178    0.3622    0.4069    0.4515    0.4956    0.5387    0.5805    0.6208    0.6594    0.696    0.7306    0.7631    0.7934    0.8216    0.8475    0.8713    0.893    0.9126    0.9302    0.9459    
PU241    4.105e-20    4.678e-08    4.126e-06    4.688e-05    0.0002387    0.000787    0.001977    0.004125    0.01246    0.01902    0.0273    0.03731    0.04895    0.06206    0.07647    0.09193    0.1082    0.1251    0.1423    0.1597    0.1771    0.1942    0.211    0.2273    0.2429    0.2579    0.2722    0.2857    0.2983    0.3101    0.3211    0.3312    0.3405    0.3489    0.3566    0.3635    
PU242    0    1.632e-09    2.909e-07    5.167e-06    3.63e-05    0.0001544    0.00048    0.001204    0.004937    0.008603    0.01393    0.02126    0.03089    0.04309    0.05804    0.07588    0.09668    0.1204    0.147    0.1765    0.2085    0.2429    0.2796    0.3182    0.3585    0.4003    0.4432    0.487    0.5315    0.5763    0.6213    0.6662    0.7109    0.755    0.7985    0.8412    
SE77    9.986e-08    0.001058    0.001919    0.002967    0.004093    0.005207    0.006256    0.007211    0.008793    0.009418    0.009938    0.01036    0.01069    0.01094    0.01112    0.01123    0.01129    0.01129    0.01126    0.01118    0.01107    0.01093    0.01077    0.01058    0.01038    0.01017    0.009942    0.009708    0.009467    0.009221    0.008973    0.008723    0.008473    0.008223    0.007976    0.007722    
SE78    7.053e-07    0.002553    0.004541    0.007128    0.01006    0.01316    0.01631    0.01945    0.02549    0.02835    0.03109    0.03372    0.03622    0.0386    0.04087    0.04302    0.04507    0.04701    0.04886    0.05062    0.05228    0.05387    0.05537    0.0568    0.05816    0.05945    0.06067    0.06183    0.06294    0.06399    0.06499    0.06593    0.06683    0.06769    0.0685    0.06926    
SE79    2.13e-06    0.006248    0.01156    0.01843    0.02609    0.03403    0.04193    0.04959    0.06379    0.07023    0.07624    0.0818    0.08695    0.0917    0.09608    0.1001    0.1038    0.1072    0.1103    0.1132    0.1158    0.1182    0.1204    0.1225    0.1243    0.126    0.1275    0.1289    0.1302    0.1313    0.1324    0.1333    0.1342    0.135    0.1357    0.1362    
SE80    5.179e-06    0.01217    0.02484    0.04142    0.06001    0.07937    0.09872    0.1176    0.1528    0.169    0.1841    0.1983    0.2115    0.2238    0.2353    0.2459    0.2558    0.265    0.2736    0.2816    0.289    0.2959    0.3023    0.3083    0.3139    0.3192    0.3241    0.3286    0.3329    0.3369    0.3407    0.3442    0.3475    0.3506    0.3535    0.3562    
BR81    8.876e-06    0.01773    0.03899    0.06677    0.0977    0.1296    0.1612    0.1915    0.247    0.2718    0.2945    0.3153    0.3343    0.3514    0.367    0.3809    0.3935    0.4047    0.4147    0.4235    0.4313    0.4382    0.4441    0.4493    0.4537    0.4574    0.4605    0.463    0.465    0.4665    0.4675    0.4682    0.4685    0.4684    0.468    0.4673    
SE82    1.431e-05    0.0307    0.06541    0.1109    0.162    0.2152    0.2683    0.32    0.4165    0.4607    0.502    0.5406    0.5765    0.6099    0.6409    0.6696    0.6963    0.721    0.7439    0.7651    0.7849    0.8031    0.8201    0.8358    0.8505    0.8641    0.8767    0.8884    0.8993    0.9095    0.919    0.9278    0.936    0.9437    0.9508    0.9573    
KR82    2.214e-09    0.0001145    0.000428    0.0009959    0.001852    0.002996    0.004409    0.006063    0.009957    0.01213    0.0144    0.01676    0.01916    0.02159    0.02402    0.02644    0.02884    0.03119    0.03349    0.03573    0.03789    0.03999    0.042    0.04393    0.04577    0.04753    0.04919    0.05077    0.05226    0.05366    0.05497    0.0562    0.05734    0.05841    0.05939    0.0603    
KR83    2.116e-05    0.0482    0.08603    0.1293    0.1695    0.2026    0.2274    0.2441    0.2572    0.2561    0.2515    0.2442    0.2352    0.225    0.2141    0.203    0.1918    0.1809    0.1703    0.1601    0.1505    0.1414    0.1328    0.1248    0.1174    0.1104    0.104    0.09797    0.09242    0.08729    0.08254    0.07816    0.0741    0.07035    0.06689    0.06338    
KR84    4.473e-05    0.1015    0.2302    0.4051    0.6097    0.8316    1.062    1.293    1.743    1.957    2.16    2.353    2.535    2.706    2.866    3.016    3.156    3.287    3.408    3.522    3.627    3.726    3.817    3.902    3.981    4.055    4.124    4.188    4.248    4.304    4.356    4.405    4.451    4.494    4.534    4.571    
KR85    1.097e-05    0.02606    0.05456    0.09141    0.1321    0.1736    0.2143    0.2528    0.3228    0.3528    0.3799    0.404    0.4254    0.4443    0.4607    0.475    0.4872    0.4976    0.5063    0.5134    0.5191    0.5235    0.5268    0.5289    0.5302    0.5305    0.53    0.5289    0.5271    0.5247    0.5218    0.5185    0.5148    0.5106    0.5062    0.5014    
RB85    4.065e-05    0.09534    0.2046    0.348    0.5094    0.6782    0.8475    1.013    1.324    1.468    1.603    1.731    1.85    1.962    2.067    2.164    2.256    2.342    2.422    2.497    2.567    2.633    2.694    2.752    2.807    2.858    2.906    2.951    2.993    3.033    3.071    3.107    3.141    3.172    3.203    3.23    
KR86    9.067e-05    0.1786    0.3972    0.6847    1.007    1.344    1.68    2.007    2.618    2.898    3.16    3.404    3.632    3.843    4.04    4.222    4.391    4.547    4.692    4.827    4.952    5.067    5.175    5.274    5.367    5.452    5.532    5.606    5.675    5.739    5.798    5.854    5.905    5.953    5.998    6.038    
SR86    1.381e-10    0.0001426    0.0003544    0.0006303    0.00106    0.00166    0.002434    0.003382    0.005801    0.007243    0.00881    0.01051    0.01233    0.01427    0.01631    0.01845    0.02068    0.023    0.02539    0.02785    0.03037    0.03296    0.0356    0.03829    0.04103    0.04381    0.04662    0.04948    0.05236    0.05528    0.05822    0.06118    0.06417    0.06717    0.0702    0.07323    
RB87    0.0001146    0.2418    0.5262    0.8995    1.318    1.754    2.19    2.614    3.405    3.767    4.106    4.421    4.715    4.988    5.241    5.475    5.692    5.893    6.08    6.252    6.412    6.56    6.696    6.823    6.941    7.05    7.151    7.244    7.331    7.412    7.486    7.556    7.62    7.68    7.736    7.786    
SR88    0.0001585    0.3378    0.7459    1.282    1.884    2.511    3.137    3.747    4.887    5.408    5.897    6.352    6.777    7.171    7.537    7.877    8.191    8.483    8.754    9.005    9.238    9.454    9.654    9.84    10.01    10.17    10.32    10.46    10.59    10.71    10.82    10.92    11.02    11.11    11.19    11.27    
SR89    0.0002198    0.2711    0.3587    0.4617    0.525    0.5527    0.556    0.5439    0.5283    0.4737    0.4393    0.4091    0.3807    0.3537    0.3283    0.3044    0.2822    0.2615    0.2422    0.2244    0.2079    0.1926    0.1785    0.1655    0.1534    0.1423    0.132    0.1225    0.1137    0.1056    0.09807    0.09114    0.08474    0.07882    0.07335    0.06702    
Y89    3.03e-06    0.1462    0.5957    1.199    1.929    2.726    3.545    4.356    5.859    6.591    7.258    7.876    8.449    8.981    9.472    9.926    10.34    10.73    11.09    11.41    11.71    11.99    12.25    12.48    12.7    12.89    13.07    13.24    13.39    13.53    13.66    13.77    13.88    13.98    14.07    14.15    
SR90    0.0002705    0.4788    1.12    1.961    2.9    3.871    4.832    5.759    7.466    8.227    8.929    9.572    10.16    10.69    11.18    11.61    12.01    12.36    12.68    12.96    13.21    13.43    13.62    13.79    13.94    14.07    14.17    14.26    14.33    14.39    14.43    14.47    14.48    14.49    14.49    14.48    
ZR90    1.747e-07    0.001307    0.008011    0.02152    0.04324    0.07383    0.1135    0.162    0.2752    0.3478    0.4273    0.5132    0.605    0.7022    0.8042    0.9107    1.021    1.135    1.253    1.373    1.496    1.621    1.749    1.878    2.009    2.141    2.275    2.409    2.544    2.681    2.817    2.955    3.092    3.23    3.368    3.507    
Y91    0.000191    0.33    0.4861    0.6407    0.7376    0.7831    0.7924    0.7787    0.7643    0.6874    0.6374    0.5944    0.5543    0.5163    0.4805    0.4469    0.4156    0.3863    0.3592    0.334    0.3107    0.2891    0.2692    0.2507    0.2336    0.2178    0.2033    0.1898    0.1773    0.1658    0.1551    0.1452    0.1361    0.1277    0.1199    0.1114    
ZR91    1.988e-06    0.1514    0.6636    1.388    2.28    3.264    4.283    5.299    7.18    8.11    8.958    9.745    10.48    11.16    11.79    12.37    12.91    13.41    13.87    14.3    14.7    15.06    15.4    15.71    16    16.27    16.51    16.74    16.95    17.15    17.33    17.49    17.65    17.79    17.92    18.04    
ZR92    0.0002532    0.4987    1.192    2.106    3.134    4.208    5.282    6.329    8.289    9.189    10.03    10.82    11.56    12.25    12.88    13.48    14.03    14.55    15.03    15.47    15.89    16.27    16.63    16.97    17.28    17.58    17.85    18.11    18.35    18.58    18.79    18.99    19.17    19.35    19.51    19.67    
ZR93    0.0002128    0.5387    1.288    2.273    3.375    4.519    5.657    6.758    8.794    9.715    10.57    11.36    12.09    12.76    13.37    13.93    14.44    14.91    15.34    15.72    16.08    16.39    16.68    16.94    17.18    17.39    17.58    17.74    17.89    18.03    18.14    18.24    18.33    18.41    18.47    18.52    
ZR94    0.0003062    0.5262    1.266    2.247    3.354    4.513    5.678    6.819    8.971    9.968    10.91    11.8    12.63    13.41    14.15    14.84    15.49    16.1    16.68    17.22    17.73    18.21    18.67    19.1    19.51    19.89    20.26    20.61    20.95    21.26    21.57    21.86    22.14    22.4    22.66    22.91    
ZR95    0.000314    0.3686    0.581    0.7795    0.9044    0.9644    0.9784    0.9625    0.9454    0.8513    0.7878    0.7334    0.6828    0.6352    0.5902    0.5481    0.5089    0.4723    0.4384    0.407    0.3779    0.3511    0.3262    0.3033    0.2821    0.2625    0.2444    0.2277    0.2123    0.198    0.1848    0.1727    0.1614    0.151    0.1414    0.132    
NB95    3.347e-06    0.09643    0.2448    0.359    0.4408    0.4867    0.5045    0.5032    0.5145    0.4622    0.4236    0.3933    0.3661    0.3406    0.3167    0.2942    0.2732    0.2536    0.2353    0.2185    0.2028    0.1884    0.175    0.1627    0.1513    0.1407    0.131    0.122    0.1137    0.1061    0.09896    0.09241    0.08636    0.08076    0.07559    0.07063    
MO95    4.975e-08    0.05657    0.4467    1.114    1.992    2.993    4.042    5.083    6.911    7.844    8.649    9.357    9.982    10.53    11.01    11.43    11.78    12.09    12.34    12.54    12.7    12.83    12.92    12.98    13.01    13.01    12.99    12.95    12.9    12.82    12.73    12.63    12.52    12.39    12.26    12.12    
ZR96    0.0003162    0.5038    1.256    2.25    3.368    4.533    5.697    6.831    8.947    9.915    10.82    11.67    12.45    13.18    13.86    14.49    15.08    15.62    16.12    16.58    17.02    17.42    17.79    18.13    18.45    18.75    19.03    19.28    19.52    19.75    19.95    20.15    20.33    20.5    20.65    20.8    
MO96    1.346e-08    0.0006862    0.007887    0.02982    0.0725    0.1399    0.2338    0.3544    0.6677    0.8595    1.073    1.304    1.552    1.815    2.089    2.374    2.668    2.97    3.278    3.591    3.907    4.227    4.548    4.87    5.193    5.515    5.836    6.155    6.473    6.788    7.1    7.408    7.713    8.015    8.312    8.605    
MO97    0.0001611    0.4719    1.181    2.115    3.162    4.252    5.337    6.391    8.346    9.235    10.06    10.83    11.55    12.2    12.81    13.37    13.89    14.36    14.8    15.2    15.57    15.91    16.23    16.52    16.78    17.02    17.25    17.45    17.64    17.82    17.98    18.12    18.26    18.38    18.5    18.6    
MO98    0.0002988    0.4713    1.184    2.128    3.192    4.305    5.421    6.513    8.563    9.509    10.4    11.24    12.02    12.75    13.44    14.08    14.68    15.25    15.77    16.27    16.73    17.17    17.58    17.97    18.34    18.68    19.01    19.31    19.61    19.88    20.15    20.4    20.64    20.87    21.09    21.3    
MO99    0.000246    0.03411    0.03521    0.04195    0.04508    0.04587    0.0452    0.04366    0.03933    0.03695    0.03458    0.03227    0.03007    0.02799    0.02604    0.02423    0.02253    0.02097    0.01951    0.01817    0.01693    0.01579    0.01473    0.01375    0.01285    0.01202    0.01125    0.01054    0.009884    0.009278    0.008718    0.0082    0.007722    0.007279    0.00687    0.006519    
TC99    6.068e-05    0.4538    1.17    2.082    3.079    4.082    5.043    5.936    7.468    8.101    8.648    9.115    9.505    9.826    10.08    10.28    10.43    10.53    10.59    10.61    10.6    10.56    10.5    10.41    10.3    10.17    10.03    9.882    9.719    9.548    9.369    9.184    8.995    8.802    8.607    8.411    
MO100    0.0003291    0.4762    1.254    2.284    3.442    4.65    5.857    7.033    9.226    10.23    11.17    12.05    12.86    13.62    14.32    14.98    15.58    16.14    16.67    17.15    17.6    18.01    18.4    18.76    19.1    19.41    19.7    19.97    20.22    20.45    20.67    20.88    21.07    21.25    21.41    21.57    
RU100    2.174e-08    0.006949    0.04186    0.1123    0.2241    0.3786    0.5744    0.8088    1.378    1.706    2.055    2.424    2.808    3.205    3.61    4.022    4.438    4.856    5.274    5.69    6.102    6.511    6.913    7.309    7.697    8.076    8.447    8.808    9.16    9.501    9.832    10.15    10.46    10.76    11.05    11.32    
RU101    0.0002646    0.3739    0.9988    1.823    2.747    3.703    4.653    5.571    7.266    8.032    8.743    9.4    10.01    10.57    11.08    11.55    11.99    12.38    12.75    13.09    13.4    13.68    13.94    14.19    14.41    14.61    14.8    14.98    15.14    15.29    15.43    15.56    15.68    15.79    15.89    15.99    
RU102    0.0002239    0.3074    0.8418    1.555    2.363    3.213    4.069    4.911    6.51    7.255    7.963    8.633    9.267    9.866    10.43    10.97    11.48    11.96    12.41    12.85    13.26    13.65    14.03    14.39    14.73    15.06    15.38    15.68    15.97    16.25    16.53    16.79    17.04    17.29    17.53    17.77    
RU103    0.0001663    0.1327    0.2139    0.2799    0.3163    0.3314    0.3327    0.3255    0.3144    0.2845    0.2666    0.2504    0.235    0.2204    0.2068    0.194    0.1822    0.1712    0.1612    0.1518    0.1433    0.1354    0.1281    0.1214    0.1153    0.1096    0.1044    0.09964    0.09522    0.09115    0.08739    0.08393    0.08073    0.07778    0.07506    0.074    
RH103    2.896e-06    0.08687    0.3412    0.6583    0.9802    1.264    1.491    1.658    1.823    1.858    1.848    1.813    1.761    1.698    1.627    1.553    1.476    1.4    1.326    1.254    1.186    1.12    1.059    1.001    0.9475    0.8972    0.8505    0.8071    0.7669    0.7297    0.6953    0.6634    0.634    0.6068    0.5817    0.56    
RU104    9.995e-05    0.1361    0.3752    0.6929    1.051    1.425    1.799    2.163    2.845    3.158    3.452    3.726    3.983    4.222    4.445    4.653    4.848    5.03    5.2    5.359    5.508    5.648    5.779    5.903    6.02    6.13    6.234    6.332    6.425    6.513    6.597    6.677    6.753    6.825    6.894    6.963    
PD104    6.136e-09    0.006916    0.06907    0.2149    0.4535    0.7786    1.176    1.627    2.619    3.143    3.668    4.185    4.688    5.174    5.64    6.085    6.507    6.906    7.284    7.64    7.976    8.292    8.59    8.87    9.134    9.382    9.617    9.838    10.05    10.25    10.43    10.61    10.78    10.94    11.09    11.24    
PD105    1.548e-05    0.04853    0.1383    0.2558    0.3864    0.5206    0.6527    0.7791    1.008    1.11    1.203    1.289    1.367    1.438    1.503    1.562    1.615    1.663    1.707    1.747    1.783    1.816    1.846    1.873    1.897    1.92    1.94    1.958    1.975    1.989    2.003    2.015    2.026    2.035    2.044    2.054    
RU106    2.221e-05    0.03002    0.07219    0.1213    0.1684    0.209    0.2415    0.2656    0.3009    0.3038    0.3027    0.2986    0.2924    0.2848    0.2762    0.2671    0.2578    0.2487    0.2398    0.2313    0.2233    0.2157    0.2087    0.2023    0.1963    0.1908    0.1858    0.1812    0.1769    0.173    0.1694    0.1661    0.1631    0.1602    0.1575    0.1573    
PD106    7.232e-06    0.0252    0.07948    0.1602    0.2618    0.3792    0.5081    0.645    0.9242    1.072    1.219    1.364    1.507    1.648    1.786    1.921    2.052    2.182    2.308    2.431    2.553    2.671    2.788    2.902    3.015    3.125    3.235    3.342    3.448    3.553    3.657    3.76    3.861    3.961    4.061    4.161    
PD107    9.702e-06    0.01426    0.03704    0.06695    0.1003    0.1347    0.1687    0.2015    0.2622    0.2898    0.3157    0.34    0.3628    0.3844    0.4049    0.4245    0.4432    0.4613    0.4787    0.4957    0.5122    0.5283    0.5441    0.5597    0.575    0.59    0.6049    0.6196    0.634    0.6483    0.6624    0.6763    0.69    0.7036    0.7169    0.7318    
PD108    4.467e-06    0.007003    0.01771    0.03196    0.0481    0.06509    0.08226    0.09925    0.132    0.1476    0.1628    0.1775    0.192    0.2061    0.2201    0.2338    0.2475    0.2611    0.2747    0.2883    0.3019    0.3156    0.3292    0.343    0.3567    0.3705    0.3843    0.3981    0.4119    0.4257    0.4395    0.4532    0.4669    0.4805    0.494    0.5087    
AG109    1.213e-06    0.003757    0.007832    0.01285    0.01805    0.02303    0.02757    0.03163    0.0384    0.04124    0.04382    0.04621    0.04849    0.05069    0.05287    0.05506    0.05728    0.05955    0.06187    0.06424    0.06667    0.06915    0.07168    0.07424    0.07684    0.07945    0.08207    0.08469    0.0873    0.0899    0.09247    0.09501    0.09752    0.09999    0.1024    0.1056    
PD110    1.496e-06    0.002622    0.006199    0.01092    0.01623    0.02178    0.02735    0.03281    0.04321    0.04812    0.05284    0.0574    0.06182    0.06614    0.07037    0.07453    0.07865    0.08275    0.08684    0.09093    0.09504    0.09916    0.1033    0.1075    0.1117    0.1159    0.1202    0.1245    0.1288    0.1332    0.1376    0.142    0.1464    0.1508    0.1553    0.1601    
CD110    2.027e-09    0.0002626    0.001374    0.003381    0.006377    0.01034    0.01519    0.02081    0.03396    0.04132    0.0491    0.05724    0.06571    0.07449    0.08355    0.09289    0.1025    0.1124    0.1226    0.1331    0.1439    0.155    0.1664    0.1781    0.1902    0.2025    0.2152    0.2282    0.2414    0.255    0.2688    0.283    0.2973    0.312    0.3269    0.342    
CD111    1.093e-07    0.001913    0.004963    0.008786    0.01305    0.01744    0.02179    0.026    0.03385    0.03747    0.04091    0.04419    0.04735    0.0504    0.05338    0.0563    0.05919    0.06207    0.06495    0.06786    0.0708    0.0738    0.07685    0.07997    0.08317    0.08645    0.08982    0.09328    0.09684    0.1005    0.1043    0.1081    0.1121    0.1162    0.1204    0.1248    
CD112    4.251e-07    0.001532    0.00374    0.006714    0.01017    0.01389    0.01776    0.02169    0.02956    0.03345    0.0373    0.0411    0.04488    0.04862    0.05234    0.05604    0.05974    0.06344    0.06716    0.07089    0.07466    0.07846    0.0823    0.08619    0.09014    0.09415    0.09823    0.1024    0.1066    0.1109    0.1153    0.1199    0.1245    0.1292    0.134    0.139    
CD114    1.021e-06    0.002734    0.006613    0.01171    0.01745    0.02343    0.02943    0.03528    0.04627    0.05134    0.05612    0.06063    0.06487    0.06886    0.07262    0.07618    0.07954    0.08273    0.08576    0.08865    0.09141    0.09405    0.09658    0.09903    0.1014    0.1037    0.1059    0.108    0.1101    0.1121    0.1141    0.1161    0.118    0.1199    0.1217    0.1236    
CD116    7.618e-07    0.001338    0.003163    0.00557    0.008276    0.0111    0.01391    0.01666    0.0218    0.02415    0.02636    0.02843    0.03036    0.03216    0.03384    0.03541    0.03688    0.03825    0.03953    0.04073    0.04185    0.04291    0.0439    0.04483    0.04571    0.04654    0.04732    0.04806    0.04876    0.04943    0.05006    0.05066    0.05123    0.05177    0.05229    0.0528    
SN116    8.864e-10    0.0002433    0.001198    0.002714    0.004706    0.007024    0.009529    0.01211    0.01718    0.01961    0.02193    0.02412    0.0262    0.02816    0.03001    0.03175    0.03339    0.03494    0.03641    0.03779    0.0391    0.04034    0.04153    0.04265    0.04372    0.04475    0.04573    0.04667    0.04757    0.04844    0.04928    0.05008    0.05086    0.05162    0.05235    0.05306    
SN117    6.918e-07    0.001273    0.00309    0.005483    0.008168    0.01096    0.01374    0.01645    0.02148    0.02377    0.02591    0.02791    0.02976    0.03148    0.03308    0.03456    0.03593    0.03721    0.03839    0.03949    0.04051    0.04145    0.04233    0.04315    0.04392    0.04463    0.0453    0.04592    0.0465    0.04704    0.04755    0.04803    0.04848    0.0489    0.04929    0.04968    
SN118    8.474e-07    0.001413    0.003472    0.006198    0.00927    0.01248    0.0157    0.01886    0.02478    0.02752    0.0301    0.03253    0.03481    0.03695    0.03896    0.04085    0.04262    0.04429    0.04587    0.04735    0.04875    0.05008    0.05133    0.05252    0.05365    0.05473    0.05576    0.05674    0.05768    0.05857    0.05943    0.06026    0.06105    0.06182    0.06256    0.06329    
SN119    7.955e-07    0.001359    0.003273    0.005799    0.008638    0.0116    0.01455    0.01743    0.02278    0.02523    0.02753    0.02967    0.03165    0.0335    0.03522    0.03681    0.03829    0.03966    0.04094    0.04212    0.04322    0.04425    0.0452    0.04609    0.04692    0.0477    0.04842    0.0491    0.04973    0.05033    0.05088    0.0514    0.05189    0.05235    0.05279    0.05321    
SN120    8.564e-07    0.001494    0.003547    0.006262    0.00932    0.01252    0.01572    0.01885    0.02474    0.02746    0.03002    0.03243    0.0347    0.03682    0.03881    0.04069    0.04245    0.0441    0.04566    0.04714    0.04853    0.04984    0.05108    0.05227    0.05339    0.05446    0.05547    0.05645    0.05738    0.05827    0.05912    0.05994    0.06073    0.06149    0.06222    0.06294    
SB121    3.858e-07    0.00158    0.003773    0.006617    0.009771    0.01301    0.01618    0.01921    0.02468    0.02708    0.02926    0.03123    0.03299    0.03457    0.03597    0.03721    0.03829    0.03925    0.04007    0.04078    0.04138    0.04189    0.04231    0.04265    0.04292    0.04312    0.04326    0.04334    0.04338    0.04337    0.04332    0.04323    0.04311    0.04296    0.04278    0.04259    
SN122    9.734e-07    0.002036    0.004392    0.007486    0.01096    0.01457    0.01819    0.02171    0.0283    0.03132    0.03416    0.03681    0.03929    0.0416    0.04376    0.04578    0.04766    0.04941    0.05105    0.05259    0.05403    0.05537    0.05664    0.05783    0.05894    0.06    0.06099    0.06192    0.06281    0.06365    0.06444    0.06519    0.06591    0.06659    0.06723    0.06786    
SB123    8.815e-07    0.002225    0.004789    0.008195    0.01209    0.01621    0.02036    0.02441    0.03181    0.03525    0.03841    0.04129    0.04392    0.04631    0.04847    0.05042    0.05218    0.05375    0.05517    0.05643    0.05755    0.05854    0.05941    0.06018    0.06084    0.06141    0.0619    0.06232    0.06266    0.06294    0.06316    0.06332    0.06344    0.06351    0.06353    0.06353    
SN124    1.61e-06    0.00417    0.008133    0.0133    0.01907    0.02508    0.03107    0.03689    0.04776    0.05273    0.05739    0.06174    0.06578    0.06955    0.07306    0.07631    0.07934    0.08216    0.08478    0.08723    0.0895    0.09162    0.0936    0.09545    0.09718    0.0988    0.1003    0.1017    0.1031    0.1043    0.1055    0.1066    0.1076    0.1086    0.1095    0.1104    
SB125    1.305e-06    0.00712    0.01223    0.0181    0.02431    0.03032    0.03584    0.0407    0.04889    0.05161    0.05372    0.05526    0.05631    0.05692    0.05715    0.05705    0.05668    0.05608    0.05529    0.05434    0.05326    0.05208    0.05083    0.04952    0.04817    0.0468    0.04541    0.04402    0.04264    0.04128    0.03993    0.03861    0.03732    0.03607    0.03485    0.03367    
TE125    7.192e-10    0.000144    0.0008374    0.001971    0.003592    0.005711    0.008302    0.01132    0.01785    0.02185    0.02606    0.03042    0.03488    0.03941    0.04397    0.04854    0.05307    0.05757    0.062    0.06635    0.07062    0.07479    0.07885    0.08281    0.08665    0.09037    0.09398    0.09747    0.1008    0.1041    0.1072    0.1103    0.1132    0.116    0.1187    0.1213    
SN126    4.114e-06    0.015    0.02551    0.03901    0.05406    0.06967    0.08523    0.1004    0.1286    0.1416    0.1538    0.1651    0.1757    0.1856    0.1949    0.2035    0.2115    0.219    0.2261    0.2326    0.2388    0.2445    0.25    0.255    0.2598    0.2643    0.2686    0.2726    0.2764    0.28    0.2834    0.2866    0.2897    0.2926    0.2954    0.298    
I127    7.745e-07    0.03517    0.06203    0.09187    0.1248    0.1586    0.1921    0.2243    0.2825    0.3088    0.3327    0.3543    0.3739    0.3915    0.4073    0.4214    0.434    0.4451    0.4549    0.4636    0.4711    0.4776    0.4832    0.488    0.492    0.4953    0.498    0.5001    0.5016    0.5027    0.5034    0.5036    0.5034    0.503    0.5022    0.501    
TE128    2.399e-05    0.06973    0.1315    0.2116    0.3012    0.3944    0.4874    0.578    0.7473    0.8249    0.8976    0.9657    1.029    1.088    1.144    1.195    1.243    1.287    1.329    1.368    1.404    1.438    1.47    1.5    1.528    1.554    1.578    1.602    1.623    1.644    1.663    1.682    1.699    1.715    1.731    1.746    
XE128    9.387e-10    0.0001992    0.0009813    0.002188    0.003882    0.00609    0.008811    0.01203    0.01983    0.02434    0.02922    0.03442    0.03991    0.04566    0.05163    0.05781    0.06415    0.07064    0.07725    0.08397    0.09078    0.09766    0.1046    0.1116    0.1186    0.1256    0.1326    0.1396    0.1466    0.1536    0.1606    0.1675    0.1744    0.1812    0.188    0.1947    
I129    3.525e-05    0.1085    0.216    0.3464    0.4872    0.6272    0.7596    0.8805    1.082    1.162    1.229    1.284    1.327    1.36    1.385    1.401    1.41    1.412    1.409    1.401    1.389    1.374    1.355    1.334    1.311    1.286    1.259    1.232    1.203    1.174    1.145    1.115    1.085    1.055    1.025    0.9956    
TE130    9.961e-05    0.2095    0.4515    0.7692    1.126    1.497    1.867    2.228    2.901    3.209    3.498    3.768    4.019    4.253    4.47    4.672    4.86    5.035    5.197    5.348    5.489    5.62    5.742    5.856    5.962    6.062    6.155    6.242    6.323    6.4    6.471    6.539    6.602    6.662    6.718    6.771    
XE130    2.201e-08    0.002383    0.0117    0.02782    0.05169    0.08349    0.1229    0.1692    0.2795    0.3418    0.4078    0.4768    0.5479    0.6205    0.6942    0.7684    0.8426    0.9165    0.9897    1.062    1.133    1.203    1.271    1.337    1.401    1.464    1.524    1.583    1.639    1.693    1.745    1.794    1.842    1.888    1.931    1.972    
I131    0.0001631    0.07394    0.06512    0.07728    0.08293    0.08432    0.08304    0.08017    0.07218    0.06779    0.06343    0.0592    0.05516    0.05134    0.04776    0.04443    0.04133    0.03846    0.0358    0.03335    0.03108    0.02899    0.02705    0.02527    0.02362    0.0221    0.0207    0.0194    0.0182    0.01709    0.01607    0.01512    0.01424    0.01343    0.01268    0.01201    
XE131    1.405e-05    0.3019    0.7115    1.171    1.634    2.054    2.411    2.697    3.063    3.157    3.201    3.205    3.175    3.119    3.043    2.951    2.848    2.738    2.623    2.506    2.389    2.272    2.158    2.048    1.941    1.838    1.74    1.646    1.558    1.474    1.395    1.321    1.251    1.186    1.125    1.068    
TE132    0.0002398    0.04212    0.03961    0.04712    0.0506    0.05146    0.05068    0.04892    0.04395    0.04132    0.03864    0.03604    0.03356    0.03121    0.02901    0.02696    0.02506    0.02329    0.02166    0.02015    0.01875    0.01746    0.01627    0.01517    0.01416    0.01322    0.01236    0.01156    0.01082    0.01014    0.009505    0.008922    0.008382    0.007882    0.00742    0.007016    
XE132    5.308e-05    0.5126    1.322    2.419    3.712    5.126    6.604    8.107    11.08    12.52    13.91    15.25    16.53    17.75    18.91    20    21.04    22.02    22.94    23.8    24.62    25.39    26.11    26.78    27.41    28.01    28.57    29.09    29.58    30.04    30.47    30.88    31.26    31.62    31.96    32.28    
I133    0.0002405    0.01667    0.01674    0.01993    0.0214    0.02177    0.02144    0.02069    0.01861    0.01747    0.01633    0.01523    0.01417    0.01318    0.01224    0.01137    0.01056    0.00981    0.009115    0.008471    0.007877    0.007328    0.006821    0.006352    0.00592    0.005521    0.005152    0.004811    0.004496    0.004206    0.003937    0.003688    0.003458    0.003245    0.003048    0.002876    
XE133    0.0001971    0.09925    0.09939    0.1184    0.1272    0.1294    0.1275    0.1232    0.111    0.1043    0.09764    0.09116    0.08498    0.07914    0.07367    0.06856    0.06381    0.05941    0.05533    0.05157    0.04808    0.04487    0.0419    0.03916    0.03663    0.0343    0.03214    0.03015    0.02831    0.02661    0.02504    0.02359    0.02224    0.021    0.01985    0.01885    
CS133    2.194e-05    0.662    1.721    3.032    4.447    5.848    7.166    8.363    10.33    11.1    11.74    12.25    12.65    12.95    13.16    13.28    13.33    13.32    13.26    13.14    12.99    12.8    12.59    12.35    12.09    11.81    11.52    11.22    10.92    10.61    10.3    9.987    9.676    9.367    9.061    8.76    
XE134    0.0005235    0.8286    2.127    3.844    5.777    7.791    9.804    11.76    15.42    17.1    18.67    20.13    21.49    22.75    23.93    25.02    26.03    26.97    27.84    28.64    29.39    30.09    30.74    31.34    31.9    32.42    32.9    33.35    33.77    34.16    34.53    34.87    35.19    35.48    35.76    36.02    
CS134    1.145e-08    0.01361    0.07593    0.1832    0.3308    0.5077    0.7015    0.9013    1.298    1.466    1.619    1.754    1.87    1.968    2.048    2.111    2.159    2.192    2.213    2.222    2.221    2.211    2.193    2.169    2.138    2.103    2.064    2.021    1.976    1.929    1.879    1.829    1.778    1.726    1.674    1.623    
BA134    9.032e-12    0.0003302    0.004392    0.01731    0.04382    0.08776    0.1517    0.2368    0.4521    0.5998    0.7644    0.9441    1.137    1.341    1.553    1.773    1.998    2.227    2.457    2.688    2.919    3.148    3.375    3.598    3.818    4.032    4.242    4.447    4.646    4.839    5.025    5.206    5.38    5.548    5.709    5.864    
CS135    1.719e-05    0.03381    0.09638    0.1959    0.3368    0.5224    0.7548    1.034    1.725    2.134    2.575    3.043    3.534    4.042    4.563    5.091    5.624    6.156    6.685    7.207    7.721    8.223    8.713    9.187    9.646    10.09    10.51    10.92    11.3    11.67    12.02    12.35    12.66    12.95    13.22    13.47    
BA135    2.486e-11    1.933e-06    1.118e-05    5.935e-05    0.0001983    0.0004984    0.001043    0.001923    0.004965    0.007306    0.01032    0.01408    0.01863    0.02402    0.03027    0.03742    0.04547    0.05444    0.06432    0.07511    0.08679    0.09935    0.1128    0.127    0.1421    0.1579    0.1745    0.1918    0.2098    0.2284    0.2476    0.2674    0.2877    0.3085    0.3298    0.3515    
XE136    0.0008441    1.501    3.653    6.495    9.691    13.02    16.35    19.59    25.66    28.43    31.03    33.46    35.72    37.83    39.78    41.6    43.29    44.86    46.31    47.67    48.93    50.1    51.19    52.21    53.16    54.04    54.87    55.64    56.36    57.04    57.67    58.26    58.82    59.34    59.83    60.3    
BA136    2.244e-08    0.004444    0.008126    0.01175    0.0172    0.02503    0.03586    0.05037    0.09401    0.1238    0.1595    0.202    0.2515    0.3085    0.3732    0.4458    0.5263    0.6149    0.7115    0.816    0.9285    1.049    1.176    1.311    1.454    1.603    1.759    1.921    2.089    2.263    2.443    2.628    2.818    3.013    3.212    3.415    
CS137    0.0004378    0.7534    1.792    3.156    4.682    6.261    7.828    9.343    12.14    13.4    14.56    15.63    16.61    17.51    18.33    19.08    19.76    20.37    20.93    21.44    21.89    22.3    22.67    23    23.29    23.55    23.78    23.98    24.16    24.31    24.44    24.55    24.64    24.72    24.78    24.82    
BA137    6.365e-08    0.002399    0.01126    0.02906    0.05764    0.09776    0.1495    0.2126    0.3569    0.4503    0.5523    0.662    0.7788    0.9019    1.031    1.165    1.303    1.446    1.591    1.74    1.892    2.046    2.202    2.36    2.518    2.678    2.839    3    3.162    3.324    3.486    3.648    3.81    3.971    4.132    4.292    
BA138    0.0004855    0.7683    1.938    3.485    5.224    7.038    8.85    10.62    13.91    15.42    16.84    18.16    19.39    20.53    21.59    22.58    23.5    24.35    25.14    25.88    26.57    27.2    27.8    28.35    28.87    29.35    29.81    30.23    30.62    31    31.35    31.67    31.98    32.28    32.55    32.81    
LA139    0.0004556    0.7685    1.872    3.319    4.932    6.594    8.236    9.813    12.69    13.97    15.14    16.21    17.18    18.06    18.85    19.56    20.19    20.76    21.25    21.69    22.08    22.41    22.7    22.95    23.15    23.33    23.46    23.57    23.65    23.71    23.75    23.76    23.75    23.73    23.69    23.63    
BA140    0.0004321    0.2163    0.2266    0.2781    0.3031    0.3107    0.3074    0.2976    0.2673    0.2523    0.236    0.2201    0.2049    0.1905    0.177    0.1643    0.1526    0.1416    0.1315    0.1222    0.1135    0.1055    0.09816    0.09135    0.08505    0.07924    0.07387    0.06892    0.06433    0.0601    0.05619    0.05257    0.04923    0.04613    0.04327    0.0405    
LA140    1.819e-05    0.02865    0.03032    0.03752    0.04129    0.0428    0.04289    0.04209    0.039    0.03744    0.03567    0.03392    0.03222    0.0306    0.02907    0.02764    0.02629    0.02503    0.02386    0.02277    0.02176    0.02081    0.01993    0.01912    0.01836    0.01765    0.01699    0.01637    0.01579    0.01526    0.01475    0.01428    0.01384    0.01343    0.01304    0.01266    
CE140    6.053e-06    0.5517    1.672    3.116    4.791    6.574    8.388    10.18    13.63    15.24    16.77    18.23    19.62    20.93    22.17    23.35    24.47    25.53    26.54    27.5    28.42    29.29    30.13    30.92    31.69    32.42    33.12    33.79    34.44    35.06    35.67    36.25    36.81    37.35    37.87    38.38    
CE141    0.000389    0.3993    0.4834    0.6109    0.6811    0.7077    0.7063    0.6879    0.6524    0.5915    0.553    0.5169    0.4823    0.4494    0.4185    0.3897    0.3628    0.3378    0.3147    0.2933    0.2735    0.2553    0.2384    0.2228    0.2085    0.1952    0.183    0.1717    0.1613    0.1517    0.1428    0.1346    0.127    0.12    0.1135    0.1071    
PR141    8.347e-06    0.3492    1.273    2.458    3.841    5.304    6.763    8.171    10.7    11.85    12.88    13.8    14.63    15.36    16.01    16.58    17.07    17.5    17.87    18.18    18.43    18.64    18.81    18.94    19.03    19.09    19.12    19.12    19.1    19.06    18.99    18.91    18.82    18.71    18.58    18.45    
CE142    0.0004243    0.7693    1.833    3.234    4.809    6.449    8.086    9.678    12.65    14    15.27    16.45    17.54    18.56    19.5    20.37    21.17    21.91    22.6    23.24    23.82    24.37    24.87    25.33    25.76    26.16    26.52    26.86    27.18    27.47    27.73    27.98    28.21    28.42    28.62    28.8    
ND142    4.702e-10    0.00202    0.01916    0.05754    0.1218    0.2139    0.3337    0.48    0.8411    1.053    1.281    1.523    1.777    2.04    2.311    2.588    2.868    3.15    3.434    3.717    3.998    4.277    4.553    4.825    5.092    5.354    5.61    5.86    6.103    6.34    6.569    6.791    7.005    7.212    7.412    7.603    
CE143    0.0002831    0.0261    0.0252    0.03    0.03224    0.03282    0.03236    0.03128    0.02824    0.02655    0.02487    0.02324    0.02168    0.0202    0.01882    0.01753    0.01633    0.01521    0.01418    0.01322    0.01233    0.01152    0.01076    0.01006    0.009421    0.008826    0.008276    0.007769    0.0073    0.006866    0.006466    0.006096    0.005753    0.005437    0.005144    0.004853    
PR143    0.0001525    0.2098    0.2244    0.276    0.3012    0.3093    0.3065    0.2973    0.2717    0.2534    0.2376    0.2221    0.2072    0.1932    0.18    0.1676    0.1561    0.1454    0.1355    0.1264    0.1179    0.1101    0.1029    0.09618    0.09001    0.08432    0.07906    0.0742    0.06971    0.06556    0.06172    0.05818    0.0549    0.05187    0.04907    0.04628    
ND143    6.277e-06    0.437    1.11    1.779    2.365    2.809    3.104    3.269    3.3    3.235    3.13    3.002    2.861    2.715    2.57    2.429    2.295    2.168    2.049    1.939    1.837    1.744    1.658    1.58    1.508    1.443    1.384    1.33    1.281    1.236    1.195    1.159    1.126    1.095    1.068    1.043    
CE144    0.0004085    0.5845    1.305    2.117    2.863    3.471    3.923    4.225    4.622    4.556    4.437    4.278    4.092    3.891    3.68    3.467    3.256    3.051    2.852    2.663    2.483    2.313    2.154    2.005    1.865    1.735    1.615    1.503    1.399    1.302    1.213    1.13    1.054    0.9826    0.917    0.8557    
ND144    1.248e-06    0.1251    0.7593    1.915    3.581    5.668    8.063    10.66    16    18.74    21.39    23.93    26.35    28.63    30.78    32.79    34.66    36.4    38.03    39.53    40.93    42.22    43.42    44.53    45.56    46.51    47.39    48.21    48.97    49.68    50.34    50.95    51.51    52.04    52.54    53    
ND145    0.0002611    0.4505    1.108    1.946    2.85    3.748    4.597    5.377    6.691    7.224    7.679    8.062    8.379    8.636    8.84    8.996    9.11    9.186    9.231    9.247    9.238    9.208    9.161    9.098    9.022    8.935    8.84    8.738    8.63    8.517    8.402    8.285    8.166    8.047    7.928    7.81    
ND146    0.0002254    0.3638    0.9559    1.774    2.74    3.8    4.918    6.068    8.4    9.56    10.71    11.84    12.95    14.03    15.1    16.14    17.15    18.13    19.1    20.03    20.94    21.82    22.68    23.51    24.32    25.11    25.87    26.61    27.33    28.03    28.71    29.37    30.01    30.63    31.23    31.82    
ND147    0.0001639    0.06553    0.07477    0.09174    0.1001    0.1028    0.1021    0.0992    0.08981    0.08549    0.08054    0.07572    0.07111    0.06676    0.06269    0.0589    0.05539    0.05216    0.04917    0.04643    0.0439    0.04159    0.03946    0.03751    0.03573    0.03409    0.03259    0.03122    0.02996    0.02881    0.02775    0.02679    0.02591    0.0251    0.02437    0.02374    
PM147    1.04e-05    0.1649    0.3997    0.627    0.8111    0.9382    1.012    1.045    1.028    0.9913    0.9478    0.9002    0.8512    0.8025    0.7554    0.7104    0.668    0.6283    0.5914    0.5572    0.5256    0.4965    0.4697    0.4451    0.4225    0.4018    0.3828    0.3654    0.3494    0.3348    0.3214    0.3091    0.2979    0.2876    0.2783    0.2698    
SM147    5.722e-09    0.003737    0.02557    0.06357    0.1143    0.172    0.2313    0.2882    0.3752    0.4139    0.4449    0.4685    0.4855    0.4965    0.5023    0.5037    0.5013    0.4959    0.488    0.4781    0.4667    0.4541    0.4407    0.4267    0.4125    0.3981    0.3838    0.3697    0.3558    0.3423    0.3292    0.3166    0.3045    0.293    0.282    0.2715    
ND148    0.0001308    0.1975    0.5111    0.9255    1.39    1.873    2.354    2.82    3.684    4.075    4.439    4.776    5.086    5.373    5.636    5.878    6.1    6.303    6.489    6.659    6.815    6.957    7.086    7.204    7.311    7.408    7.496    7.576    7.648    7.713    7.772    7.824    7.871    7.912    7.949    7.982    
PM148    2.565e-08    0.003265    0.007991    0.01258    0.01631    0.01889    0.02041    0.02107    0.02058    0.02002    0.01914    0.01818    0.0172    0.01621    0.01526    0.01435    0.0135    0.01269    0.01195    0.01126    0.01062    0.01003    0.00949    0.008992    0.008535    0.008116    0.007732    0.007379    0.007057    0.006761    0.00649    0.006242    0.006016    0.005808    0.005619    0.005448    
SM148    2.159e-09    0.01369    0.09303    0.24    0.4502    0.7101    1.004    1.319    1.979    2.3    2.613    2.915    3.204    3.48    3.742    3.99    4.225    4.447    4.655    4.852    5.037    5.212    5.375    5.53    5.675    5.811    5.939    6.06    6.174    6.281    6.383    6.478    6.568    6.653    6.734    6.81    
PM149    6.015e-05    0.007848    0.0101    0.01316    0.01518    0.01631    0.01677    0.01674    0.01579    0.01515    0.0144    0.01363    0.01287    0.01214    0.01144    0.01078    0.01016    0.009579    0.009043    0.008546    0.008088    0.007664    0.007274    0.006914    0.006582    0.006277    0.005996    0.005737    0.005498    0.005278    0.005076    0.004889    0.004717    0.004558    0.004412    0.004292    
ND150    5.077e-05    0.07594    0.1958    0.3543    0.5324    0.7176    0.9023    1.082    1.416    1.568    1.71    1.842    1.964    2.078    2.183    2.28    2.369    2.452    2.529    2.599    2.665    2.725    2.781    2.832    2.88    2.924    2.965    3.002    3.037    3.069    3.099    3.127    3.152    3.175    3.197    3.218    
SM150    1.068e-05    0.1251    0.3594    0.6708    1.017    1.363    1.684    1.968    2.416    2.561    2.664    2.731    2.766    2.774    2.761    2.729    2.684    2.628    2.563    2.493    2.419    2.343    2.266    2.189    2.114    2.039    1.967    1.898    1.831    1.767    1.707    1.649    1.594    1.543    1.494    1.449    
SM151    1.143e-05    0.006087    0.008427    0.01219    0.01572    0.0189    0.02165    0.02394    0.02725    0.02822    0.0288    0.02906    0.02907    0.02885    0.02846    0.02793    0.0273    0.02659    0.02582    0.02502    0.0242    0.02338    0.02255    0.02174    0.02095    0.02019    0.01945    0.01874    0.01807    0.01742    0.01681    0.01623    0.01569    0.01517    0.01469    0.01426    
SM152    2.33e-05    0.07436    0.1875    0.3296    0.4824    0.6332    0.7744    0.901    1.104    1.178    1.233    1.272    1.295    1.306    1.306    1.296    1.279    1.255    1.227    1.196    1.161    1.126    1.089    1.052    1.014    0.9777    0.9418    0.9069    0.8732    0.8408    0.8098    0.7803    0.7522    0.7257    0.7005    0.6775    
SM153    9.493e-06    0.001803    0.003243    0.005125    0.007029    0.008842    0.0105    0.01196    0.0142    0.01505    0.01564    0.01603    0.01625    0.01632    0.01626    0.0161    0.01584    0.01552    0.01515    0.01474    0.0143    0.01384    0.01337    0.01291    0.01244    0.01198    0.01153    0.0111    0.01068    0.01028    0.009899    0.009534    0.009187    0.008859    0.00855    0.008272    
EU153    3.647e-06    0.02356    0.07641    0.1508    0.2387    0.3323    0.4253    0.5133    0.6632    0.7233    0.7719    0.8092    0.836    0.8532    0.8619    0.8632    0.8582    0.8481    0.8337    0.816    0.7958    0.7737    0.7503    0.7261    0.7016    0.677    0.6526    0.6286    0.6053    0.5826    0.5609    0.54    0.5201    0.5011    0.4831    0.4663    
SM154    6.124e-06    0.008837    0.02438    0.04548    0.06987    0.09602    0.1229    0.15    0.2029    0.2281    0.2524    0.2756    0.2978    0.3188    0.3387    0.3575    0.3753    0.3919    0.4076    0.4223    0.436    0.4488    0.4608    0.472    0.4824    0.492    0.501    0.5094    0.5171    0.5242    0.5308    0.5369    0.5426    0.5478    0.5525    0.5571    
EU154    1.918e-08    0.003488    0.01773    0.04056    0.06971    0.1024    0.136    0.1687    0.2257    0.2497    0.2694    0.285    0.2967    0.3047    0.3095    0.3113    0.3107    0.3081    0.3037    0.298    0.2911    0.2835    0.2753    0.2668    0.258    0.2491    0.2402    0.2315    0.223    0.2147    0.2066    0.1989    0.1916    0.1845    0.1778    0.1716    
GD154    2.661e-12    2.008e-05    0.0002407    0.0008797    0.002076    0.003889    0.006302    0.009245    0.01554    0.01949    0.02351    0.02749    0.03134    0.03497    0.03832    0.04136    0.04405    0.04638    0.04835    0.04996    0.05122    0.05215    0.05278    0.05312    0.05322    0.05308    0.05274    0.05222    0.05155    0.05076    0.04986    0.04887    0.04782    0.04671    0.04557    0.04441    
EU155    2.608e-06    0.00184    0.006264    0.01373    0.0233    0.03411    0.04531    0.05626    0.0776    0.08365    0.09041    0.09579    0.09986    0.1027    0.1044    0.1052    0.1051    0.1043    0.1029    0.101    0.09881    0.0963    0.09358    0.09074    0.08781    0.08484    0.08189    0.07896    0.0761    0.07331    0.07062    0.06803    0.06555    0.06319    0.06094    0.05884    
EU156    9.07e-07    0.001921    0.00609    0.01358    0.02338    0.03459    0.04635    0.05795    0.08267    0.08733    0.09463    0.1005    0.105    0.1082    0.1102    0.1112    0.1112    0.1105    0.1091    0.1072    0.1049    0.1023    0.09947    0.09648    0.0934    0.09027    0.08714    0.08405    0.08101    0.07806    0.07519    0.07244    0.0698    0.06728    0.06488    0.06266    
GD156    4.438e-08    0.003226    0.02017    0.06475    0.1497    0.2835    0.4704    0.7109    1.444    1.827    2.24    2.68    3.142    3.617    4.102    4.589    5.075    5.555    6.027    6.487    6.933    7.364    7.778    8.176    8.556    8.918    9.262    9.588    9.898    10.19    10.47    10.73    10.97    11.2    11.42    11.63    
GD158    6.031e-07    0.001904    0.006589    0.01624    0.03258    0.05696    0.09028    0.133    0.2705    0.3417    0.4205    0.5068    0.5997    0.6985    0.8025    0.9109    1.023    1.138    1.256    1.377    1.499    1.622    1.746    1.871    1.997    2.123    2.249    2.375    2.501    2.627    2.753    2.878    3.003    3.128    3.252    3.375    
TB159    4.903e-08    0.0001513    0.0003911    0.0007332    0.001176    0.00174    0.00246    0.003379    0.006246    0.008185    0.01049    0.0132    0.01632    0.01989    0.02392    0.0284    0.03335    0.03877    0.04463    0.05095    0.05769    0.06486    0.07244    0.0804    0.08873    0.09742    0.1064    0.1158    0.1254    0.1353    0.1455    0.1559    0.1666    0.1775    0.1885    0.1998    
