TIME    3   100   220   340   460   580   700   820   940   1060   1180   1300   1420   1540   1660   1780   1900   2020   2140   2260   2380   2500   2620   2740   2860   2980   3100   3220   3340   3460   3580   3700   3820   3940   4060   4180   
NEUT_PROD    0.792   0.941   1.57   2.71   4.27   6.11   8.1   10.1   12.1   14.1   15.8   17.5   19   20.3   21.4   22.4   23.3   24   24.6   25.1   25.5   25.8   26   26.2   26.3   26.3   26.3   26.3   26.2   26.1   26   25.9   25.7   25.5   25.3   25.1   
NEUT_DEST    15.2   18.5   20.3   22.8   25.6   28.5   31.3   34.1   36.8   39.2   41.5   43.6   45.4   47.1   48.5   49.7   50.8   51.7   52.4   53   53.5   53.9   54.2   54.3   54.4   54.5   54.4   54.3   54.2   54   53.8   53.5   53.3   53   52.6   52.3   
BUd    0.00839    1.05    1.15    1.37    1.76    2.28    2.89    3.54    4.2    4.85    5.46    6.03    6.55    7.01    7.42    7.78    8.09    8.35    8.57    8.75    8.89    9    9.08    9.14    9.18    9.2    9.2    9.19    9.16    9.12    9.08    9.02    8.96    8.9    8.83    8.75    
U234    1.517e-06    0.0005286    0.003945    0.01221    0.02609    0.04564    0.07043    0.09977    0.1329    0.1689    0.2071    0.2467    0.2871    0.3275    0.3676    0.407    0.4451    0.4819    0.5171    0.5505    0.582    0.6115    0.639    0.6645    0.6879    0.7093    0.7288    0.7464    0.7621    0.7761    0.7883    0.799    0.8082    0.8159    0.8222    0.8273    
U235    0.0001137    0.003113    0.005264    0.007053    0.008959    0.01131    0.01432    0.01808    0.0226    0.02784    0.03371    0.04011    0.04693    0.05405    0.06136    0.06875    0.07613    0.08342    0.09055    0.09747    0.1041    0.1105    0.1165    0.1221    0.1274    0.1323    0.1369    0.1411    0.1449    0.1483    0.1514    0.1542    0.1566    0.1587    0.1605    0.1621    
U236    999.5    984.9    970    955.4    940.9    926.7    912.7    898.9    885.3    872    858.8    845.8    833.1    820.5    808.1    795.9    783.9    772    760.4    748.9    737.6    726.4    715.5    704.7    694    683.6    673.2    663.1    653.1    643.2    633.5    623.9    614.5    605.3    596.1    587.1    
U237    0.3834    1.354    1.334    1.314    1.294    1.274    1.255    1.236    1.217    1.199    1.181    1.163    1.145    1.128    1.111    1.094    1.078    1.062    1.046    1.03    1.014    0.9989    0.9838    0.9689    0.9543    0.9399    0.9257    0.9117    0.898    0.8844    0.8711    0.8579    0.845    0.8322    0.8197    0.8073    
U238    0.003932    0.802    1.6    2.383    3.152    3.908    4.649    5.377    6.092    6.794    7.482    8.158    8.822    9.473    10.11    10.74    11.35    11.96    12.55    13.13    13.7    14.26    14.81    15.35    15.88    16.4    16.9    17.4    17.89    18.37    18.84    19.3    19.75    20.19    20.62    21.05    
NP237    0.06219    11.89    23.27    33.01    41.33    48.39    54.38    59.42    63.65    67.16    70.05    72.4    74.28    75.76    76.88    77.7    78.26    78.58    78.71    78.68    78.49    78.19    77.77    77.27    76.68    76.04    75.33    74.59    73.8    72.98    72.14    71.27    70.4    69.51    68.61    67.7    
NP238    6.726e-05    0.04507    0.08833    0.1254    0.157    0.1839    0.2066    0.2258    0.2419    0.2552    0.2662    0.2752    0.2823    0.2879    0.2922    0.2953    0.2975    0.2987    0.2992    0.2991    0.2984    0.2972    0.2956    0.2937    0.2915    0.289    0.2864    0.2835    0.2805    0.2774    0.2742    0.2709    0.2676    0.2642    0.2608    0.2574    
PU238    1.76e-05    0.6639    2.442    4.847    7.546    10.32    13.01    15.55    17.89    19.99    21.85    23.48    24.88    26.08    27.08    27.92    28.6    29.13    29.55    29.86    30.07    30.19    30.24    30.23    30.17    30.05    29.9    29.71    29.49    29.25    28.98    28.7    28.4    28.08    27.76    27.43    
PU239    7.826e-08    0.06231    0.3728    0.946    1.708    2.576    3.481    4.376    5.227    6.015    6.729    7.366    7.925    8.41    8.824    9.174    9.465    9.703    9.893    10.04    10.15    10.23    10.28    10.3    10.3    10.28    10.25    10.2    10.14    10.07    9.985    9.897    9.803    9.703    9.599    9.492    
PU240    2.308e-10    0.004725    0.05386    0.1986    0.4626    0.8413    1.313    1.85    2.422    3.004    3.577    4.124    4.635    5.104    5.527    5.902    6.231    6.516    6.758    6.962    7.13    7.266    7.373    7.455    7.513    7.552    7.573    7.578    7.57    7.55    7.52    7.482    7.436    7.384    7.326    7.264    
PU241    4.78e-13    0.0003525    0.007049    0.03516    0.09915    0.2058    0.3534    0.535    0.7406    0.9599    1.183    1.404    1.615    1.812    1.994    2.158    2.304    2.432    2.543    2.637    2.717    2.783    2.836    2.878    2.91    2.933    2.949    2.957    2.959    2.956    2.949    2.937    2.922    2.905    2.884    2.862    
PU242    5.504e-16    1.672e-05    0.0006878    0.0054    0.02131    0.05789    0.1247    0.2294    0.3772    0.5701    0.8078    1.087    1.405    1.755    2.132    2.53    2.942    3.365    3.792    4.218    4.641    5.057    5.462    5.854    6.232    6.593    6.938    7.264    7.571    7.86    8.129    8.38    8.612    8.825    9.021    9.199    
AM241    2.771e-17    7.363e-07    2.697e-05    0.0001911    0.0006786    0.001657    0.003208    0.005318    0.007902    0.01083    0.01397    0.01719    0.02037    0.02343    0.02632    0.02897    0.03139    0.03354    0.03543    0.03708    0.03849    0.03968    0.04067    0.04147    0.0421    0.04259    0.04295    0.04318    0.04332    0.04336    0.04333    0.04323    0.04307    0.04286    0.0426    0.04231    
AM243    1.208e-19    1.614e-07    1.326e-05    0.0001582    0.0008433    0.002895    0.007546    0.0163    0.03076    0.05243    0.08259    0.1222    0.1717    0.2315    0.3012    0.3806    0.4687    0.5647    0.6677    0.7763    0.8895    1.006    1.125    1.245    1.365    1.485    1.603    1.718    1.831    1.94    2.046    2.147    2.243    2.335    2.421    2.503    
CM242    1.897e-20    6.946e-08    5.22e-06    5.682e-05    0.0002681    0.0008059    0.001834    0.003463    0.005723    0.00857    0.0119    0.01559    0.01949    0.02347    0.02741    0.0312    0.03479    0.03811    0.04114    0.04385    0.04626    0.04836    0.05016    0.05169    0.05296    0.054    0.05483    0.05547    0.05594    0.05625    0.05643    0.0565    0.05646    0.05634    0.05613    0.05587    
CM244    6.696e-23    4.29e-09    7.17e-07    1.315e-05    9.595e-05    0.0004225    0.001355    0.003495    0.007707    0.01509    0.02694    0.04466    0.06971    0.1035    0.1474    0.2024    0.2697    0.3498    0.4434    0.5506    0.6714    0.8056    0.9527    1.112    1.283    1.465    1.657    1.857    2.064    2.278    2.497    2.72    2.945    3.173    3.401    3.628    
SE80    2.529e-10    0.001805    0.002029    0.002348    0.002839    0.003546    0.004491    0.00568    0.007106    0.008756    0.01062    0.01262    0.01479    0.0171    0.01955    0.02211    0.02476    0.0275    0.0303    0.03315    0.03605    0.03898    0.04194    0.04491    0.04789    0.05088    0.05387    0.05686    0.05984    0.0628    0.06575    0.06869    0.07161    0.0745    0.07738    0.08023    
BR81    4.342e-10    0.003102    0.003443    0.003923    0.004663    0.005731    0.007156    0.008944    0.01108    0.01355    0.01631    0.01921    0.02235    0.02568    0.02917    0.0328    0.03654    0.04036    0.04425    0.04817    0.05212    0.05608    0.06003    0.06396    0.06787    0.07175    0.07558    0.07936    0.08308    0.08675    0.09035    0.09389    0.09736    0.1008    0.1041    0.1074    
SE82    6.998e-10    0.004984    0.005558    0.006304    0.007389    0.008906    0.0109    0.01339    0.01637    0.0198    0.02366    0.02759    0.03187    0.03644    0.04129    0.04636    0.05163    0.05706    0.06264    0.06832    0.0741    0.07994    0.08584    0.09177    0.09772    0.1037    0.1096    0.1156    0.1215    0.1274    0.1333    0.1392    0.145    0.1507    0.1564    0.1621    
KR83    1.034e-09    0.007332    0.006344    0.005794    0.00583    0.006431    0.007521    0.008998    0.01076    0.0127    0.01474    0.01629    0.01793    0.01958    0.02119    0.02273    0.02417    0.0255    0.02671    0.02779    0.02875    0.02959    0.03032    0.03095    0.03148    0.03193    0.03229    0.03259    0.03282    0.03299    0.03312    0.0332    0.03324    0.03325    0.03323    0.03319    
KR84    2.183e-09    0.01647    0.0202    0.02408    0.02875    0.03461    0.04195    0.05093    0.06162    0.07405    0.08817    0.1025    0.1182    0.1351    0.1533    0.1724    0.1925    0.2135    0.2351    0.2574    0.2802    0.3035    0.3271    0.351    0.3751    0.3994    0.4238    0.4482    0.4727    0.4972    0.5216    0.546    0.5703    0.5944    0.6185    0.6423    
KR85    5.345e-10    0.004159    0.00455    0.005014    0.005688    0.006629    0.007864    0.009394    0.01121    0.01328    0.01559    0.01776    0.02009    0.02258    0.02518    0.02788    0.03065    0.03347    0.03632    0.03919    0.04205    0.04491    0.04774    0.05053    0.05329    0.056    0.05865    0.06124    0.06378    0.06624    0.06864    0.07097    0.07323    0.07542    0.07754    0.07959    
RB85    1.98e-09    0.01554    0.01741    0.01957    0.02253    0.02652    0.03166    0.03798    0.04548    0.0541    0.06377    0.07304    0.08313    0.09398    0.1055    0.1176    0.1302    0.1433    0.1567    0.1704    0.1844    0.1987    0.2131    0.2276    0.2423    0.257    0.2717    0.2865    0.3013    0.3161    0.3309    0.3456    0.3603    0.3749    0.3894    0.4039    
KR86    4.415e-09    0.03156    0.03501    0.03907    0.04458    0.05196    0.06143    0.07306    0.08682    0.1026    0.1203    0.1367    0.1545    0.1738    0.1941    0.2155    0.2378    0.2608    0.2844    0.3086    0.3332    0.358    0.3832    0.4085    0.4339    0.4594    0.4849    0.5104    0.5358    0.5612    0.5864    0.6115    0.6364    0.6611    0.6857    0.7101    
RB87    5.579e-09    0.04089    0.04538    0.05058    0.05759    0.06696    0.07895    0.09364    0.111    0.1309    0.1531    0.1735    0.1958    0.2197    0.2451    0.2717    0.2994    0.328    0.3574    0.3874    0.4179    0.4488    0.48    0.5114    0.5429    0.5745    0.6061    0.6377    0.6692    0.7006    0.7318    0.7628    0.7936    0.8242    0.8546    0.8847    
SR88    7.715e-09    0.0587    0.06528    0.07276    0.0828    0.09617    0.1133    0.1342    0.1588    0.187    0.2185    0.2473    0.2787    0.3124    0.348    0.3855    0.4245    0.4647    0.506    0.5482    0.5912    0.6346    0.6785    0.7227    0.7671    0.8116    0.8562    0.9007    0.945    0.9893    1.033    1.077    1.121    1.164    1.207    1.249    
SR89    1.069e-08    0.05113    0.01474    0.008416    0.009018    0.01149    0.01456    0.0178    0.021    0.02406    0.0269    0.02516    0.02657    0.02838    0.03009    0.0316    0.0329    0.03401    0.03494    0.0357    0.03631    0.0368    0.03716    0.03742    0.0376    0.03769    0.03771    0.03768    0.03759    0.03746    0.03728    0.03708    0.03684    0.03658    0.0363    0.03601    
Y89    1.472e-10    0.02682    0.07155    0.08748    0.09976    0.1144    0.1331    0.1565    0.1846    0.2173    0.2543    0.2919    0.3295    0.3695    0.4121    0.4571    0.504    0.5527    0.6028    0.654    0.7063    0.7592    0.8127    0.8665    0.9206    0.9748    1.029    1.083    1.137    1.191    1.244    1.297    1.349    1.402    1.453    1.504    
SR90    1.316e-08    0.09398    0.1033    0.1143    0.1292    0.1492    0.1749    0.2064    0.2435    0.2858    0.333    0.3753    0.4213    0.4704    0.5223    0.5765    0.6325    0.6901    0.7488    0.8083    0.8684    0.9289    0.9894    1.05    1.11    1.17    1.229    1.288    1.346    1.403    1.459    1.515    1.569    1.623    1.676    1.727    
ZR90    8.453e-12    0.0002776    0.001147    0.002138    0.00325    0.00452    0.005994    0.007726    0.009769    0.01217    0.01499    0.01822    0.02186    0.02594    0.03048    0.03552    0.04107    0.04714    0.05376    0.06093    0.06867    0.07696    0.08582    0.09525    0.1053    0.1158    0.1269    0.1386    0.1509    0.1636    0.177    0.1908    0.2052    0.2201    0.2355    0.2514    
Y91    9.293e-09    0.06678    0.02302    0.01345    0.014    0.01781    0.0228    0.02818    0.03357    0.03876    0.04362    0.04286    0.04551    0.04868    0.05168    0.05435    0.05667    0.05866    0.06033    0.06172    0.06286    0.06376    0.06447    0.06499    0.06536    0.06559    0.06569    0.0657    0.06561    0.06544    0.0652    0.0649    0.06456    0.06417    0.06374    0.06328    
ZR91    9.657e-11    0.02985    0.08528    0.1076    0.1246    0.1445    0.1701    0.2024    0.2416    0.2876    0.3402    0.3952    0.4516    0.5118    0.5759    0.6436    0.7145    0.7881    0.8639    0.9416    1.021    1.101    1.183    1.265    1.347    1.43    1.513    1.596    1.678    1.76    1.842    1.924    2.005    2.085    2.164    2.243    
ZR92    1.233e-08    0.1004    0.1125    0.1267    0.1467    0.1743    0.2101    0.2547    0.3077    0.369    0.4379    0.5058    0.5798    0.6592    0.7435    0.832    0.9241    1.019    1.117    1.217    1.319    1.422    1.526    1.631    1.736    1.842    1.948    2.054    2.16    2.265    2.37    2.475    2.579    2.682    2.785    2.887    
ZR93    1.036e-08    0.1089    0.1222    0.1379    0.1609    0.1934    0.2365    0.2903    0.3549    0.4296    0.5137    0.5991    0.692    0.7915    0.8967    1.007    1.121    1.238    1.358    1.481    1.604    1.729    1.854    1.98    2.105    2.231    2.355    2.479    2.602    2.723    2.843    2.962    3.08    3.196    3.31    3.422    
ZR94    1.491e-08    0.1075    0.1208    0.1384    0.1644    0.2012    0.25    0.3113    0.385    0.4708    0.5679    0.6696    0.7807    0.9001    1.027    1.161    1.3    1.444    1.593    1.745    1.9    2.058    2.218    2.38    2.543    2.706    2.871    3.036    3.201    3.367    3.532    3.697    3.862    4.026    4.19    4.353    
ZR95    1.532e-08    0.07889    0.03009    0.01986    0.02291    0.03116    0.04165    0.05305    0.06459    0.0758    0.0864    0.09309    0.1011    0.1087    0.1157    0.1218    0.127    0.1315    0.1353    0.1384    0.1409    0.1429    0.1444    0.1455    0.1462    0.1466    0.1468    0.1467    0.1463    0.1458    0.1452    0.1444    0.1435    0.1425    0.1414    0.1403    
NB95    1.629e-10    0.02026    0.02171    0.01226    0.0111    0.01417    0.01907    0.02477    0.03071    0.03661    0.04225    0.04651    0.05055    0.05462    0.05839    0.06174    0.06467    0.06718    0.0693    0.07106    0.07251    0.07366    0.07456    0.07523    0.07569    0.07598    0.07612    0.07612    0.07601    0.07579    0.07549    0.07511    0.07467    0.07418    0.07363    0.07305    
MO95    2.418e-12    0.01168    0.07102    0.1065    0.129    0.1536    0.1867    0.231    0.2875    0.356    0.4358    0.5252    0.6214    0.7244    0.8338    0.9485    1.067    1.19    1.314    1.44    1.566    1.692    1.817    1.941    2.062    2.182    2.299    2.414    2.525    2.634    2.739    2.84    2.938    3.033    3.124    3.212    
ZR96    1.542e-08    0.1102    0.1236    0.1422    0.1706    0.2118    0.2672    0.3375    0.4224    0.5216    0.634    0.7545    0.8859    1.027    1.177    1.334    1.498    1.667    1.84    2.018    2.198    2.381    2.565    2.75    2.936    3.123    3.31    3.496    3.682    3.866    4.05    4.233    4.415    4.595    4.774    4.951    
MO96    6.525e-13    9.632e-05    0.001393    0.003857    0.006979    0.01069    0.01518    0.0207    0.02756    0.03607    0.04652    0.05919    0.07426    0.09189    0.1122    0.1355    0.1616    0.1909    0.2233    0.2588    0.2974    0.3393    0.3842    0.4323    0.4833    0.5374    0.5944    0.6542    0.7167    0.7819    0.8497    0.92    0.9926    1.068    1.145    1.224    
MO97    7.852e-09    0.1029    0.1175    0.1359    0.1649    0.2075    0.2652    0.3388    0.428    0.5323    0.6506    0.7797    0.9202    1.071    1.231    1.398    1.572    1.751    1.934    2.121    2.311    2.503    2.696    2.89    3.084    3.278    3.471    3.664    3.856    4.046    4.235    4.422    4.608    4.791    4.973    5.152    
MO98    1.46e-08    0.1043    0.1178    0.1377    0.1691    0.2152    0.2779    0.358    0.4554    0.5697    0.6998    0.8433    1    1.169    1.349    1.537    1.734    1.938    2.148    2.363    2.582    2.805    3.03    3.257    3.486    3.716    3.947    4.178    4.409    4.64    4.87    5.099    5.328    5.556    5.783    6.008    
TC99    2.958e-09    0.1032    0.1203    0.1355    0.1619    0.2025    0.2587    0.3308    0.4181    0.5194    0.633    0.7563    0.8882    1.027    1.171    1.319    1.469    1.619    1.769    1.918    2.065    2.208    2.348    2.484    2.615    2.741    2.863    2.979    3.089    3.195    3.294    3.389    3.478    3.562    3.64    3.714    
MO100    1.607e-08    0.1147    0.1295    0.1519    0.1881    0.2419    0.3154    0.4096    0.5242    0.6587    0.8117    0.982    1.168    1.368    1.579    1.802    2.033    2.272    2.518    2.768    3.023    3.281    3.541    3.803    4.067    4.33    4.593    4.856    5.118    5.379    5.639    5.897    6.153    6.407    6.659    6.908    
RU100    1.058e-12    0.001546    0.006531    0.012    0.01831    0.02604    0.03581    0.04829    0.06415    0.08399    0.1083    0.1376    0.1722    0.2125    0.2585    0.3104    0.3684    0.4325    0.5025    0.5784    0.6601    0.7475    0.8402    0.9381    1.041    1.149    1.261    1.377    1.497    1.621    1.748    1.879    2.012    2.148    2.287    2.427    
RU101    1.296e-08    0.09286    0.1043    0.1224    0.1524    0.1974    0.2595    0.3392    0.4366    0.5508    0.6809    0.8265    0.985    1.155    1.335    1.523    1.719    1.92    2.126    2.336    2.549    2.763    2.979    3.195    3.412    3.628    3.843    4.057    4.27    4.481    4.69    4.897    5.102    5.304    5.505    5.702    
RU102    1.1e-08    0.07864    0.09026    0.109    0.1402    0.1873    0.2525    0.3369    0.4407    0.5635    0.7043    0.8656    1.043    1.234    1.438    1.653    1.878    2.112    2.353    2.601    2.855    3.113    3.375    3.64    3.908    4.178    4.45    4.722    4.996    5.27    5.544    5.818    6.092    6.366    6.639    6.911    
RU103    8.187e-09    0.03494    0.009251    0.01037    0.01728    0.02657    0.03711    0.04819    0.05929    0.07004    0.0802    0.09382    0.103    0.1108    0.1177    0.1238    0.129    0.1335    0.1373    0.1404    0.143    0.1451    0.1467    0.1479    0.1488    0.1494    0.1497    0.1498    0.1497    0.1494    0.149    0.1485    0.1478    0.147    0.1462    0.1453    
RH103    1.419e-10    0.02236    0.04586    0.04912    0.05881    0.07933    0.1109    0.1522    0.2013    0.256    0.3142    0.3783    0.4444    0.5079    0.5678    0.6236    0.6748    0.7213    0.7631    0.8003    0.8331    0.8616    0.8861    0.907    0.9245    0.9389    0.9505    0.9596    0.9665    0.9714    0.9745    0.9761    0.9763    0.9753    0.9733    0.9704    
RU104    4.969e-09    0.03543    0.04233    0.05653    0.08298    0.1251    0.1851    0.264    0.362    0.4785    0.6126    0.7732    0.949    1.138    1.34    1.551    1.772    2    2.234    2.474    2.718    2.965    3.214    3.465    3.717    3.969    4.221    4.473    4.723    4.973    5.221    5.468    5.713    5.955    6.196    6.434    
PD104    2.999e-13    0.001755    0.01348    0.02704    0.04224    0.06184    0.08901    0.1267    0.1774    0.243    0.3248    0.4238    0.5415    0.6776    0.8311    1.001    1.185    1.384    1.594    1.816    2.047    2.286    2.532    2.785    3.042    3.304    3.569    3.836    4.106    4.376    4.647    4.919    5.19    5.461    5.731    5.999    
PD105    7.724e-10    0.01331    0.01692    0.02454    0.03951    0.06379    0.09851    0.1441    0.2004    0.267    0.343    0.435    0.5346    0.6405    0.7518    0.8673    0.9861    1.107    1.23    1.354    1.477    1.601    1.724    1.845    1.965    2.083    2.199    2.313    2.424    2.533    2.638    2.741    2.841    2.939    3.033    3.124    
RU106    1.147e-09    0.007456    0.008861    0.01511    0.02833    0.04944    0.0784    0.1145    0.1564    0.2028    0.2521    0.3122    0.3709    0.4274    0.4812    0.5315    0.5783    0.6211    0.6599    0.6947    0.7256    0.7528    0.7763    0.7964    0.8133    0.8274    0.8387    0.8476    0.8543    0.859    0.8619    0.8633    0.8632    0.8619    0.8594    0.8561    
PD106    3.609e-10    0.006839    0.01047    0.01709    0.02947    0.05041    0.08251    0.128    0.1887    0.2658    0.3602    0.4766    0.6128    0.7682    0.9417    1.133    1.34    1.561    1.797    2.045    2.305    2.575    2.854    3.142    3.436    3.737    4.044    4.355    4.671    4.99    5.312    5.636    5.962    6.29    6.619    6.949    
PD107    5.135e-10    0.00354    0.005612    0.0119    0.02492    0.0466    0.07819    0.1203    0.1731    0.2362    0.309    0.3985    0.4961    0.6007    0.7112    0.8265    0.9459    1.068    1.193    1.319    1.446    1.573    1.7    1.827    1.952    2.076    2.198    2.318    2.436    2.552    2.665    2.776    2.884    2.989    3.092    3.192    
PD108    2.457e-10    0.001669    0.003096    0.007524    0.01679    0.03233    0.05515    0.08579    0.1245    0.171    0.2251    0.2918    0.3651    0.4442    0.5283    0.6169    0.7091    0.8044    0.9021    1.002    1.103    1.205    1.307    1.41    1.513    1.615    1.717    1.818    1.917    2.016    2.114    2.209    2.304    2.397    2.488    2.578    
AG109    7.032e-11    0.0007326    0.001482    0.003928    0.008924    0.01697    0.02826    0.04269    0.05999    0.07979    0.1016    0.1285    0.1561    0.1841    0.2121    0.24    0.2674    0.2942    0.3202    0.3455    0.3698    0.3932    0.4156    0.4371    0.4576    0.4772    0.4959    0.5137    0.5308    0.547    0.5626    0.5774    0.5916    0.6051    0.6181    0.6305    
PD110    9.03e-11    0.0005514    0.0009646    0.002243    0.004927    0.009448    0.01611    0.02511    0.03649    0.05026    0.06632    0.08616    0.108    0.1317    0.1571    0.1839    0.2119    0.241    0.271    0.3018    0.3331    0.3649    0.3972    0.4296    0.4623    0.495    0.5278    0.5606    0.5932    0.6258    0.6582    0.6904    0.7224    0.7541    0.7856    0.8168    
CD110    1.129e-13    4.822e-05    0.0002457    0.0007385    0.001946    0.004415    0.008752    0.01556    0.02541    0.03878    0.05607    0.07792    0.1048    0.1368    0.1738    0.2158    0.2626    0.3141    0.3699    0.4299    0.4939    0.5615    0.6326    0.7069    0.7841    0.8639    0.9463    1.031    1.118    1.206    1.296    1.388    1.481    1.575    1.67    1.767    
CD111    6.37e-12    0.0004072    0.0006768    0.001251    0.002464    0.004526    0.007591    0.01176    0.0171    0.02362    0.03132    0.04082    0.05153    0.06334    0.0762    0.09008    0.1049    0.1207    0.1375    0.155    0.1735    0.1927    0.2128    0.2336    0.2552    0.2775    0.3006    0.3243    0.3488    0.3739    0.3997    0.4261    0.4532    0.4809    0.5092    0.5381    
CD112    2.664e-11    0.0003089    0.0004322    0.0007217    0.001308    0.002303    0.003799    0.00587    0.00857    0.01194    0.016    0.02104    0.02683    0.03336    0.04064    0.04864    0.05739    0.06685    0.07705    0.08796    0.0996    0.112    0.1251    0.1389    0.1534    0.1688    0.1848    0.2017    0.2193    0.2377    0.257    0.277    0.2979    0.3196    0.3422    0.3657    
CD114    6.412e-11    0.0005617    0.0007093    0.001029    0.001657    0.002688    0.004191    0.006205    0.008746    0.01181    0.01538    0.01971    0.0245    0.0297    0.03528    0.04118    0.04738    0.05383    0.06051    0.06737    0.0744    0.08158    0.08887    0.09625    0.1037    0.1113    0.1189    0.1265    0.1342    0.1419    0.1497    0.1574    0.1652    0.173    0.1808    0.1887    
SB125    7.487e-11    0.0007021    0.0008698    0.001134    0.001667    0.002519    0.003702    0.0052    0.006981    0.009003    0.01122    0.01385    0.01658    0.01935    0.02213    0.02488    0.02757    0.03018    0.0327    0.03511    0.0374    0.03956    0.04159    0.04348    0.04523    0.04685    0.04833    0.04969    0.05092    0.05202    0.05301    0.05389    0.05467    0.05534    0.05592    0.05641    
SN126    2.192e-10    0.001441    0.00171    0.002269    0.003293    0.004896    0.00714    0.01004    0.01359    0.01776    0.0225    0.02817    0.03432    0.04089    0.04783    0.05508    0.0626    0.07035    0.07827    0.08635    0.09454    0.1028    0.1112    0.1195    0.1279    0.1363    0.1447    0.1531    0.1615    0.1698    0.178    0.1862    0.1943    0.2024    0.2104    0.2183    
I127    3.913e-11    0.002762    0.003803    0.005099    0.007426    0.0111    0.0163    0.02307    0.03139    0.04118    0.05231    0.06555    0.07997    0.09531    0.1114    0.1281    0.1453    0.1628    0.1806    0.1985    0.2164    0.2343    0.2522    0.2698    0.2873    0.3045    0.3215    0.3381    0.3544    0.3704    0.386    0.4012    0.416    0.4305    0.4445    0.4581    
TE128    1.203e-09    0.008662    0.01008    0.01272    0.01739    0.02459    0.0346    0.04749    0.06323    0.08168    0.1027    0.1273    0.1541    0.1827    0.213    0.2447    0.2775    0.3114    0.346    0.3814    0.4173    0.4536    0.4901    0.5269    0.5638    0.6008    0.6377    0.6746    0.7113    0.7479    0.7842    0.8204    0.8563    0.8919    0.9272    0.9623    
I129    1.748e-09    0.01449    0.0172    0.02083    0.02763    0.03842    0.0535    0.07282    0.0961    0.1229    0.1527    0.1872    0.2236    0.2614    0.3    0.339    0.378    0.4167    0.4547    0.4918    0.5279    0.5627    0.5961    0.6281    0.6585    0.6874    0.7146    0.7402    0.7642    0.7866    0.8074    0.8267    0.8445    0.8608    0.8758    0.8893    
TE130    4.907e-09    0.03492    0.03998    0.0487    0.06359    0.0863    0.1177    0.1582    0.2076    0.2656    0.3317    0.408    0.491    0.5799    0.6741    0.7728    0.8754    0.9812    1.09    1.2    1.313    1.427    1.541    1.657    1.773    1.889    2.005    2.12    2.235    2.35    2.464    2.578    2.69    2.802    2.912    3.022    
XE130    1.078e-12    0.0002888    0.001214    0.0023    0.003685    0.00558    0.008221    0.01185    0.0167    0.02296    0.03082    0.0405    0.05215    0.06586    0.08165    0.09955    0.1196    0.1416    0.1657    0.1917    0.2197    0.2494    0.2808    0.3138    0.3484    0.3843    0.4216    0.46    0.4995    0.54    0.5814    0.6236    0.6665    0.71    0.754    0.7985    
I131    7.996e-09    0.01484    0.001526    0.00229    0.003558    0.005092    0.006753    0.008441    0.01009    0.01165    0.0131    0.01462    0.01581    0.01687    0.01779    0.01859    0.01927    0.01984    0.02032    0.0207    0.02101    0.02124    0.02141    0.02153    0.0216    0.02163    0.02162    0.02158    0.02151    0.02142    0.02131    0.02118    0.02104    0.02088    0.02072    0.02054    
XE131    6.864e-10    0.05747    0.06953    0.07265    0.08416    0.1054    0.1365    0.1764    0.2238    0.2771    0.3346    0.3967    0.4598    0.5226    0.584    0.6432    0.6996    0.7527    0.8021    0.8477    0.8893    0.927    0.9609    0.9911    1.018    1.041    1.061    1.078    1.092    1.104    1.114    1.121    1.127    1.131    1.133    1.134    
XE132    2.593e-09    0.102    0.1362    0.1697    0.2181    0.287    0.3803    0.5004    0.6488    0.8258    1.031    1.266    1.527    1.812    2.121    2.45    2.799    3.164    3.544    3.937    4.342    4.756    5.179    5.609    6.044    6.484    6.927    7.373    7.82    8.268    8.716    9.164    9.611    10.06    10.5    10.94    
XE133    9.612e-09    0.02281    0.00216    0.003041    0.00459    0.006485    0.008548    0.01065    0.01271    0.01466    0.01648    0.01796    0.01945    0.02078    0.02195    0.02296    0.02383    0.02457    0.02518    0.02569    0.02609    0.02641    0.02665    0.02682    0.02693    0.02699    0.027    0.02697    0.02691    0.02682    0.0267    0.02656    0.02641    0.02623    0.02605    0.02585    
CS133    1.068e-09    0.1452    0.181    0.2001    0.2356    0.292    0.3709    0.4724    0.5951    0.7368    0.8949    1.066    1.247    1.435    1.629    1.826    2.023    2.219    2.412    2.6    2.783    2.96    3.13    3.292    3.446    3.592    3.729    3.858    3.979    4.091    4.194    4.29    4.378    4.459    4.532    4.598    
XE134    2.556e-08    0.1908    0.2149    0.2499    0.3052    0.3867    0.498    0.6404    0.8141    1.018    1.25    1.506    1.785    2.086    2.406    2.742    3.092    3.455    3.827    4.208    4.595    4.988    5.384    5.783    6.184    6.586    6.988    7.389    7.789    8.188    8.584    8.978    9.37    9.758    10.14    10.53    
CS134    5.572e-13    0.002916    0.01139    0.018    0.02402    0.03066    0.03892    0.04949    0.06281    0.0791    0.09836    0.1204    0.145    0.1718    0.2004    0.2304    0.2616    0.2934    0.3257    0.3579    0.39    0.4215    0.4524    0.4824    0.5114    0.5392    0.5658    0.5912    0.6151    0.6378    0.659    0.6789    0.6974    0.7145    0.7304    0.7449    
BA134    4.384e-16    6.967e-05    0.0007968    0.002351    0.004584    0.007486    0.01117    0.01584    0.02177    0.02926    0.03864    0.05021    0.06425    0.08102    0.1007    0.1235    0.1496    0.179    0.2117    0.2478    0.2873    0.33    0.376    0.4251    0.4773    0.5323    0.59    0.6504    0.7131    0.7782    0.8454    0.9145    0.9854    1.058    1.132    1.207    
CS135    8.398e-10    0.007074    0.01105    0.01633    0.02408    0.03457    0.0482    0.06554    0.0872    0.1138    0.1461    0.1846    0.2298    0.2822    0.342    0.4094    0.4846    0.5676    0.6584    0.7568    0.8625    0.9753    1.095    1.221    1.353    1.491    1.634    1.782    1.934    2.09    2.249    2.411    2.576    2.743    2.912    3.082    
XE136    4.123e-08    0.3148    0.3554    0.4169    0.5161    0.6637    0.8659    1.125    1.442    1.815    2.24    2.713    3.23    3.787    4.378    5    5.647    6.317    7.006    7.709    8.425    9.151    9.883    10.62    11.36    12.11    12.85    13.59    14.33    15.07    15.8    16.53    17.26    17.98    18.69    19.4    
BA136    1.108e-12    0.0001305    0.0003687    0.0007817    0.001533    0.002726    0.004441    0.006736    0.009666    0.01328    0.01763    0.02305    0.02941    0.03671    0.04503    0.05446    0.06508    0.07699    0.09029    0.1051    0.1214    0.1395    0.1593    0.181    0.2046    0.2303    0.258    0.2879    0.3201    0.3546    0.3914    0.4307    0.4724    0.5165    0.5632    0.6124    
CS137    2.138e-08    0.1525    0.1709    0.1992    0.2452    0.3138    0.4078    0.5283    0.675    0.8469    1.042    1.259    1.494    1.747    2.014    2.293    2.582    2.88    3.184    3.494    3.806    4.122    4.438    4.754    5.07    5.384    5.696    6.005    6.312    6.614    6.913    7.208    7.498    7.784    8.065    8.342    
BA137    3.099e-12    0.0003438    0.001547    0.002916    0.00455    0.006598    0.009241    0.01267    0.01708    0.02266    0.02958    0.03802    0.0481    0.05996    0.0737    0.08941    0.1072    0.127    0.149    0.1732    0.1995    0.228    0.2588    0.2917    0.3268    0.364    0.4034    0.4448    0.4883    0.5339    0.5813    0.6308    0.6821    0.7352    0.7902    0.8469    
BA138    2.368e-08    0.1716    0.1926    0.2222    0.268    0.3348    0.4254    0.5409    0.6813    0.846    1.034    1.237    1.459    1.698    1.952    2.22    2.499    2.787    3.084    3.388    3.697    4.011    4.327    4.647    4.968    5.29    5.612    5.934    6.256    6.577    6.896    7.214    7.53    7.844    8.157    8.466    
LA139    2.223e-08    0.1629    0.1812    0.2075    0.2492    0.311    0.395    0.5023    0.6326    0.7848    0.9574    1.144    1.346    1.563    1.791    2.03    2.277    2.53    2.788    3.05    3.314    3.578    3.842    4.106    4.368    4.627    4.883    5.136    5.386    5.631    5.871    6.107    6.339    6.565    6.786    7.002    
BA140    2.108e-08    0.04612    0.00451    0.006129    0.009248    0.01315    0.01746    0.0219    0.02628    0.03047    0.03438    0.03702    0.04024    0.04311    0.04564    0.04783    0.04972    0.05131    0.05264    0.05372    0.05459    0.05526    0.05577    0.05612    0.05633    0.05643    0.05643    0.05635    0.05618    0.05595    0.05567    0.05534    0.05496    0.05455    0.05411    0.05365    
CE140    2.943e-10    0.1134    0.1827    0.212    0.2561    0.3207    0.409    0.5229    0.6629    0.8284    1.019    1.228    1.459    1.708    1.976    2.26    2.557    2.868    3.19    3.522    3.862    4.21    4.564    4.924    5.288    5.656    6.028    6.402    6.779    7.157    7.537    7.918    8.3    8.682    9.064    9.446    
CE141    1.898e-08    0.08076    0.01469    0.01325    0.01961    0.02823    0.03793    0.04803    0.05805    0.06768    0.07672    0.08341    0.09078    0.09748    0.1034    0.1086    0.113    0.1168    0.12    0.1226    0.1248    0.1265    0.1278    0.1287    0.1294    0.1298    0.1299    0.1299    0.1297    0.1293    0.1288    0.1282    0.1275    0.1267    0.1259    0.125    
PR141    4.063e-10    0.06858    0.1505    0.1752    0.2067    0.2543    0.3212    0.4086    0.5165    0.644    0.7897    0.9497    1.123    1.308    1.503    1.706    1.917    2.132    2.35    2.57    2.792    3.013    3.233    3.45    3.666    3.878    4.086    4.29    4.49    4.685    4.875    5.06    5.24    5.414    5.583    5.747    
CE142    2.069e-08    0.1541    0.1739    0.2004    0.2414    0.301    0.3817    0.4842    0.6086    0.754    0.9191    1.097    1.292    1.501    1.723    1.955    2.198    2.448    2.705    2.967    3.234    3.504    3.776    4.05    4.324    4.599    4.874    5.148    5.421    5.693    5.962    6.23    6.496    6.76    7.021    7.279    
ND142    2.284e-14    0.00039    0.003034    0.006331    0.01009    0.01457    0.02013    0.02714    0.03601    0.04709    0.0607    0.07714    0.09658    0.1192    0.1452    0.1746    0.2075    0.244    0.284    0.3275    0.3744    0.4246    0.4781    0.5348    0.5944    0.6569    0.7221    0.7899    0.8601    0.9326    1.007    1.084    1.162    1.242    1.324    1.406    
PR143    7.421e-09    0.04538    0.004374    0.005675    0.008362    0.01174    0.01546    0.01928    0.02305    0.02665    0.03002    0.03169    0.03444    0.03691    0.0391    0.041    0.04264    0.04404    0.04522    0.04619    0.04698    0.04762    0.0481    0.04846    0.04871    0.04886    0.04893    0.04892    0.04885    0.04872    0.04855    0.04833    0.04808    0.0478    0.0475    0.04717    
ND143    3.05e-10    0.09158    0.1045    0.08667    0.08475    0.0966    0.1193    0.1498    0.1854    0.224    0.2636    0.2985    0.3325    0.3658    0.3974    0.4268    0.4538    0.4782    0.5001    0.5195    0.5366    0.5516    0.5646    0.5759    0.5857    0.594    0.6012    0.6073    0.6125    0.6169    0.6207    0.6238    0.6265    0.6288    0.6307    0.6323    
CE144    1.992e-08    0.1314    0.113    0.1045    0.1083    0.1241    0.1507    0.1858    0.2274    0.2732    0.3214    0.3634    0.4063    0.4486    0.4893    0.5277    0.5631    0.5954    0.6243    0.65    0.6723    0.6915    0.7078    0.7213    0.7323    0.741    0.7476    0.7523    0.7554    0.757    0.7572    0.7563    0.7544    0.7516    0.748    0.7438    
ND144    6.069e-11    0.0265    0.1144    0.1875    0.2552    0.328    0.4147    0.5222    0.6555    0.8178    1.011    1.233    1.482    1.757    2.057    2.382    2.728    3.093    3.477    3.875    4.287    4.709    5.141    5.581    6.026    6.476    6.93    7.386    7.843    8.3    8.757    9.214    9.669    10.12    10.57    11.02    
ND145    1.275e-08    0.1009    0.1074    0.118    0.137    0.1664    0.2071    0.2591    0.3216    0.3938    0.4743    0.5578    0.647    0.7408    0.8378    0.9371    1.038    1.138    1.239    1.338    1.435    1.531    1.624    1.714    1.802    1.886    1.967    2.045    2.119    2.191    2.259    2.324    2.386    2.445    2.501    2.554    
ND146    1.102e-08    0.08179    0.09849    0.1197    0.1493    0.1903    0.2445    0.3133    0.3974    0.4971    0.6123    0.74    0.8822    1.038    1.207    1.389    1.582    1.787    2.001    2.225    2.458    2.699    2.947    3.202    3.463    3.731    4.003    4.28    4.561    4.847    5.136    5.427    5.722    6.02    6.319    6.62    
ND147    8.014e-09    0.01557    0.001528    0.002101    0.003165    0.004497    0.005969    0.00749    0.008996    0.01044    0.0118    0.01277    0.0139    0.01493    0.01584    0.01664    0.01734    0.01795    0.01847    0.01891    0.01928    0.01958    0.01983    0.02004    0.0202    0.02032    0.02041    0.02047    0.0205    0.02052    0.02052    0.0205    0.02047    0.02043    0.02038    0.02032    
PM147    5.072e-10    0.03802    0.03519    0.0277    0.02789    0.03384    0.04388    0.05661    0.07091    0.08591    0.101    0.1146    0.1277    0.1402    0.1517    0.1622    0.1717    0.18    0.1874    0.1938    0.1992    0.2039    0.2078    0.2111    0.2137    0.2159    0.2176    0.2189    0.2199    0.2205    0.2209    0.2211    0.2211    0.2209    0.2206    0.2201    
SM147    2.785e-13    0.0008459    0.004163    0.006212    0.007705    0.009262    0.01128    0.01399    0.01748    0.02175    0.02676    0.03237    0.03841    0.04479    0.05141    0.05817    0.06495    0.07168    0.07826    0.08464    0.09077    0.09659    0.1021    0.1073    0.1121    0.1165    0.1206    0.1243    0.1277    0.1308    0.1335    0.136    0.1381    0.14    0.1417    0.1432    
ND148    6.407e-09    0.04622    0.05194    0.06039    0.07396    0.09411    0.1217    0.1571    0.2003    0.2511    0.3089    0.3726    0.4422    0.517    0.5963    0.6795    0.766    0.8553    0.9467    1.04    1.134    1.23    1.326    1.423    1.519    1.615    1.711    1.807    1.902    1.996    2.089    2.181    2.272    2.362    2.451    2.538    
SM148    1.05e-13    0.003099    0.01501    0.02423    0.03258    0.04191    0.05365    0.0688    0.08804    0.1118    0.1402    0.1731    0.2104    0.2518    0.2971    0.3462    0.3986    0.4541    0.5123    0.573    0.6358    0.7005    0.7667    0.8342    0.9028    0.9724    1.043    1.113    1.185    1.256    1.328    1.399    1.471    1.542    1.614    1.685    
ND150    2.504e-09    0.0177    0.02017    0.02434    0.03149    0.04245    0.05775    0.07762    0.1021    0.131    0.1641    0.2023    0.2439    0.2887    0.3364    0.3864    0.4385    0.4923    0.5476    0.604    0.6613    0.7193    0.7777    0.8365    0.8954    0.9543    1.013    1.072    1.13    1.188    1.245    1.302    1.359    1.415    1.47    1.525    
SM150    5.219e-10    0.02984    0.04024    0.04713    0.05593    0.06889    0.08712    0.111    0.1401    0.174    0.2118    0.2527    0.2955    0.3393    0.3835    0.4273    0.4702    0.5118    0.5517    0.5896    0.6253    0.6587    0.6897    0.7184    0.7447    0.7688    0.7906    0.8104    0.8281    0.844    0.8582    0.8707    0.8817    0.8914    0.8999    0.9071    
SM152    1.15e-09    0.01741    0.0195    0.02285    0.02943    0.03951    0.05309    0.06995    0.0897    0.1118    0.1358    0.163    0.1904    0.2176    0.2444    0.2704    0.2956    0.3196    0.3423    0.3636    0.3835    0.402    0.4189    0.4343    0.4483    0.461    0.4723    0.4823    0.4912    0.499    0.5058    0.5116    0.5165    0.5207    0.5241    0.5269    
EU153    1.799e-10    0.00567    0.009419    0.01241    0.01636    0.0221    0.02999    0.04011    0.05234    0.06644    0.08207    0.09974    0.1183    0.1372    0.1561    0.1747    0.1928    0.2102    0.2268    0.2425    0.2571    0.2708    0.2834    0.295    0.3056    0.3151    0.3237    0.3314    0.3382    0.3441    0.3494    0.3538    0.3577    0.3609    0.3636    0.3658    
SM154    3.058e-10    0.002237    0.002788    0.003875    0.005856    0.008996    0.01347    0.01937    0.02672    0.03551    0.04567    0.05787    0.07126    0.08573    0.1011    0.1174    0.1343    0.1518    0.1698    0.1882    0.2069    0.2258    0.2448    0.2639    0.283    0.3021    0.3212    0.3401    0.3588    0.3774    0.3957    0.4139    0.4317    0.4494    0.4667    0.4838    
EU154    9.421e-13    0.0008301    0.002664    0.003873    0.005139    0.006886    0.009334    0.01257    0.01659    0.02132    0.02667    0.03268    0.0392    0.04596    0.05279    0.05955    0.06617    0.07258    0.07872    0.08455    0.09004    0.09516    0.09992    0.1043    0.1083    0.1119    0.1152    0.1182    0.1208    0.1231    0.1251    0.1269    0.1284    0.1297    0.1308    0.1316    
EU155    1.317e-10    0.0004576    0.0008616    0.001355    0.001871    0.002553    0.003475    0.004665    0.006119    0.007815    0.009716    0.01192    0.0142    0.01657    0.01896    0.02133    0.02364    0.02587    0.02801    0.03004    0.03195    0.03373    0.03539    0.03691    0.03831    0.03958    0.04072    0.04175    0.04267    0.04348    0.04419    0.04481    0.04534    0.04579    0.04618    0.04649    
EU156    4.631e-11    0.0004671    0.000833    0.001424    0.002029    0.002804    0.003833    0.005146    0.00674    0.008591    0.01066    0.01311    0.01558    0.01814    0.02073    0.02329    0.02579    0.0282    0.03051    0.0327    0.03476    0.03669    0.03847    0.04011    0.04161    0.04297    0.0442    0.04531    0.04629    0.04716    0.04792    0.04858    0.04914    0.04963    0.05003    0.05036    
GD156    2.222e-12    0.0007624    0.00345    0.008703    0.01665    0.02772    0.0429    0.06343    0.0906    0.1256    0.1696    0.2239    0.2892    0.3658    0.4539    0.5533    0.6639    0.7851    0.9165    1.057    1.207    1.365    1.53    1.702    1.88    2.064    2.252    2.443    2.639    2.836    3.037    3.238    3.441    3.645    3.849    4.053    
GD158    3.156e-11    0.0004307    0.0009695    0.002154    0.004164    0.007207    0.01154    0.01741    0.02509    0.03479    0.0467    0.0615    0.0789    0.09898    0.1218    0.1474    0.1758    0.2069    0.2407    0.2772    0.3163    0.3579    0.402    0.4485    0.4973    0.5484    0.6016    0.6569    0.7143    0.7735    0.8346    0.8975    0.9621    1.028    1.096    1.165    
