TIME    3   100   220   340   460   580   700   820   940   1060   1180   1300   1420   1540   1660   1780   1900   2020   2140   2260   2380   2500   2620   2740   2860   2980   3100   3220   3340   3460   3580   3700   3820   3940   4060   4180   
NEUT_PROD    0.631   25.1   61.9   94.9   120   135   144   146   144   139   131   122   113   103   93.8   84.8   76.4   68.6   61.4   54.9   49.1   43.9   39.3   35.1   31.5   28.3   25.5   23   20.8   18.9   17.2   15.7   14.4   13.2   12.2   11.3   
NEUT_DEST    495   160   186   205   217   222   222   217   209   199   187   175   162   150   138   127   117   107   97.9   89.7   82.3   75.6   69.6   64.1   59.2   54.8   50.8   47.3   44.1   41.3   38.8   36.5   34.4   32.6   31   29.5   
BUd    0.0951    2.49    9.02    22.2    33    40.7    45.5    47.7    48.1    47.1    45.1    42.5    39.5    36.4    33.2    30.1    27.2    24.4    21.9    19.6    17.5    15.6    14    12.5    11.2    9.98    8.94    8.03    7.23    6.53    5.91    5.36    4.88    4.46    4.09    3.77    
HE4    4.891e-08    0.00171    0.006842    0.01401    0.02229    0.03111    0.04016    0.04923    0.05819    0.06697    0.07549    0.08371    0.0916    0.09913    0.1063    0.1131    0.1196    0.1258    0.1317    0.1374    0.1429    0.1482    0.1533    0.1583    0.1632    0.168    0.1728    0.1775    0.1822    0.1868    0.1915    0.196    0.2006    0.2051    0.2096    0.2141    
U234    2.497e-06    0.09732    0.3772    0.7472    1.146    1.534    1.889    2.197    2.455    2.661    2.817    2.927    2.996    3.029    3.031    3.006    2.96    2.896    2.817    2.727    2.629    2.526    2.418    2.308    2.197    2.086    1.977    1.87    1.766    1.665    1.567    1.473    1.383    1.297    1.215    1.138    
U235    7.676e-07    0.00239    0.01837    0.05138    0.09888    0.1561    0.2182    0.2806    0.3401    0.3942    0.4415    0.4811    0.5128    0.5368    0.5536    0.5637    0.5679    0.5669    0.5615    0.5522    0.5399    0.5251    0.5084    0.4902    0.4708    0.4508    0.4304    0.4098    0.3893    0.3691    0.3492    0.3298    0.3109    0.2928    0.2753    0.2585    
U236    8.737e-05    0.0005144    0.001346    0.00392    0.009289    0.01818    0.03095    0.04764    0.06804    0.09178    0.1184    0.1472    0.1779    0.2097    0.2422    0.2751    0.3077    0.3399    0.3713    0.4016    0.4308    0.4585    0.4848    0.5095    0.5326    0.5541    0.5739    0.5921    0.6087    0.6237    0.6372    0.6492    0.6598    0.669    0.677    0.6838    
U238    16.59    59.23    59.06    58.89    58.72    58.55    58.38    58.21    58.04    57.87    57.71    57.54    57.37    57.21    57.04    56.88    56.71    56.55    56.38    56.22    56.06    55.9    55.74    55.57    55.41    55.25    55.09    54.94    54.78    54.62    54.46    54.3    54.15    53.99    53.83    53.68    
NP237    262.1    831.6    726.1    633.9    553.5    483.3    422    368.4    321.7    280.9    245.2    214.1    187    163.2    142.5    124.4    108.7    94.88    82.85    72.34    63.17    55.16    48.17    42.06    36.73    32.08    28.02    24.47    21.37    18.67    16.31    14.25    12.45    10.88    9.509    8.312    
NP238    0.4016    3.162    2.761    2.411    2.105    1.838    1.605    1.401    1.223    1.068    0.9326    0.8143    0.711    0.6208    0.542    0.4733    0.4132    0.3608    0.3151    0.2751    0.2402    0.2098    0.1832    0.16    0.1397    0.122    0.1065    0.09306    0.08128    0.071    0.06203    0.05419    0.04735    0.04138    0.03616    0.03161    
NP239    0.001534    0.03509    0.03133    0.02804    0.02516    0.02265    0.02046    0.01854    0.01686    0.0154    0.01411    0.01299    0.01201    0.01116    0.0104    0.009747    0.009172    0.008667    0.008225    0.007836    0.007495    0.007196    0.006933    0.006701    0.006496    0.006316    0.006157    0.006016    0.005891    0.00578    0.005681    0.005593    0.005514    0.005444    0.00538    0.005323    
PU238    0.1466    89.5    147.3    178.8    192.5    194.5    189    179    166.4    152.6    138.7    125    112    99.89    88.75    78.62    69.47    61.27    53.95    47.43    41.66    36.56    32.06    28.09    24.6    21.54    18.85    16.49    14.42    12.61    11.03    9.642    8.429    7.369    6.442    5.632    
PU239    0.0007778    11.52    30.72    46.71    57.18    62.6    64.18    63.07    60.24    56.38    51.99    47.42    42.89    38.54    34.45    30.67    27.22    24.1    21.29    18.77    16.54    14.55    12.79    11.24    9.871    8.667    7.609    6.679    5.864    5.15    4.524    3.976    3.496    3.076    2.709    2.388    
PU240    2.525e-06    1.162    6.145    13.86    22.21    29.66    35.43    39.29    41.35    41.88    41.21    39.66    37.51    34.99    32.29    29.52    26.81    24.2    21.74    19.47    17.38    15.48    13.76    12.23    10.86    9.635    8.553    7.597    6.753    6.011    5.357    4.783    4.279    3.836    3.448    3.107    
PU241    6.219e-09    0.1053    0.9909    3.01    5.806    8.795    11.49    13.62    15.08    15.88    16.12    15.9    15.33    14.53    13.58    12.55    11.49    10.45    9.442    8.492    7.609    6.797    6.058    5.391    4.791    4.255    3.779    3.356    2.982    2.652    2.361    2.105    1.88    1.683    1.509    1.357    
PU242    8.314e-12    0.005999    0.1219    0.602    1.677    3.432    5.811    8.663    11.8    15.02    18.18    21.15    23.83    26.18    28.15    29.75    30.99    31.88    32.45    32.74    32.78    32.61    32.24    31.72    31.07    30.32    29.48    28.58    27.63    26.65    25.66    24.65    23.65    22.65    21.67    20.7    
AM241    4.184e-13    0.0002588    0.004594    0.01996    0.04849    0.08624    0.1267    0.164    0.1942    0.2156    0.2281    0.2326    0.2304    0.2232    0.2123    0.199    0.1845    0.1693    0.1542    0.1396    0.1258    0.1128    0.1009    0.09001    0.08014    0.07127    0.06333    0.05625    0.04997    0.04441    0.03949    0.03516    0.03135    0.028    0.02505    0.02247    
AM243    2.079e-15    6.684e-05    0.002799    0.02134    0.08129    0.2127    0.4404    0.7784    1.228    1.779    2.413    3.107    3.836    4.576    5.304    6.001    6.652    7.244    7.77    8.224    8.605    8.912    9.147    9.314    9.416    9.46    9.45    9.392    9.291    9.154    8.985    8.789    8.572    8.337    8.088    7.828    
CM242    3.56e-16    2.822e-05    0.00108    0.007238    0.0235    0.05185    0.09026    0.134    0.1778    0.2171    0.2487    0.2714    0.2848    0.2897    0.2873    0.2791    0.2666    0.2512    0.2339    0.2157    0.1974    0.1794    0.1622    0.146    0.1309    0.1171    0.1045    0.0931    0.08286    0.0737    0.06555    0.05831    0.0519    0.04623    0.04124    0.03684    
CM244    1.549e-18    2.005e-06    0.0001756    0.00209    0.01104    0.03747    0.09651    0.206    0.3837    0.6456    1.003    1.463    2.028    2.694    3.453    4.294    5.205    6.168    7.17    8.193    9.222    10.24    11.24    12.2    13.12    13.99    14.79    15.53    16.21    16.8    17.33    17.78    18.16    18.47    18.71    18.88    
CM245    3.303e-22    1.142e-08    1.582e-06    2.322e-05    0.0001385    0.000509    0.001386    0.00308    0.005921    0.01021    0.01617    0.02397    0.03366    0.04521    0.0585    0.07335    0.08953    0.1068    0.1248    0.1433    0.1619    0.1805    0.1988    0.2165    0.2334    0.2495    0.2644    0.2782    0.2908    0.3021    0.312    0.3206    0.3279    0.3339    0.3386    0.3421    
CM246    0    6.834e-10    2.007e-07    4.636e-06    3.86e-05    0.0001853    0.0006313    0.001704    0.003892    0.007836    0.01431    0.02418    0.03835    0.05774    0.08322    0.1156    0.1554    0.2034    0.2598    0.325    0.399    0.4818    0.5732    0.6729    0.7806    0.8958    1.018    1.146    1.28    1.419    1.562    1.709    1.859    2.011    2.165    2.319    
SE78    3.517e-09    0.0001951    0.001396    0.003446    0.006179    0.009367    0.01281    0.01634    0.01986    0.02327    0.02653    0.02961    0.03248    0.03516    0.03762    0.0399    0.04198    0.0439    0.04565    0.04725    0.04872    0.05007    0.0513    0.05244    0.05348    0.05444    0.05532    0.05614    0.05689    0.05759    0.05824    0.05884    0.0594    0.05992    0.06041    0.06087    
SE79    1.12e-08    0.0004223    0.002999    0.007346    0.01307    0.01967    0.02669    0.03379    0.04073    0.04734    0.05353    0.05923    0.06443    0.06912    0.07334    0.0771    0.08043    0.08338    0.08597    0.08824    0.09023    0.09197    0.09348    0.09479    0.09593    0.09691    0.09775    0.09848    0.0991    0.09963    0.1001    0.1005    0.1008    0.101    0.1013    0.1014    
SE80    1.558e-08    0.001011    0.007197    0.01764    0.0314    0.04726    0.06416    0.08127    0.09804    0.1141    0.1291    0.1431    0.1559    0.1676    0.1781    0.1876    0.1962    0.2039    0.2107    0.2169    0.2224    0.2273    0.2317    0.2356    0.2392    0.2424    0.2452    0.2478    0.2502    0.2524    0.2543    0.2561    0.2578    0.2594    0.2608    0.2621    
BR81    3.203e-08    0.00155    0.011    0.02687    0.0477    0.07156    0.0968    0.1222    0.1467    0.1699    0.1914    0.211    0.2285    0.2442    0.2579    0.2698    0.2802    0.289    0.2965    0.3027    0.3079    0.3121    0.3155    0.3181    0.32    0.3214    0.3223    0.3227    0.3228    0.3226    0.322    0.3212    0.3202    0.319    0.3177    0.3162    
SE82    4.841e-08    0.001915    0.01364    0.03358    0.06008    0.09091    0.124    0.1579    0.1913    0.2234    0.2537    0.282    0.308    0.3318    0.3534    0.3728    0.3903    0.406    0.42    0.4325    0.4436    0.4536    0.4625    0.4704    0.4775    0.4838    0.4895    0.4946    0.4992    0.5033    0.5071    0.5105    0.5136    0.5164    0.519    0.5214    
KR82    1.096e-11    3.791e-05    0.0002992    0.0008211    0.001613    0.002657    0.003923    0.005379    0.00699    0.00872    0.01054    0.01242    0.01433    0.01625    0.01816    0.02004    0.02188    0.02367    0.02539    0.02705    0.02863    0.03013    0.03155    0.03289    0.03414    0.03531    0.03641    0.03742    0.03836    0.03922    0.04001    0.04073    0.04139    0.04198    0.04251    0.04299    
KR83    6.73e-08    0.002619    0.01738    0.03909    0.06399    0.08846    0.1101    0.1274    0.1401    0.1482    0.1522    0.1526    0.1501    0.1454    0.1391    0.1318    0.1237    0.1154    0.1071    0.09894    0.09112    0.08374    0.07686    0.07051    0.0647    0.05941    0.05464    0.05035    0.04651    0.04309    0.04006    0.03736    0.03498    0.03287    0.03101    0.02937    
KR84    1.237e-07    0.004863    0.03607    0.09299    0.1733    0.2721    0.3839    0.5038    0.6272    0.7509    0.8721    0.9888    1.1    1.204    1.3    1.39    1.472    1.547    1.615    1.677    1.733    1.784    1.83    1.871    1.908    1.942    1.973    2.001    2.026    2.049    2.07    2.089    2.107    2.123    2.138    2.152    
KR85    2.453e-08    0.001198    0.008511    0.02083    0.03706    0.05572    0.0755    0.09538    0.1146    0.1327    0.1493    0.1642    0.1775    0.189    0.1989    0.2073    0.2143    0.2199    0.2244    0.2279    0.2304    0.2321    0.2331    0.2335    0.2333    0.2327    0.2316    0.2303    0.2286    0.2267    0.2246    0.2223    0.2199    0.2174    0.2148    0.2121    
RB85    8.697e-08    0.004272    0.03057    0.0756    0.1359    0.2066    0.2832    0.3621    0.4405    0.5167    0.5893    0.6575    0.721    0.7796    0.8333    0.8823    0.9269    0.9675    1.004    1.038    1.068    1.095    1.12    1.143    1.164    1.183    1.2    1.216    1.231    1.245    1.257    1.269    1.28    1.291    1.3    1.31    
KR86    1.885e-07    0.007641    0.05462    0.1351    0.2431    0.3698    0.5074    0.6491    0.79    0.9266    1.056    1.178    1.291    1.394    1.488    1.573    1.65    1.719    1.781    1.836    1.886    1.93    1.97    2.005    2.037    2.065    2.091    2.114    2.135    2.154    2.171    2.186    2.2    2.213    2.225    2.236    
RB87    2.297e-07    0.009564    0.06837    0.169    0.304    0.4624    0.634    0.8107    0.9863    1.156    1.318    1.469    1.609    1.737    1.853    1.959    2.054    2.139    2.215    2.283    2.344    2.399    2.447    2.49    2.529    2.564    2.594    2.622    2.647    2.67    2.69    2.709    2.725    2.741    2.755    2.767    
SR88    3.172e-07    0.01358    0.09702    0.2397    0.4306    0.654    0.8957    1.144    1.391    1.629    1.855    2.067    2.262    2.441    2.605    2.752    2.885    3.005    3.112    3.208    3.294    3.371    3.439    3.501    3.556    3.605    3.65    3.69    3.726    3.759    3.789    3.816    3.841    3.864    3.885    3.904    
SR89    4.203e-07    0.01236    0.06588    0.1157    0.157    0.1859    0.2028    0.2098    0.209    0.2028    0.1929    0.1807    0.1673    0.1535    0.1398    0.1266    0.1141    0.1025    0.09188    0.08221    0.07348    0.06565    0.05865    0.05243    0.04691    0.04202    0.03771    0.03392    0.03057    0.02762    0.02503    0.02275    0.02074    0.01898    0.01742    0.01604    
Y89    5.809e-09    0.004884    0.05723    0.188    0.3878    0.6405    0.9276    1.232    1.541    1.845    2.136    2.41    2.665    2.899    3.113    3.305    3.479    3.634    3.772    3.895    4.004    4.101    4.186    4.262    4.328    4.387    4.438    4.484    4.524    4.559    4.591    4.618    4.642    4.664    4.683    4.699    
SR90    4.81e-07    0.02148    0.1531    0.3767    0.6742    1.02    1.391    1.77    2.142    2.497    2.83    3.137    3.416    3.666    3.889    4.085    4.257    4.406    4.534    4.643    4.735    4.812    4.876    4.928    4.969    5.001    5.024    5.041    5.051    5.056    5.057    5.053    5.045    5.034    5.021    5.005    
ZR90    5.707e-12    4.01e-05    0.0006157    0.002702    0.007095    0.0144    0.02499    0.03904    0.0566    0.07756    0.1018    0.129    0.159    0.1915    0.2263    0.2631    0.3017    0.3418    0.3833    0.426    0.4696    0.5141    0.5594    0.6052    0.6515    0.6982    0.7452    0.7924    0.8399    0.8874    0.9351    0.9827    1.03    1.078    1.126    1.173    
Y91    3.962e-07    0.01912    0.105    0.1896    0.2615    0.3133    0.3447    0.3589    0.3596    0.3505    0.3347    0.3146    0.2922    0.2688    0.2456    0.223    0.2017    0.1818    0.1635    0.1469    0.1318    0.1183    0.1062    0.09539    0.08584    0.07738    0.06991    0.06333    0.05752    0.05241    0.04792    0.04396    0.04047    0.03739    0.03468    0.03228    
ZR91    4.152e-09    0.006473    0.07818    0.2635    0.5526    0.9233    1.349    1.804    2.268    2.727    3.169    3.586    3.976    4.335    4.663    4.961    5.229    5.471    5.687    5.879    6.051    6.204    6.34    6.461    6.568    6.664    6.748    6.824    6.891    6.951    7.005    7.053    7.096    7.135    7.17    7.202    
ZR92    5.643e-07    0.03159    0.2262    0.5597    1.007    1.531    2.099    2.683    3.264    3.827    4.362    4.862    5.326    5.752    6.14    6.492    6.81    7.096    7.353    7.584    7.791    7.977    8.144    8.294    8.43    8.552    8.662    8.762    8.853    8.936    9.012    9.082    9.147    9.207    9.262    9.314    
ZR93    5.131e-07    0.04117    0.2947    0.7283    1.308    1.984    2.714    3.462    4.201    4.911    5.58    6.201    6.769    7.284    7.747    8.159    8.524    8.846    9.127    9.373    9.585    9.769    9.926    10.06    10.17    10.27    10.35    10.42    10.47    10.51    10.55    10.57    10.59    10.6    10.61    10.61    
ZR94    6.73e-07    0.04655    0.3335    0.8254    1.486    2.262    3.105    3.975    4.842    5.686    6.491    7.249    7.955    8.607    9.207    9.755    10.25    10.71    11.12    11.5    11.84    12.15    12.44    12.7    12.94    13.16    13.36    13.55    13.73    13.89    14.05    14.2    14.33    14.47    14.59    14.71    
ZR95    8.525e-07    0.04027    0.2252    0.4134    0.5767    0.6968    0.7718    0.8075    0.8121    0.7936    0.759    0.7141    0.6634    0.6101    0.5566    0.5047    0.4553    0.4093    0.3668    0.3281    0.2931    0.2616    0.2335    0.2084    0.1863    0.1666    0.1493    0.1341    0.1206    0.1088    0.09849    0.08939    0.0814    0.07437    0.06819    0.06275    
NB95    9.004e-09    0.008491    0.07346    0.1698    0.2612    0.3338    0.3832    0.4109    0.4205    0.4162    0.402    0.3811    0.3561    0.329    0.3013    0.274    0.2478    0.2232    0.2003    0.1793    0.1603    0.1432    0.1278    0.1141    0.1019    0.09113    0.08161    0.07322    0.06583    0.05933    0.05363    0.04861    0.04421    0.04033    0.03693    0.03393    
MO95    1.337e-10    0.003874    0.07734    0.3424    0.8169    1.468    2.243    3.086    3.951    4.8    5.607    6.355    7.031    7.632    8.155    8.603    8.979    9.287    9.535    9.726    9.867    9.964    10.02    10.04    10.04    10    9.949    9.875    9.785    9.681    9.567    9.443    9.311    9.173    9.031    8.885    
ZR96    8.649e-07    0.05583    0.3999    0.9901    1.783    2.716    3.729    4.774    5.813    6.821    7.779    8.675    9.504    10.26    10.95    11.58    12.14    12.64    13.1    13.5    13.86    14.17    14.46    14.71    14.94    15.14    15.32    15.48    15.62    15.75    15.87    15.97    16.07    16.15    16.23    16.3    
MO96    1.962e-11    6.775e-05    0.001294    0.007629    0.02446    0.05664    0.1078    0.1801    0.2744    0.3905    0.5275    0.684    0.858    1.048    1.251    1.466    1.691    1.924    2.163    2.406    2.654    2.903    3.154    3.404    3.655    3.904    4.151    4.396    4.638    4.877    5.112    5.344    5.572    5.796    6.015    6.231    
MO97    4.828e-07    0.06022    0.4328    1.073    1.932    2.94    4.033    5.156    6.27    7.346    8.364    9.312    10.18    10.98    11.7    12.34    12.92    13.43    13.88    14.27    14.62    14.93    15.2    15.43    15.63    15.81    15.96    16.1    16.21    16.31    16.4    16.47    16.54    16.59    16.64    16.68    
MO98    9.443e-07    0.0651    0.4669    1.158    2.089    3.188    4.385    5.625    6.864    8.069    9.22    10.3    11.31    12.24    13.09    13.87    14.57    15.21    15.79    16.31    16.78    17.21    17.6    17.95    18.27    18.56    18.83    19.07    19.3    19.5    19.7    19.88    20.05    20.21    20.36    20.5    
MO99    7.972e-07    0.007251    0.02447    0.03489    0.04323    0.0487    0.05157    0.05235    0.05154    0.04959    0.0469    0.04375    0.04038    0.03696    0.0336    0.03039    0.02737    0.02458    0.02203    0.01971    0.01762    0.01576    0.01409    0.01261    0.01131    0.01015    0.009135    0.008241    0.007456    0.006767    0.006162    0.005631    0.005165    0.004756    0.004397    0.004081    
TC99    1.934e-07    0.06558    0.4732    1.171    2.093    3.155    4.278    5.401    6.476    7.472    8.367    9.152    9.821    10.38    10.83    11.17    11.43    11.6    11.69    11.72    11.7    11.62    11.51    11.36    11.18    10.98    10.76    10.53    10.28    10.03    9.768    9.506    9.242    8.978    8.715    8.456    
MO100    1.029e-06    0.07873    0.5642    1.397    2.518    3.836    5.268    6.746    8.218    9.644    11    12.27    13.44    14.52    15.49    16.38    17.17    17.88    18.52    19.08    19.59    20.04    20.44    20.79    21.1    21.38    21.63    21.86    22.06    22.23    22.39    22.54    22.67    22.79    22.89    22.99    
RU100    6.958e-11    0.0007687    0.01132    0.04647    0.117    0.2305    0.3907    0.5986    0.8524    1.149    1.484    1.853    2.25    2.67    3.109    3.561    4.022    4.488    4.956    5.422    5.885    6.342    6.791    7.23    7.659    8.075    8.479    8.87    9.247    9.61    9.959    10.29    10.61    10.92    11.21    11.49    
RU101    1.064e-06    0.0681    0.4876    1.207    2.175    3.313    4.549    5.821    7.084    8.302    9.454    10.52    11.51    12.4    13.2    13.91    14.55    15.1    15.59    16.02    16.4    16.72    17    17.24    17.45    17.63    17.78    17.91    18.02    18.12    18.2    18.27    18.33    18.38    18.42    18.46    
RU102    1.096e-06    0.07011    0.5043    1.256    2.278    3.494    4.829    6.223    7.627    9.004    10.33    11.58    12.76    13.86    14.87    15.8    16.65    17.43    18.14    18.79    19.38    19.93    20.43    20.89    21.31    21.7    22.07    22.41    22.72    23.02    23.3    23.57    23.82    24.07    24.3    24.52    
RU103    9.691e-07    0.05353    0.2716    0.4599    0.6149    0.7235    0.7876    0.8147    0.813    0.7906    0.7539    0.7082    0.6576    0.6052    0.5531    0.5028    0.4553    0.4111    0.3705    0.3335    0.3002    0.2703    0.2437    0.2201    0.1992    0.1807    0.1645    0.1502    0.1377    0.1267    0.1171    0.1087    0.1013    0.0949    0.08926    0.08432    
RH103    1.651e-08    0.02594    0.2719    0.7896    1.463    2.186    2.872    3.464    3.931    4.264    4.468    4.555    4.544    4.452    4.298    4.099    3.87    3.623    3.368    3.112    2.863    2.624    2.397    2.186    1.99    1.81    1.647    1.498    1.365    1.245    1.138    1.042    0.9572    0.882    0.8154    0.7565    
RU104    9.05e-07    0.07088    0.5104    1.272    2.306    3.536    4.883    6.286    7.691    9.062    10.37    11.6    12.74    13.79    14.74    15.6    16.38    17.07    17.7    18.25    18.74    19.17    19.56    19.9    20.2    20.47    20.71    20.92    21.1    21.27    21.41    21.55    21.66    21.77    21.86    21.95    
PD104    3.479e-11    0.001635    0.03754    0.1899    0.5174    1.047    1.779    2.692    3.754    4.927    6.172    7.455    8.745    10.02    11.25    12.43    13.55    14.59    15.56    16.46    17.29    18.04    18.73    19.35    19.91    20.42    20.88    21.3    21.67    22.01    22.31    22.59    22.84    23.06    23.27    23.46    
RH105    3.745e-07    0.002502    0.00847    0.01214    0.01512    0.01712    0.01822    0.01857    0.01835    0.01772    0.0168    0.01572    0.01454    0.01333    0.01214    0.011    0.00993    0.008933    0.00802    0.00719    0.006442    0.005772    0.005175    0.004644    0.004174    0.00376    0.003395    0.003074    0.002792    0.002545    0.002328    0.002138    0.001971    0.001824    0.001696    0.001583    
PD105    1.947e-07    0.04315    0.3115    0.7747    1.396    2.125    2.911    3.715    4.505    5.258    5.958    6.596    7.168    7.672    8.11    8.484    8.799    9.059    9.27    9.436    9.562    9.653    9.713    9.747    9.757    9.746    9.718    9.676    9.621    9.555    9.48    9.398    9.309    9.216    9.119    9.018    
RU106    5.014e-07    0.04912    0.3361    0.782    1.326    1.898    2.442    2.921    3.311    3.603    3.798    3.901    3.924    3.878    3.778    3.634    3.46    3.264    3.055    2.841    2.626    2.416    2.214    2.021    1.839    1.67    1.513    1.369    1.238    1.118    1.01    0.9119    0.8239    0.745    0.6744    0.6113    
PD106    9.135e-08    0.02301    0.1862    0.5296    1.073    1.812    2.727    3.792    4.975    6.243    7.567    8.918    10.27    11.61    12.92    14.19    15.4    16.56    17.65    18.69    19.66    20.57    21.42    22.22    22.96    23.66    24.31    24.91    25.48    26.01    26.51    26.98    27.43    27.85    28.24    28.62    
PD107    3.079e-07    0.03894    0.2807    0.7015    1.277    1.965    2.722    3.51    4.297    5.059    5.779    6.445    7.05    7.593    8.072    8.489    8.848    9.152    9.407    9.616    9.784    9.915    10.01    10.08    10.13    10.15    10.16    10.15    10.12    10.08    10.03    9.976    9.911    9.84    9.763    9.682    
PD108    2.078e-07    0.02733    0.198    0.4982    0.9133    1.415    1.974    2.563    3.159    3.745    4.305    4.833    5.321    5.767    6.17    6.531    6.85    7.132    7.377    7.589    7.771    7.926    8.056    8.164    8.252    8.323    8.379    8.42    8.45    8.469    8.478    8.478    8.472    8.459    8.439    8.415    
AG109    9.314e-08    0.01687    0.1176    0.2813    0.4902    0.7223    0.9578    1.182    1.385    1.56    1.705    1.82    1.906    1.967    2.004    2.023    2.025    2.014    1.994    1.966    1.933    1.896    1.858    1.818    1.778    1.739    1.7    1.664    1.628    1.595    1.563    1.534    1.506    1.48    1.455    1.432    
PD110    1.207e-07    0.007844    0.05692    0.1438    0.2647    0.4119    0.5771    0.7525    0.9312    1.108    1.279    1.442    1.594    1.734    1.863    1.981    2.087    2.182    2.267    2.344    2.412    2.472    2.526    2.574    2.616    2.654    2.687    2.717    2.744    2.767    2.788    2.807    2.824    2.839    2.853    2.865    
AG110M    6.506e-12    3.489e-05    0.0004539    0.001637    0.003647    0.006384    0.009644    0.01319    0.01679    0.02025    0.02344    0.02625    0.02863    0.03056    0.03206    0.03316    0.03389    0.0343    0.03444    0.03435    0.03409    0.0337    0.0332    0.03263    0.03201    0.03137    0.03071    0.03006    0.02942    0.0288    0.02821    0.02764    0.0271    0.02658    0.0261    0.02565    
CD110    1.521e-10    0.0008918    0.01265    0.05065    0.1252    0.2426    0.4047    0.6101    0.8548    1.133    1.439    1.766    2.108    2.458    2.813    3.168    3.518    3.862    4.197    4.521    4.834    5.135    5.423    5.698    5.96    6.21    6.448    6.674    6.89    7.094    7.289    7.474    7.65    7.818    7.978    8.13    
CD111    9.445e-09    0.003267    0.02464    0.06404    0.1194    0.1876    0.2652    0.3492    0.4369    0.5261    0.6154    0.7038    0.7906    0.8755    0.9585    1.039    1.118    1.196    1.272    1.347    1.42    1.493    1.565    1.637    1.707    1.778    1.848    1.918    1.988    2.057    2.126    2.195    2.263    2.331    2.399    2.466    
CD112    4.842e-08    0.001488    0.01105    0.02889    0.05496    0.08836    0.1279    0.1723    0.2204    0.2713    0.3241    0.3783    0.4335    0.4893    0.5456    0.6024    0.6596    0.7173    0.7756    0.8345    0.8942    0.9548    1.016    1.079    1.143    1.208    1.275    1.343    1.413    1.484    1.557    1.632    1.709    1.787    1.867    1.949    
CD114    1.02e-07    0.001713    0.01234    0.03125    0.05756    0.08963    0.1256    0.1639    0.203    0.2418    0.2795    0.3155    0.3494    0.3809    0.4101    0.437    0.4617    0.4842    0.5048    0.5237    0.5409    0.5568    0.5714    0.5849    0.5976    0.6094    0.6206    0.6312    0.6413    0.6511    0.6606    0.67    0.6791    0.6882    0.6972    0.7063    
IN115    1.953e-08    0.0003924    0.002397    0.004978    0.007601    0.009884    0.01164    0.01283    0.01348    0.01369    0.01354    0.01313    0.01253    0.01182    0.01105    0.01025    0.00946    0.0087    0.007982    0.007315    0.006703    0.006147    0.005646    0.005197    0.004798    0.004444    0.004132    0.003858    0.003618    0.003409    0.003226    0.003068    0.002931    0.002812    0.002711    0.002623    
CD116    7.153e-08    0.0004901    0.003443    0.008513    0.01535    0.0234    0.03218    0.04126    0.05032    0.05912    0.06749    0.07534    0.08261    0.08927    0.09534    0.1008    0.1058    0.1102    0.1142    0.1177    0.1208    0.1237    0.1261    0.1284    0.1304    0.1321    0.1337    0.1351    0.1364    0.1375    0.1385    0.1395    0.1403    0.1411    0.1418    0.1424    
SN116    1.18e-10    8.512e-05    0.001081    0.003923    0.008815    0.01562    0.024    0.03351    0.04372    0.05427    0.06482    0.07515    0.08509    0.09451    0.1033    0.1116    0.1192    0.1262    0.1326    0.1385    0.1438    0.1488    0.1533    0.1574    0.1612    0.1647    0.1679    0.1709    0.1737    0.1763    0.1788    0.1811    0.1833    0.1853    0.1873    0.1893    
SN117    6.722e-08    0.0004927    0.003451    0.008498    0.01525    0.02314    0.03168    0.04044    0.04912    0.05749    0.06541    0.07279    0.07957    0.08575    0.09134    0.09636    0.1008    0.1048    0.1084    0.1115    0.1142    0.1167    0.1188    0.1206    0.1223    0.1237    0.125    0.1261    0.127    0.1278    0.1286    0.1292    0.1298    0.1303    0.1307    0.131    
SN118    7.044e-08    0.0004932    0.003461    0.008544    0.01537    0.02339    0.03211    0.04111    0.05008    0.0588    0.06712    0.07494    0.08221    0.08891    0.09506    0.1007    0.1058    0.1104    0.1146    0.1184    0.1218    0.1249    0.1277    0.1303    0.1327    0.1348    0.1368    0.1387    0.1403    0.1419    0.1434    0.1448    0.1461    0.1473    0.1485    0.1496    
SN119    7.016e-08    0.0005024    0.003525    0.008687    0.0156    0.02369    0.03245    0.04146    0.05038    0.05899    0.06715    0.07475    0.08174    0.08812    0.09388    0.09906    0.1037    0.1078    0.1115    0.1147    0.1175    0.12    0.1222    0.1241    0.1258    0.1273    0.1285    0.1296    0.1306    0.1315    0.1322    0.1328    0.1334    0.1338    0.1342    0.1346    
SN120    7.28e-08    0.0005149    0.003612    0.008902    0.01599    0.0243    0.0333    0.04258    0.05181    0.06075    0.06927    0.07726    0.08468    0.09151    0.09776    0.1034    0.1086    0.1133    0.1175    0.1213    0.1248    0.1279    0.1307    0.1333    0.1356    0.1378    0.1397    0.1416    0.1432    0.1448    0.1462    0.1476    0.1488    0.15    0.1511    0.1522    
SB121    3.158e-08    0.0005321    0.003735    0.00917    0.01635    0.02465    0.03348    0.04239    0.05105    0.05922    0.06676    0.07358    0.07966    0.08499    0.0896    0.09352    0.09681    0.09952    0.1017    0.1034    0.1047    0.1056    0.1062    0.1065    0.1066    0.1064    0.1061    0.1056    0.105    0.1042    0.1034    0.1025    0.1015    0.1004    0.09932    0.09818    
SN122    7.997e-08    0.0005696    0.003989    0.009806    0.01756    0.02661    0.03636    0.04636    0.05624    0.06577    0.0748    0.08321    0.09097    0.09806    0.1045    0.1103    0.1155    0.1202    0.1244    0.1282    0.1315    0.1345    0.1371    0.1395    0.1416    0.1435    0.1452    0.1467    0.1481    0.1493    0.1504    0.1515    0.1524    0.1532    0.154    0.1547    
SB123    7.199e-08    0.0005348    0.003854    0.009758    0.01785    0.02746    0.03794    0.04874    0.05944    0.06971    0.07934    0.08822    0.09627    0.1035    0.1098    0.1154    0.1202    0.1243    0.1278    0.1307    0.1331    0.135    0.1366    0.1377    0.1386    0.1392    0.1395    0.1396    0.1395    0.1393    0.1389    0.1385    0.1379    0.1372    0.1365    0.1357    
SN124    9.783e-08    0.000843    0.005918    0.01452    0.02593    0.03918    0.0534    0.06789    0.08216    0.09586    0.1088    0.1208    0.1318    0.1418    0.1509    0.159    0.1663    0.1728    0.1786    0.1837    0.1883    0.1923    0.1959    0.1991    0.2019    0.2043    0.2065    0.2085    0.2102    0.2118    0.2131    0.2144    0.2155    0.2164    0.2173    0.2181    
SB125    7.762e-08    0.001747    0.01236    0.02987    0.0519    0.07591    0.09986    0.1223    0.1422    0.1593    0.1732    0.184    0.1918    0.197    0.1997    0.2004    0.1992    0.1966    0.1927    0.1878    0.1822    0.176    0.1694    0.1624    0.1554    0.1483    0.1412    0.1342    0.1274    0.1207    0.1143    0.1081    0.1021    0.09642    0.09101    0.08586    
TE125    4.143e-11    2.662e-05    0.0004257    0.001868    0.004841    0.009644    0.01638    0.02502    0.0354    0.04731    0.0605    0.07472    0.08972    0.1052    0.1211    0.1371    0.1531    0.1689    0.1844    0.1995    0.2142    0.2284    0.242    0.2551    0.2676    0.2794    0.2907    0.3014    0.3115    0.321    0.3299    0.3383    0.3462    0.3537    0.3606    0.3671    
SN126    1.33e-07    0.002861    0.02028    0.04971    0.0886    0.1335    0.1815    0.2302    0.2779    0.3236    0.3665    0.4063    0.4427    0.4758    0.5058    0.5327    0.5568    0.5782    0.5974    0.6144    0.6294    0.6428    0.6547    0.6653    0.6747    0.683    0.6904    0.6971    0.703    0.7083    0.7131    0.7174    0.7213    0.7248    0.728    0.731    
TE126    2.256e-10    7.03e-05    0.0005637    0.001476    0.002731    0.004236    0.00591    0.007686    0.009518    0.01137    0.01323    0.01508    0.0169    0.0187    0.02048    0.02223    0.02395    0.02564    0.02732    0.02897    0.03061    0.03223    0.03383    0.03542    0.037    0.03856    0.04012    0.04167    0.04321    0.04474    0.04627    0.04779    0.04931    0.05082    0.05233    0.05383    
TE127M    4.188e-09    0.0008103    0.004967    0.009992    0.01472    0.01846    0.02098    0.02235    0.02277    0.02244    0.0216    0.02041    0.01901    0.01752    0.01601    0.01452    0.01311    0.01179    0.01057    0.00945    0.008441    0.007534    0.006723    0.006002    0.005364    0.004799    0.004302    0.003864    0.00348    0.003143    0.002847    0.002588    0.00236    0.002161    0.001986    0.001832    
I127    1.616e-08    0.005992    0.04445    0.1129    0.2049    0.3123    0.4276    0.5445    0.6585    0.7665    0.8665    0.9573    1.039    1.11    1.172    1.226    1.271    1.309    1.34    1.365    1.384    1.399    1.409    1.416    1.419    1.419    1.418    1.414    1.408    1.401    1.392    1.382    1.371    1.36    1.348    1.335    
TE128    2.789e-07    0.01227    0.08736    0.2146    0.383    0.5779    0.7864    0.9983    1.207    1.406    1.594    1.769    1.929    2.075    2.207    2.326    2.432    2.528    2.613    2.689    2.757    2.817    2.871    2.919    2.961    3    3.034    3.065    3.092    3.117    3.14    3.161    3.179    3.196    3.212    3.227    
XE128    3.701e-12    2.657e-05    0.0003919    0.001625    0.004132    0.008203    0.014    0.02158    0.03093    0.04194    0.05451    0.06849    0.08372    0.1    0.1173    0.1354    0.1541    0.1734    0.193    0.213    0.2332    0.2536    0.274    0.2945    0.3149    0.3352    0.3554    0.3754    0.3952    0.4148    0.4342    0.4533    0.4721    0.4907    0.509    0.5269    
TE129M    4.427e-08    0.001971    0.009611    0.0157    0.02045    0.02351    0.02508    0.02547    0.02501    0.02396    0.02256    0.02094    0.01924    0.01753    0.01587    0.01429    0.01282    0.01147    0.01024    0.009135    0.00814    0.007253    0.006464    0.005766    0.00515    0.004608    0.004131    0.003712    0.003344    0.003022    0.00274    0.002492    0.002275    0.002084    0.001917    0.001769    
I129    2.887e-07    0.01953    0.1417    0.3494    0.6192    0.9229    1.236    1.54    1.822    2.075    2.294    2.478    2.627    2.742    2.827    2.884    2.916    2.926    2.917    2.892    2.854    2.804    2.746    2.68    2.609    2.533    2.455    2.374    2.293    2.211    2.13    2.049    1.97    1.892    1.816    1.742    
TE130    5.895e-07    0.03651    0.2609    0.6434    1.154    1.75    2.393    3.052    3.703    4.331    4.926    5.48    5.991    6.457    6.88    7.261    7.604    7.91    8.183    8.427    8.643    8.836    9.007    9.159    9.294    9.414    9.522    9.618    9.703    9.78    9.85    9.912    9.968    10.02    10.07    10.11    
XE130    1.452e-10    0.0003831    0.004996    0.01961    0.04831    0.09359    0.1564    0.2366    0.3329    0.4437    0.5671    0.7009    0.8429    0.9912    1.144    1.299    1.455    1.612    1.766    1.918    2.067    2.213    2.353    2.489    2.62    2.745    2.865    2.979    3.087    3.19    3.287    3.379    3.465    3.546    3.622    3.694    
I131    7.08e-07    0.01731    0.05825    0.08258    0.1017    0.1139    0.1199    0.1211    0.1187    0.1137    0.1072    0.09968    0.09174    0.08375    0.07597    0.06856    0.06163    0.05524    0.04941    0.04413    0.03938    0.03514    0.03137    0.02802    0.02506    0.02245    0.02015    0.01814    0.01636    0.01481    0.01344    0.01225    0.01119    0.01027    0.00946    0.008746    
XE131    6.044e-08    0.04864    0.3505    0.8492    1.463    2.116    2.746    3.311    3.785    4.158    4.428    4.601    4.684    4.691    4.634    4.524    4.374    4.194    3.993    3.778    3.557    3.334    3.114    2.899    2.693    2.497    2.312    2.139    1.978    1.829    1.691    1.566    1.45    1.346    1.251    1.165    
TE132    9.298e-07    0.009627    0.03253    0.04631    0.05723    0.06425    0.06781    0.0686    0.06733    0.06461    0.06094    0.0567    0.05221    0.04767    0.04324    0.03901    0.03505    0.0314    0.02806    0.02504    0.02231    0.01988    0.01771    0.01579    0.01409    0.01259    0.01127    0.01011    0.009092    0.008196    0.007411    0.006721    0.006116    0.005585    0.005117    0.004706    
XE132    2.18e-07    0.07836    0.59    1.534    2.866    4.509    6.378    8.396    10.5    12.62    14.72    16.78    18.75    20.64    22.41    24.08    25.63    27.07    28.4    29.62    30.74    31.77    32.7    33.56    34.33    35.04    35.69    36.27    36.81    37.3    37.74    38.14    38.51    38.85    39.16    39.45    
I133    7.669e-07    0.00348    0.01174    0.01671    0.02068    0.02327    0.02461    0.02495    0.02453    0.02357    0.02226    0.02074    0.01912    0.01747    0.01586    0.01432    0.01287    0.01154    0.01031    0.009204    0.008206    0.007313    0.006517    0.00581    0.005185    0.004634    0.004147    0.00372    0.003344    0.003014    0.002725    0.002471    0.002248    0.002052    0.001879    0.001727    
XE133    6.145e-07    0.02077    0.07006    0.09979    0.1235    0.139    0.1471    0.1491    0.1467    0.1412    0.1335    0.1245    0.1149    0.1052    0.09569    0.0866    0.07807    0.07019    0.06298    0.05644    0.05056    0.04529    0.0406    0.03644    0.03276    0.02951    0.02666    0.02414    0.02193    0.02    0.0183    0.01681    0.0155    0.01435    0.01334    0.01245    
CS133    6.798e-08    0.09473    0.6937    1.729    3.082    4.621    6.228    7.806    9.288    10.63    11.8    12.79    13.59    14.22    14.69    15    15.17    15.23    15.18    15.05    14.84    14.57    14.25    13.89    13.5    13.09    12.66    12.23    11.79    11.35    10.91    10.48    10.05    9.637    9.233    8.841    
XE134    1.58e-06    0.1142    0.8205    2.04    3.693    5.651    7.794    10.02    12.25    14.42    16.49    18.44    20.24    21.9    23.41    24.78    26.01    27.12    28.11    28.99    29.78    30.48    31.1    31.66    32.15    32.59    32.98    33.33    33.65    33.93    34.18    34.41    34.62    34.8    34.97    35.13    
CS134    3.837e-11    0.001509    0.02139    0.08141    0.1883    0.3403    0.5294    0.7445    0.9736    1.206    1.431    1.643    1.835    2.005    2.149    2.268    2.363    2.433    2.481    2.508    2.517    2.511    2.49    2.458    2.415    2.365    2.307    2.245    2.179    2.11    2.039    1.968    1.896    1.824    1.753    1.683    
BA134    2.223e-14    2.958e-05    0.0008823    0.005674    0.01915    0.04635    0.09182    0.159    0.2501    0.3661    0.5066    0.6706    0.856    1.061    1.282    1.516    1.762    2.015    2.274    2.537    2.8    3.062    3.322    3.577    3.828    4.072    4.31    4.54    4.761    4.975    5.18    5.376    5.564    5.743    5.913    6.075    
CS135    5.378e-08    0.005027    0.03889    0.1071    0.2163    0.3724    0.5799    0.8418    1.159    1.53    1.952    2.42    2.928    3.47    4.039    4.629    5.231    5.841    6.452    7.059    7.658    8.244    8.814    9.366    9.897    10.41    10.89    11.35    11.78    12.19    12.57    12.93    13.26    13.57    13.85    14.11    
XE136    2.654e-06    0.2134    1.532    3.806    6.878    10.51    14.48    18.6    22.71    26.71    30.53    34.12    37.44    40.49    43.27    45.79    48.07    50.11    51.93    53.56    55.02    56.32    57.48    58.51    59.43    60.25    60.99    61.65    62.24    62.78    63.26    63.7    64.09    64.46    64.79    65.09    
CS136    4.73e-09    0.0006198    0.00253    0.003855    0.004983    0.005875    0.006614    0.00729    0.007975    0.008723    0.009566    0.01052    0.01159    0.01277    0.01404    0.0154    0.01683    0.0183    0.01981    0.02133    0.02285    0.02436    0.02584    0.02729    0.0287    0.03006    0.03136    0.0326    0.03378    0.0349    0.03594    0.03692    0.03784    0.03869    0.03947    0.04019    
BA136    2.164e-10    0.001054    0.009547    0.02625    0.04972    0.07859    0.1118    0.1487    0.1891    0.2334    0.2818    0.3351    0.3936    0.4582    0.5292    0.6073    0.6928    0.7861    0.8873    0.9966    1.114    1.24    1.373    1.515    1.664    1.821    1.984    2.155    2.332    2.516    2.705    2.9    3.1    3.305    3.514    3.728    
CS137    1.324e-06    0.1017    0.7288    1.804    3.25    4.949    6.792    8.689    10.57    12.38    14.09    15.68    17.13    18.45    19.62    20.67    21.59    22.39    23.09    23.69    24.2    24.64    25.01    25.31    25.57    25.77    25.93    26.05    26.15    26.21    26.25    26.27    26.27    26.25    26.22    26.17    
BA137    1.808e-10    0.0002194    0.00295    0.01207    0.03066    0.061    0.1045    0.1619    0.2332    0.318    0.4156    0.525    0.6452    0.775    0.9134    1.059    1.212    1.37    1.532    1.698    1.868    2.04    2.214    2.389    2.565    2.742    2.919    3.096    3.273    3.449    3.624    3.799    3.972    4.145    4.316    4.485    
BA138    1.306e-06    0.09034    0.6491    1.615    2.924    4.476    6.177    7.944    9.715    11.44    13.09    14.64    16.08    17.41    18.62    19.71    20.7    21.6    22.4    23.11    23.75    24.33    24.84    25.3    25.71    26.08    26.42    26.72    27    27.25    27.47    27.68    27.88    28.06    28.22    28.38    
LA139    1.306e-06    0.08843    0.6333    1.568    2.827    4.307    5.912    7.562    9.195    10.76    12.24    13.6    14.83    15.94    16.92    17.78    18.53    19.16    19.71    20.16    20.53    20.83    21.07    21.25    21.39    21.48    21.53    21.55    21.54    21.51    21.46    21.38    21.29    21.19    21.08    20.95    
BA140    1.17e-06    0.03189    0.129    0.1954    0.2493    0.2858    0.3062    0.3134    0.3104    0.3    0.2847    0.2662    0.2461    0.2255    0.2051    0.1855    0.167    0.1498    0.1341    0.1198    0.1068    0.09526    0.08492    0.07574    0.0676    0.06041    0.05407    0.04849    0.04359    0.03928    0.03549    0.03217    0.02925    0.02668    0.02443    0.02244    
LA140    4.854e-08    0.00423    0.01718    0.0262    0.03369    0.03894    0.04212    0.04357    0.04368    0.0428    0.04124    0.03923    0.03697    0.0346    0.03222    0.02991    0.02771    0.02565    0.02375    0.02201    0.02043    0.019    0.01771    0.01656    0.01553    0.01462    0.0138    0.01307    0.01243    0.01185    0.01134    0.01088    0.01046    0.0101    0.009763    0.009463    
CE140    1.601e-08    0.05626    0.5102    1.41    2.675    4.213    5.93    7.744    9.59    11.42    13.19    14.88    16.49    17.99    19.39    20.69    21.89    23    24.02    24.97    25.84    26.65    27.41    28.11    28.76    29.37    29.94    30.48    31    31.48    31.94    32.38    32.8    33.21    33.6    33.97    
CE141    1.057e-06    0.05215    0.2534    0.4167    0.5496    0.6412    0.694    0.7148    0.711    0.6895    0.6559    0.6148    0.5697    0.5231    0.477    0.4326    0.3907    0.3518    0.316    0.2835    0.2542    0.228    0.2045    0.1837    0.1653    0.1491    0.1347    0.1221    0.1111    0.1014    0.09288    0.08542    0.07888    0.07314    0.06811    0.06369    
PR141    2.23e-08    0.0328    0.352    1.072    2.115    3.388    4.798    6.262    7.715    9.11    10.42    11.61    12.69    13.64    14.47    15.19    15.79    16.29    16.7    17.03    17.27    17.46    17.58    17.65    17.68    17.67    17.62    17.55    17.45    17.33    17.19    17.04    16.87    16.7    16.52    16.33    
CE142    1.123e-06    0.08109    0.5835    1.45    2.618    3.996    5.496    7.047    8.593    10.09    11.52    12.85    14.09    15.22    16.24    17.17    18    18.74    19.41    19.99    20.52    20.98    21.39    21.75    22.06    22.35    22.59    22.81    23.01    23.18    23.33    23.47    23.59    23.69    23.79    23.87    
ND142    1.247e-12    0.0001501    0.003471    0.01796    0.05062    0.1067    0.1891    0.2992    0.4364    0.5995    0.7861    0.9935    1.219    1.459    1.712    1.974    2.242    2.515    2.79    3.066    3.34    3.612    3.88    4.143    4.4    4.651    4.895    5.132    5.361    5.581    5.793    5.997    6.193    6.38    6.559    6.729    
CE143    6.89e-07    0.003909    0.01319    0.01881    0.02331    0.02626    0.02782    0.02826    0.02784    0.02681    0.02539    0.02372    0.02193    0.02011    0.01832    0.01661    0.01501    0.01353    0.01217    0.01093    0.009821    0.008827    0.00794    0.007152    0.006455    0.00584    0.005298    0.004821    0.004401    0.004033    0.003709    0.003425    0.003176    0.002957    0.002764    0.002594    
PR143    3.64e-07    0.02709    0.1102    0.1671    0.2131    0.2441    0.2613    0.2674    0.2648    0.2561    0.2432    0.2278    0.211    0.1937    0.1768    0.1604    0.145    0.1308    0.1177    0.1058    0.09504    0.08541    0.07683    0.06921    0.06245    0.05648    0.05122    0.04659    0.04252    0.03895    0.03581    0.03305    0.03063    0.0285    0.02662    0.02497    
ND143    1.492e-08    0.04015    0.3288    0.7922    1.313    1.811    2.231    2.55    2.764    2.879    2.91    2.874    2.787    2.665    2.52    2.362    2.2    2.04    1.885    1.74    1.605    1.481    1.369    1.269    1.181    1.103    1.034    0.9746    0.9231    0.8787    0.8408    0.8084    0.781    0.7579    0.7385    0.7224    
CE144    1.01e-06    0.05844    0.3917    0.8871    1.464    2.04    2.558    2.983    3.301    3.509    3.617    3.637    3.584    3.474    3.321    3.139    2.938    2.728    2.515    2.305    2.103    1.911    1.73    1.563    1.409    1.268    1.141    1.025    0.9218    0.8291    0.7462    0.6724    0.6069    0.5488    0.4972    0.4516    
ND144    2.864e-09    0.009323    0.143    0.5804    1.401    2.62    4.201    6.078    8.172    10.4    12.7    15    17.26    19.43    21.49    23.42    25.22    26.87    28.38    29.75    30.99    32.11    33.11    34.01    34.82    35.55    36.19    36.77    37.29    37.76    38.18    38.56    38.91    39.22    39.5    39.77    
ND145    7.774e-07    0.04954    0.3499    0.8511    1.506    2.253    3.035    3.808    4.541    5.211    5.807    6.321    6.754    7.107    7.385    7.594    7.742    7.835    7.881    7.886    7.857    7.799    7.718    7.618    7.503    7.377    7.242    7.102    6.958    6.812    6.666    6.522    6.379    6.239    6.103    5.971    
ND146    7.77e-07    0.04282    0.3137    0.8    1.484    2.326    3.287    4.33    5.423    6.542    7.666    8.779    9.872    10.94    11.97    12.96    13.91    14.83    15.7    16.54    17.33    18.1    18.82    19.52    20.18    20.82    21.42    22    22.56    23.1    23.61    24.1    24.57    25.03    25.47    25.89    
ND147    5.658e-07    0.01119    0.04422    0.06656    0.08487    0.0974    0.1046    0.1073    0.1067    0.1036    0.09878    0.09291    0.08649    0.07987    0.07332    0.06701    0.06107    0.05556    0.05052    0.04595    0.04183    0.03816    0.0349    0.03201    0.02948    0.02725    0.0253    0.0236    0.02212    0.02084    0.01972    0.01876    0.01793    0.01721    0.01659    0.01605    
PM147    3.565e-08    0.02013    0.1537    0.3503    0.5602    0.7506    0.9029    1.01    1.075    1.101    1.096    1.067    1.022    0.9654    0.9025    0.8368    0.771    0.7071    0.6464    0.5898    0.5376    0.4901    0.4471    0.4086    0.3743    0.3439    0.3171    0.2935    0.2728    0.2547    0.239    0.2253    0.2134    0.2031    0.1941    0.1864    
SM147    1.955e-11    0.0003499    0.005974    0.02473    0.05803    0.104    0.1588    0.218    0.2775    0.3338    0.3845    0.4281    0.4636    0.4908    0.51    0.5217    0.5267    0.5258    0.52    0.51    0.4967    0.481    0.4633    0.4444    0.4247    0.4046    0.3845    0.3647    0.3454    0.3268    0.3089    0.2919    0.2758    0.2607    0.2466    0.2334    
ND148    5.193e-07    0.02884    0.2074    0.5155    0.9325    1.426    1.965    2.524    3.081    3.622    4.137    4.617    5.059    5.463    5.827    6.153    6.444    6.701    6.927    7.125    7.298    7.448    7.577    7.689    7.784    7.866    7.934    7.992    8.04    8.08    8.112    8.138    8.158    8.173    8.184    8.191    
PM148    8.677e-11    0.0003986    0.003052    0.007001    0.01124    0.01509    0.01817    0.02036    0.02167    0.02221    0.02212    0.02155    0.02064    0.0195    0.01824    0.01691    0.01558    0.01429    0.01307    0.01192    0.01087    0.009907    0.009039    0.00826    0.007567    0.006952    0.006409    0.005931    0.005513    0.005147    0.004829    0.004551    0.00431    0.004102    0.003921    0.003765    
SM148    7.259e-12    0.001274    0.02179    0.09136    0.2213    0.4123    0.657    0.9443    1.262    1.598    1.941    2.285    2.621    2.945    3.254    3.544    3.816    4.069    4.303    4.518    4.715    4.895    5.06    5.21    5.347    5.471    5.584    5.688    5.782    5.868    5.946    6.018    6.083    6.144    6.199    6.25    
PM149    2.847e-07    0.001867    0.00693    0.01088    0.01448    0.01727    0.01917    0.02025    0.02063    0.02045    0.01985    0.01895    0.01787    0.01669    0.01546    0.01425    0.01307    0.01196    0.01093    0.009972    0.009103    0.008318    0.007614    0.006985    0.006426    0.005932    0.005495    0.00511    0.004773    0.004476    0.004216    0.003989    0.003789    0.003615    0.003463    0.003329    
ND150    3.165e-07    0.01697    0.1219    0.3033    0.5495    0.8419    1.162    1.496    1.829    2.154    2.464    2.754    3.023    3.269    3.492    3.693    3.873    4.033    4.175    4.301    4.412    4.509    4.595    4.669    4.734    4.791    4.84    4.883    4.92    4.953    4.98    5.004    5.024    5.042    5.057    5.069    
SM150    5.006e-08    0.02124    0.1588    0.4077    0.7446    1.135    1.544    1.943    2.308    2.626    2.887    3.089    3.234    3.324    3.365    3.365    3.328    3.263    3.174    3.069    2.951    2.826    2.696    2.564    2.434    2.306    2.183    2.065    1.953    1.848    1.749    1.657    1.572    1.493    1.421    1.355    
SM151    7.601e-08    0.002184    0.008159    0.01329    0.01866    0.02372    0.02822    0.03205    0.03512    0.03744    0.03904    0.03999    0.04034    0.0402    0.03964    0.03874    0.03758    0.03623    0.03473    0.03316    0.03153    0.0299    0.02829    0.02671    0.0252    0.02375    0.02238    0.02108    0.01988    0.01875    0.01771    0.01676    0.01587    0.01507    0.01433    0.01366    
SM152    1.606e-07    0.02153    0.1472    0.3439    0.585    0.8429    1.096    1.328    1.53    1.696    1.825    1.917    1.976    2.004    2.005    1.984    1.944    1.89    1.825    1.752    1.673    1.591    1.508    1.426    1.345    1.266    1.191    1.119    1.051    0.9877    0.9284    0.8733    0.8223    0.7754    0.7323    0.6928    
SM153    7.79e-08    0.0007374    0.003381    0.006441    0.009907    0.01339    0.01663    0.01948    0.02185    0.02371    0.02507    0.02596    0.02642    0.0265    0.02628    0.02579    0.0251    0.02425    0.02329    0.02224    0.02115    0.02004    0.01893    0.01784    0.01678    0.01576    0.01479    0.01387    0.013    0.0122    0.01145    0.01075    0.01011    0.009522    0.008983    0.00849    
EU153    2.953e-08    0.007426    0.05952    0.16    0.2992    0.4621    0.6335    0.8004    0.9534    1.086    1.195    1.28    1.34    1.377    1.394    1.392    1.376    1.347    1.308    1.262    1.211    1.156    1.098    1.04    0.9825    0.9259    0.8709    0.8182    0.768    0.7206    0.6762    0.6346    0.596    0.5603    0.5274    0.4972    
SM154    6.485e-08    0.005034    0.03647    0.09164    0.1675    0.2588    0.3601    0.4667    0.5744    0.6803    0.7822    0.8784    0.9679    1.05    1.125    1.193    1.254    1.308    1.355    1.397    1.433    1.464    1.491    1.514    1.533    1.549    1.562    1.572    1.58    1.586    1.591    1.593    1.595    1.595    1.593    1.591    
EU154    1.549e-10    0.0009228    0.01143    0.03891    0.08193    0.1362    0.1964    0.2574    0.3152    0.3669    0.4107    0.4458    0.4721    0.4899    0.4998    0.5027    0.4997    0.4917    0.4796    0.4644    0.4468    0.4276    0.4073    0.3866    0.3657    0.345    0.3249    0.3054    0.2868    0.2692    0.2526    0.237    0.2225    0.2091    0.1967    0.1853    
GD154    2.149e-14    4.328e-06    0.0001118    0.0006456    0.001963    0.004311    0.007786    0.01234    0.01782    0.024    0.03063    0.03745    0.04422    0.05074    0.05682    0.06234    0.0672    0.07135    0.07476    0.07742    0.07937    0.08063    0.08125    0.08129    0.08082    0.07989    0.07857    0.07692    0.07499    0.07286    0.07055    0.06812    0.06562    0.06307    0.0605    0.05795    
EU155    3.723e-08    0.001276    0.007347    0.01791    0.03345    0.05247    0.07322    0.09407    0.1137    0.1311    0.1459    0.1576    0.1663    0.1721    0.1752    0.176    0.1748    0.1718    0.1675    0.1622    0.156    0.1494    0.1423    0.1351    0.1279    0.1208    0.1138    0.1071    0.1007    0.09465    0.08893    0.08358    0.07859    0.07396    0.06969    0.06575    
EU156    1.884e-08    0.001697    0.009529    0.02142    0.03839    0.0589    0.08116    0.1035    0.1244    0.143    0.1587    0.1712    0.1804    0.1865    0.1898    0.1905    0.1891    0.1858    0.1811    0.1752    0.1686    0.1613    0.1537    0.1458    0.138    0.1303    0.1227    0.1155    0.1085    0.1019    0.09573    0.08992    0.08452    0.0795    0.07487    0.07061    
GD156    7.493e-10    0.002272    0.02645    0.09549    0.2321    0.4559    0.7789    1.204    1.728    2.342    3.031    3.781    4.576    5.402    6.242    7.086    7.921    8.738    9.53    10.29    11.02    11.7    12.35    12.95    13.51    14.03    14.51    14.95    15.36    15.73    16.06    16.36    16.64    16.89    17.11    17.31    
GD158    1.771e-08    0.002535    0.01993    0.05458    0.109    0.1845    0.281    0.3976    0.5328    0.6846    0.8508    1.029    1.217    1.413    1.615    1.821    2.029    2.239    2.449    2.659    2.868    3.074    3.279    3.48    3.679    3.875    4.068    4.258    4.444    4.628    4.808    4.986    5.161    5.333    5.502    5.669    
TB159    2.493e-09    0.0004044    0.002946    0.007472    0.01382    0.02163    0.03055    0.04022    0.05039    0.06085    0.07148    0.08219    0.09296    0.1038    0.1147    0.1257    0.1368    0.1482    0.1597    0.1715    0.1835    0.1958    0.2084    0.2214    0.2346    0.248    0.2618    0.2759    0.2902    0.3048    0.3196    0.3346    0.3498    0.3652    0.3808    0.3965    
GD160    2.533e-09    0.000197    0.001428    0.003601    0.006617    0.01028    0.01438    0.01871    0.02312    0.02748    0.03167    0.03565    0.03936    0.04279    0.04592    0.04876    0.05132    0.05361    0.05565    0.05747    0.05909    0.06051    0.06177    0.06288    0.06386    0.06472    0.06547    0.06614    0.06672    0.06724    0.06769    0.06808    0.06843    0.06874    0.06901    0.06924    
DY162    9.754e-10    6.068e-05    0.000492    0.001316    0.002434    0.003722    0.005074    0.006409    0.007681    0.00887    0.009974    0.011    0.01197    0.0129    0.01382    0.01473    0.01566    0.01662    0.01762    0.01867    0.01978    0.02096    0.02219    0.0235    0.02487    0.02632    0.02783    0.0294    0.03105    0.03276    0.03452    0.03635    0.03823    0.04017    0.04216    0.04419    
DY163    5.311e-10    2.507e-05    0.0002216    0.0006844    0.001462    0.002544    0.003883    0.005409    0.007054    0.008753    0.01046    0.01213    0.01376    0.01534    0.01686    0.01834    0.01979    0.02122    0.02267    0.02414    0.02564    0.0272    0.02882    0.03052    0.0323    0.03418    0.03614    0.03821    0.04038    0.04265    0.04501    0.04748    0.05005    0.05271    0.05547    0.05831    
