TIME    3   100   220   340   460   580   700   820   1040   1160   1280   1400   1520   1640   1760   1880   2000   2120   2240   2360   2480   2600   2720   2840   2960   3080   3200   3320   3440   3560   3680   3800   3920   4040   4160   4280   
NEUT_PROD    0.461   3.5   5.01   5.83   6.34   6.67   6.88   7.02   7.18   7.21   7.23   7.23   7.24   7.24   7.24   7.23   7.23   7.22   7.22   7.21   7.21   7.2   7.2   7.19   7.19   7.18   7.18   7.17   7.17   7.16   7.16   7.15   7.15   7.14   7.13   7.13   
NEUT_DEST    2.87   4.71   5.83   6.58   7.12   7.53   7.84   8.08   8.44   8.57   8.68   8.78   8.87   8.95   9.02   9.09   9.15   9.21   9.27   9.32   9.37   9.41   9.46   9.5   9.54   9.58   9.62   9.66   9.7   9.73   9.76   9.8   9.83   9.86   9.89   9.91   
BUd    0.0044    0.705    1.55    1.96    2.19    2.33    2.42    2.48    5.08    2.57    2.57    2.58    2.58    2.58    2.58    2.57    2.57    2.57    2.57    2.56    2.56    2.56    2.55    2.55    2.55    2.55    2.54    2.54    2.54    2.53    2.53    2.53    2.53    2.52    2.52    2.52    
U238    999.9    997.1    994.2    991.3    988.5    985.6    982.7    979.9    974.2    971.4    968.6    965.8    963    960.2    957.4    954.7    951.9    949.1    946.4    943.6    940.9    938.2    935.5    932.8    930.1    927.4    924.7    922    919.3    916.7    914    911.4    908.7    906.1    903.5    900.8    
NP237    2.96e-05    0.005694    0.01121    0.01602    0.02019    0.02383    0.02698    0.02972    0.03413    0.03591    0.03745    0.03878    0.03993    0.04091    0.04176    0.04248    0.04309    0.04361    0.04405    0.04441    0.04472    0.04496    0.04517    0.04533    0.04545    0.04554    0.04561    0.04565    0.04567    0.04567    0.04566    0.04563    0.04559    0.04554    0.04548    0.04542    
NP239    0.05449    0.09326    0.09299    0.09272    0.09245    0.09219    0.09192    0.09165    0.09112    0.09086    0.0906    0.09033    0.09007    0.08981    0.08955    0.08929    0.08903    0.08878    0.08852    0.08826    0.08801    0.08775    0.0875    0.08724    0.08699    0.08674    0.08649    0.08624    0.08599    0.08574    0.08549    0.08524    0.085    0.08475    0.08451    0.08426    
PU238    8.82e-09    0.0003194    0.001216    0.002613    0.004568    0.007106    0.01015    0.01352    0.01995    0.02326    0.02623    0.02888    0.03118    0.03315    0.0348    0.03617    0.03728    0.03818    0.03891    0.03948    0.03993    0.04029    0.04056    0.04077    0.04093    0.04105    0.04113    0.04118    0.04121    0.04122    0.04122    0.0412    0.04117    0.04114    0.04109    0.04104    
PU239    0.02729    1.737    2.462    2.746    2.855    2.893    2.904    2.904    2.899    2.889    2.881    2.873    2.866    2.858    2.85    2.843    2.835    2.827    2.819    2.812    2.804    2.796    2.788    2.78    2.772    2.764    2.756    2.748    2.74    2.732    2.725    2.717    2.709    2.701    2.693    2.685    
PU240    0.0001506    0.2649    0.7254    1.145    1.468    1.699    1.859    1.967    2.082    2.113    2.131    2.142    2.148    2.15    2.15    2.148    2.146    2.143    2.14    2.136    2.132    2.129    2.125    2.121    2.117    2.113    2.109    2.105    2.101    2.097    2.093    2.089    2.085    2.081    2.077    2.073    
PU241    5.491e-07    0.03112    0.1461    0.2993    0.4453    0.5647    0.6543    0.7183    0.7928    0.8116    0.8242    0.8321    0.8368    0.8393    0.8405    0.8406    0.8402    0.8394    0.8383    0.837    0.8356    0.8342    0.8327    0.8312    0.8297    0.8282    0.8267    0.8251    0.8236    0.8221    0.8206    0.819    0.8175    0.8159    0.8144    0.8128    
PU242    1.003e-09    0.002271    0.02331    0.07833    0.1686    0.2874    0.4254    0.5744    0.8815    1.032    1.177    1.315    1.447    1.572    1.689    1.799    1.903    2    2.091    2.176    2.255    2.329    2.399    2.463    2.524    2.58    2.632    2.681    2.727    2.769    2.808    2.844    2.878    2.91    2.939    2.966    
AM241    5.04e-11    9.478e-05    0.0008356    0.002399    0.004381    0.006342    0.008024    0.009346    0.0103    0.01124    0.01172    0.012    0.01215    0.01224    0.01229    0.01232    0.01232    0.01232    0.01231    0.0123    0.01228    0.01226    0.01224    0.01222    0.01219    0.01217    0.01215    0.01213    0.01211    0.01208    0.01206    0.01204    0.01202    0.01199    0.01197    0.01195    
AM243    3.24e-13    3.063e-05    0.0006474    0.003352    0.009818    0.0212    0.03795    0.05992    0.1172    0.1509    0.187    0.2246    0.2631    0.3019    0.3406    0.3787    0.416    0.4523    0.4873    0.521    0.5532    0.584    0.6133    0.641    0.6673    0.6922    0.7156    0.7377    0.7584    0.7779    0.7961    0.8132    0.8292    0.8442    0.8581    0.8712    
CM242    6.482e-14    1.256e-05    0.0002421    0.001055    0.002546    0.004514    0.006652    0.008704    0.01192    0.0129    0.01382    0.01455    0.01508    0.01545    0.0157    0.01587    0.01597    0.01603    0.01606    0.01607    0.01607    0.01606    0.01604    0.01602    0.01599    0.01597    0.01594    0.01591    0.01588    0.01585    0.01582    0.01579    0.01576    0.01574    0.01571    0.01568    
CM244    3.001e-16    1.081e-06    4.785e-05    0.000387    0.00157    0.004386    0.009721    0.01842    0.04866    0.07102    0.0985    0.1311    0.1687    0.211    0.2577    0.3084    0.3627    0.4202    0.4803    0.5427    0.6069    0.6725    0.7391    0.8063    0.8739    0.9415    1.009    1.076    1.142    1.207    1.271    1.333    1.395    1.455    1.513    1.57    
BR81    3.553e-06    0.0004748    0.00138    0.002466    0.003631    0.004831    0.006044    0.007258    0.009667    0.01086    0.01204    0.0132    0.01436    0.0155    0.01662    0.01774    0.01884    0.01992    0.02099    0.02206    0.0231    0.02414    0.02516    0.02617    0.02717    0.02816    0.02914    0.0301    0.03106    0.032    0.03293    0.03385    0.03476    0.03566    0.03654    0.03742    
SE82    5.401e-06    0.0006203    0.001785    0.0032    0.004741    0.006354    0.008007    0.009687    0.01308    0.01479    0.0165    0.01821    0.01992    0.02163    0.02334    0.02504    0.02675    0.02845    0.03015    0.03184    0.03354    0.03523    0.03692    0.03861    0.04029    0.04198    0.04366    0.04534    0.04702    0.0487    0.05037    0.05204    0.05372    0.05538    0.05705    0.05871    
KR84    1.384e-05    0.001634    0.004941    0.009273    0.01431    0.01986    0.0258    0.03202    0.04505    0.05177    0.05857    0.06544    0.07236    0.07931    0.08628    0.09328    0.1003    0.1073    0.1143    0.1213    0.1284    0.1354    0.1424    0.1495    0.1565    0.1635    0.1706    0.1776    0.1847    0.1917    0.1987    0.2058    0.2128    0.2198    0.2269    0.2339    
KR85    2.727e-06    0.0003736    0.001082    0.001934    0.002851    0.003797    0.004751    0.005703    0.007598    0.008513    0.00941    0.01029    0.01115    0.01199    0.01282    0.01362    0.01441    0.01518    0.01594    0.01668    0.0174    0.01811    0.0188    0.01948    0.02014    0.02079    0.02142    0.02205    0.02265    0.02325    0.02383    0.0244    0.02496    0.02551    0.02604    0.02657    
RB85    9.671e-06    0.001338    0.003916    0.007084    0.01057    0.01425    0.01806    0.02195    0.02985    0.03387    0.03792    0.04198    0.04606    0.05015    0.05425    0.05836    0.06248    0.06661    0.07075    0.07489    0.07905    0.08321    0.08738    0.09155    0.09573    0.09992    0.1041    0.1083    0.1125    0.1167    0.121    0.1252    0.1294    0.1336    0.1379    0.1421    
KR86    2.102e-05    0.00246    0.00713    0.01287    0.01919    0.02586    0.03276    0.0398    0.0541    0.06132    0.06856    0.07581    0.08305    0.0903    0.09754    0.1048    0.112    0.1192    0.1264    0.1337    0.1409    0.148    0.1552    0.1624    0.1696    0.1767    0.1839    0.1911    0.1982    0.2053    0.2125    0.2196    0.2267    0.2338    0.2409    0.248    
RB87    2.56e-05    0.003076    0.008918    0.01609    0.02398    0.03231    0.0409    0.04967    0.06746    0.07644    0.08544    0.09444    0.1034    0.1124    0.1214    0.1304    0.1394    0.1483    0.1573    0.1662    0.1751    0.184    0.1929    0.2018    0.2106    0.2195    0.2283    0.2372    0.246    0.2548    0.2636    0.2724    0.2811    0.2899    0.2986    0.3074    
SR88    3.537e-05    0.004379    0.01268    0.02283    0.03398    0.04571    0.05781    0.07013    0.09513    0.1077    0.1204    0.133    0.1457    0.1583    0.171    0.1836    0.1962    0.2088    0.2214    0.234    0.2466    0.2591    0.2717    0.2842    0.2967    0.3092    0.3217    0.3342    0.3467    0.3591    0.3716    0.384    0.3965    0.4089    0.4213    0.4337    
SR89    4.656e-05    0.003433    0.006549    0.008325    0.009301    0.009861    0.0102    0.01041    0.01123    0.01079    0.01071    0.0107    0.0107    0.01069    0.01068    0.01067    0.01066    0.01065    0.01064    0.01062    0.01061    0.0106    0.01059    0.01058    0.01056    0.01055    0.01054    0.01053    0.01052    0.01051    0.01049    0.01048    0.01047    0.01046    0.01044    0.01043    
Y89    9.538e-07    0.002127    0.009516    0.02056    0.03363    0.04781    0.06264    0.07784    0.1082    0.1243    0.1401    0.1557    0.1714    0.187    0.2025    0.218    0.2335    0.2489    0.2643    0.2797    0.295    0.3102    0.3254    0.3406    0.3557    0.3707    0.3858    0.4007    0.4157    0.4306    0.4454    0.4602    0.475    0.4897    0.5043    0.519    
SR90    5.348e-05    0.006719    0.01954    0.03516    0.0522    0.07    0.0882    0.1066    0.1436    0.1619    0.1801    0.1982    0.2161    0.2338    0.2513    0.2687    0.2859    0.3029    0.3197    0.3364    0.3529    0.3692    0.3853    0.4013    0.4171    0.4327    0.4482    0.4636    0.4787    0.4937    0.5086    0.5233    0.5378    0.5522    0.5664    0.5805    
Y91    5.116e-05    0.005272    0.01055    0.01375    0.01558    0.01665    0.01731    0.01772    0.01929    0.01854    0.0184    0.01838    0.01839    0.0184    0.0184    0.0184    0.0184    0.0184    0.01839    0.01839    0.01838    0.01838    0.01837    0.01837    0.01836    0.01836    0.01835    0.01835    0.01835    0.01834    0.01833    0.01833    0.01832    0.01831    0.01831    0.0183    
ZR91    7.726e-07    0.002756    0.01294    0.02872    0.04775    0.06863    0.0906    0.1132    0.1584    0.1827    0.2064    0.2299    0.2535    0.277    0.3005    0.3239    0.3473    0.3707    0.394    0.4172    0.4405    0.4636    0.4868    0.5098    0.5329    0.5559    0.5788    0.6017    0.6246    0.6474    0.6702    0.6929    0.7155    0.7382    0.7608    0.7833    
ZR92    6.257e-05    0.009655    0.0285    0.05174    0.07737    0.1044    0.1324    0.1609    0.219    0.2483    0.2777    0.3072    0.3367    0.3662    0.3957    0.4253    0.4548    0.4843    0.5138    0.5433    0.5728    0.6023    0.6318    0.6613    0.6908    0.7203    0.7498    0.7793    0.8087    0.8382    0.8677    0.8972    0.9266    0.9561    0.9855    1.015    
ZR93    6.674e-05    0.01228    0.03649    0.06632    0.09911    0.1336    0.169    0.205    0.2776    0.314    0.3503    0.3864    0.4223    0.4581    0.4936    0.5289    0.564    0.5989    0.6335    0.6679    0.7021    0.7361    0.7699    0.8034    0.8368    0.8699    0.9028    0.9355    0.968    1    1.032    1.064    1.096    1.127    1.159    1.19    
ZR94    7.371e-05    0.01322    0.03999    0.07331    0.1103    0.1495    0.1901    0.2318    0.317    0.3603    0.4038    0.4477    0.4917    0.5358    0.5802    0.6247    0.6693    0.7141    0.7591    0.8042    0.8494    0.8947    0.9402    0.9859    1.032    1.078    1.124    1.17    1.216    1.263    1.309    1.356    1.403    1.45    1.497    1.544    
ZR95    9.335e-05    0.01048    0.02201    0.0294    0.03377    0.0364    0.03802    0.03904    0.04263    0.04105    0.04068    0.04061    0.0406    0.04059    0.04057    0.04054    0.0405    0.04046    0.04042    0.04038    0.04034    0.04029    0.04025    0.04021    0.04017    0.04013    0.0401    0.04006    0.04002    0.03998    0.03994    0.0399    0.03986    0.03981    0.03977    0.03972    
NB95    1.461e-06    0.002931    0.008905    0.01361    0.01655    0.01832    0.01939    0.02006    0.02264    0.02165    0.02124    0.02113    0.02111    0.0211    0.02109    0.02108    0.02106    0.02104    0.02102    0.021    0.02098    0.02096    0.02094    0.02091    0.02089    0.02087    0.02085    0.02083    0.02081    0.02079    0.02077    0.02075    0.02073    0.02071    0.02068    0.02066    
MO95    2.879e-08    0.001894    0.01476    0.03988    0.07305    0.1107    0.1506    0.1914    0.2689    0.3122    0.3528    0.3918    0.4297    0.4666    0.5026    0.5377    0.5719    0.6051    0.6375    0.669    0.6997    0.7296    0.7586    0.7869    0.8145    0.8413    0.8673    0.8927    0.9174    0.9414    0.9648    0.9876    1.01    1.031    1.052    1.073    
ZR96    9.498e-05    0.01605    0.04835    0.08858    0.1332    0.1806    0.2296    0.2797    0.3817    0.4332    0.4848    0.5365    0.5882    0.6398    0.6914    0.7429    0.7944    0.8458    0.8971    0.9483    0.9995    1.051    1.102    1.153    1.203    1.254    1.305    1.356    1.406    1.457    1.507    1.558    1.608    1.658    1.708    1.758    
MO96    1.785e-09    2.515e-05    0.0002774    0.001079    0.002674    0.005203    0.008739    0.01331    0.02543    0.03306    0.04174    0.05141    0.06205    0.07361    0.08609    0.09944    0.1136    0.1287    0.1445    0.1612    0.1785    0.1966    0.2155    0.235    0.2552    0.276    0.2974    0.3195    0.3422    0.3654    0.3891    0.4134    0.4383    0.4636    0.4894    0.5156    
MO97    6.625e-05    0.01716    0.05206    0.0955    0.1436    0.1945    0.247    0.3006    0.409    0.4637    0.5182    0.5727    0.627    0.6811    0.7351    0.7888    0.8423    0.8956    0.9487    1.002    1.054    1.107    1.159    1.211    1.263    1.315    1.366    1.418    1.469    1.52    1.57    1.621    1.672    1.722    1.772    1.822    
MO98    0.0001034    0.01849    0.05603    0.103    0.1554    0.2112    0.2692    0.3286    0.4503    0.5121    0.5742    0.6365    0.699    0.7617    0.8246    0.8875    0.9506    1.014    1.077    1.14    1.204    1.267    1.331    1.395    1.459    1.523    1.587    1.651    1.715    1.78    1.844    1.909    1.973    2.038    2.103    2.168    
TC99    2.982e-05    0.01854    0.05666    0.1033    0.1538    0.2059    0.2581    0.3098    0.409    0.4565    0.5021    0.546    0.5881    0.6285    0.6671    0.7042    0.7396    0.7735    0.8059    0.8369    0.8666    0.895    0.9221    0.9481    0.9729    0.9967    1.019    1.041    1.062    1.082    1.101    1.119    1.136    1.153    1.169    1.184    
MO100    0.0001122    0.02192    0.06679    0.1229    0.1853    0.2516    0.3203    0.3905    0.5335    0.6058    0.6782    0.7507    0.8232    0.8956    0.9679    1.04    1.112    1.184    1.256    1.328    1.4    1.471    1.543    1.614    1.685    1.756    1.827    1.898    1.969    2.04    2.11    2.181    2.251    2.321    2.391    2.461    
RU100    1.386e-08    0.0003097    0.001932    0.005413    0.01099    0.01875    0.02871    0.04085    0.07138    0.08961    0.1097    0.1316    0.1551    0.1803    0.2069    0.235    0.2644    0.295    0.3268    0.3598    0.3938    0.4287    0.4646    0.5013    0.5388    0.5771    0.616    0.6556    0.6957    0.7364    0.7777    0.8193    0.8614    0.9039    0.9467    0.9899    
RU101    0.0001169    0.01963    0.05907    0.1082    0.1628    0.2207    0.2805    0.3415    0.4647    0.5266    0.5883    0.6497    0.7108    0.7717    0.8321    0.8923    0.9521    1.012    1.071    1.13    1.188    1.246    1.304    1.362    1.42    1.477    1.534    1.591    1.647    1.704    1.76    1.816    1.872    1.927    1.982    2.038    
RU102    0.0001204    0.02024    0.06134    0.1132    0.1716    0.2343    0.3    0.3678    0.5074    0.5787    0.6507    0.7232    0.7962    0.8696    0.9434    1.018    1.092    1.167    1.242    1.317    1.393    1.469    1.546    1.622    1.699    1.777    1.854    1.932    2.01    2.089    2.167    2.247    2.326    2.405    2.485    2.565    
RU103    0.0001043    0.01255    0.02396    0.03033    0.03398    0.03623    0.03769    0.03865    0.04161    0.04027    0.04026    0.04036    0.04045    0.04052    0.04058    0.04062    0.04066    0.0407    0.04073    0.04077    0.04081    0.04084    0.04088    0.04092    0.04096    0.041    0.04104    0.04108    0.04112    0.04117    0.04121    0.04125    0.04129    0.04133    0.04136    0.0414    
RH103    2.664e-06    0.008962    0.03696    0.07221    0.1067    0.1375    0.1637    0.1854    0.2165    0.2294    0.2384    0.2453    0.2506    0.2548    0.2581    0.2606    0.2626    0.2642    0.2655    0.2664    0.2673    0.2679    0.2685    0.269    0.2694    0.2698    0.2702    0.2705    0.2709    0.2712    0.2715    0.2718    0.2721    0.2723    0.2726    0.2729    
RU104    9.858e-05    0.01972    0.06058    0.1124    0.1707    0.2333    0.2986    0.3657    0.5031    0.5727    0.6424    0.7122    0.782    0.8518    0.9215    0.991    1.06    1.13    1.199    1.268    1.337    1.405    1.474    1.542    1.611    1.679    1.747    1.815    1.883    1.95    2.018    2.085    2.152    2.219    2.286    2.353    
PD104    7.458e-09    0.0007692    0.007296    0.02329    0.04935    0.08468    0.128    0.1781    0.2923    0.3559    0.4223    0.4908    0.561    0.6324    0.7047    0.7777    0.8513    0.9252    0.9995    1.074    1.148    1.223    1.298    1.373    1.447    1.522    1.597    1.672    1.747    1.821    1.896    1.971    2.045    2.12    2.194    2.269    
PD105    2.758e-05    0.0117    0.03636    0.06726    0.1015    0.1377    0.1748    0.2123    0.2866    0.3235    0.3597    0.3954    0.4304    0.4647    0.4984    0.5314    0.5637    0.5954    0.6264    0.6569    0.6867    0.716    0.7446    0.7727    0.8003    0.8273    0.8538    0.8798    0.9053    0.9303    0.9548    0.9789    1.002    1.026    1.048    1.071    
RU106    5.369e-05    0.01283    0.03713    0.06417    0.09057    0.1149    0.1365    0.1552    0.1897    0.1997    0.208    0.2147    0.2201    0.2244    0.2278    0.2305    0.2326    0.2343    0.2355    0.2365    0.2372    0.2377    0.238    0.2382    0.2384    0.2384    0.2384    0.2383    0.2382    0.238    0.2379    0.2377    0.2375    0.2372    0.237    0.2367    
PD106    1.296e-05    0.006524    0.02366    0.05028    0.0855    0.1284    0.1781    0.2338    0.3547    0.4247    0.4976    0.573    0.6506    0.7301    0.8113    0.8939    0.9777    1.063    1.149    1.236    1.323    1.412    1.501    1.591    1.682    1.773    1.865    1.957    2.05    2.143    2.237    2.331    2.426    2.521    2.617    2.713    
PD107    3.25e-05    0.01011    0.03193    0.0601    0.09219    0.1268    0.1629    0.1999    0.2746    0.3119    0.3488    0.3852    0.4211    0.4566    0.4914    0.5258    0.5595    0.5927    0.6254    0.6575    0.6891    0.7202    0.7507    0.7808    0.8103    0.8394    0.868    0.8962    0.9238    0.9511    0.9779    1.004    1.03    1.056    1.081    1.105    
PD108    2.185e-05    0.007071    0.02256    0.04284    0.06627    0.09186    0.1189    0.1469    0.2043    0.2333    0.2623    0.2912    0.32    0.3486    0.377    0.4052    0.4331    0.4608    0.4883    0.5155    0.5425    0.5692    0.5957    0.6219    0.6478    0.6735    0.6989    0.724    0.7489    0.7736    0.7979    0.822    0.8459    0.8694    0.8927    0.9158    
AG109    1.221e-05    0.004379    0.01312    0.02345    0.03423    0.04487    0.05508    0.06471    0.08195    0.08966    0.09679    0.1034    0.1096    0.1154    0.1208    0.126    0.131    0.1357    0.1403    0.1447    0.149    0.1531    0.1572    0.1612    0.1651    0.169    0.1727    0.1764    0.1801    0.1837    0.1873    0.1908    0.1943    0.1977    0.2011    0.2044    
PD110    1.326e-05    0.002261    0.006964    0.0131    0.02021    0.02802    0.03631    0.04493    0.06275    0.07184    0.08098    0.09014    0.09932    0.1085    0.1177    0.1268    0.136    0.1451    0.1543    0.1634    0.1725    0.1816    0.1906    0.1997    0.2087    0.2177    0.2267    0.2357    0.2447    0.2536    0.2625    0.2715    0.2804    0.2892    0.2981    0.3069    
CD110    2.873e-08    0.0003234    0.002005    0.005567    0.01117    0.01882    0.02842    0.03983    0.06747    0.08342    0.1006    0.1188    0.1381    0.1581    0.179    0.2006    0.2228    0.2457    0.269    0.2929    0.3172    0.3419    0.3671    0.3926    0.4185    0.4447    0.4713    0.4981    0.5252    0.5525    0.5802    0.608    0.6361    0.6643    0.6928    0.7215    
CD111    1.527e-06    0.001111    0.003418    0.006401    0.00986    0.01368    0.0178    0.02215    0.03144    0.03636    0.04146    0.04672    0.05216    0.05777    0.06357    0.06954    0.07571    0.08206    0.0886    0.09534    0.1023    0.1094    0.1167    0.1242    0.1319    0.1398    0.1479    0.1561    0.1646    0.1732    0.182    0.191    0.2002    0.2095    0.219    0.2287    
CD112    6.933e-06    0.000718    0.001966    0.003586    0.005511    0.0077    0.01012    0.01276    0.01859    0.02179    0.02516    0.0287    0.03243    0.03634    0.04044    0.04473    0.04921    0.0539    0.0588    0.06391    0.06924    0.07479    0.08058    0.08661    0.09288    0.09939    0.1062    0.1132    0.1205    0.1281    0.1359    0.144    0.1525    0.1612    0.1702    0.1795    
CD114    1.264e-05    0.001014    0.00257    0.004438    0.006517    0.008747    0.01108    0.0135    0.01846    0.02099    0.02353    0.0261    0.02867    0.03125    0.03384    0.03644    0.03905    0.04167    0.0443    0.04694    0.04959    0.05226    0.05493    0.05762    0.06033    0.06305    0.06579    0.06854    0.07132    0.07411    0.07693    0.07976    0.08262    0.0855    0.08841    0.09134    
SN124    1.113e-05    0.0005603    0.001354    0.002253    0.003205    0.004185    0.005181    0.006186    0.008205    0.009217    0.01023    0.01124    0.01224    0.01325    0.01425    0.01525    0.01624    0.01724    0.01823    0.01922    0.0202    0.02118    0.02216    0.02314    0.02412    0.02509    0.02606    0.02703    0.02799    0.02895    0.02991    0.03087    0.03182    0.03277    0.03372    0.03467    
SB125    8.944e-06    0.0008062    0.002083    0.003482    0.004871    0.0062    0.007449    0.008612    0.0108    0.0117    0.01254    0.0133    0.014    0.01464    0.01523    0.01577    0.01626    0.01671    0.01712    0.0175    0.01784    0.01816    0.01845    0.01871    0.01895    0.01917    0.01937    0.01956    0.01972    0.01987    0.02001    0.02014    0.02025    0.02035    0.02045    0.02053    
SN126    1.501e-05    0.001154    0.003109    0.005417    0.007895    0.01046    0.01307    0.01571    0.02102    0.02368    0.02635    0.02901    0.03166    0.03431    0.03696    0.0396    0.04224    0.04487    0.04749    0.05012    0.05273    0.05534    0.05795    0.06055    0.06315    0.06574    0.06833    0.07091    0.07349    0.07607    0.07864    0.0812    0.08376    0.08632    0.08887    0.09141    
I127    2.922e-06    0.001995    0.006024    0.01101    0.01645    0.02212    0.02788    0.03365    0.04498    0.05064    0.0562    0.06166    0.06702    0.0723    0.07748    0.08257    0.08758    0.09249    0.09732    0.1021    0.1067    0.1113    0.1158    0.1202    0.1246    0.1288    0.133    0.1372    0.1412    0.1452    0.1491    0.1529    0.1567    0.1604    0.164    0.1676    
TE128    3.122e-05    0.003892    0.01126    0.02018    0.02985    0.03992    0.05023    0.06066    0.08171    0.0923    0.1029    0.1135    0.1241    0.1346    0.1452    0.1558    0.1663    0.1768    0.1874    0.1979    0.2084    0.2188    0.2293    0.2398    0.2502    0.2606    0.2711    0.2815    0.2919    0.3023    0.3127    0.323    0.3334    0.3437    0.354    0.3644    
I129    3.188e-05    0.005792    0.0174    0.03128    0.04586    0.06043    0.07466    0.08838    0.1139    0.1258    0.1371    0.1477    0.1577    0.1672    0.1761    0.1845    0.1924    0.1999    0.2069    0.2135    0.2197    0.2256    0.2311    0.2363    0.2412    0.2459    0.2502    0.2543    0.2581    0.2618    0.2652    0.2684    0.2714    0.2742    0.2768    0.2793    
TE130    6.485e-05    0.01059    0.03167    0.05767    0.08626    0.1164    0.1474    0.1789    0.2429    0.2752    0.3074    0.3397    0.372    0.4043    0.4365    0.4686    0.5007    0.5328    0.5648    0.5968    0.6287    0.6606    0.6924    0.7242    0.7559    0.7876    0.8192    0.8508    0.8823    0.9138    0.9452    0.9766    1.008    1.039    1.07    1.102    
XE130    2.131e-08    0.0001469    0.0008442    0.002292    0.004557    0.007645    0.01154    0.0162    0.02767    0.03441    0.04174    0.04965    0.05807    0.06698    0.07635    0.08612    0.09629    0.1068    0.1176    0.1288    0.1402    0.1518    0.1637    0.1758    0.1881    0.2005    0.2131    0.2258    0.2387    0.2516    0.2647    0.2778    0.291    0.3042    0.3175    0.3308    
XE131    9.763e-06    0.01359    0.04134    0.07255    0.1032    0.1318    0.1576    0.1805    0.2179    0.2331    0.2462    0.2573    0.2669    0.275    0.282    0.2879    0.2929    0.2973    0.301    0.3042    0.3069    0.3093    0.3114    0.3132    0.3148    0.3163    0.3175    0.3187    0.3197    0.3207    0.3215    0.3223    0.3231    0.3238    0.3245    0.3251    
XE132    3.293e-05    0.02249    0.07285    0.1399    0.2187    0.3065    0.4013    0.5018    0.7153    0.8272    0.9416    1.058    1.176    1.296    1.416    1.538    1.66    1.783    1.907    2.03    2.155    2.279    2.404    2.529    2.653    2.778    2.904    3.029    3.154    3.279    3.404    3.529    3.654    3.779    3.904    4.029    
CS133    1.311e-05    0.02644    0.08276    0.151    0.224    0.2979    0.3709    0.4419    0.574    0.6358    0.6942    0.7492    0.801    0.8497    0.8955    0.9385    0.9788    1.017    1.052    1.086    1.117    1.146    1.174    1.199    1.224    1.246    1.268    1.288    1.307    1.324    1.341    1.356    1.371    1.384    1.397    1.409    
XE134    0.0001731    0.03242    0.09859    0.182    0.2755    0.3754    0.4796    0.5866    0.8053    0.9159    1.027    1.138    1.249    1.36    1.471    1.582    1.693    1.804    1.914    2.024    2.134    2.244    2.354    2.464    2.573    2.683    2.792    2.901    3.009    3.118    3.227    3.335    3.443    3.551    3.659    3.767    
CS134    7.666e-09    0.0005856    0.003456    0.008854    0.01637    0.02547    0.03563    0.04645    0.0694    0.08017    0.09075    0.101    0.1109    0.1203    0.1293    0.1379    0.1459    0.1535    0.1607    0.1674    0.1737    0.1797    0.1853    0.1905    0.1955    0.2001    0.2044    0.2085    0.2124    0.2159    0.2193    0.2225    0.2254    0.2282    0.2308    0.2333    
BA134    4.984e-12    1.527e-05    0.0001936    0.0008028    0.0021    0.00429    0.007515    0.01187    0.02317    0.03114    0.04025    0.05046    0.06172    0.074    0.08723    0.1014    0.1163    0.1321    0.1486    0.1658    0.1837    0.2021    0.2211    0.2406    0.2605    0.2809    0.3017    0.3229    0.3444    0.3662    0.3883    0.4107    0.4333    0.4561    0.4791    0.5023    
CS135    5.841e-06    0.001407    0.004866    0.01018    0.01759    0.02739    0.0398    0.05493    0.09336    0.1168    0.1428    0.1712    0.2018    0.2345    0.2692    0.3057    0.3439    0.3836    0.4246    0.4668    0.5102    0.5545    0.5998    0.6457    0.6924    0.7396    0.7873    0.8354    0.8838    0.9325    0.9814    1.03    1.08    1.129    1.178    1.227    
XE136    0.0002894    0.05963    0.1821    0.3362    0.5087    0.6928    0.8844    1.081    1.483    1.686    1.89    2.094    2.299    2.503    2.707    2.911    3.115    3.319    3.522    3.725    3.928    4.131    4.333    4.536    4.738    4.939    5.141    5.342    5.543    5.744    5.945    6.145    6.346    6.546    6.745    6.945    
BA136    3.031e-08    0.0002906    0.001121    0.00224    0.003545    0.005015    0.006664    0.008521    0.01318    0.0159    0.01898    0.02245    0.02636    0.03074    0.03562    0.04104    0.04701    0.05356    0.06072    0.06851    0.07694    0.08603    0.09579    0.1062    0.1174    0.1293    0.1418    0.1552    0.1692    0.184    0.1995    0.2158    0.2328    0.2506    0.2691    0.2883    
CS137    0.0001442    0.02829    0.08619    0.1586    0.2391    0.3243    0.4125    0.5023    0.6844    0.7753    0.8658    0.9558    1.045    1.134    1.222    1.309    1.396    1.482    1.567    1.651    1.735    1.818    1.9    1.982    2.063    2.143    2.223    2.302    2.38    2.457    2.534    2.611    2.686    2.761    2.835    2.909    
BA137    2.132e-08    7.896e-05    0.0004903    0.001393    0.002866    0.004956    0.007686    0.01107    0.01907    0.02444    0.03046    0.03711    0.0444    0.05232    0.06084    0.06998    0.07971    0.09002    0.1009    0.1124    0.1244    0.137    0.1501    0.1637    0.1779    0.1926    0.2078    0.2235    0.2397    0.2563    0.2735    0.2911    0.3092    0.3277    0.3467    0.3661    
BA138    0.000143    0.02571    0.07814    0.1443    0.2184    0.2978    0.3806    0.4657    0.6395    0.7277    0.8161    0.9047    0.9934    1.082    1.171    1.26    1.348    1.437    1.525    1.614    1.702    1.791    1.879    1.967    2.056    2.144    2.232    2.321    2.409    2.497    2.585    2.673    2.762    2.85    2.938    3.026    
LA139    0.0001433    0.0253    0.07636    0.1401    0.2109    0.2859    0.3632    0.4418    0.5998    0.6785    0.7564    0.8336    0.91    0.9853    1.06    1.133    1.206    1.277    1.348    1.417    1.486    1.554    1.621    1.687    1.752    1.816    1.879    1.942    2.003    2.064    2.124    2.183    2.241    2.299    2.356    2.412    
BA140    0.0001247    0.006486    0.01016    0.01213    0.01333    0.0141    0.01461    0.01495    0.01539    0.01539    0.01543    0.01544    0.01545    0.01545    0.01544    0.01542    0.01541    0.01539    0.01537    0.01536    0.01534    0.01532    0.0153    0.01529    0.01527    0.01525    0.01524    0.01522    0.0152    0.01518    0.01517    0.01515    0.01513    0.01511    0.01509    0.01508    
CE140    3.228e-06    0.01842    0.06687    0.1313    0.2052    0.2854    0.3701    0.458    0.6463    0.7403    0.8354    0.9316    1.029    1.127    1.226    1.326    1.426    1.527    1.629    1.732    1.836    1.94    2.045    2.15    2.256    2.363    2.471    2.579    2.687    2.797    2.907    3.017    3.128    3.24    3.352    3.465    
CE141    0.0001143    0.01212    0.02194    0.0272    0.0302    0.03205    0.03325    0.03403    0.03619    0.03522    0.03525    0.03532    0.03536    0.03539    0.0354    0.0354    0.0354    0.0354    0.0354    0.03539    0.03539    0.03539    0.03539    0.03539    0.03539    0.03539    0.03539    0.03539    0.03539    0.03539    0.03539    0.0354    0.03539    0.03539    0.03539    0.03539    
PR141    3.612e-06    0.01167    0.0498    0.1036    0.1654    0.2312    0.299    0.3676    0.503    0.5716    0.6382    0.7035    0.7676    0.8305    0.8922    0.9526    1.012    1.07    1.127    1.182    1.237    1.29    1.342    1.393    1.444    1.493    1.541    1.588    1.634    1.679    1.724    1.767    1.81    1.851    1.892    1.932    
CE142    0.000123    0.02304    0.07006    0.129    0.1947    0.2645    0.337    0.4112    0.5624    0.6386    0.715    0.7914    0.8677    0.9439    1.02    1.096    1.171    1.247    1.322    1.398    1.472    1.547    1.622    1.696    1.771    1.845    1.919    1.992    2.066    2.139    2.212    2.285    2.358    2.431    2.503    2.575    
ND142    3.123e-10    7.289e-05    0.0006932    0.002279    0.00503    0.009029    0.0143    0.02084    0.03753    0.04767    0.05894    0.07127    0.08462    0.09893    0.1142    0.1302    0.1471    0.1648    0.1832    0.2023    0.2221    0.2424    0.2633    0.2847    0.3066    0.329    0.3519    0.3751    0.3986    0.4226    0.4468    0.4713    0.4961    0.5211    0.5463    0.5717    
PR143    5.269e-05    0.005556    0.008711    0.01039    0.0114    0.01205    0.01248    0.01277    0.01329    0.01317    0.01322    0.01326    0.01328    0.0133    0.01331    0.01331    0.01332    0.01332    0.01333    0.01333    0.01333    0.01334    0.01334    0.01335    0.01335    0.01336    0.01336    0.01336    0.01337    0.01337    0.01338    0.01338    0.01338    0.01339    0.01339    0.01339    
ND143    2.998e-06    0.01276    0.03962    0.06641    0.08906    0.107    0.1209    0.1314    0.1469    0.1509    0.1537    0.156    0.1578    0.1594    0.1607    0.162    0.1631    0.1643    0.1654    0.1665    0.1677    0.1688    0.17    0.1713    0.1725    0.1738    0.1752    0.1765    0.1779    0.1793    0.1807    0.1822    0.1836    0.1851    0.1865    0.188    
CE144    0.000111    0.01651    0.04488    0.07422    0.1009    0.1239    0.1431    0.1587    0.1874    0.1935    0.1982    0.2019    0.2046    0.2066    0.2081    0.2092    0.2099    0.2104    0.2107    0.2109    0.211    0.2109    0.2109    0.2108    0.2106    0.2104    0.2103    0.2101    0.2099    0.2096    0.2094    0.2092    0.209    0.2087    0.2085    0.2082    
ND144    4.853e-07    0.003916    0.02478    0.06652    0.1274    0.2044    0.2942    0.394    0.6136    0.7333    0.8556    0.9795    1.105    1.231    1.357    1.484    1.611    1.737    1.864    1.991    2.118    2.244    2.371    2.497    2.623    2.749    2.875    3.001    3.127    3.252    3.378    3.503    3.629    3.754    3.879    4.005    
ND145    8.574e-05    0.01451    0.0425    0.07609    0.112    0.1485    0.1849    0.2205    0.2882    0.3202    0.3509    0.3802    0.4082    0.4351    0.4607    0.4853    0.5088    0.5314    0.5531    0.5739    0.5939    0.6132    0.6318    0.6498    0.6671    0.6839    0.7001    0.7159    0.7312    0.7461    0.7605    0.7746    0.7884    0.8018    0.8148    0.8276    
ND146    8.597e-05    0.01295    0.03976    0.07495    0.1161    0.1621    0.212    0.2653    0.3804    0.4417    0.5052    0.5706    0.6379    0.707    0.7776    0.8499    0.9236    0.9986    1.075    1.153    1.232    1.312    1.393    1.475    1.558    1.642    1.727    1.813    1.899    1.987    2.075    2.164    2.254    2.344    2.436    2.527    
PM147    5.742e-06    0.006459    0.01821    0.02898    0.03747    0.04381    0.04843    0.05176    0.05688    0.05764    0.05825    0.05874    0.05913    0.05946    0.05974    0.05999    0.06022    0.06043    0.06064    0.06085    0.06106    0.06127    0.06148    0.0617    0.06192    0.06215    0.06238    0.06261    0.06285    0.06309    0.06333    0.06358    0.06382    0.06407    0.06432    0.06457    
SM147    4.191e-09    0.0001622    0.001093    0.002855    0.005207    0.007895    0.01072    0.01354    0.01844    0.02095    0.02323    0.02529    0.02714    0.02881    0.03031    0.03165    0.03286    0.03395    0.03493    0.03581    0.0366    0.03732    0.03798    0.03857    0.03911    0.03961    0.04007    0.0405    0.04089    0.04126    0.0416    0.04193    0.04223    0.04252    0.0428    0.04307    
ND148    5.741e-05    0.008604    0.02573    0.04719    0.07116    0.09671    0.1233    0.1504    0.2057    0.2335    0.2613    0.289    0.3166    0.344    0.3714    0.3985    0.4256    0.4525    0.4792    0.5058    0.5323    0.5586    0.5847    0.6107    0.6365    0.6623    0.6878    0.7132    0.7385    0.7636    0.7886    0.8135    0.8382    0.8627    0.8871    0.9114    
SM148    1.906e-09    0.0005964    0.003996    0.01076    0.02047    0.03252    0.04639    0.06165    0.09592    0.1139    0.1322    0.1509    0.1698    0.189    0.2083    0.2278    0.2475    0.2672    0.287    0.3069    0.3269    0.3469    0.3669    0.387    0.4071    0.4272    0.4473    0.4675    0.4877    0.5079    0.5281    0.5483    0.5685    0.5887    0.6089    0.6291    
ND150    3.501e-05    0.005082    0.01519    0.02788    0.04213    0.05736    0.07323    0.08952    0.1227    0.1395    0.1563    0.1731    0.1899    0.2066    0.2233    0.2399    0.2564    0.2729    0.2893    0.3057    0.322    0.3383    0.3545    0.3706    0.3867    0.4027    0.4186    0.4345    0.4503    0.4661    0.4818    0.4975    0.5131    0.5286    0.5441    0.5595    
SM150    9.069e-06    0.006413    0.0202    0.03771    0.0568    0.07613    0.09484    0.1125    0.1447    0.1581    0.17    0.1806    0.19    0.1983    0.2058    0.2124    0.2183    0.2237    0.2285    0.2328    0.2368    0.2404    0.2437    0.2468    0.2497    0.2525    0.255    0.2574    0.2598    0.262    0.2641    0.2662    0.2682    0.2701    0.272    0.2739    
SM152    1.857e-05    0.006024    0.01712    0.0294    0.04158    0.05318    0.06397    0.07387    0.09101    0.09835    0.1049    0.1106    0.1156    0.1201    0.124    0.1275    0.1306    0.1333    0.1357    0.1379    0.1399    0.1416    0.1433    0.1447    0.1461    0.1473    0.1485    0.1496    0.1506    0.1515    0.1524    0.1533    0.1541    0.1549    0.1557    0.1565    
EU153    4.468e-06    0.002257    0.007696    0.01491    0.02288    0.03095    0.03875    0.04607    0.05893    0.06453    0.06955    0.07401    0.07795    0.08143    0.0845    0.08721    0.08959    0.0917    0.09357    0.09523    0.09671    0.09803    0.09922    0.1003    0.1013    0.1022    0.103    0.1038    0.1045    0.1051    0.1057    0.1063    0.1069    0.1074    0.1079    0.1084    
SM154    7.092e-06    0.00141    0.004367    0.008177    0.01253    0.01726    0.02225    0.02741    0.03805    0.04344    0.04886    0.05428    0.0597    0.06509    0.07047    0.07582    0.08113    0.08641    0.09166    0.09686    0.102    0.1072    0.1122    0.1173    0.1223    0.1272    0.1322    0.137    0.1419    0.1466    0.1514    0.1561    0.1607    0.1653    0.1699    0.1744    
EU154    3.176e-08    0.0003589    0.001778    0.004045    0.006767    0.009652    0.01251    0.01525    0.02007    0.02223    0.02415    0.02587    0.02739    0.02874    0.02992    0.03097    0.03189    0.03271    0.03343    0.03407    0.03463    0.03514    0.0356    0.03601    0.03638    0.03672    0.03703    0.03732    0.03758    0.03783    0.03806    0.03828    0.03849    0.03868    0.03887    0.03905    
GD156    1.387e-07    0.0008108    0.004061    0.01071    0.02167    0.03743    0.05806    0.0834    0.1566    0.1944    0.2348    0.2782    0.324    0.372    0.4218    0.4732    0.5259    0.5797    0.6344    0.6899    0.746    0.8026    0.8596    0.917    0.9745    1.032    1.09    1.148    1.206    1.264    1.321    1.379    1.437    1.494    1.552    1.609    
GD158    2.172e-06    0.000727    0.0025    0.005188    0.00882    0.01342    0.01898    0.02549    0.04349    0.05271    0.06267    0.07339    0.08483    0.09696    0.1098    0.1232    0.1372    0.1518    0.167    0.1828    0.1991    0.2159    0.2332    0.251    0.2693    0.288    0.3072    0.3269    0.347    0.3676    0.3886    0.41    0.4318    0.4541    0.4767    0.4998    
