TIME    3   50   100   150   200   250   300   350   400   450   500   550   600   650   700   750   800   850   900   950   1000   1050   1100   1150   1200   1250   1300   1350   1400   1450   1500   1550   1600   
NEUT_PROD    291   271   252   234   218   202   188   174   162   151   140   130   121   112   104   97   90.2   83.9   78   72.5   67.5   62.8   58.4   54.4   50.7   47.2   44   41   38.2   35.7   33.3   31.1   29.1   
NEUT_DEST    146   144   136   128   120   113   107   100   94.7   89.4   84.4   79.8   75.5   71.5   67.7   64.2   61   57.9   55.1   52.5   50   47.7   45.6   43.6   41.7   40   38.4   36.9   35.5   34.2   32.9   31.8   30.7   
BUd    1.17e-13    53    52.4    48.7    45.3    42.1    39.1    36.3    33.7    31.3    29.1    27.1    25.1    23.4    21.7    20.2    18.8    17.4    16.2    15.1    14    13    12.1    11.3    10.5    9.79    9.12    8.5    7.92    7.39    6.89    6.43    6.01    
U234    9.888e-18    0.00443    0.008692    0.01253    0.01599    0.01911    0.02194    0.02453    0.0269    0.02911    0.03119    0.03317    0.03511    0.03701    0.03893    0.04087    0.04288    0.04498    0.04718    0.0495    0.05197    0.0546    0.0574    0.06038    0.06355    0.06692    0.07049    0.07428    0.07827    0.08248    0.08691    0.09154    0.09639    
U235    1000    933    866.7    805.1    747.8    694.7    645.3    599.4    556.8    517.2    480.4    446.3    414.6    385.1    357.7    332.3    308.7    286.7    266.3    247.4    229.8    213.5    198.3    184.2    171.1    159    147.7    137.2    127.4    118.4    109.9    102.1    94.87    
U236    2.613e-14    11.82    23.41    34.08    43.87    52.87    61.11    68.67    75.58    81.9    87.67    92.92    97.7    102    106    109.5    112.7    115.6    118.2    120.5    122.5    124.3    125.9    127.3    128.5    129.5    130.4    131.1    131.6    132.1    132.4    132.6    132.7    
U237    0    0.01549    0.03475    0.05248    0.06878    0.08374    0.09746    0.11    0.1215    0.1321    0.1417    0.1504    0.1584    0.1656    0.1722    0.1781    0.1835    0.1883    0.1926    0.1965    0.1999    0.2029    0.2056    0.2079    0.2099    0.2116    0.2131    0.2143    0.2152    0.216    0.2166    0.2169    0.2172    
U238    0    0.0003281    0.001659    0.003964    0.007163    0.01118    0.01595    0.02141    0.02749    0.03415    0.04133    0.04898    0.05706    0.06554    0.07436    0.08351    0.09294    0.1026    0.1125    0.1227    0.1329    0.1434    0.154    0.1647    0.1755    0.1864    0.1973    0.2084    0.2194    0.2305    0.2416    0.2527    0.2639    
NP237    0    0.03153    0.1571    0.3696    0.6576    1.011    1.419    1.875    2.37    2.898    3.452    4.026    4.616    5.217    5.825    6.436    7.047    7.656    8.26    8.856    9.443    10.02    10.58    11.13    11.67    12.19    12.7    13.18    13.66    14.11    14.55    14.96    15.37    
NP238    0    8.832e-05    0.0004403    0.001037    0.001845    0.002837    0.003984    0.005265    0.006656    0.008138    0.009693    0.01131    0.01296    0.01465    0.01636    0.01808    0.01979    0.0215    0.0232    0.02487    0.02652    0.02814    0.02973    0.03127    0.03278    0.03424    0.03566    0.03703    0.03836    0.03963    0.04086    0.04204    0.04316    
PU238    0    0.0003686    0.004098    0.01514    0.03678    0.07164    0.1218    0.1887    0.2736    0.3771    0.4996    0.6413    0.8019    0.9812    1.179    1.393    1.625    1.872    2.134    2.41    2.699    3    3.311    3.631    3.96    4.296    4.639    4.986    5.338    5.693    6.051    6.409    6.769    
PU239    0    4.054e-06    8.899e-05    0.0004792    0.001504    0.003548    0.007013    0.01229    0.01976    0.02974    0.04252    0.05833    0.07737    0.09977    0.1256    0.155    0.1878    0.2242    0.2639    0.307    0.3532    0.4025    0.4548    0.5097    0.5672    0.6271    0.6892    0.7532    0.8189    0.8862    0.9549    1.025    1.096    
SE77    1.585e-18    0.001747    0.003571    0.005254    0.006807    0.008239    0.009559    0.01077    0.01189    0.01292    0.01387    0.01474    0.01553    0.01626    0.01693    0.01754    0.0181    0.01861    0.01907    0.01949    0.01987    0.02022    0.02053    0.02081    0.02106    0.02129    0.02149    0.02166    0.02182    0.02195    0.02207    0.02217    0.02226    
SE78    8.119e-18    0.003786    0.007561    0.01108    0.01435    0.0174    0.02025    0.0229    0.02538    0.02768    0.02984    0.03185    0.03372    0.03548    0.03711    0.03865    0.04008    0.04142    0.04267    0.04385    0.04495    0.04598    0.04695    0.04786    0.04871    0.04951    0.05027    0.05098    0.05166    0.05229    0.05289    0.05346    0.05399    
SE79    2.159e-17    0.009831    0.01957    0.02861    0.03701    0.04481    0.05205    0.05877    0.06502    0.07081    0.0762    0.0812    0.08584    0.09015    0.09415    0.09787    0.1013    0.1045    0.1075    0.1103    0.1128    0.1152    0.1174    0.1195    0.1214    0.1232    0.1248    0.1264    0.1278    0.1291    0.1303    0.1315    0.1326    
SE80    5.206e-17    0.02364    0.04706    0.06882    0.08904    0.1078    0.1253    0.1415    0.1566    0.1705    0.1836    0.1956    0.2069    0.2173    0.227    0.2361    0.2444    0.2522    0.2595    0.2662    0.2725    0.2783    0.2838    0.2888    0.2935    0.2979    0.302    0.3058    0.3093    0.3126    0.3157    0.3186    0.3213    
BR81    8.934e-17    0.04051    0.08048    0.1175    0.1516    0.1832    0.2124    0.2393    0.2642    0.2871    0.3082    0.3277    0.3457    0.3622    0.3773    0.3913    0.4041    0.4158    0.4266    0.4364    0.4454    0.4536    0.4611    0.4679    0.4741    0.4796    0.4847    0.4893    0.4934    0.497    0.5003    0.5032    0.5058    
SE82    1.411e-16    0.06405    0.1275    0.1864    0.2412    0.292    0.3393    0.3832    0.424    0.4618    0.4971    0.5298    0.5602    0.5884    0.6146    0.639    0.6617    0.6827    0.7023    0.7205    0.7374    0.7532    0.7678    0.7814    0.7941    0.8058    0.8168    0.827    0.8365    0.8453    0.8536    0.8612    0.8684    
KR83    2.192e-16    0.103    0.203    0.2931    0.3741    0.4467    0.5117    0.5696    0.621    0.6664    0.7063    0.7412    0.7715    0.7975    0.8196    0.8382    0.8536    0.866    0.8757    0.8829    0.8879    0.8909    0.892    0.8915    0.8895    0.8861    0.8815    0.8759    0.8692    0.8617    0.8534    0.8445    0.835    
KR84    4.474e-16    0.2045    0.41    0.6036    0.7861    0.9582    1.121    1.274    1.419    1.556    1.685    1.808    1.924    2.034    2.138    2.237    2.331    2.42    2.504    2.584    2.661    2.734    2.803    2.869    2.932    2.992    3.049    3.104    3.156    3.207    3.254    3.3    3.344    
KR85    1.188e-16    0.05352    0.1064    0.155    0.1998    0.2408    0.2785    0.3131    0.3448    0.3738    0.4003    0.4244    0.4465    0.4665    0.4847    0.5012    0.5161    0.5296    0.5417    0.5525    0.5622    0.5708    0.5784    0.5851    0.591    0.596    0.6004    0.6041    0.6071    0.6096    0.6116    0.6131    0.6141    
RB85    4.408e-16    0.1995    0.3986    0.5841    0.7568    0.9177    1.068    1.207    1.337    1.459    1.572    1.678    1.776    1.868    1.954    2.034    2.109    2.179    2.244    2.305    2.362    2.416    2.466    2.513    2.557    2.598    2.637    2.674    2.708    2.74    2.77    2.799    2.826    
KR86    8.952e-16    0.4065    0.8092    1.183    1.531    1.854    2.154    2.432    2.691    2.932    3.155    3.363    3.556    3.735    3.902    4.057    4.201    4.335    4.459    4.575    4.682    4.782    4.875    4.961    5.042    5.116    5.186    5.25    5.311    5.367    5.419    5.468    5.513    
RB87    1.159e-15    0.5256    1.047    1.531    1.981    2.399    2.787    3.148    3.483    3.794    4.083    4.351    4.601    4.833    5.048    5.248    5.434    5.606    5.767    5.916    6.054    6.183    6.303    6.414    6.517    6.613    6.703    6.786    6.863    6.935    7.002    7.064    7.122    
SR88    1.575e-15    0.7551    1.506    2.204    2.852    3.455    4.014    4.534    5.018    5.467    5.884    6.271    6.632    6.966    7.278    7.567    7.836    8.086    8.318    8.534    8.735    8.921    9.095    9.257    9.407    9.547    9.677    9.798    9.911    10.02    10.11    10.21    10.29    
SR89    2.157e-15    0.7344    1.084    1.209    1.225    1.189    1.131    1.063    0.9944    0.9271    0.863    0.8027    0.7462    0.6936    0.6446    0.599    0.5567    0.5173    0.4808    0.4469    0.4154    0.3861    0.359    0.3338    0.3104    0.2886    0.2684    0.2497    0.2323    0.2162    0.2012    0.1873    0.1745    
Y89    4.472e-17    0.2659    0.9076    1.703    2.542    3.372    4.169    4.921    5.626    6.285    6.898    7.468    7.998    8.491    8.949    9.374    9.769    10.14    10.48    10.79    11.09    11.36    11.61    11.85    12.07    12.27    12.46    12.64    12.8    12.95    13.09    13.22    13.35    
SR90    2.664e-15    1.208    2.401    3.505    4.526    5.471    6.345    7.152    7.899    8.588    9.224    9.811    10.35    10.85    11.31    11.73    12.12    12.48    12.81    13.11    13.39    13.64    13.87    14.08    14.28    14.45    14.61    14.75    14.89    15    15.11    15.2    15.29    
ZR90    3.901e-18    0.003509    0.01111    0.02246    0.03729    0.05536    0.07642    0.1003    0.1267    0.1554    0.1864    0.2194    0.2543    0.2908    0.329    0.3686    0.4096    0.4518    0.4951    0.5395    0.5848    0.631    0.678    0.7258    0.7742    0.8232    0.8728    0.9229    0.9734    1.024    1.076    1.127    1.179    
Y91    2.197e-15    0.9435    1.45    1.664    1.722    1.696    1.63    1.544    1.45    1.357    1.265    1.179    1.097    1.02    0.948    0.8812    0.819    0.7612    0.7075    0.6576    0.6113    0.5683    0.5283    0.4913    0.4568    0.4249    0.3952    0.3677    0.3421    0.3184    0.2964    0.276    0.2571    
ZR91    3.347e-17    0.2909    1.023    1.959    2.97    3.987    4.975    5.917    6.804    7.635    8.411    9.134    9.806    10.43    11.01    11.55    12.05    12.52    12.95    13.35    13.72    14.07    14.39    14.68    14.96    15.22    15.45    15.67    15.88    16.07    16.25    16.41    16.56    
ZR92    2.701e-15    1.287    2.572    3.767    4.877    5.909    6.868    7.759    8.587    9.357    10.07    10.74    11.36    11.93    12.47    12.96    13.43    13.86    14.26    14.63    14.98    15.3    15.6    15.88    16.14    16.38    16.61    16.82    17.02    17.2    17.37    17.53    17.68    
ZR93    2.483e-15    1.393    2.789    4.085    5.286    6.401    7.435    8.393    9.282    10.11    10.87    11.58    12.23    12.84    13.4    13.92    14.41    14.85    15.27    15.65    16    16.33    16.63    16.91    17.17    17.41    17.63    17.83    18.02    18.2    18.35    18.5    18.64    
ZR94    3.031e-15    1.377    2.744    4.015    5.198    6.299    7.324    8.277    9.166    9.993    10.76    11.48    12.15    12.77    13.35    13.9    14.4    14.87    15.31    15.72    16.11    16.47    16.8    17.12    17.41    17.69    17.95    18.19    18.42    18.63    18.83    19.02    19.2    
ZR95    3.099e-15    1.117    1.74    2.025    2.118    2.106    2.037    1.939    1.829    1.715    1.603    1.494    1.392    1.295    1.204    1.12    1.041    0.968    0.8999    0.8367    0.778    0.7235    0.6728    0.6259    0.5823    0.5418    0.5043    0.4695    0.4372    0.4072    0.3794    0.3537    0.3298    
NB95    4.938e-17    0.2314    0.6076    0.8893    1.051    1.121    1.13    1.103    1.057    1.001    0.9407    0.8805    0.8219    0.7659    0.7129    0.6633    0.6168    0.5735    0.5332    0.4958    0.4609    0.4286    0.3986    0.3707    0.3448    0.3208    0.2985    0.2778    0.2586    0.2408    0.2243    0.209    0.1948    
MO95    9.81e-19    0.08083    0.4966    1.241    2.198    3.26    4.354    5.432    6.467    7.445    8.361    9.213    10    10.73    11.4    12.02    12.58    13.1    13.58    14.01    14.41    14.77    15.1    15.4    15.67    15.91    16.13    16.33    16.51    16.67    16.81    16.93    17.04    
ZR96    3.125e-15    1.419    2.825    4.13    5.343    6.469    7.515    8.486    9.389    10.23    11    11.73    12.4    13.02    13.6    14.14    14.64    15.1    15.53    15.93    16.31    16.65    16.97    17.27    17.55    17.81    18.04    18.27    18.48    18.67    18.85    19.01    19.17    
MO96    1.72e-19    0.0003277    0.002303    0.00778    0.01808    0.03391    0.05552    0.0829    0.1158    0.1541    0.1972    0.245    0.297    0.3529    0.4124    0.4753    0.5412    0.6098    0.681    0.7545    0.8301    0.9077    0.9869    1.068    1.15    1.233    1.318    1.404    1.49    1.578    1.666    1.754    1.844    
ZR97    9.433e-16    0.02787    0.0259    0.02407    0.02237    0.02079    0.01932    0.01795    0.01669    0.01551    0.01442    0.01341    0.01246    0.01159    0.01078    0.01002    0.009325    0.008676    0.008073    0.007514    0.006995    0.006513    0.006067    0.005652    0.005268    0.004912    0.004581    0.004275    0.003991    0.003727    0.003483    0.003257    0.003048    
MO97    1.999e-15    1.31    2.638    3.87    5.015    6.077    7.063    7.978    8.827    9.615    10.35    11.03    11.66    12.24    12.78    13.29    13.75    14.19    14.59    14.96    15.31    15.63    15.93    16.2    16.46    16.7    16.92    17.12    17.31    17.49    17.65    17.81    17.95    
MO98    2.963e-15    1.346    2.68    3.92    5.073    6.144    7.141    8.068    8.93    9.731    10.48    11.17    11.82    12.42    12.98    13.5    13.98    14.43    14.85    15.24    15.61    15.95    16.27    16.56    16.84    17.1    17.34    17.57    17.78    17.97    18.16    18.33    18.5    
MO99    2.153e-15    0.1136    0.1056    0.09811    0.09118    0.08474    0.07876    0.07321    0.06805    0.06327    0.05882    0.05469    0.05086    0.0473    0.04399    0.04092    0.03808    0.03543    0.03298    0.0307    0.02859    0.02663    0.02482    0.02313    0.02157    0.02012    0.01878    0.01753    0.01638    0.01531    0.01432    0.0134    0.01255    
TC99    8.444e-16    1.264    2.632    3.889    5.042    6.1    7.069    7.955    8.765    9.504    10.18    10.79    11.35    11.85    12.31    12.72    13.09    13.42    13.71    13.98    14.21    14.41    14.59    14.75    14.88    14.99    15.09    15.16    15.23    15.27    15.3    15.32    15.33    
MO100    3.255e-15    1.478    2.942    4.301    5.564    6.736    7.826    8.837    9.777    10.65    11.46    12.21    12.91    13.56    14.16    14.73    15.25    15.73    16.18    16.6    16.98    17.35    17.68    17.99    18.28    18.55    18.8    19.04    19.25    19.46    19.65    19.82    19.99    
RU100    1.184e-20    0.006162    0.0268    0.0608    0.107    0.1645    0.2322    0.3093    0.395    0.4884    0.589    0.696    0.8088    0.927    1.05    1.177    1.308    1.443    1.58    1.72    1.863    2.008    2.154    2.302    2.451    2.602    2.753    2.905    3.058    3.211    3.364    3.517    3.671    
RU101    2.641e-15    1.202    2.389    3.486    4.501    5.438    6.305    7.104    7.843    8.524    9.152    9.731    10.26    10.76    11.21    11.62    12    12.35    12.68    12.97    13.24    13.49    13.71    13.92    14.1    14.27    14.43    14.57    14.69    14.81    14.91    15    15.08    
RU102    2.227e-15    1.017    2.03    2.975    3.859    4.685    5.457    6.179    6.855    7.488    8.081    8.636    9.158    9.647    10.11    10.54    10.94    11.33    11.69    12.03    12.35    12.65    12.94    13.21    13.46    13.71    13.94    14.16    14.37    14.57    14.76    14.94    15.12    
RU103    1.634e-15    0.5149    0.7108    0.7565    0.7427    0.7067    0.6637    0.6198    0.5774    0.5374    0.5    0.4651    0.4327    0.4026    0.3746    0.3487    0.3247    0.3024    0.2817    0.2625    0.2447    0.2283    0.213    0.1989    0.1858    0.1737    0.1625    0.1521    0.1426    0.1337    0.1255    0.118    0.111    
RH103    4.291e-17    0.2423    0.776    1.379    1.963    2.497    2.971    3.385    3.743    4.049    4.307    4.522    4.697    4.838    4.947    5.028    5.084    5.117    5.13    5.125    5.104    5.07    5.024    4.967    4.901    4.827    4.747    4.661    4.571    4.477    4.38    4.281    4.18    
RU104    1.016e-15    0.4621    0.921    1.348    1.745    2.113    2.456    2.774    3.07    3.344    3.6    3.837    4.057    4.262    4.452    4.629    4.794    4.947    5.089    5.221    5.345    5.459    5.566    5.666    5.759    5.846    5.927    6.002    6.073    6.139    6.202    6.26    6.315    
PD104    4.005e-23    0.003923    0.02778    0.07941    0.1597    0.2667    0.3979    0.5503    0.721    0.9075    1.107    1.318    1.539    1.766    1.999    2.237    2.478    2.721    2.964    3.208    3.45    3.692    3.931    4.167    4.4    4.63    4.856    5.077    5.294    5.507    5.715    5.918    6.116    
PD105    2.544e-16    0.2248    0.4577    0.6727    0.8712    1.054    1.223    1.379    1.523    1.655    1.777    1.889    1.992    2.087    2.175    2.255    2.329    2.397    2.459    2.517    2.569    2.618    2.662    2.703    2.74    2.775    2.806    2.836    2.862    2.887    2.91    2.93    2.95    
RU106    2.281e-16    0.09934    0.1885    0.2627    0.3238    0.3733    0.4128    0.4436    0.4668    0.4835    0.4946    0.5008    0.503    0.5017    0.4974    0.4908    0.4822    0.472    0.4605    0.4481    0.4349    0.4212    0.4072    0.3931    0.3789    0.3649    0.351    0.3374    0.3242    0.3114    0.299    0.2871    0.2758    
PD106    6.45e-19    0.02412    0.05969    0.1029    0.1524    0.2071    0.2659    0.328    0.3925    0.4588    0.5263    0.5946    0.6632    0.7318    0.8    0.8676    0.9344    1    1.065    1.129    1.191    1.252    1.312    1.37    1.427    1.482    1.536    1.589    1.64    1.69    1.739    1.787    1.834    
PD107    1.066e-16    0.04837    0.09616    0.1404    0.1813    0.2192    0.2542    0.2867    0.3167    0.3444    0.3701    0.3938    0.4158    0.4361    0.4549    0.4724    0.4886    0.5036    0.5175    0.5305    0.5426    0.554    0.5646    0.5745    0.5839    0.5927    0.6011    0.609    0.6166    0.6239    0.631    0.6377    0.6443    
PD108    5.102e-17    0.02318    0.04611    0.06737    0.08707    0.1053    0.1223    0.138    0.1525    0.166    0.1785    0.1902    0.2009    0.211    0.2203    0.2289    0.237    0.2446    0.2516    0.2583    0.2645    0.2704    0.2759    0.2812    0.2862    0.291    0.2957    0.3001    0.3044    0.3087    0.3128    0.3168    0.3209    
AG109    1.851e-17    0.01106    0.02189    0.03162    0.04034    0.04815    0.05512    0.06133    0.06685    0.07173    0.07605    0.07985    0.08318    0.0861    0.08865    0.09086    0.09278    0.09444    0.09587    0.0971    0.09816    0.09907    0.09986    0.1005    0.1012    0.1017    0.1022    0.1026    0.1031    0.1035    0.1039    0.1044    0.1048    
PD110    1.853e-17    0.008412    0.01674    0.02448    0.03166    0.03834    0.04454    0.0503    0.05565    0.06063    0.06525    0.06956    0.07356    0.0773    0.08078    0.08402    0.08706    0.08991    0.09257    0.09508    0.09744    0.09967    0.1018    0.1038    0.1057    0.1075    0.1093    0.111    0.1126    0.1142    0.1158    0.1173    0.1188    
CD110    0    0.0002476    0.00103    0.002296    0.003997    0.00609    0.008532    0.01129    0.01432    0.01759    0.02109    0.02477    0.02863    0.03262    0.03674    0.04098    0.0453    0.0497    0.05417    0.05869    0.06326    0.06787    0.07251    0.07718    0.08186    0.08656    0.09128    0.09601    0.1007    0.1055    0.1102    0.115    0.1198    
CD111    1.909e-18    0.005327    0.01217    0.01852    0.0244    0.02984    0.03487    0.03953    0.04384    0.04783    0.05153    0.05496    0.05814    0.06109    0.06383    0.06637    0.06874    0.07095    0.07301    0.07494    0.07674    0.07844    0.08003    0.08154    0.08296    0.08431    0.0856    0.08683    0.08801    0.08915    0.09026    0.09133    0.09238    
CD112    6.933e-18    0.004897    0.009926    0.01462    0.01901    0.02312    0.02696    0.03056    0.03393    0.03708    0.04004    0.04282    0.04543    0.04788    0.05018    0.05236    0.0544    0.05634    0.05817    0.0599    0.06154    0.0631    0.06458    0.06599    0.06734    0.06863    0.06987    0.07106    0.0722    0.07331    0.07438    0.07542    0.07643    
CD114    1.016e-17    0.00844    0.01787    0.02663    0.03477    0.04233    0.04935    0.05586    0.06191    0.06752    0.07274    0.07758    0.08207    0.08625    0.09013    0.09373    0.09708    0.1002    0.1031    0.1058    0.1083    0.1106    0.1128    0.1148    0.1167    0.1185    0.1201    0.1217    0.1231    0.1245    0.1258    0.127    0.1281    
IN115    2.776e-18    0.003279    0.006229    0.008406    0.009941    0.01096    0.01158    0.01189    0.01196    0.01185    0.01161    0.01127    0.01087    0.01043    0.009959    0.009479    0.008997    0.008521    0.008055    0.007605    0.007173    0.00676    0.006368    0.005998    0.005648    0.00532    0.005012    0.004724    0.004455    0.004204    0.003971    0.003755    0.003554    
CD116    1.01e-17    0.004586    0.009131    0.01335    0.01727    0.02092    0.0243    0.02745    0.03037    0.03308    0.0356    0.03794    0.04011    0.04213    0.04401    0.04576    0.04738    0.04889    0.05029    0.05159    0.05281    0.05394    0.05499    0.05597    0.05688    0.05773    0.05852    0.05926    0.05996    0.0606    0.06121    0.06177    0.0623    
SN116    2.506e-23    0.0003594    0.001474    0.00316    0.005258    0.007638    0.0102    0.01286    0.01555    0.01824    0.02089    0.02347    0.02596    0.02835    0.03064    0.03282    0.03489    0.03685    0.0387    0.04045    0.04209    0.04364    0.0451    0.04647    0.04776    0.04897    0.05011    0.05118    0.05218    0.05313    0.05402    0.05486    0.05565    
SN117    9.233e-18    0.004488    0.008959    0.01311    0.01696    0.02054    0.02386    0.02695    0.02981    0.03247    0.03494    0.03724    0.03937    0.04136    0.0432    0.04491    0.0465    0.04798    0.04936    0.05064    0.05183    0.05294    0.05397    0.05493    0.05583    0.05667    0.05745    0.05818    0.05886    0.05949    0.06009    0.06065    0.06117    
SN118    1.087e-17    0.005017    0.009993    0.01462    0.01892    0.02291    0.02663    0.03008    0.03329    0.03627    0.03905    0.04163    0.04403    0.04626    0.04834    0.05027    0.05207    0.05375    0.05531    0.05676    0.05812    0.05938    0.06056    0.06166    0.06269    0.06365    0.06455    0.06539    0.06618    0.06691    0.06761    0.06826    0.06887    
SN119    1.042e-17    0.004744    0.009453    0.01384    0.01791    0.02171    0.02524    0.02853    0.03158    0.03443    0.03707    0.03954    0.04183    0.04396    0.04594    0.04779    0.04951    0.05111    0.0526    0.05399    0.05528    0.05649    0.05761    0.05866    0.05964    0.06056    0.06141    0.06221    0.06296    0.06366    0.06432    0.06493    0.06551    
SN120    1.108e-17    0.005035    0.01002    0.01466    0.01897    0.02297    0.0267    0.03016    0.03337    0.03636    0.03914    0.04173    0.04413    0.04637    0.04845    0.05038    0.05218    0.05386    0.05542    0.05687    0.05823    0.05949    0.06067    0.06177    0.0628    0.06376    0.06465    0.06549    0.06628    0.06701    0.0677    0.06835    0.06896    
SB121    6.432e-18    0.005146    0.01039    0.01523    0.01968    0.02378    0.02755    0.03101    0.03419    0.0371    0.03978    0.04222    0.04446    0.0465    0.04836    0.05006    0.0516    0.053    0.05426    0.05541    0.05643    0.05736    0.05819    0.05892    0.05958    0.06016    0.06066    0.06111    0.06149    0.06182    0.06209    0.06232    0.06251    
SN122    1.244e-17    0.00565    0.01125    0.01645    0.02128    0.02577    0.02994    0.03382    0.03742    0.04077    0.04388    0.04677    0.04946    0.05196    0.05428    0.05644    0.05845    0.06032    0.06206    0.06368    0.06518    0.06659    0.0679    0.06911    0.07025    0.07131    0.0723    0.07323    0.07409    0.0749    0.07566    0.07637    0.07703    
SB123    1.133e-17    0.005308    0.0109    0.01634    0.02159    0.02659    0.03134    0.03582    0.04002    0.04395    0.04762    0.05103    0.0542    0.05713    0.05984    0.06234    0.06465    0.06677    0.06872    0.07051    0.07215    0.07365    0.07502    0.07627    0.07741    0.07845    0.07939    0.08024    0.081    0.0817    0.08232    0.08287    0.08337    
SN124    1.953e-17    0.008868    0.01765    0.0258    0.03336    0.04039    0.04691    0.05297    0.05859    0.06381    0.06865    0.07315    0.07732    0.08119    0.08479    0.08813    0.09123    0.09411    0.09678    0.09926    0.1016    0.1037    0.1057    0.1075    0.1093    0.1109    0.1123    0.1137    0.115    0.1162    0.1173    0.1184    0.1193    
SB125    1.664e-17    0.01021    0.02124    0.03113    0.03993    0.04773    0.05461    0.06065    0.06593    0.0705    0.07444    0.07779    0.08062    0.08296    0.08487    0.08638    0.08753    0.08836    0.0889    0.08917    0.08921    0.08904    0.08869    0.08816    0.08749    0.08669    0.08578    0.08477    0.08367    0.0825    0.08127    0.07998    0.07866    
TE125    1.377e-20    0.0001269    0.0005855    0.001378    0.002482    0.003871    0.005517    0.007391    0.009466    0.01172    0.01412    0.01665    0.0193    0.02204    0.02485    0.02773    0.03065    0.03361    0.0366    0.0396    0.0426    0.04561    0.0486    0.05158    0.05454    0.05747    0.06037    0.06323    0.06606    0.06885    0.0716    0.0743    0.07695    
SN126    4.708e-17    0.02138    0.04255    0.06222    0.08049    0.09747    0.1132    0.1279    0.1415    0.1541    0.1659    0.1768    0.1869    0.1964    0.2051    0.2133    0.2209    0.2279    0.2345    0.2406    0.2462    0.2515    0.2565    0.261    0.2653    0.2693    0.2731    0.2765    0.2798    0.2828    0.2857    0.2884    0.2909    
TE127M    3.348e-18    0.005058    0.009252    0.0119    0.01345    0.01424    0.01449    0.01438    0.01402    0.01351    0.01291    0.01225    0.01157    0.01088    0.01021    0.009564    0.008943    0.008353    0.007796    0.007272    0.006781    0.006323    0.005895    0.005497    0.005126    0.004783    0.004464    0.004168    0.003895    0.003642    0.003407    0.003191    0.002991    
I127    1.46e-17    0.03643    0.07945    0.1204    0.1591    0.1954    0.2294    0.261    0.2904    0.3176    0.3427    0.3659    0.3873    0.4069    0.4249    0.4415    0.4566    0.4704    0.4831    0.4946    0.5051    0.5146    0.5232    0.531    0.538    0.5444    0.5501    0.5551    0.5597    0.5637    0.5673    0.5704    0.5731    
TE128    2.573e-16    0.1197    0.2384    0.3488    0.4513    0.5465    0.635    0.7172    0.7936    0.8646    0.9305    0.9918    1.049    1.102    1.151    1.197    1.239    1.279    1.315    1.35    1.381    1.411    1.439    1.464    1.488    1.511    1.531    1.551    1.569    1.586    1.602    1.617    1.631    
XE128    7.986e-21    9.558e-05    0.0004235    0.0009745    0.001737    0.002698    0.003845    0.005165    0.006646    0.008276    0.01004    0.01194    0.01395    0.01607    0.01828    0.02059    0.02298    0.02544    0.02797    0.03057    0.03321    0.03591    0.03866    0.04145    0.04427    0.04712    0.05001    0.05292    0.05585    0.05881    0.06178    0.06477    0.06777    
TE129M    6.588e-17    0.01957    0.0259    0.02682    0.0259    0.02441    0.0228    0.02123    0.01974    0.01835    0.01705    0.01584    0.01472    0.01369    0.01272    0.01183    0.011    0.01023    0.009513    0.00885    0.008236    0.007667    0.00714    0.006651    0.006198    0.005779    0.005391    0.005032    0.0047    0.004392    0.004108    0.003845    0.003602    
I129    3.761e-16    0.1953    0.4025    0.5991    0.7827    0.953    1.111    1.256    1.391    1.515    1.629    1.734    1.832    1.921    2.003    2.079    2.149    2.212    2.271    2.325    2.374    2.419    2.46    2.497    2.531    2.562    2.59    2.616    2.639    2.66    2.679    2.695    2.711    
TE130    1.015e-15    0.4609    0.9175    1.342    1.736    2.102    2.442    2.758    3.051    3.324    3.577    3.813    4.031    4.235    4.423    4.599    4.762    4.914    5.055    5.186    5.308    5.422    5.527    5.626    5.717    5.803    5.882    5.957    6.026    6.09    6.151    6.207    6.26    
XE130    1.256e-19    0.0004329    0.001702    0.003774    0.006601    0.01013    0.01431    0.01908    0.02441    0.03024    0.03654    0.04328    0.05041    0.0579    0.06573    0.07386    0.08228    0.09095    0.09985    0.109    0.1183    0.1278    0.1374    0.1472    0.1572    0.1672    0.1774    0.1876    0.198    0.2084    0.2189    0.2294    0.2401    
I131    1.607e-15    0.2098    0.1987    0.1847    0.1716    0.1594    0.1481    0.1376    0.1278    0.1188    0.1104    0.1026    0.09532    0.08859    0.08235    0.07655    0.07117    0.06617    0.06154    0.05724    0.05325    0.04955    0.04613    0.04295    0.04    0.03727    0.03473    0.03239    0.03021    0.0282    0.02634    0.02461    0.02302    
XE131    2.104e-16    0.6588    1.506    2.263    2.933    3.524    4.042    4.494    4.885    5.222    5.508    5.749    5.949    6.111    6.24    6.338    6.408    6.454    6.477    6.481    6.467    6.437    6.393    6.337    6.269    6.193    6.108    6.016    5.918    5.815    5.708    5.597    5.483    
TE132    2.16e-15    0.1285    0.1193    0.1109    0.103    0.09569    0.0889    0.08259    0.07673    0.07129    0.06624    0.06155    0.0572    0.05316    0.04941    0.04592    0.04269    0.03969    0.03691    0.03433    0.03193    0.02971    0.02765    0.02574    0.02397    0.02232    0.0208    0.01939    0.01809    0.01687    0.01575    0.01472    0.01376    
XE132    7.503e-16    1.21    2.583    3.892    5.142    6.335    7.474    8.562    9.601    10.59    11.54    12.45    13.32    14.14    14.94    15.69    16.42    17.11    17.78    18.41    19.02    19.61    20.16    20.7    21.21    21.7    22.18    22.63    23.06    23.48    23.88    24.26    24.63    
I133    1.754e-15    0.05408    0.05024    0.04668    0.04336    0.04028    0.03742    0.03477    0.0323    0.03001    0.02789    0.02591    0.02408    0.02238    0.0208    0.01933    0.01797    0.0167    0.01553    0.01444    0.01343    0.0125    0.01163    0.01082    0.01007    0.009382    0.008739    0.008144    0.007592    0.00708    0.006606    0.006168    0.005761    
XE133    2.428e-15    0.3196    0.2982    0.277    0.2574    0.2392    0.2222    0.2065    0.1919    0.1783    0.1657    0.154    0.1431    0.1331    0.1237    0.115    0.1069    0.09945    0.0925    0.08605    0.08007    0.07452    0.06938    0.06461    0.06018    0.05608    0.05227    0.04875    0.04548    0.04245    0.03965    0.03705    0.03464    
CS133    3.895e-16    1.709    3.789    5.693    7.434    9.023    10.47    11.79    12.99    14.07    15.05    15.94    16.74    17.46    18.1    18.67    19.18    19.62    20.02    20.36    20.65    20.9    21.12    21.29    21.43    21.54    21.63    21.68    21.72    21.73    21.72    21.69    21.65    
XE134    5.255e-15    2.42    4.823    7.055    9.129    11.06    12.84    14.51    16.05    17.49    18.82    20.06    21.21    22.28    23.27    24.19    25.05    25.85    26.59    27.28    27.92    28.51    29.07    29.58    30.06    30.51    30.92    31.31    31.67    32.01    32.32    32.61    32.88    
CS134    2.836e-20    0.009344    0.04527    0.105    0.1848    0.2814    0.392    0.514    0.645    0.7829    0.9261    1.073    1.222    1.371    1.521    1.67    1.816    1.96    2.101    2.238    2.371    2.5    2.624    2.743    2.857    2.965    3.069    3.167    3.26    3.347    3.43    3.507    3.579    
BA134    6.254e-23    0.0001209    0.00128    0.004651    0.01124    0.02189    0.0373    0.05806    0.08461    0.1173    0.1565    0.2022    0.2548    0.3141    0.3802    0.4532    0.5328    0.619    0.7117    0.8106    0.9157    1.027    1.143    1.265    1.393    1.525    1.662    1.803    1.949    2.099    2.252    2.409    2.569    
CS135    3.668e-15    0.4954    0.9906    1.45    1.876    2.273    2.641    2.984    3.304    3.602    3.881    4.142    4.386    4.615    4.83    5.033    5.224    5.404    5.574    5.735    5.888    6.034    6.172    6.304    6.43    6.551    6.666    6.777    6.884    6.987    7.086    7.182    7.275    
XE136    4.519e-15    3.621    7.225    10.57    13.68    16.57    19.26    21.75    24.07    26.22    28.22    30.08    31.81    33.42    34.91    36.3    37.59    38.78    39.9    40.93    41.9    42.8    43.63    44.41    45.13    45.8    46.43    47.02    47.56    48.07    48.54    48.99    49.4    
BA136    3.921e-19    0.001822    0.005775    0.01107    0.01756    0.02515    0.03378    0.04336    0.05383    0.06514    0.07722    0.09003    0.1035    0.1176    0.1324    0.1477    0.1635    0.1798    0.1967    0.2139    0.2316    0.2497    0.2683    0.2872    0.3064    0.326    0.3459    0.3662    0.3868    0.4077    0.4288    0.4503    0.472    
CS137    4.333e-15    1.965    3.905    5.7    7.362    8.899    10.32    11.63    12.85    13.97    15.01    15.96    16.85    17.66    18.41    19.1    19.74    20.32    20.86    21.35    21.8    22.22    22.6    22.95    23.27    23.56    23.82    24.06    24.28    24.48    24.65    24.82    24.96    
BA137    7.762e-19    0.003123    0.01261    0.02798    0.0488    0.07466    0.1052    0.14    0.1787    0.2212    0.267    0.3159    0.3677    0.4221    0.4789    0.538    0.5992    0.6622    0.7269    0.7933    0.8611    0.9302    1    1.072    1.144    1.218    1.292    1.367    1.442    1.518    1.595    1.672    1.75    
BA138    4.833e-15    2.202    4.386    6.414    8.299    10.05    11.68    13.19    14.59    15.89    17.11    18.23    19.28    20.25    21.15    21.99    22.77    23.5    24.17    24.8    25.38    25.93    26.43    26.9    27.34    27.75    28.13    28.48    28.81    29.11    29.4    29.67    29.92    
LA139    4.625e-15    2.102    4.185    6.117    7.909    9.571    11.11    12.54    13.87    15.09    16.23    17.29    18.26    19.17    20.01    20.78    21.5    22.17    22.78    23.35    23.88    24.37    24.82    25.23    25.62    25.97    26.3    26.6    26.88    27.14    27.38    27.6    27.8    
BA140    4.149e-15    0.7287    0.7345    0.6862    0.6377    0.5925    0.5504    0.5114    0.4751    0.4414    0.4101    0.3811    0.3541    0.3291    0.3058    0.2842    0.2642    0.2456    0.2283    0.2123    0.1974    0.1836    0.1708    0.1589    0.1479    0.1377    0.1282    0.1195    0.1113    0.1038    0.09676    0.09028    0.08428    
LA140    2.398e-16    0.09572    0.09756    0.09136    0.08506    0.07917    0.0737    0.06861    0.06389    0.05951    0.05544    0.05166    0.04814    0.04488    0.04186    0.03905    0.03644    0.03401    0.03177    0.02968    0.02774    0.02594    0.02428    0.02273    0.0213    0.01997    0.01873    0.01759    0.01653    0.01554    0.01463    0.01378    0.013    
CE140    1.11e-16    1.299    3.394    5.405    7.28    9.026    10.65    12.16    13.57    14.88    16.1    17.24    18.3    19.28    20.2    21.06    21.86    22.61    23.3    23.95    24.56    25.13    25.66    26.16    26.62    27.06    27.47    27.85    28.21    28.55    28.86    29.16    29.44    
CE141    4.14e-15    1.218    1.596    1.642    1.581    1.487    1.388    1.292    1.201    1.117    1.038    0.9645    0.8964    0.8331    0.7744    0.7199    0.6693    0.6223    0.5787    0.5382    0.5006    0.4658    0.4334    0.4034    0.3756    0.3498    0.3259    0.3037    0.2831    0.264    0.2463    0.2299    0.2147    
PR141    1.338e-16    0.7216    2.271    4.012    5.729    7.357    8.879    10.29    11.6    12.82    13.95    14.99    15.95    16.85    17.67    18.44    19.15    19.8    20.4    20.96    21.48    21.95    22.39    22.8    23.17    23.52    23.84    24.13    24.4    24.64    24.87    25.08    25.27    
CE142    4.302e-15    1.959    3.906    5.716    7.398    8.96    10.41    11.76    13.01    14.17    15.25    16.26    17.19    18.05    18.86    19.61    20.3    20.94    21.54    22.1    22.62    23.1    23.55    23.96    24.35    24.71    25.04    25.36    25.65    25.92    26.17    26.4    26.62    
ND142    2.346e-23    0.0004449    0.003129    0.008898    0.01787    0.02992    0.04485    0.06247    0.08256    0.1049    0.1294    0.1559    0.1841    0.214    0.2454    0.2782    0.3123    0.3476    0.3839    0.4213    0.4595    0.4986    0.5384    0.5789    0.6201    0.6618    0.704    0.7467    0.7899    0.8333    0.8772    0.9213    0.9657    
CE143    2.254e-15    0.08095    0.07521    0.06988    0.06493    0.06034    0.05607    0.0521    0.04842    0.04499    0.04182    0.03887    0.03613    0.03358    0.03122    0.02903    0.02699    0.0251    0.02335    0.02172    0.02021    0.01881    0.0175    0.0163    0.01518    0.01414    0.01318    0.01228    0.01145    0.01068    0.009972    0.009312    0.008701    
PR143    2.003e-15    0.7085    0.7309    0.6847    0.6366    0.5916    0.5497    0.5108    0.4747    0.4411    0.41    0.381    0.3542    0.3292    0.3061    0.2845    0.2646    0.246    0.2288    0.2129    0.198    0.1843    0.1715    0.1597    0.1487    0.1385    0.1291    0.1203    0.1122    0.1046    0.09763    0.09115    0.08515    
ND143    1.157e-16    1.173    3.048    4.788    6.345    7.727    8.949    10.03    10.97    11.79    12.5    13.1    13.62    14.04    14.4    14.68    14.9    15.06    15.17    15.23    15.25    15.23    15.18    15.1    14.99    14.86    14.71    14.54    14.35    14.15    13.93    13.71    13.48    
CE144    4.018e-15    1.729    3.236    4.449    5.411    6.157    6.72    7.128    7.406    7.574    7.65    7.651    7.589    7.476    7.323    7.137    6.927    6.697    6.454    6.202    5.945    5.685    5.426    5.169    4.915    4.668    4.427    4.193    3.967    3.75    3.541    3.342    3.151    
ND144    1.537e-17    0.1248    0.5167    1.136    1.944    2.904    3.988    5.17    6.426    7.738    9.091    10.47    11.86    13.26    14.65    16.03    17.4    18.74    20.06    21.35    22.61    23.84    25.03    26.19    27.31    28.4    29.45    30.47    31.45    32.4    33.31    34.19    35.04    
ND145    2.927e-15    1.314    2.61    3.8    4.89    5.888    6.801    7.634    8.395    9.088    9.719    10.29    10.81    11.28    11.7    12.08    12.43    12.73    13.01    13.25    13.46    13.65    13.81    13.95    14.07    14.17    14.25    14.32    14.37    14.41    14.44    14.46    14.46    
ND146    2.236e-15    1.026    2.059    3.034    3.956    4.827    5.651    6.431    7.171    7.874    8.54    9.174    9.777    10.35    10.9    11.42    11.92    12.4    12.85    13.29    13.71    14.11    14.5    14.87    15.23    15.58    15.91    16.23    16.55    16.85    17.14    17.43    17.7    
ND147    1.58e-15    0.2478    0.2431    0.2265    0.2105    0.1957    0.1819    0.1691    0.1572    0.1462    0.1359    0.1264    0.1176    0.1094    0.1018    0.0947    0.08815    0.08206    0.07641    0.07117    0.06631    0.0618    0.05762    0.05374    0.05015    0.04682    0.04373    0.04086    0.03821    0.03575    0.03347    0.03137    0.02941    
PM147    1.53e-16    0.5149    1.204    1.785    2.259    2.642    2.944    3.177    3.351    3.473    3.552    3.593    3.604    3.587    3.549    3.493    3.422    3.34    3.248    3.148    3.044    2.936    2.825    2.714    2.602    2.491    2.381    2.273    2.168    2.065    1.965    1.869    1.776    
SM147    1.132e-19    0.007046    0.03775    0.09014    0.1596    0.2421    0.3341    0.4327    0.5354    0.64    0.745    0.8487    0.95    1.048    1.142    1.231    1.316    1.394    1.468    1.535    1.597    1.653    1.703    1.748    1.787    1.821    1.85    1.875    1.894    1.91    1.921    1.929    1.933    
ND148    1.293e-15    0.5914    1.178    1.723    2.229    2.698    3.133    3.536    3.91    4.257    4.579    4.877    5.154    5.41    5.648    5.868    6.072    6.261    6.436    6.598    6.748    6.887    7.016    7.135    7.245    7.347    7.442    7.529    7.61    7.684    7.753    7.817    7.876    
PM148    3.244e-21    0.00287    0.006751    0.01004    0.01273    0.0149    0.01661    0.01793    0.01891    0.01961    0.02006    0.0203    0.02036    0.02027    0.02005    0.01974    0.01934    0.01887    0.01835    0.01779    0.0172    0.01659    0.01597    0.01534    0.01471    0.01408    0.01346    0.01285    0.01225    0.01167    0.01111    0.01056    0.01004    
PM148M    5.676e-22    0.001838    0.0053    0.008321    0.0108    0.01281    0.0144    0.01564    0.01657    0.01723    0.01767    0.01791    0.018    0.01794    0.01778    0.01752    0.01718    0.01677    0.01632    0.01584    0.01532    0.01478    0.01423    0.01368    0.01312    0.01256    0.01201    0.01147    0.01094    0.01042    0.009923    0.009438    0.00897    
SM148    6.715e-22    0.006686    0.03996    0.1004    0.1844    0.2881    0.4085    0.5428    0.6885    0.8434    1.006    1.174    1.346    1.521    1.697    1.875    2.053    2.23    2.406    2.58    2.751    2.92    3.086    3.249    3.409    3.565    3.717    3.866    4.011    4.152    4.289    4.422    4.551    
PM149    5.429e-16    0.02547    0.02497    0.02443    0.02382    0.02315    0.02242    0.02167    0.02089    0.0201    0.0193    0.0185    0.01771    0.01693    0.01616    0.01541    0.01468    0.01397    0.01329    0.01263    0.012    0.01139    0.01081    0.01025    0.009722    0.009216    0.008736    0.00828    0.007847    0.007437    0.00705    0.006683    0.006337    
SM149    2.946e-16    0.04464    0.04379    0.04286    0.0418    0.04064    0.03939    0.03809    0.03675    0.03539    0.03401    0.03264    0.03128    0.02994    0.02863    0.02734    0.02609    0.02488    0.02371    0.02259    0.0215    0.02047    0.01947    0.01852    0.01762    0.01676    0.01594    0.01517    0.01443    0.01374    0.01308    0.01246    0.01187    
ND150    5.044e-16    0.2289    0.4555    0.6657    0.8609    1.042    1.21    1.366    1.511    1.645    1.769    1.885    1.992    2.091    2.183    2.269    2.348    2.421    2.489    2.553    2.611    2.666    2.716    2.763    2.806    2.846    2.883    2.918    2.95    2.98    3.007    3.033    3.057    
SM150    3.91e-19    0.3148    0.7133    1.1    1.474    1.834    2.178    2.507    2.821    3.117    3.398    3.662    3.91    4.142    4.359    4.561    4.748    4.921    5.081    5.227    5.362    5.484    5.595    5.695    5.786    5.866    5.938    6.001    6.055    6.103    6.143    6.176    6.203    
SM151    1.741e-16    0.09482    0.1332    0.1447    0.1465    0.1451    0.1426    0.14    0.1375    0.1353    0.1332    0.1314    0.1298    0.1283    0.127    0.1257    0.1246    0.1236    0.1226    0.1217    0.1208    0.12    0.1192    0.1184    0.1176    0.1169    0.1162    0.1154    0.1147    0.114    0.1133    0.1126    0.1119    
SM152    2.145e-16    0.1427    0.3322    0.5162    0.6801    0.8208    0.9394    1.038    1.119    1.186    1.239    1.281    1.314    1.339    1.356    1.368    1.376    1.379    1.378    1.375    1.369    1.361    1.352    1.342    1.33    1.318    1.305    1.292    1.278    1.264    1.25    1.237    1.223    
EU153    5.079e-17    0.06038    0.1378    0.2258    0.3225    0.4251    0.531    0.638    0.7441    0.8479    0.9482    1.044    1.135    1.221    1.301    1.375    1.443    1.505    1.562    1.613    1.659    1.7    1.736    1.768    1.795    1.818    1.837    1.853    1.866    1.876    1.883    1.888    1.89    
SM154    6.087e-17    0.02803    0.05589    0.08186    0.1061    0.1287    0.1497    0.1693    0.1876    0.2047    0.2206    0.2354    0.2492    0.262    0.274    0.2852    0.2956    0.3053    0.3143    0.3227    0.3306    0.3379    0.3448    0.3512    0.3571    0.3627    0.3679    0.3728    0.3774    0.3817    0.3857    0.3895    0.3931    
EU154    1.377e-21    0.001904    0.007938    0.01763    0.03056    0.04629    0.06429    0.08407    0.1051    0.127    0.1492    0.1714    0.1934    0.2148    0.2354    0.2552    0.2739    0.2915    0.308    0.3232    0.3372    0.3501    0.3617    0.3723    0.3817    0.39    0.3974    0.4038    0.4093    0.4139    0.4178    0.4209    0.4234    
EU155    2.897e-17    0.007277    0.009466    0.01094    0.01286    0.01542    0.01858    0.02224    0.02629    0.03062    0.03512    0.03972    0.04432    0.04886    0.0533    0.05757    0.06166    0.06553    0.06916    0.07255    0.07568    0.07857    0.0812    0.08358    0.08572    0.08762    0.08931    0.09078    0.09206    0.09314    0.09405    0.0948    0.09539    
EU156    9.266e-18    0.005188    0.007425    0.008339    0.009253    0.01051    0.01215    0.01413    0.01639    0.01885    0.02145    0.02413    0.02685    0.02955    0.0322    0.03478    0.03725    0.0396    0.04182    0.04389    0.04582    0.0476    0.04922    0.0507    0.05203    0.05322    0.05428    0.05521    0.05601    0.0567    0.05728    0.05776    0.05815    
GD156    7.36e-19    0.006162    0.02125    0.03947    0.05959    0.0821    0.1079    0.1377    0.1723    0.2122    0.2578    0.3092    0.3667    0.4303    0.4997    0.5749    0.6555    0.7414    0.8322    0.9276    1.027    1.131    1.237    1.348    1.46    1.575    1.693    1.812    1.932    2.054    2.177    2.3    2.424    
GD158    3.18e-18    0.004308    0.009325    0.01426    0.01908    0.02384    0.02862    0.03347    0.03848    0.04371    0.04922    0.05505    0.06127    0.0679    0.07499    0.08257    0.09066    0.09929    0.1085    0.1182    0.1286    0.1395    0.1511    0.1632    0.176    0.1894    0.2033    0.2179    0.2332    0.249    0.2654    0.2824    0.3    
