TIME    3   50   100   150   200   250   300   350   400   450   500   550   600   650   700   750   800   850   900   950   1000   1050   1100   1150   1200   1250   1300   1350   1400   1450   1500   1550   1600   
NEUT_PROD    0.739   1.48   2.18   2.76   3.23   3.63   3.98   4.28   4.53   4.76   4.96   5.14   5.29   5.43   5.56   5.67   5.76   5.85   5.93   5.99   6.05   6.1   6.15   6.19   6.22   6.25   6.27   6.3   6.31   6.33   6.34   6.35   6.36   
NEUT_DEST    2.53   2.99   3.42   3.8   4.14   4.43   4.7   4.93   5.15   5.34   5.52   5.67   5.82   5.95   6.07   6.18   6.28   6.37   6.46   6.53   6.6   6.67   6.73   6.79   6.84   6.89   6.93   6.97   7.01   7.05   7.09   7.12   7.15   
BUd    2.49e-16    0.186    0.32    0.432    0.524    0.601    0.666    0.722    0.771    0.813    0.851    0.884    0.913    0.939    0.961    0.982    1    1.02    1.03    1.04    1.05    1.06    1.07    1.08    1.08    1.09    1.09    1.1    1.1    1.1    1.11    1.11    1.11    
U238    1000    998.8    997.5    996.2    994.9    993.6    992.3    991.1    989.8    988.5    987.2    985.9    984.7    983.4    982.1    980.8    979.6    978.3    977    975.8    974.5    973.3    972    970.7    969.5    968.2    967    965.7    964.5    963.2    962    960.7    959.5    
NP237    1.648e-18    0.004299    0.009801    0.01505    0.02005    0.02482    0.02936    0.03368    0.0378    0.04173    0.04546    0.04902    0.05241    0.05564    0.05871    0.06163    0.06442    0.06707    0.06959    0.07199    0.07428    0.07645    0.07852    0.08048    0.08235    0.08413    0.08582    0.08743    0.08895    0.0904    0.09178    0.09309    0.09433    
NP239    1.544e-15    0.07878    0.07868    0.07858    0.07848    0.07837    0.07827    0.07817    0.07807    0.07797    0.07787    0.07777    0.07767    0.07757    0.07747    0.07737    0.07727    0.07717    0.07707    0.07697    0.07687    0.07677    0.07667    0.07657    0.07647    0.07637    0.07627    0.07617    0.07608    0.07598    0.07588    0.07578    0.07568    
PU238    0    7.399e-05    0.0003838    0.000922    0.001669    0.002609    0.003733    0.005038    0.006525    0.008197    0.01006    0.01213    0.01442    0.01692    0.01966    0.02263    0.02584    0.02928    0.03296    0.03687    0.04099    0.04532    0.04984    0.05454    0.05939    0.06438    0.0695    0.07471    0.08    0.08536    0.09075    0.09617    0.1016    
PU239    7.807e-16    0.9105    1.755    2.427    2.962    3.386    3.723    3.991    4.202    4.37    4.502    4.606    4.688    4.752    4.802    4.841    4.87    4.892    4.909    4.921    4.93    4.935    4.939    4.94    4.941    4.94    4.938    4.935    4.932    4.929    4.925    4.921    4.916    
PU240    0    0.03564    0.1366    0.2785    0.4435    0.6189    0.7957    0.9679    1.132    1.284    1.425    1.552    1.667    1.77    1.862    1.942    2.013    2.075    2.129    2.176    2.216    2.251    2.28    2.306    2.327    2.346    2.361    2.374    2.385    2.394    2.401    2.408    2.412    
PU241    0    0.001852    0.01407    0.04239    0.08833    0.1509    0.2275    0.3153    0.411    0.5115    0.6142    0.7168    0.8174    0.9145    1.007    1.094    1.176    1.251    1.32    1.383    1.441    1.492    1.539    1.58    1.617    1.649    1.678    1.703    1.725    1.744    1.761    1.775    1.788    
PU242    0    2.415e-05    0.0003796    0.001769    0.005048    0.01104    0.02045    0.0338    0.05144    0.07351    0.1    0.1309    0.1658    0.2045    0.2466    0.2917    0.3394    0.3893    0.441    0.494    0.5481    0.6028    0.6578    0.7129    0.7678    0.8222    0.876    0.9291    0.9812    1.032    1.082    1.131    1.178    
AM241    0    2.924e-06    4.497e-05    0.000205    0.0005719    0.001223    0.002214    0.003575    0.005313    0.007416    0.009855    0.01259    0.01557    0.01875    0.02208    0.0255    0.02896    0.03244    0.03587    0.03925    0.04252    0.04568    0.04871    0.05159    0.05431    0.05688    0.05927    0.06151    0.06358    0.06549    0.06725    0.06886    0.07033    
AM243    0    1.962e-07    6.334e-06    4.514e-05    0.0001744    0.0004833    0.001087    0.002117    0.003717    0.00603    0.009192    0.01333    0.01855    0.02495    0.0326    0.04155    0.05184    0.06346    0.07643    0.09071    0.1063    0.1231    0.141    0.1601    0.1802    0.2013    0.2232    0.2459    0.2693    0.2933    0.3178    0.3428    0.3682    
KR84    8.111e-19    0.0004961    0.001266    0.002242    0.003392    0.004691    0.006118    0.007657    0.009294    0.01102    0.01283    0.0147    0.01665    0.01865    0.02071    0.02282    0.02498    0.02718    0.02942    0.0317    0.03402    0.03637    0.03874    0.04115    0.04359    0.04605    0.04853    0.05104    0.05357    0.05612    0.05869    0.06128    0.06388    
RB85    6.142e-19    0.0003898    0.001021    0.001832    0.00279    0.00387    0.005052    0.00632    0.007661    0.009065    0.01052    0.01203    0.01358    0.01516    0.01678    0.01842    0.02009    0.02178    0.02349    0.02522    0.02697    0.02873    0.0305    0.03228    0.03407    0.03587    0.03768    0.03949    0.04132    0.04314    0.04498    0.04682    0.04866    
KR86    1.222e-18    0.0007576    0.001945    0.003451    0.005218    0.007202    0.009368    0.01169    0.01414    0.0167    0.01937    0.02211    0.02494    0.02782    0.03077    0.03377    0.0368    0.03988    0.043    0.04614    0.0493    0.05249    0.0557    0.05893    0.06217    0.06542    0.06868    0.07196    0.07524    0.07852    0.08181    0.08511    0.0884    
RB87    1.528e-18    0.000947    0.002434    0.004323    0.006539    0.009026    0.01174    0.01465    0.01772    0.02093    0.02427    0.02771    0.03124    0.03485    0.03853    0.04228    0.04608    0.04992    0.05381    0.05774    0.06169    0.06567    0.06968    0.0737    0.07775    0.0818    0.08587    0.08995    0.09404    0.09814    0.1022    0.1063    0.1105    
SR88    2.077e-18    0.001354    0.003472    0.006155    0.009297    0.01282    0.01666    0.02077    0.0251    0.02963    0.03433    0.03917    0.04414    0.04922    0.05439    0.05965    0.06498    0.07037    0.07582    0.08132    0.08686    0.09244    0.09805    0.1037    0.1093    0.115    0.1207    0.1264    0.1322    0.1379    0.1436    0.1494    0.1551    
Y89    5.662e-20    0.0004219    0.001781    0.004002    0.006974    0.01058    0.01473    0.01933    0.0243    0.0296    0.03516    0.04096    0.04696    0.05313    0.05945    0.0659    0.07246    0.07912    0.08587    0.09268    0.09957    0.1065    0.1135    0.1205    0.1276    0.1347    0.1418    0.1489    0.1561    0.1632    0.1704    0.1776    0.1848    
SR90    3.116e-18    0.001976    0.00514    0.009186    0.01395    0.01929    0.02513    0.03136    0.03793    0.04479    0.05189    0.05919    0.06667    0.07429    0.08204    0.0899    0.09784    0.1059    0.1139    0.1221    0.1302    0.1384    0.1466    0.1549    0.1631    0.1714    0.1796    0.1879    0.1961    0.2043    0.2125    0.2207    0.2289    
Y91    2.993e-18    0.001839    0.003911    0.00585    0.007572    0.00906    0.01033    0.01141    0.01233    0.01311    0.01378    0.01436    0.01486    0.01529    0.01566    0.01598    0.01627    0.01651    0.01673    0.01692    0.01708    0.01722    0.01734    0.01745    0.01754    0.01762    0.01769    0.01774    0.01779    0.01783    0.01787    0.01789    0.01792    
ZR91    4.558e-20    0.0005058    0.002228    0.005149    0.009158    0.01412    0.0199    0.02637    0.03343    0.04099    0.04898    0.05734    0.06601    0.07496    0.08414    0.09352    0.1031    0.1128    0.1226    0.1326    0.1427    0.1528    0.163    0.1733    0.1837    0.1941    0.2045    0.2149    0.2254    0.2359    0.2465    0.257    0.2676    
ZR92    3.922e-18    0.002683    0.007127    0.01289    0.01972    0.02745    0.03592    0.04503    0.05466    0.06476    0.07526    0.0861    0.09724    0.1087    0.1203    0.1321    0.1441    0.1563    0.1686    0.181    0.1936    0.2062    0.2189    0.2317    0.2445    0.2574    0.2703    0.2832    0.2962    0.3092    0.3223    0.3353    0.3484    
ZR93    3.898e-18    0.003238    0.008768    0.01601    0.02466    0.03447    0.04524    0.05682    0.06909    0.08195    0.09531    0.1091    0.1233    0.1378    0.1526    0.1676    0.1829    0.1983    0.2139    0.2297    0.2455    0.2614    0.2775    0.2936    0.3097    0.3259    0.3421    0.3584    0.3747    0.3909    0.4072    0.4235    0.4398    
ZR94    4.251e-18    0.003108    0.008724    0.01628    0.02542    0.03587    0.04743    0.05992    0.07321    0.08719    0.1018    0.1169    0.1324    0.1484    0.1647    0.1813    0.1982    0.2153    0.2327    0.2502    0.2679    0.2858    0.3038    0.3219    0.3401    0.3584    0.3768    0.3952    0.4137    0.4323    0.4509    0.4696    0.4883    
ZR95    5.386e-18    0.003082    0.007036    0.01101    0.0147    0.01799    0.02086    0.02334    0.02548    0.02732    0.02891    0.03029    0.03149    0.03254    0.03345    0.03425    0.03495    0.03556    0.0361    0.03657    0.03698    0.03734    0.03766    0.03793    0.03817    0.03837    0.03855    0.0387    0.03883    0.03893    0.03903    0.0391    0.03917    
NB95    8.578e-20    0.0005663    0.002062    0.003998    0.006036    0.007987    0.009762    0.01133    0.0127    0.01389    0.01491    0.0158    0.01657    0.01724    0.01782    0.01833    0.01877    0.01916    0.0195    0.0198    0.02006    0.02029    0.02049    0.02066    0.02082    0.02095    0.02106    0.02116    0.02124    0.02131    0.02137    0.02142    0.02147    
MO95    1.704e-21    0.0001816    0.00142    0.004375    0.009291    0.01615    0.02482    0.03508    0.04673    0.05958    0.07345    0.08818    0.1036    0.1197    0.1364    0.1534    0.1709    0.1886    0.2067    0.2249    0.2433    0.2619    0.2806    0.2994    0.3182    0.3371    0.356    0.3748    0.3937    0.4126    0.4314    0.4502    0.4689    
ZR96    5.444e-18    0.003888    0.01079    0.02001    0.03113    0.04384    0.05787    0.07304    0.08917    0.1061    0.1238    0.1422    0.1611    0.1805    0.2003    0.2205    0.241    0.2619    0.2829    0.3042    0.3257    0.3474    0.3692    0.3912    0.4132    0.4354    0.4576    0.4799    0.5022    0.5246    0.547    0.5695    0.592    
MO97    3.842e-18    0.004022    0.01138    0.02126    0.03321    0.04688    0.06199    0.07833    0.09572    0.114    0.1331    0.1528    0.1732    0.1941    0.2154    0.2371    0.2592    0.2816    0.3043    0.3272    0.3503    0.3735    0.397    0.4205    0.4442    0.4679    0.4917    0.5156    0.5395    0.5635    0.5875    0.6115    0.6356    
MO98    5.915e-18    0.004332    0.01217    0.02272    0.0355    0.05015    0.06636    0.08392    0.1026    0.1223    0.1429    0.1643    0.1863    0.209    0.2322    0.2558    0.2799    0.3043    0.3291    0.3541    0.3794    0.4049    0.4307    0.4566    0.4826    0.5088    0.5351    0.5614    0.5879    0.6145    0.6411    0.6678    0.6945    
TC99    1.74e-18    0.004175    0.01226    0.02315    0.03631    0.05132    0.06787    0.0857    0.1046    0.1244    0.145    0.1662    0.188    0.2102    0.2327    0.2556    0.2787    0.302    0.3255    0.349    0.3726    0.3961    0.4197    0.4432    0.4667    0.49    0.5133    0.5364    0.5594    0.5822    0.6049    0.6274    0.6498    
MO100    6.385e-18    0.004875    0.01396    0.02631    0.04135    0.05863    0.07779    0.09856    0.1207    0.144    0.1684    0.1937    0.2198    0.2466    0.274    0.302    0.3304    0.3593    0.3885    0.4181    0.448    0.4781    0.5084    0.5389    0.5695    0.6003    0.6312    0.6622    0.6933    0.7245    0.7557    0.7869    0.8182    
RU101    6.757e-18    0.004817    0.01333    0.02466    0.03831    0.05389    0.07108    0.08964    0.1094    0.1301    0.1518    0.1742    0.1972    0.2208    0.245    0.2695    0.2945    0.3197    0.3452    0.371    0.3969    0.4229    0.4491    0.4754    0.5017    0.5281    0.5544    0.5808    0.6072    0.6336    0.6599    0.6862    0.7124    
RU102    6.914e-18    0.00495    0.01374    0.02553    0.03979    0.05616    0.07434    0.09407    0.1152    0.1375    0.1609    0.1853    0.2106    0.2367    0.2635    0.2909    0.319    0.3475    0.3766    0.406    0.4359    0.4662    0.4968    0.5276    0.5588    0.5902    0.6218    0.6537    0.6857    0.7179    0.7503    0.7829    0.8155    
RU103    5.937e-18    0.003435    0.007648    0.0116    0.01505    0.018    0.0205    0.02263    0.02445    0.02602    0.02739    0.02858    0.02963    0.03055    0.03137    0.03209    0.03272    0.03328    0.03378    0.03422    0.0346    0.03494    0.03524    0.0355    0.03573    0.03593    0.0361    0.03625    0.03638    0.03649    0.03658    0.03667    0.03674    
RH103    1.559e-19    0.001344    0.006094    0.01417    0.02507    0.03821    0.05308    0.06925    0.08635    0.1041    0.1223    0.1408    0.1593    0.1779    0.1963    0.2145    0.2325    0.2501    0.2674    0.2843    0.3007    0.3167    0.3322    0.3472    0.3617    0.3758    0.3893    0.4024    0.4149    0.427    0.4386    0.4498    0.4605    
RU104    5.647e-18    0.004353    0.01253    0.0237    0.03735    0.05309    0.07062    0.0897    0.1101    0.1318    0.1544    0.1781    0.2025    0.2277    0.2536    0.2801    0.3071    0.3346    0.3624    0.3907    0.4193    0.4481    0.4772    0.5066    0.5361    0.5657    0.5955    0.6254    0.6555    0.6856    0.7157    0.746    0.7762    
PD104    0    1.976e-05    0.0001843    0.000658    0.001589    0.003098    0.005279    0.008205    0.01193    0.01648    0.0219    0.02819    0.03537    0.04343    0.05237    0.06218    0.07285    0.08437    0.09671    0.1099    0.1238    0.1385    0.154    0.1701    0.187    0.2045    0.2227    0.2415    0.2609    0.2809    0.3014    0.3225    0.344    
PD105    2.007e-18    0.003178    0.009581    0.01844    0.02931    0.04186    0.05583    0.07101    0.08722    0.1043    0.1222    0.1408    0.16    0.1797    0.1999    0.2204    0.2413    0.2624    0.2838    0.3054    0.3272    0.349    0.371    0.393    0.4151    0.4373    0.4594    0.4815    0.5036    0.5257    0.5477    0.5697    0.5916    
RU106    2.997e-18    0.002553    0.007497    0.01408    0.02183    0.03037    0.03944    0.04884    0.0584    0.06801    0.07757    0.08701    0.09627    0.1053    0.1141    0.1225    0.1306    0.1384    0.1459    0.153    0.1597    0.1661    0.1721    0.1777    0.183    0.188    0.1927    0.197    0.2011    0.2048    0.2083    0.2115    0.2145    
PD106    8.496e-21    0.0003731    0.001414    0.003261    0.006021    0.00977    0.01456    0.02041    0.02735    0.03537    0.04448    0.05465    0.06588    0.07814    0.09141    0.1056    0.1208    0.1369    0.1539    0.1717    0.1902    0.2096    0.2297    0.2505    0.2719    0.294    0.3166    0.3398    0.3636    0.3878    0.4126    0.4377    0.4633    
PD107    1.787e-18    0.00177    0.005594    0.01106    0.01792    0.02595    0.03502    0.045    0.0558    0.06733    0.07952    0.09231    0.1056    0.1194    0.1337    0.1483    0.1633    0.1785    0.1941    0.2099    0.2258    0.242    0.2583    0.2747    0.2912    0.3078    0.3244    0.3411    0.3579    0.3746    0.3914    0.4082    0.4249    
PD108    1.18e-18    0.001208    0.003854    0.007657    0.01243    0.01805    0.0244    0.03141    0.039    0.04712    0.05571    0.06474    0.07416    0.08393    0.09402    0.1044    0.115    0.1258    0.1369    0.1481    0.1594    0.1709    0.1824    0.194    0.2058    0.2175    0.2293    0.2411    0.253    0.2648    0.2767    0.2885    0.3003    
AG109    6.793e-19    0.0008329    0.002572    0.004998    0.007972    0.01139    0.01517    0.01925    0.02358    0.02811    0.03281    0.03765    0.0426    0.04763    0.05272    0.05785    0.06301    0.06817    0.07332    0.07846    0.08356    0.08862    0.09363    0.09858    0.1035    0.1083    0.113    0.1177    0.1223    0.1268    0.1313    0.1356    0.1399    
PD110    7.401e-19    0.0005347    0.001495    0.002791    0.004372    0.006202    0.008254    0.01051    0.01294    0.01554    0.01829    0.02119    0.02421    0.02735    0.0306    0.03394    0.03738    0.04089    0.04448    0.04813    0.05184    0.0556    0.0594    0.06325    0.06712    0.07103    0.07496    0.07892    0.0829    0.08689    0.09089    0.09491    0.09894    
CD111    8.75e-20    0.000307    0.0008829    0.001618    0.002488    0.003474    0.004565    0.005751    0.007024    0.008377    0.009805    0.0113    0.01286    0.01448    0.01616    0.01789    0.01966    0.02148    0.02334    0.02524    0.02717    0.02913    0.03112    0.03314    0.03518    0.03725    0.03934    0.04145    0.04358    0.04573    0.04789    0.05008    0.05228    
SN126    8.584e-19    0.0004726    0.001119    0.001885    0.002747    0.003687    0.004692    0.00575    0.006852    0.007991    0.009161    0.01036    0.01157    0.01281    0.01406    0.01533    0.01661    0.01789    0.01919    0.02049    0.0218    0.02311    0.02443    0.02575    0.02707    0.0284    0.02973    0.03106    0.03239    0.03372    0.03505    0.03638    0.03771    
I127    1.735e-19    0.0005769    0.0016    0.002915    0.00447    0.006224    0.008143    0.0102    0.01237    0.01463    0.01696    0.01936    0.02182    0.02431    0.02684    0.0294    0.03198    0.03457    0.03718    0.03979    0.04241    0.04503    0.04765    0.05027    0.05288    0.05549    0.05809    0.06068    0.06326    0.06583    0.06839    0.07093    0.07347    
TE128    1.786e-18    0.001151    0.002984    0.005322    0.008069    0.01115    0.01451    0.01809    0.02186    0.02579    0.02985    0.03403    0.0383    0.04265    0.04707    0.05156    0.05609    0.06067    0.06528    0.06993    0.0746    0.0793    0.08402    0.08875    0.0935    0.09826    0.103    0.1078    0.1126    0.1174    0.1222    0.127    0.1318    
I129    1.864e-18    0.00146    0.004099    0.007648    0.01194    0.01683    0.02222    0.02801    0.03413    0.04053    0.04717    0.05399    0.06098    0.06809    0.07532    0.08264    0.09003    0.09748    0.105    0.1125    0.1201    0.1277    0.1353    0.1429    0.1505    0.1581    0.1656    0.1732    0.1808    0.1883    0.1959    0.2034    0.2109    
TE130    3.692e-18    0.002606    0.007188    0.01328    0.02061    0.02895    0.03814    0.04805    0.05855    0.06957    0.08104    0.09289    0.1051    0.1175    0.1303    0.1432    0.1563    0.1696    0.183    0.1966    0.2103    0.224    0.2379    0.2518    0.2658    0.2798    0.2939    0.308    0.3221    0.3363    0.3504    0.3646    0.3789    
XE131    5.74e-19    0.002656    0.008631    0.01679    0.0266    0.03766    0.04966    0.06236    0.07556    0.0891    0.1029    0.1168    0.1307    0.1445    0.1583    0.172    0.1854    0.1987    0.2116    0.2244    0.2368    0.2489    0.2607    0.2722    0.2834    0.2942    0.3047    0.3149    0.3247    0.3342    0.3434    0.3523    0.3609    
XE132    1.915e-18    0.004806    0.01442    0.02767    0.04402    0.06308    0.08451    0.1081    0.1336    0.1608    0.1896    0.2199    0.2516    0.2845    0.3187    0.3539    0.3901    0.4273    0.4654    0.5043    0.5441    0.5845    0.6257    0.6675    0.7099    0.7528    0.7964    0.8404    0.8849    0.9298    0.9752    1.021    1.067    
CS133    7.754e-19    0.00528    0.01684    0.03277    0.05221    0.07448    0.09907    0.1256    0.1536    0.183    0.2135    0.2449    0.2769    0.3096    0.3427    0.3762    0.41    0.4439    0.4779    0.512    0.546    0.5799    0.6138    0.6474    0.6809    0.7141    0.7471    0.7798    0.8122    0.8443    0.8761    0.9075    0.9386    
XE134    1.006e-17    0.007476    0.02104    0.03933    0.06153    0.08701    0.1153    0.146    0.1788    0.2134    0.2497    0.2874    0.3264    0.3666    0.4078    0.4499    0.4928    0.5364    0.5806    0.6254    0.6707    0.7165    0.7626    0.809    0.8557    0.9027    0.9499    0.9973    1.045    1.092    1.14    1.188    1.236    
CS134    1.755e-23    2.576e-05    0.0001662    0.0004796    0.001006    0.001775    0.002804    0.004104    0.005684    0.007543    0.009681    0.01209    0.01478    0.01772    0.02092    0.02435    0.02803    0.03192    0.03602    0.04032    0.0448    0.04946    0.05428    0.05925    0.06436    0.0696    0.07495    0.08041    0.08597    0.09162    0.09734    0.1031    0.109    
CS135    7.212e-18    0.00166    0.004806    0.009099    0.01434    0.02036    0.02705    0.03432    0.04208    0.05028    0.05887    0.0678    0.07703    0.08655    0.09631    0.1063    0.1165    0.1269    0.1375    0.1482    0.1591    0.1701    0.1812    0.1924    0.2038    0.2153    0.2268    0.2385    0.2502    0.262    0.2739    0.2859    0.298    
XE136    8.995e-18    0.01197    0.03425    0.06455    0.1015    0.1439    0.1911    0.2423    0.297    0.3548    0.4154    0.4783    0.5433    0.6103    0.6789    0.749    0.8204    0.893    0.9666    1.041    1.116    1.192    1.269    1.346    1.424    1.502    1.58    1.659    1.738    1.817    1.897    1.976    2.056    
CS137    8.208e-18    0.006282    0.018    0.03393    0.05332    0.07558    0.1002    0.127    0.1555    0.1855    0.2168    0.2493    0.2827    0.3171    0.3522    0.388    0.4243    0.4611    0.4983    0.5359    0.5738    0.6119    0.6502    0.6887    0.7272    0.7659    0.8046    0.8434    0.8821    0.9208    0.9595    0.9982    1.037    
BA138    8.28e-18    0.006071    0.01705    0.03183    0.04977    0.07035    0.0932    0.118    0.1445    0.1725    0.2018    0.2323    0.2638    0.2962    0.3295    0.3636    0.3982    0.4335    0.4693    0.5055    0.5421    0.5791    0.6164    0.654    0.6918    0.7298    0.768    0.8063    0.8448    0.8833    0.922    0.9607    0.9995    
LA139    8.471e-18    0.006101    0.01701    0.03162    0.0493    0.06955    0.09197    0.1163    0.1422    0.1696    0.1982    0.2279    0.2586    0.2901    0.3224    0.3554    0.389    0.4231    0.4577    0.4927    0.528    0.5636    0.5995    0.6355    0.6718    0.7082    0.7447    0.7813    0.818    0.8548    0.8916    0.9284    0.9653    
BA140    7.129e-18    0.002348    0.004004    0.005325    0.006417    0.007335    0.008116    0.008789    0.009375    0.009888    0.01034    0.01074    0.0111    0.01141    0.01169    0.01194    0.01217    0.01236    0.01254    0.01269    0.01282    0.01294    0.01304    0.01313    0.01321    0.01328    0.01334    0.01339    0.01343    0.01346    0.01349    0.01352    0.01354    
CE140    1.892e-19    0.003341    0.01238    0.02562    0.04229    0.06182    0.08378    0.1078    0.1337    0.1611    0.19    0.22    0.2512    0.2834    0.3165    0.3503    0.3849    0.4201    0.4558    0.4921    0.5288    0.5659    0.6034    0.6412    0.6793    0.7176    0.7561    0.7949    0.8338    0.8729    0.9121    0.9514    0.9909    
CE141    7.084e-18    0.003665    0.007664    0.0112    0.01419    0.01671    0.01882    0.02062    0.02215    0.02348    0.02464    0.02565    0.02653    0.02731    0.028    0.02861    0.02914    0.02962    0.03003    0.0304    0.03072    0.031    0.03125    0.03146    0.03164    0.03181    0.03194    0.03206    0.03216    0.03225    0.03232    0.03238    0.03244    
PR141    2.29e-19    0.001814    0.007924    0.01806    0.03167    0.04817    0.06712    0.0881    0.1108    0.135    0.1605    0.1871    0.2147    0.243    0.2722    0.3019    0.3322    0.363    0.3942    0.4258    0.4577    0.4898    0.5222    0.5547    0.5874    0.6202    0.6532    0.6862    0.7192    0.7523    0.7854    0.8186    0.8517    
CE142    7.258e-18    0.005337    0.01503    0.02809    0.04393    0.06208    0.08219    0.104    0.1272    0.1517    0.1773    0.2038    0.2312    0.2594    0.2882    0.3177    0.3476    0.378    0.4088    0.44    0.4714    0.5032    0.5351    0.5673    0.5997    0.6322    0.6648    0.6976    0.7304    0.7633    0.7963    0.8293    0.8624    
ND143    1.783e-19    0.00267    0.009836    0.0201    0.03272    0.04716    0.063    0.07993    0.09767    0.116    0.1348    0.1539    0.1732    0.1925    0.2119    0.2311    0.2503    0.2692    0.2879    0.3063    0.3244    0.3422    0.3596    0.3766    0.3932    0.4094    0.4253    0.4407    0.4556    0.4702    0.4844    0.4981    0.5114    
CE144    6.411e-18    0.004289    0.01126    0.01988    0.02953    0.03978    0.05031    0.06087    0.07131    0.08151    0.09138    0.1009    0.1099    0.1185    0.1267    0.1344    0.1416    0.1483    0.1546    0.1605    0.1659    0.171    0.1756    0.1799    0.1839    0.1875    0.1908    0.1938    0.1966    0.1991    0.2014    0.2034    0.2053    
ND144    2.337e-20    0.0002707    0.001455    0.003922    0.007923    0.01362    0.02113    0.03049    0.04174    0.05488    0.06988    0.08672    0.1053    0.1257    0.1478    0.1714    0.1967    0.2234    0.2516    0.2811    0.312    0.3441    0.3773    0.4117    0.4472    0.4837    0.5211    0.5594    0.5986    0.6386    0.6794    0.7209    0.7631    
ND145    5.64e-18    0.003813    0.01035    0.01891    0.02912    0.04067    0.05334    0.06693    0.08129    0.09631    0.1119    0.1279    0.1443    0.1611    0.1781    0.1953    0.2127    0.2302    0.2477    0.2654    0.2831    0.3007    0.3184    0.336    0.3536    0.371    0.3884    0.4057    0.4229    0.44    0.4569    0.4737    0.4904    
ND146    5.024e-18    0.003388    0.009136    0.01672    0.02587    0.03635    0.04801    0.06071    0.07434    0.08882    0.1041    0.12    0.1367    0.1539    0.1717    0.19    0.2088    0.2281    0.2478    0.2678    0.2883    0.3091    0.3303    0.3518    0.3736    0.3956    0.4179    0.4405    0.4634    0.4865    0.5098    0.5333    0.557    
PM147    3.4e-19    0.001611    0.005198    0.009901    0.01534    0.02125    0.02743    0.03373    0.04005    0.04631    0.05245    0.05843    0.06421    0.06976    0.07509    0.08016    0.08499    0.08956    0.09388    0.09794    0.1018    0.1053    0.1087    0.1118    0.1147    0.1174    0.12    0.1223    0.1244    0.1264    0.1282    0.1299    0.1315    
ND148    3.318e-18    0.002252    0.006078    0.01111    0.01713    0.02399    0.03156    0.03974    0.04846    0.05765    0.06725    0.07722    0.08751    0.09809    0.1089    0.12    0.1313    0.1427    0.1543    0.166    0.1779    0.1898    0.2018    0.2139    0.2261    0.2383    0.2506    0.2629    0.2752    0.2876    0.3    0.3123    0.3247    
SM148    0    1.904e-05    0.000143    0.0004371    0.0009445    0.001695    0.002711    0.004006    0.005589    0.007466    0.009637    0.0121    0.01486    0.01791    0.02124    0.02484    0.02872    0.03286    0.03725    0.04189    0.04677    0.05187    0.0572    0.06275    0.06849    0.07444    0.08057    0.08688    0.09336    0.1    0.1068    0.1138    0.1209    
ND150    2.029e-18    0.001358    0.003644    0.00664    0.01023    0.01431    0.01881    0.02368    0.02888    0.03435    0.04008    0.04603    0.05218    0.05851    0.065    0.07162    0.07837    0.08523    0.09219    0.09923    0.1063    0.1135    0.1208    0.128    0.1354    0.1427    0.1501    0.1575    0.165    0.1724    0.1799    0.1873    0.1948    
SM150    1.55e-22    0.001415    0.004294    0.008183    0.01294    0.01846    0.02464    0.03141    0.03871    0.04648    0.05467    0.06322    0.07212    0.0813    0.09075    0.1004    0.1103    0.1203    0.1305    0.1408    0.1512    0.1617    0.1722    0.1828    0.1933    0.2039    0.2145    0.2251    0.2356    0.2462    0.2566    0.267    0.2774    
SM152    9.295e-19    0.0009528    0.003028    0.005952    0.009495    0.01347    0.01773    0.02218    0.02672    0.0313    0.03587    0.04041    0.04487    0.04926    0.05354    0.05771    0.06176    0.0657    0.0695    0.07319    0.07674    0.08017    0.08348    0.08667    0.08974    0.0927    0.09555    0.0983    0.1009    0.1035    0.106    0.1083    0.1106    
EU153    2.628e-19    0.0004708    0.00143    0.002856    0.00475    0.007101    0.009888    0.01309    0.01667    0.02059    0.02482    0.02934    0.03409    0.03905    0.04418    0.04946    0.05485    0.06033    0.06588    0.07146    0.07707    0.08267    0.08826    0.09382    0.09933    0.1048    0.1102    0.1155    0.1207    0.1259    0.1309    0.1359    0.1407    
SM154    3.985e-19    0.000308    0.0008837    0.00167    0.002632    0.003744    0.004985    0.006339    0.007794    0.009337    0.01096    0.01266    0.01442    0.01623    0.0181    0.02002    0.02197    0.02397    0.02599    0.02805    0.03012    0.03222    0.03434    0.03648    0.03863    0.04079    0.04296    0.04513    0.04732    0.04951    0.0517    0.05389    0.05609    
GD156    7.162e-21    9.99e-05    0.0004617    0.001079    0.00193    0.003002    0.004293    0.005808    0.007557    0.009555    0.01182    0.01436    0.0172    0.02036    0.02384    0.02766    0.03183    0.03637    0.04127    0.04654    0.0522    0.05823    0.06465    0.07144    0.07862    0.08618    0.09411    0.1024    0.1111    0.1201    0.1295    0.1392    0.1493    
