TIME    3   50   100   150   200   250   300   350   400   450   500   550   600   650   700   750   800   850   900   950   1000   1050   1100   1150   1200   1250   1300   1350   1400   1450   1500   1550   1600   
NEUT_PROD    0.791   1.24   1.69   2.09   2.44   2.75   3.03   3.28   3.51   3.72   3.91   4.08   4.24   4.39   4.52   4.64   4.76   4.86   4.96   5.04   5.12   5.2   5.26   5.32   5.38   5.43   5.48   5.52   5.56   5.59   5.62   5.65   5.67   
NEUT_DEST    2.32   2.61   2.89   3.16   3.4   3.63   3.84   4.03   4.22   4.39   4.55   4.7   4.83   4.96   5.09   5.2   5.3   5.4   5.5   5.58   5.66   5.74   5.81   5.88   5.94   6   6.05   6.11   6.16   6.2   6.25   6.29   6.33   
BUd    2.66e-16    0.166    0.253    0.328    0.393    0.451    0.503    0.55    0.592    0.631    0.665    0.697    0.726    0.753    0.778    0.8    0.821    0.84    0.857    0.873    0.888    0.901    0.913    0.924    0.934    0.944    0.952    0.959    0.966    0.972    0.978    0.983    0.987    
U238    1000    998.9    997.7    996.5    995.3    994.1    993    991.8    990.6    989.4    988.2    987.1    985.9    984.7    983.6    982.4    981.2    980.1    978.9    977.7    976.6    975.4    974.2    973.1    971.9    970.8    969.6    968.5    967.3    966.2    965    963.9    962.7    
NP237    1.946e-18    0.005092    0.01165    0.01796    0.02402    0.02983    0.03541    0.04077    0.04591    0.05084    0.05558    0.06012    0.06448    0.06867    0.07268    0.07653    0.08023    0.08378    0.08718    0.09044    0.09358    0.09658    0.09946    0.1022    0.1049    0.1074    0.1098    0.1122    0.1144    0.1166    0.1186    0.1206    0.1225    
NP239    1.391e-15    0.07099    0.0709    0.07082    0.07073    0.07065    0.07057    0.07048    0.0704    0.07032    0.07023    0.07015    0.07006    0.06998    0.0699    0.06982    0.06973    0.06965    0.06957    0.06948    0.0694    0.06932    0.06924    0.06915    0.06907    0.06899    0.06891    0.06883    0.06874    0.06866    0.06858    0.0685    0.06842    
PU238    0    7.407e-05    0.0003876    0.000939    0.001712    0.002694    0.003874    0.005245    0.006804    0.00855    0.01049    0.01262    0.01495    0.01749    0.02026    0.02325    0.02647    0.02994    0.03366    0.03763    0.04186    0.04634    0.05109    0.05609    0.06134    0.06684    0.07257    0.07853    0.08471    0.09109    0.09766    0.1044    0.1113    
PU239    7.032e-16    0.8505    1.7    2.431    3.06    3.602    4.068    4.469    4.813    5.109    5.363    5.581    5.768    5.929    6.066    6.183    6.283    6.368    6.441    6.502    6.554    6.598    6.635    6.665    6.691    6.712    6.729    6.743    6.754    6.762    6.769    6.773    6.776    
PU240    0    0.02197    0.08605    0.1797    0.293    0.4183    0.5498    0.6831    0.8149    0.9429    1.065    1.181    1.29    1.39    1.483    1.569    1.647    1.718    1.782    1.84    1.892    1.939    1.981    2.018    2.051    2.08    2.106    2.129    2.149    2.166    2.181    2.195    2.206    
PU241    0    0.001131    0.008875    0.02773    0.05991    0.106    0.1657    0.2376    0.3202    0.4118    0.5103    0.614    0.7212    0.8302    0.9396    1.048    1.155    1.259    1.36    1.457    1.55    1.638    1.721    1.799    1.872    1.941    2.005    2.064    2.118    2.169    2.215    2.257    2.296    
PU242    0    9.215e-06    0.0001482    0.0007101    0.002084    0.00469    0.00893    0.01516    0.02369    0.03474    0.04847    0.06498    0.0843    0.1064    0.1312    0.1586    0.1884    0.2205    0.2546    0.2907    0.3284    0.3675    0.4079    0.4493    0.4915    0.5343    0.5776    0.6211    0.6647    0.7083    0.7517    0.7948    0.8374    
AM241    0    1.791e-06    2.841e-05    0.0001342    0.0003882    0.0008608    0.001615    0.002703    0.00416    0.00601    0.008262    0.01091    0.01394    0.01733    0.02105    0.02506    0.02932    0.0338    0.03845    0.04323    0.0481    0.05303    0.05797    0.0629    0.06779    0.07261    0.07734    0.08196    0.08646    0.0908    0.095    0.09903    0.1029    
KR84    8.658e-19    0.0004768    0.001137    0.001938    0.002865    0.003906    0.005049    0.006286    0.00761    0.009013    0.01049    0.01204    0.01365    0.01532    0.01704    0.01882    0.02065    0.02252    0.02444    0.0264    0.0284    0.03044    0.03251    0.03461    0.03675    0.03891    0.04111    0.04333    0.04557    0.04784    0.05013    0.05245    0.05478    
KR86    1.304e-18    0.0007223    0.001728    0.002947    0.004354    0.005925    0.007642    0.00949    0.01145    0.01352    0.01569    0.01794    0.02027    0.02266    0.02513    0.02765    0.03022    0.03284    0.03551    0.03822    0.04096    0.04374    0.04654    0.04938    0.05224    0.05512    0.05802    0.06094    0.06387    0.06682    0.06978    0.07276    0.07574    
RB87    1.631e-18    0.0009025    0.002162    0.00369    0.005453    0.007423    0.009576    0.01189    0.01435    0.01695    0.01966    0.02248    0.02539    0.02839    0.03148    0.03463    0.03785    0.04113    0.04447    0.04785    0.05128    0.05475    0.05825    0.06179    0.06536    0.06896    0.07258    0.07622    0.07988    0.08356    0.08726    0.09097    0.09469    
SR88    2.217e-18    0.001293    0.003094    0.005272    0.007781    0.01058    0.01364    0.01692    0.02041    0.02408    0.02792    0.0319    0.03602    0.04025    0.0446    0.04905    0.05359    0.05821    0.0629    0.06766    0.07249    0.07737    0.08229    0.08727    0.09228    0.09733    0.1024    0.1075    0.1127    0.1178    0.123    0.1282    0.1335    
Y89    6.044e-20    0.0004139    0.001637    0.003522    0.005959    0.008869    0.01219    0.01586    0.01984    0.02411    0.02862    0.03335    0.03828    0.04338    0.04865    0.05406    0.05961    0.06527    0.07103    0.0769    0.08285    0.08888    0.09499    0.1012    0.1074    0.1137    0.12    0.1264    0.1328    0.1392    0.1457    0.1522    0.1587    
SR90    3.326e-18    0.001868    0.004514    0.007749    0.0115    0.01569    0.02028    0.02521    0.03045    0.03595    0.0417    0.04766    0.05381    0.06013    0.0666    0.07321    0.07993    0.08676    0.09369    0.1007    0.1078    0.1149    0.1221    0.1293    0.1366    0.1439    0.1513    0.1586    0.166    0.1734    0.1808    0.1882    0.1956    
Y91    3.195e-18    0.001725    0.003371    0.004815    0.00608    0.007189    0.008167    0.00903    0.009796    0.01048    0.01109    0.01164    0.01213    0.01257    0.01297    0.01334    0.01367    0.01396    0.01424    0.01448    0.0147    0.01491    0.01509    0.01526    0.01541    0.01554    0.01566    0.01577    0.01587    0.01596    0.01604    0.01611    0.01618    
ZR91    4.866e-20    0.0004923    0.002025    0.004474    0.007724    0.01168    0.01625    0.02137    0.02696    0.03299    0.03939    0.04614    0.05319    0.06052    0.0681    0.0759    0.0839    0.09208    0.1004    0.1089    0.1176    0.1263    0.1352    0.1442    0.1532    0.1624    0.1716    0.1809    0.1902    0.1996    0.2091    0.2186    0.2281    
ZR92    4.185e-18    0.00251    0.006178    0.01073    0.01605    0.02204    0.02864    0.03578    0.04339    0.05144    0.05987    0.06865    0.07775    0.08714    0.09678    0.1067    0.1168    0.1271    0.1375    0.1482    0.159    0.1699    0.1809    0.1921    0.2033    0.2147    0.2261    0.2376    0.2491    0.2608    0.2724    0.2842    0.2959    
ZR93    4.161e-18    0.002996    0.007495    0.01314    0.01979    0.02732    0.03563    0.04462    0.05423    0.0644    0.07505    0.08615    0.09765    0.1095    0.1217    0.1342    0.1469    0.1599    0.1731    0.1865    0.2001    0.2138    0.2277    0.2417    0.2558    0.27    0.2843    0.2987    0.3131    0.3276    0.3422    0.3568    0.3714    
ZR94    4.539e-18    0.002796    0.007212    0.01293    0.01978    0.02764    0.03638    0.04593    0.05618    0.06708    0.07856    0.09056    0.103    0.116    0.1293    0.1429    0.1569    0.1712    0.1858    0.2007    0.2157    0.231    0.2465    0.2621    0.278    0.2939    0.31    0.3262    0.3426    0.359    0.3756    0.3922    0.4089    
ZR95    5.749e-18    0.002788    0.005803    0.008683    0.01134    0.01376    0.01594    0.0179    0.01966    0.02123    0.02265    0.02393    0.02509    0.02614    0.02709    0.02795    0.02874    0.02945    0.03011    0.0307    0.03124    0.03173    0.03218    0.03258    0.03295    0.03328    0.03359    0.03386    0.0341    0.03433    0.03453    0.03471    0.03487    
NB95    9.156e-20    0.0005317    0.001767    0.003241    0.00474    0.006167    0.007483    0.008679    0.009757    0.01073    0.0116    0.01239    0.01309    0.01373    0.01431    0.01484    0.01532    0.01575    0.01615    0.01651    0.01683    0.01713    0.0174    0.01765    0.01787    0.01808    0.01826    0.01843    0.01858    0.01871    0.01884    0.01895    0.01905    
MO95    1.819e-21    0.0001755    0.001273    0.003723    0.007637    0.01298    0.01964    0.02751    0.03646    0.04637    0.05714    0.06868    0.08089    0.09371    0.1071    0.1209    0.1352    0.1498    0.1648    0.1801    0.1956    0.2114    0.2274    0.2435    0.2599    0.2763    0.2929    0.3095    0.3262    0.343    0.3599    0.3767    0.3936    
ZR96    5.812e-18    0.003525    0.008999    0.01602    0.02441    0.03399    0.04464    0.05625    0.06871    0.08194    0.09587    0.1104    0.1256    0.1412    0.1573    0.1739    0.1909    0.2082    0.2259    0.2438    0.2621    0.2805    0.2992    0.3181    0.3372    0.3565    0.3759    0.3954    0.4151    0.4349    0.4548    0.4747    0.4947    
MO97    4.099e-18    0.003624    0.009423    0.01691    0.02587    0.03614    0.04756    0.06001    0.07339    0.0876    0.1026    0.1182    0.1345    0.1513    0.1686    0.1864    0.2046    0.2232    0.2422    0.2615    0.281    0.3009    0.3209    0.3412    0.3617    0.3823    0.4031    0.424    0.4451    0.4662    0.4875    0.5089    0.5303    
MO98    6.314e-18    0.003894    0.01005    0.01802    0.02758    0.03856    0.05078    0.06414    0.07851    0.09379    0.1099    0.1268    0.1444    0.1626    0.1813    0.2006    0.2204    0.2407    0.2613    0.2823    0.3037    0.3254    0.3473    0.3696    0.392    0.4147    0.4376    0.4607    0.4839    0.5072    0.5308    0.5544    0.5781    
TC99    1.858e-18    0.003751    0.0101    0.01829    0.02805    0.03919    0.05152    0.06489    0.07918    0.09427    0.1101    0.1265    0.1435    0.1609    0.1787    0.197    0.2155    0.2342    0.2532    0.2724    0.2917    0.3111    0.3306    0.3501    0.3697    0.3893    0.4088    0.4283    0.4477    0.467    0.4863    0.5054    0.5245    
MO100    6.815e-18    0.004321    0.01135    0.02056    0.03169    0.04452    0.05886    0.07454    0.09144    0.1094    0.1284    0.1483    0.169    0.1904    0.2126    0.2353    0.2587    0.2825    0.3068    0.3316    0.3567    0.3822    0.4081    0.4342    0.4606    0.4872    0.5141    0.5411    0.5684    0.5957    0.6233    0.6509    0.6787    
RU101    7.212e-18    0.004373    0.01113    0.01978    0.03008    0.04183    0.05488    0.06907    0.08429    0.1004    0.1174    0.1352    0.1536    0.1727    0.1923    0.2124    0.233    0.254    0.2753    0.2971    0.3191    0.3413    0.3638    0.3865    0.4094    0.4325    0.4557    0.479    0.5023    0.5258    0.5493    0.5729    0.5965    
RU102    7.393e-18    0.004497    0.01148    0.02047    0.03122    0.04355    0.0573    0.07235    0.08856    0.1059    0.1242    0.1434    0.1634    0.1843    0.2058    0.2281    0.251    0.2745    0.2985    0.323    0.3481    0.3735    0.3994    0.4257    0.4523    0.4793    0.5065    0.5341    0.5619    0.59    0.6183    0.6469    0.6756    
RU103    6.337e-18    0.002966    0.005974    0.008703    0.01114    0.0133    0.01522    0.01694    0.01848    0.01986    0.02112    0.02226    0.02329    0.02424    0.0251    0.02589    0.02662    0.02728    0.02789    0.02844    0.02895    0.02941    0.02984    0.03022    0.03058    0.0309    0.03119    0.03146    0.0317    0.03192    0.03212    0.03229    0.03246    
RH103    1.664e-19    0.001224    0.005051    0.01116    0.01918    0.02878    0.03965    0.05154    0.06423    0.07755    0.09134    0.1055    0.1198    0.1343    0.1489    0.1634    0.1779    0.1922    0.2064    0.2204    0.2341    0.2475    0.2607    0.2736    0.2861    0.2983    0.3101    0.3216    0.3328    0.3436    0.354    0.3641    0.3738    
RU104    6.04e-18    0.003856    0.01017    0.01849    0.02857    0.04022    0.05329    0.06762    0.08311    0.09966    0.1172    0.1356    0.1548    0.1748    0.1955    0.2168    0.2387    0.2611    0.2841    0.3075    0.3314    0.3556    0.3802    0.4051    0.4303    0.4557    0.4814    0.5074    0.5335    0.5598    0.5863    0.6129    0.6396    
PD104    0    1.99e-05    0.0001707    0.0005783    0.00135    0.002575    0.004327    0.006663    0.009629    0.01326    0.01759    0.02263    0.0284    0.03491    0.04216    0.05014    0.05887    0.06833    0.07852    0.08942    0.101    0.1133    0.1263    0.1399    0.1541    0.169    0.1845    0.2006    0.2172    0.2344    0.2522    0.2704    0.2891    
PD105    2.142e-18    0.002777    0.007666    0.0142    0.02218    0.03144    0.04183    0.05324    0.06556    0.07872    0.09262    0.1072    0.1224    0.1382    0.1545    0.1713    0.1884    0.206    0.224    0.2422    0.2607    0.2795    0.2985    0.3177    0.3371    0.3566    0.3763    0.3961    0.416    0.4359    0.4559    0.476    0.4961    
RU106    3.199e-18    0.002159    0.00579    0.01048    0.01599    0.0221    0.02867    0.03557    0.04268    0.04993    0.05725    0.06458    0.07187    0.07908    0.08619    0.09316    0.09997    0.1066    0.113    0.1193    0.1253    0.1311    0.1366    0.142    0.1471    0.1519    0.1566    0.161    0.1652    0.1691    0.1729    0.1764    0.1798    
PD106    9.068e-21    0.0003054    0.001074    0.002393    0.004344    0.006986    0.01037    0.01451    0.01945    0.0252    0.03176    0.03914    0.04733    0.05632    0.06611    0.07668    0.08802    0.1001    0.1129    0.1265    0.1407    0.1556    0.1711    0.1873    0.204    0.2214    0.2393    0.2577    0.2766    0.296    0.3159    0.3362    0.357    
PD107    1.906e-18    0.001449    0.004194    0.008027    0.01283    0.0185    0.02495    0.03213    0.03997    0.04843    0.05745    0.06701    0.07707    0.08758    0.09852    0.1099    0.1216    0.1336    0.146    0.1586    0.1715    0.1847    0.198    0.2116    0.2254    0.2393    0.2533    0.2675    0.2818    0.2961    0.3106    0.3251    0.3397    
PD108    1.257e-18    0.0009801    0.002868    0.005522    0.008856    0.0128    0.01731    0.02232    0.02781    0.03373    0.04007    0.04678    0.05385    0.06124    0.06895    0.07694    0.08519    0.09368    0.1024    0.1113    0.1204    0.1297    0.1392    0.1487    0.1584    0.1682    0.1781    0.1881    0.1982    0.2083    0.2185    0.2287    0.2389    
AG109    7.23e-19    0.0006913    0.001949    0.003651    0.005727    0.00812    0.01078    0.01368    0.01677    0.02004    0.02345    0.02699    0.03064    0.03437    0.03818    0.04205    0.04597    0.04992    0.05389    0.05788    0.06187    0.06586    0.06983    0.07379    0.07772    0.08162    0.08548    0.0893    0.09308    0.09682    0.1005    0.1041    0.1077    
PD110    7.874e-19    0.0004815    0.001237    0.002214    0.003391    0.004748    0.006272    0.00795    0.009773    0.01173    0.01382    0.01602    0.01834    0.02077    0.0233    0.02593    0.02864    0.03144    0.03432    0.03727    0.04029    0.04337    0.04651    0.0497    0.05295    0.05624    0.05957    0.06294    0.06634    0.06978    0.07324    0.07673    0.08024    
I127    1.843e-19    0.0005513    0.001429    0.002505    0.003753    0.005152    0.006682    0.008327    0.01007    0.0119    0.01381    0.01579    0.01782    0.0199    0.02203    0.02419    0.02638    0.0286    0.03084    0.0331    0.03537    0.03766    0.03995    0.04225    0.04456    0.04686    0.04917    0.05148    0.05378    0.05608    0.05837    0.06065    0.06293    
TE128    1.902e-18    0.001089    0.002627    0.004505    0.006678    0.009109    0.01177    0.01462    0.01765    0.02084    0.02417    0.02761    0.03117    0.03483    0.03857    0.04239    0.04628    0.05023    0.05424    0.0583    0.0624    0.06655    0.07072    0.07494    0.07918    0.08344    0.08773    0.09204    0.09637    0.1007    0.1051    0.1094    0.1138    
I129    1.986e-18    0.001338    0.003461    0.006194    0.00945    0.01316    0.01726    0.0217    0.02643    0.03143    0.03665    0.04206    0.04765    0.05339    0.05926    0.06524    0.07131    0.07747    0.0837    0.08999    0.09633    0.1027    0.1091    0.1156    0.122    0.1285    0.1349    0.1414    0.1479    0.1543    0.1608    0.1672    0.1737    
TE130    3.942e-18    0.002372    0.006023    0.01069    0.01623    0.02256    0.02957    0.03719    0.04535    0.05401    0.06309    0.07258    0.08241    0.09257    0.103    0.1137    0.1247    0.1358    0.1472    0.1587    0.1704    0.1823    0.1943    0.2063    0.2185    0.2308    0.2432    0.2557    0.2682    0.2808    0.2935    0.3062    0.3189    
XE131    6.125e-19    0.00245    0.007272    0.01353    0.02098    0.02941    0.03865    0.04855    0.05901    0.0699    0.08115    0.09267    0.1044    0.1163    0.1283    0.1403    0.1523    0.1643    0.1763    0.1882    0.1999    0.2116    0.223    0.2344    0.2455    0.2565    0.2672    0.2778    0.2881    0.2982    0.3081    0.3178    0.3272    
XE132    2.047e-18    0.004316    0.01188    0.02186    0.03401    0.04816    0.06413    0.0818    0.101    0.1217    0.1438    0.1672    0.1918    0.2175    0.2444    0.2722    0.3011    0.3309    0.3615    0.393    0.4253    0.4583    0.4921    0.5265    0.5616    0.5973    0.6336    0.6704    0.7078    0.7457    0.784    0.8228    0.8621    
CS133    8.278e-19    0.004792    0.01391    0.02586    0.04024    0.0567    0.07496    0.09478    0.116    0.1383    0.1617    0.1859    0.2109    0.2366    0.2628    0.2895    0.3165    0.3439    0.3715    0.3993    0.4272    0.4553    0.4833    0.5113    0.5393    0.5672    0.595    0.6226    0.6501    0.6774    0.7045    0.7313    0.7579    
XE134    1.074e-17    0.006713    0.01735    0.03112    0.04767    0.06667    0.08788    0.1111    0.1361    0.1627    0.1908    0.2204    0.2511    0.2831    0.3161    0.3501    0.385    0.4208    0.4573    0.4945    0.5324    0.5709    0.6099    0.6494    0.6894    0.7297    0.7705    0.8116    0.853    0.8946    0.9366    0.9787    1.021    
CS134    1.867e-23    2.882e-05    0.0001702    0.0004661    0.0009459    0.001631    0.002538    0.003676    0.005051    0.006666    0.008522    0.01061    0.01294    0.0155    0.01827    0.02126    0.02445    0.02784    0.03142    0.03517    0.03909    0.04317    0.04739    0.05174    0.05623    0.06083    0.06553    0.07033    0.07522    0.08019    0.08523    0.09033    0.09548    
CS135    7.699e-18    0.001542    0.004094    0.007456    0.01153    0.01624    0.02152    0.02732    0.03358    0.04029    0.04739    0.05487    0.06269    0.07085    0.07931    0.08806    0.09709    0.1064    0.1159    0.1257    0.1357    0.146    0.1564    0.167    0.1779    0.1889    0.2001    0.2115    0.223    0.2348    0.2466    0.2587    0.2708    
XE136    9.616e-18    0.01056    0.02773    0.0502    0.07735    0.1086    0.1436    0.182    0.2233    0.2674    0.314    0.3629    0.4139    0.4668    0.5215    0.5778    0.6356    0.6948    0.7552    0.8168    0.8794    0.9431    1.008    1.073    1.139    1.206    1.273    1.341    1.409    1.478    1.547    1.617    1.687    
CS137    8.775e-18    0.005567    0.01462    0.02649    0.04081    0.05731    0.07572    0.09586    0.1175    0.1406    0.1649    0.1903    0.2168    0.2442    0.2725    0.3015    0.3312    0.3615    0.3924    0.4238    0.4556    0.4878    0.5205    0.5534    0.5866    0.62    0.6537    0.6875    0.7215    0.7556    0.7898    0.8241    0.8585    
BA138    8.841e-18    0.005461    0.01409    0.02526    0.03867    0.05406    0.07124    0.09003    0.1103    0.1319    0.1547    0.1786    0.2035    0.2294    0.2561    0.2837    0.312    0.3409    0.3705    0.4007    0.4314    0.4626    0.4942    0.5262    0.5586    0.5914    0.6244    0.6577    0.6913    0.7251    0.7591    0.7933    0.8276    
LA139    9.058e-18    0.005525    0.01416    0.02527    0.03856    0.05379    0.07074    0.08924    0.1091    0.1303    0.1527    0.1761    0.2005    0.2257    0.2518    0.2787    0.3062    0.3344    0.3631    0.3924    0.4221    0.4523    0.4828    0.5137    0.545    0.5765    0.6083    0.6403    0.6726    0.705    0.7375    0.7702    0.8031    
CE140    2.02e-19    0.003068    0.01035    0.02041    0.03284    0.04737    0.06378    0.08188    0.1015    0.1225    0.1448    0.1683    0.1928    0.2183    0.2448    0.272    0.3001    0.3288    0.3583    0.3883    0.4189    0.45    0.4817    0.5137    0.5462    0.579    0.6121    0.6456    0.6794    0.7134    0.7477    0.7822    0.8169    
CE141    7.576e-18    0.003215    0.006075    0.008513    0.01063    0.01249    0.01413    0.0156    0.01692    0.0181    0.01918    0.02015    0.02104    0.02185    0.02259    0.02326    0.02388    0.02445    0.02496    0.02544    0.02587    0.02626    0.02662    0.02695    0.02724    0.02751    0.02776    0.02798    0.02818    0.02836    0.02853    0.02867    0.0288    
PR141    2.449e-19    0.001679    0.006699    0.01452    0.02475    0.03707    0.05123    0.06702    0.08425    0.1028    0.1225    0.1432    0.1649    0.1874    0.2107    0.2347    0.2594    0.2846    0.3103    0.3365    0.3631    0.3901    0.4175    0.4451    0.473    0.5012    0.5295    0.5581    0.5868    0.6156    0.6446    0.6736    0.7028    
CE142    7.747e-18    0.004795    0.01241    0.02228    0.03413    0.04773    0.0629    0.07947    0.09729    0.1163    0.1363    0.1572    0.179    0.2017    0.225    0.249    0.2736    0.2987    0.3244    0.3505    0.377    0.404    0.4312    0.4588    0.4867    0.5149    0.5433    0.5719    0.6007    0.6297    0.6588    0.6881    0.7175    
ND143    1.907e-19    0.002468    0.008273    0.0161    0.02555    0.03633    0.04824    0.06108    0.07468    0.08891    0.1037    0.1188    0.1343    0.15    0.1659    0.1819    0.1979    0.214    0.23    0.2459    0.2618    0.2774    0.293    0.3083    0.3234    0.3383    0.3529    0.3672    0.3813    0.3951    0.4086    0.4219    0.4348    
CE144    6.843e-18    0.003902    0.009403    0.01591    0.0231    0.03075    0.03866    0.0467    0.05474    0.06272    0.07055    0.0782    0.08563    0.0928    0.09971    0.1063    0.1127    0.1187    0.1244    0.1299    0.135    0.1399    0.1445    0.1488    0.1529    0.1567    0.1602    0.1635    0.1666    0.1695    0.1722    0.1747    0.177    
ND144    2.495e-20    0.0002546    0.001265    0.003254    0.00638    0.01076    0.01648    0.02359    0.03212    0.0421    0.05353    0.06641    0.08071    0.09642    0.1135    0.132    0.1517    0.1728    0.195    0.2185    0.2432    0.269    0.2958    0.3238    0.3527    0.3826    0.4134    0.4451    0.4776    0.511    0.5451    0.58    0.6156    
ND145    6.019e-18    0.00351    0.008791    0.01543    0.02324    0.03208    0.04181    0.05234    0.06358    0.07543    0.08784    0.1007    0.1141    0.1278    0.1419    0.1563    0.1709    0.1858    0.2009    0.2161    0.2315    0.2471    0.2627    0.2784    0.2941    0.31    0.3258    0.3416    0.3575    0.3733    0.3891    0.4048    0.4205    
ND146    5.362e-18    0.00314    0.007822    0.01373    0.02074    0.02874    0.03766    0.0474    0.05792    0.06916    0.08107    0.09361    0.1067    0.1204    0.1347    0.1494    0.1646    0.1802    0.1963    0.2127    0.2296    0.2468    0.2644    0.2823    0.3005    0.319    0.3378    0.3569    0.3762    0.3958    0.4156    0.4357    0.4559    
PM147    3.629e-19    0.001517    0.00449    0.008167    0.01235    0.01689    0.02168    0.02664    0.03169    0.03677    0.04184    0.04686    0.0518    0.05665    0.06138    0.06598    0.07043    0.07473    0.07887    0.08286    0.08667    0.09033    0.09381    0.09714    0.1003    0.1033    0.1061    0.1088    0.1114    0.1138    0.1161    0.1182    0.1202    
ND148    3.543e-18    0.002083    0.005194    0.009106    0.01372    0.01897    0.02478    0.03109    0.03786    0.04505    0.05262    0.06053    0.06877    0.0773    0.08611    0.09516    0.1044    0.1139    0.1236    0.1335    0.1435    0.1536    0.1639    0.1743    0.1849    0.1955    0.2062    0.217    0.2278    0.2387    0.2497    0.2607    0.2718    
ND150    2.164e-18    0.001258    0.003121    0.005457    0.00821    0.01134    0.01479    0.01855    0.02258    0.02687    0.03138    0.0361    0.04101    0.0461    0.05136    0.05676    0.06231    0.06798    0.07377    0.07967    0.08567    0.09176    0.09793    0.1042    0.1105    0.1169    0.1233    0.1298    0.1363    0.1428    0.1494    0.1561    0.1627    
SM150    1.647e-22    0.001142    0.003456    0.00648    0.01014    0.01439    0.01918    0.02447    0.03021    0.03638    0.04295    0.04988    0.05716    0.06475    0.07263    0.08078    0.08918    0.09781    0.1066    0.1157    0.1249    0.1342    0.1437    0.1533    0.1631    0.1729    0.1828    0.1928    0.2028    0.2129    0.2231    0.2332    0.2434    
SM152    9.904e-19    0.0008358    0.002448    0.004631    0.007245    0.01018    0.01336    0.0167    0.02016    0.0237    0.02727    0.03085    0.03443    0.03798    0.04148    0.04494    0.04833    0.05165    0.0549    0.05807    0.06116    0.06417    0.06709    0.06993    0.07268    0.07535    0.07794    0.08044    0.08287    0.08521    0.08748    0.08968    0.0918    
EU153    2.806e-19    0.0004245    0.001175    0.002228    0.003589    0.005254    0.007212    0.009447    0.01194    0.01468    0.01763    0.02077    0.02409    0.02756    0.03116    0.03488    0.03868    0.04255    0.04648    0.05045    0.05445    0.05845    0.06246    0.06645    0.07042    0.07435    0.07825    0.0821    0.08589    0.08963    0.0933    0.09691    0.1004    
