TIME    3   50   100   150   200   250   300   350   400   450   500   550   600   650   700   750   800   850   900   950   1000   1050   1100   1150   1200   1250   1300   1350   1400   1450   1500   1550   1600   
NEUT_PROD    182   174   166   158   151   144   137   131   125   119   114   109   104   99.1   94.6   90.3   86.2   82.3   78.5   75   71.6   68.3   65.3   62.3   59.5   56.8   54.3   51.9   49.5   47.3   45.2   43.2   41.3   
NEUT_DEST    92.8   94   90.7   87.5   84.4   81.4   78.6   75.9   73.3   70.8   68.4   66.1   63.9   61.8   59.8   57.8   56   54.2   52.5   50.8   49.3   47.8   46.3   44.9   43.6   42.3   41.1   40   38.8   37.8   36.7   35.7   34.8   
BUd    7.28e-14    33.5    34    32.5    31    29.6    28.2    26.9    25.7    24.5    23.4    22.3    21.3    20.3    19.4    18.5    17.7    16.9    16.1    15.4    14.7    14    13.4    12.8    12.2    11.7    11.1    10.6    10.2    9.7    9.27    8.85    8.46    
U234    1.119e-17    0.005083    0.01011    0.01478    0.01911    0.02313    0.02686    0.03033    0.03357    0.0366    0.03945    0.04215    0.04472    0.04718    0.04956    0.05189    0.05418    0.05645    0.05873    0.06103    0.06337    0.06578    0.06825    0.07082    0.07349    0.07627    0.07918    0.08223    0.08543    0.08878    0.0923    0.09599    0.09986    
U235    1000    956.9    913    871.1    831.2    793.1    756.8    722.1    689    657.4    627.3    598.5    571.1    544.9    519.9    496.1    473.4    451.7    431    411.2    392.4    374.4    357.2    340.8    325.2    310.3    296.1    282.5    269.6    257.2    245.4    234.2    223.5    
U236    1.809e-14    8.289    16.65    24.56    32.05    39.13    45.81    52.13    58.1    63.72    69.03    74.03    78.74    83.18    87.35    91.27    94.95    98.4    101.6    104.7    107.5    110.1    112.6    114.9    117    119    120.9    122.6    124.1    125.6    126.9    128.1    129.2    
U237    0    0.009223    0.02096    0.03209    0.04262    0.05258    0.06199    0.07088    0.07927    0.08719    0.09466    0.1017    0.1083    0.1146    0.1205    0.126    0.1312    0.136    0.1406    0.1448    0.1488    0.1526    0.1561    0.1593    0.1623    0.1651    0.1677    0.1701    0.1723    0.1743    0.1762    0.1779    0.1795    
U238    0    0.0001816    0.0009265    0.002233    0.004071    0.006411    0.009224    0.01248    0.01617    0.02024    0.0247    0.0295    0.03463    0.04008    0.04581    0.05182    0.05809    0.0646    0.07132    0.07826    0.0854    0.09271    0.1002    0.1078    0.1156    0.1235    0.1316    0.1397    0.148    0.1563    0.1648    0.1733    0.1819    
NP237    0    0.01874    0.09443    0.2248    0.4045    0.6288    0.8932    1.193    1.525    1.885    2.27    2.677    3.102    3.542    3.997    4.462    4.936    5.417    5.903    6.393    6.884    7.375    7.866    8.354    8.84    9.321    9.796    10.27    10.73    11.19    11.63    12.07    12.5    
PU238    0    0.0001845    0.002079    0.007786    0.01917    0.03784    0.06519    0.1024    0.1504    0.2101    0.282    0.3667    0.4646    0.5759    0.7007    0.8391    0.9911    1.157    1.335    1.527    1.731    1.948    2.176    2.417    2.668    2.929    3.201    3.483    3.773    4.072    4.379    4.693    5.014    
PU239    0    1.287e-06    2.819e-05    0.0001542    0.0004936    0.00119    0.002403    0.004308    0.007077    0.01089    0.01591    0.02229    0.0302    0.03976    0.05109    0.06431    0.0795    0.09675    0.1161    0.1376    0.1614    0.1873    0.2155    0.2459    0.2785    0.3133    0.3503    0.3893    0.4304    0.4735    0.5186    0.5655    0.6142    
SE77    1.009e-18    0.001126    0.002333    0.003477    0.004564    0.005594    0.00657    0.007496    0.008373    0.009204    0.00999    0.01073    0.01144    0.01211    0.01274    0.01333    0.01389    0.01442    0.01492    0.0154    0.01584    0.01626    0.01665    0.01702    0.01737    0.0177    0.01801    0.01829    0.01856    0.01881    0.01905    0.01927    0.01947    
SE78    5.181e-18    0.002446    0.004948    0.00734    0.009629    0.01182    0.01391    0.01592    0.01784    0.01967    0.02143    0.02311    0.02472    0.02627    0.02774    0.02916    0.03052    0.03181    0.03306    0.03425    0.0354    0.0365    0.03755    0.03856    0.03953    0.04046    0.04135    0.04221    0.04303    0.04382    0.04458    0.04532    0.04602    
SE79    1.356e-17    0.00625    0.0126    0.01867    0.02445    0.02997    0.03523    0.04025    0.04504    0.04961    0.05397    0.05813    0.0621    0.06588    0.06949    0.07294    0.07623    0.07936    0.08235    0.08521    0.08793    0.09053    0.093    0.09537    0.09763    0.09978    0.1018    0.1038    0.1057    0.1074    0.1092    0.1108    0.1123    
SE80    3.26e-17    0.01499    0.03023    0.04478    0.05866    0.07191    0.08455    0.09661    0.1081    0.1191    0.1296    0.1396    0.1492    0.1583    0.167    0.1753    0.1832    0.1908    0.198    0.2049    0.2115    0.2178    0.2238    0.2296    0.235    0.2403    0.2453    0.25    0.2546    0.2589    0.2631    0.2671    0.2709    
BR81    5.578e-17    0.02561    0.05155    0.07619    0.0996    0.1218    0.1429    0.163    0.182    0.2    0.2172    0.2334    0.2488    0.2634    0.2772    0.2903    0.3026    0.3144    0.3254    0.3359    0.3458    0.3552    0.364    0.3723    0.3802    0.3876    0.3946    0.4011    0.4073    0.4131    0.4185    0.4236    0.4284    
SE82    8.797e-17    0.04045    0.08156    0.1208    0.1582    0.194    0.2281    0.2606    0.2916    0.3213    0.3495    0.3765    0.4023    0.4268    0.4503    0.4727    0.494    0.5144    0.5339    0.5524    0.5702    0.5871    0.6032    0.6187    0.6334    0.6474    0.6608    0.6737    0.6859    0.6976    0.7087    0.7194    0.7296    
KR83    1.37e-16    0.06526    0.1303    0.1907    0.2467    0.2985    0.3464    0.3906    0.4313    0.4686    0.5029    0.5343    0.5629    0.5888    0.6124    0.6336    0.6527    0.6697    0.6848    0.6981    0.7098    0.7198    0.7284    0.7356    0.7415    0.7462    0.7498    0.7523    0.7539    0.7545    0.7543    0.7533    0.7515    
KR84    2.794e-16    0.1293    0.2625    0.3913    0.5158    0.6363    0.7527    0.8654    0.9744    1.08    1.182    1.281    1.376    1.469    1.558    1.645    1.729    1.81    1.889    1.965    2.039    2.11    2.18    2.247    2.312    2.375    2.436    2.495    2.553    2.609    2.663    2.715    2.766    
KR85    7.421e-17    0.03384    0.06816    0.1006    0.1313    0.1602    0.1876    0.2134    0.2378    0.2608    0.2824    0.3028    0.3219    0.34    0.3569    0.3728    0.3877    0.4017    0.4148    0.427    0.4385    0.4491    0.4591    0.4683    0.4769    0.4848    0.4922    0.499    0.5052    0.511    0.5162    0.521    0.5254    
RB85    2.753e-16    0.1261    0.2553    0.3789    0.4972    0.6102    0.7184    0.8219    0.9209    1.016    1.106    1.193    1.276    1.356    1.432    1.505    1.575    1.642    1.706    1.767    1.826    1.882    1.936    1.988    2.038    2.086    2.131    2.175    2.217    2.258    2.297    2.334    2.37    
KR86    5.582e-16    0.2567    0.5176    0.7666    1.004    1.231    1.447    1.654    1.851    2.039    2.218    2.39    2.553    2.709    2.858    3    3.136    3.265    3.389    3.506    3.619    3.726    3.829    3.927    4.02    4.11    4.195    4.276    4.354    4.428    4.499    4.566    4.631    
RB87    7.23e-16    0.3319    0.6699    0.9924    1.3    1.594    1.874    2.141    2.396    2.64    2.872    3.093    3.305    3.506    3.699    3.883    4.058    4.225    4.385    4.537    4.682    4.821    4.953    5.08    5.2    5.315    5.425    5.53    5.63    5.725    5.817    5.904    5.987    
SR88    9.837e-16    0.4775    0.965    1.43    1.874    2.298    2.702    3.088    3.457    3.808    4.144    4.464    4.769    5.061    5.34    5.605    5.859    6.101    6.332    6.553    6.764    6.965    7.157    7.34    7.515    7.682    7.842    7.995    8.14    8.279    8.412    8.539    8.66    
SR89    1.346e-15    0.4648    0.698    0.7941    0.8223    0.8171    0.7961    0.7679    0.737    0.7054    0.6742    0.6439    0.6148    0.5869    0.5601    0.5346    0.5103    0.487    0.4648    0.4437    0.4235    0.4042    0.3859    0.3683    0.3516    0.3357    0.3205    0.3059    0.2921    0.2789    0.2663    0.2543    0.2429    
Y89    2.791e-17    0.1674    0.5773    1.095    1.652    2.215    2.769    3.306    3.822    4.316    4.789    5.24    5.671    6.083    6.475    6.85    7.207    7.548    7.873    8.184    8.48    8.762    9.032    9.289    9.535    9.769    9.993    10.21    10.41    10.6    10.79    10.97    11.13    
SR90    1.662e-15    0.7632    1.537    2.272    2.971    3.635    4.266    4.866    5.435    5.976    6.49    6.977    7.44    7.878    8.295    8.689    9.063    9.417    9.753    10.07    10.37    10.66    10.93    11.18    11.42    11.65    11.86    12.06    12.25    12.43    12.6    12.76    12.91    
ZR90    2.684e-18    0.002328    0.007306    0.01477    0.0246    0.0367    0.05096    0.06727    0.08553    0.1056    0.1275    0.1511    0.1762    0.2028    0.2309    0.2603    0.291    0.3229    0.356    0.3901    0.4253    0.4615    0.4986    0.5365    0.5753    0.6149    0.6552    0.6962    0.7379    0.7802    0.823    0.8664    0.9104    
Y91    1.37e-15    0.5965    0.9324    1.091    1.152    1.161    1.142    1.108    1.068    1.025    0.9818    0.9388    0.897    0.8568    0.8181    0.7811    0.7457    0.7119    0.6796    0.6488    0.6195    0.5914    0.5647    0.5392    0.5148    0.4916    0.4695    0.4484    0.4282    0.409    0.3907    0.3732    0.3566    
ZR91    2.087e-17    0.183    0.6499    1.258    1.927    2.615    3.299    3.967    4.612    5.233    5.827    6.395    6.938    7.456    7.951    8.423    8.874    9.303    9.713    10.1    10.48    10.83    11.17    11.5    11.8    12.1    12.38    12.65    12.9    13.15    13.38    13.6    13.82    
ZR92    1.683e-15    0.8119    1.644    2.439    3.197    3.921    4.612    5.272    5.902    6.503    7.077    7.625    8.148    8.648    9.125    9.58    10.02    10.43    10.83    11.21    11.57    11.91    12.24    12.56    12.86    13.15    13.42    13.69    13.94    14.18    14.41    14.63    14.84    
ZR93    1.55e-15    0.8797    1.785    2.648    3.469    4.252    4.999    5.709    6.386    7.031    7.645    8.23    8.787    9.317    9.822    10.3    10.76    11.2    11.61    12.01    12.38    12.74    13.08    13.4    13.71    14    14.28    14.54    14.79    15.03    15.26    15.47    15.68    
ZR94    1.894e-15    0.8714    1.759    2.607    3.418    4.193    4.933    5.641    6.319    6.966    7.585    8.177    8.743    9.285    9.804    10.3    10.77    11.23    11.66    12.08    12.48    12.86    13.23    13.58    13.91    14.23    14.54    14.84    15.12    15.39    15.66    15.91    16.15    
ZR95    1.931e-15    0.7058    1.117    1.324    1.414    1.437    1.422    1.386    1.34    1.289    1.236    1.183    1.131    1.081    1.032    0.9854    0.9407    0.898    0.8573    0.8184    0.7812    0.7458    0.712    0.6798    0.649    0.6197    0.5918    0.5651    0.5397    0.5155    0.4924    0.4703    0.4494    
NB95    3.077e-17    0.1456    0.3869    0.5745    0.6904    0.75    0.7719    0.7704    0.7554    0.7327    0.7062    0.6781    0.6495    0.6213    0.5937    0.5671    0.5416    0.5171    0.4936    0.4712    0.4499    0.4295    0.41    0.3914    0.3737    0.3568    0.3407    0.3253    0.3107    0.2967    0.2834    0.2707    0.2586    
MO95    6.114e-19    0.05072    0.3141    0.7918    1.416    2.122    2.863    3.609    4.343    5.055    5.739    6.393    7.015    7.607    8.168    8.7    9.204    9.681    10.13    10.56    10.96    11.34    11.7    12.04    12.36    12.66    12.94    13.2    13.45    13.69    13.91    14.12    14.31    
ZR96    1.948e-15    0.8956    1.806    2.675    3.504    4.294    5.049    5.768    6.455    7.11    7.734    8.33    8.899    9.441    9.959    10.45    10.92    11.37    11.8    12.21    12.6    12.97    13.33    13.67    13.99    14.3    14.59    14.87    15.14    15.4    15.64    15.87    16.09    
MO96    1.072e-19    0.0002014    0.00138    0.004626    0.01074    0.02018    0.03317    0.04977    0.06992    0.09354    0.1205    0.1506    0.1837    0.2198    0.2585    0.2998    0.3436    0.3896    0.4378    0.4881    0.5403    0.5943    0.65    0.7074    0.7662    0.8265    0.8881    0.951    1.015    1.08    1.146    1.213    1.281    
ZR97    5.896e-16    0.01786    0.01705    0.01628    0.01554    0.01483    0.01416    0.01352    0.0129    0.01232    0.01176    0.01123    0.01072    0.01024    0.009775    0.009334    0.008914    0.008513    0.008131    0.007766    0.007419    0.007087    0.006771    0.00647    0.006182    0.005908    0.005647    0.005398    0.005161    0.004934    0.004719    0.004513    0.004317    
MO97    1.25e-15    0.8288    1.691    2.513    3.298    4.045    4.758    5.438    6.086    6.704    7.293    7.855    8.39    8.901    9.388    9.852    10.29    10.72    11.12    11.5    11.87    12.21    12.55    12.86    13.16    13.45    13.73    13.99    14.24    14.47    14.7    14.92    15.12    
MO98    1.849e-15    0.8507    1.716    2.542    3.331    4.085    4.804    5.492    6.148    6.775    7.374    7.946    8.492    9.014    9.513    9.989    10.44    10.88    11.3    11.69    12.07    12.44    12.78    13.12    13.43    13.74    14.03    14.31    14.57    14.83    15.07    15.31    15.53    
MO99    1.344e-15    0.07272    0.06942    0.06627    0.06326    0.06039    0.05765    0.05504    0.05255    0.05017    0.0479    0.04574    0.04368    0.04171    0.03983    0.03804    0.03633    0.0347    0.03315    0.03167    0.03026    0.02891    0.02762    0.0264    0.02523    0.02412    0.02306    0.02205    0.02108    0.02016    0.01929    0.01845    0.01766    
TC99    5.271e-16    0.7971    1.68    2.511    3.293    4.029    4.72    5.369    5.978    6.548    7.082    7.582    8.049    8.485    8.891    9.269    9.62    9.946    10.25    10.53    10.78    11.02    11.24    11.44    11.62    11.78    11.93    12.07    12.19    12.29    12.39    12.47    12.54    
MO100    2.031e-15    0.934    1.883    2.789    3.653    4.477    5.264    6.014    6.73    7.413    8.064    8.686    9.279    9.845    10.38    10.9    11.39    11.86    12.31    12.73    13.14    13.53    13.9    14.25    14.59    14.91    15.22    15.51    15.79    16.06    16.32    16.56    16.79    
RU100    7.356e-21    0.004803    0.02107    0.04818    0.08547    0.1323    0.1882    0.2525    0.3247    0.4042    0.4907    0.5837    0.6827    0.7872    0.8971    1.012    1.131    1.254    1.382    1.512    1.646    1.783    1.923    2.065    2.21    2.357    2.505    2.655    2.807    2.959    3.113    3.268    3.424    
RU101    1.649e-15    0.7601    1.53    2.262    2.958    3.619    4.247    4.843    5.41    5.947    6.457    6.941    7.401    7.836    8.249    8.641    9.012    9.363    9.696    10.01    10.31    10.59    10.86    11.11    11.35    11.58    11.79    11.99    12.18    12.36    12.52    12.68    12.83    
RU102    1.394e-15    0.6444    1.303    1.934    2.539    3.119    3.676    4.211    4.723    5.216    5.688    6.142    6.578    6.998    7.4    7.788    8.16    8.519    8.864    9.196    9.515    9.823    10.12    10.41    10.68    10.95    11.21    11.45    11.69    11.93    12.15    12.37    12.58    
RU103    1.021e-15    0.3262    0.4587    0.4986    0.5011    0.4888    0.4709    0.4514    0.4318    0.4126    0.3942    0.3765    0.3597    0.3435    0.3282    0.3135    0.2995    0.2862    0.2735    0.2614    0.2499    0.2389    0.2284    0.2184    0.2089    0.1999    0.1912    0.183    0.1752    0.1677    0.1607    0.1539    0.1475    
RH103    2.68e-17    0.1525    0.4929    0.8843    1.272    1.635    1.966    2.265    2.532    2.769    2.978    3.161    3.32    3.457    3.573    3.671    3.752    3.816    3.867    3.904    3.929    3.944    3.948    3.943    3.93    3.91    3.883    3.851    3.813    3.77    3.723    3.673    3.619    
RU104    6.344e-16    0.2923    0.5903    0.875    1.147    1.406    1.654    1.89    2.116    2.331    2.536    2.732    2.919    3.097    3.268    3.43    3.585    3.733    3.874    4.009    4.138    4.261    4.378    4.49    4.597    4.699    4.796    4.89    4.979    5.064    5.145    5.223    5.298    
PD104    2.533e-23    0.00264    0.01881    0.05413    0.1096    0.1843    0.2768    0.3855    0.5086    0.6445    0.7917    0.9489    1.115    1.288    1.468    1.652    1.842    2.035    2.231    2.428    2.628    2.828    3.028    3.228    3.428    3.626    3.823    4.019    4.212    4.403    4.592    4.778    4.961    
PD105    1.593e-16    0.1435    0.2962    0.4412    0.579    0.7099    0.8342    0.9523    1.064    1.171    1.272    1.368    1.459    1.546    1.628    1.706    1.78    1.851    1.917    1.981    2.041    2.098    2.153    2.205    2.254    2.3    2.345    2.387    2.427    2.465    2.501    2.536    2.568    
RU106    1.433e-16    0.06322    0.1216    0.1718    0.2148    0.2511    0.2817    0.3071    0.3279    0.3446    0.3577    0.3676    0.3747    0.3794    0.3819    0.3826    0.3816    0.3792    0.3756    0.371    0.3656    0.3594    0.3526    0.3454    0.3377    0.3298    0.3217    0.3135    0.3051    0.2968    0.2884    0.2802    0.272    
PD106    4.053e-19    0.0142    0.03585    0.06281    0.09432    0.1297    0.1684    0.2099    0.2537    0.2994    0.3465    0.3949    0.4442    0.4941    0.5444    0.595    0.6456    0.6961    0.7463    0.7963    0.8458    0.8949    0.9433    0.9912    1.038    1.085    1.131    1.176    1.22    1.263    1.306    1.348    1.39    
PD107    6.755e-17    0.03104    0.06252    0.09245    0.1209    0.148    0.1737    0.1982    0.2214    0.2435    0.2645    0.2845    0.3035    0.3215    0.3386    0.3549    0.3704    0.3852    0.3992    0.4125    0.4252    0.4373    0.4488    0.4598    0.4702    0.4802    0.4897    0.4988    0.5076    0.5159    0.5239    0.5316    0.539    
PD108    3.262e-17    0.01501    0.03024    0.04474    0.05855    0.07169    0.0842    0.09612    0.1075    0.1182    0.1285    0.1383    0.1476    0.1565    0.1649    0.1729    0.1806    0.1879    0.1949    0.2015    0.2078    0.2139    0.2196    0.2252    0.2305    0.2355    0.2404    0.2451    0.2496    0.2539    0.2581    0.2621    0.266    
AG109    1.194e-17    0.007209    0.01441    0.02103    0.0271    0.03267    0.03777    0.04242    0.04667    0.05055    0.05408    0.05728    0.06018    0.06281    0.06518    0.06732    0.06925    0.07097    0.07252    0.0739    0.07514    0.07624    0.07721    0.07808    0.07885    0.07953    0.08013    0.08067    0.08114    0.08157    0.08195    0.08229    0.08261    
PD110    1.196e-17    0.005498    0.01109    0.01642    0.0215    0.02636    0.03099    0.0354    0.03962    0.04364    0.04748    0.05114    0.05464    0.05797    0.06116    0.06421    0.06712    0.0699    0.07256    0.0751    0.07754    0.07988    0.08211    0.08426    0.08632    0.0883    0.09021    0.09205    0.09382    0.09553    0.09719    0.09879    0.1003    
CD110    0    0.0001818    0.0007614    0.001709    0.002994    0.004591    0.006473    0.008615    0.011    0.01359    0.01639    0.01936    0.0225    0.02578    0.02919    0.03272    0.03635    0.04008    0.04389    0.04777    0.05172    0.05572    0.05977    0.06386    0.06799    0.07215    0.07633    0.08054    0.08476    0.089    0.09325    0.09751    0.1018    
CD111    1.228e-18    0.003464    0.008017    0.01236    0.01649    0.02041    0.02415    0.02771    0.03109    0.03431    0.03738    0.0403    0.04309    0.04574    0.04827    0.05069    0.05299    0.0552    0.0573    0.05931    0.06124    0.06308    0.06485    0.06654    0.06817    0.06974    0.07124    0.07269    0.07409    0.07545    0.07676    0.07802    0.07925    
CD112    4.492e-18    0.003211    0.006591    0.009833    0.01294    0.01593    0.01879    0.02154    0.02418    0.02672    0.02915    0.03149    0.03374    0.03591    0.03799    0.03999    0.04192    0.04378    0.04557    0.04729    0.04895    0.05056    0.05211    0.05361    0.05506    0.05646    0.05782    0.05913    0.06041    0.06165    0.06285    0.06402    0.06515    
CD114    6.589e-18    0.005474    0.01181    0.01785    0.02362    0.02912    0.03437    0.03937    0.04415    0.0487    0.05304    0.05717    0.06112    0.06489    0.06847    0.0719    0.07516    0.07828    0.08125    0.08409    0.08679    0.08937    0.09183    0.09418    0.09643    0.09857    0.1006    0.1026    0.1044    0.1062    0.1079    0.1096    0.1111    
CD116    6.567e-18    0.00302    0.006092    0.009023    0.01182    0.01449    0.01703    0.01946    0.02178    0.02399    0.0261    0.02812    0.03004    0.03187    0.03362    0.03529    0.03688    0.0384    0.03985    0.04124    0.04256    0.04382    0.04503    0.04618    0.04727    0.04832    0.04932    0.05028    0.05119    0.05207    0.0529    0.0537    0.05446    
SN116    1.602e-23    0.0002333    0.0009664    0.002092    0.003516    0.005158    0.006955    0.008855    0.01082    0.01281    0.01482    0.0168    0.01877    0.0207    0.02258    0.02441    0.02618    0.0279    0.02957    0.03117    0.03272    0.0342    0.03563    0.03701    0.03833    0.0396    0.04082    0.04199    0.04312    0.0442    0.04524    0.04623    0.04719    
SN117    5.996e-18    0.002951    0.005968    0.008845    0.01159    0.01421    0.0167    0.01908    0.02135    0.02352    0.02559    0.02756    0.02945    0.03124    0.03296    0.03459    0.03616    0.03765    0.03907    0.04043    0.04173    0.04296    0.04415    0.04528    0.04635    0.04739    0.04837    0.04931    0.05021    0.05107    0.05189    0.05268    0.05343    
SN118    7.041e-18    0.00329    0.00664    0.009837    0.01289    0.0158    0.01859    0.02124    0.02378    0.0262    0.02851    0.03072    0.03283    0.03485    0.03677    0.03861    0.04036    0.04204    0.04364    0.04517    0.04663    0.04803    0.04937    0.05065    0.05187    0.05304    0.05415    0.05522    0.05625    0.05722    0.05816    0.05906    0.05992    
SN119    6.761e-18    0.003117    0.006294    0.00933    0.01223    0.01501    0.01766    0.02019    0.02261    0.02492    0.02713    0.02924    0.03125    0.03318    0.03502    0.03678    0.03846    0.04006    0.04159    0.04306    0.04446    0.04579    0.04707    0.04829    0.04946    0.05058    0.05165    0.05267    0.05364    0.05458    0.05547    0.05633    0.05715    
SN120    7.187e-18    0.003306    0.006667    0.009876    0.01294    0.01586    0.01865    0.02132    0.02386    0.02629    0.02861    0.03082    0.03294    0.03496    0.03688    0.03873    0.04048    0.04216    0.04377    0.0453    0.04676    0.04816    0.0495    0.05078    0.052    0.05317    0.05429    0.05535    0.05638    0.05735    0.05829    0.05919    0.06004    
SB121    4.169e-18    0.003376    0.006906    0.01025    0.01341    0.0164    0.01923    0.0219    0.02442    0.0268    0.02905    0.03117    0.03316    0.03504    0.03681    0.03848    0.04004    0.04151    0.04289    0.04418    0.04539    0.04652    0.04758    0.04856    0.04948    0.05034    0.05113    0.05187    0.05255    0.05318    0.05376    0.05429    0.05478    
SN122    8.084e-18    0.003717    0.007497    0.0111    0.01455    0.01783    0.02097    0.02396    0.02682    0.02954    0.03214    0.03463    0.037    0.03926    0.04142    0.04349    0.04545    0.04734    0.04913    0.05084    0.05248    0.05405    0.05554    0.05697    0.05833    0.05963    0.06088    0.06207    0.0632    0.06429    0.06533    0.06633    0.06728    
SB123    7.331e-18    0.003477    0.007225    0.01096    0.01465    0.01826    0.02176    0.02514    0.02839    0.03152    0.0345    0.03735    0.04007    0.04266    0.04511    0.04744    0.04965    0.05175    0.05373    0.05561    0.05738    0.05905    0.06063    0.06213    0.06353    0.06485    0.0661    0.06727    0.06837    0.0694    0.07037    0.07128    0.07213    
SN124    1.256e-17    0.005773    0.01164    0.01723    0.02257    0.02766    0.03251    0.03713    0.04155    0.04575    0.04977    0.05359    0.05724    0.06072    0.06404    0.0672    0.07021    0.07309    0.07583    0.07845    0.08094    0.08332    0.08558    0.08774    0.08981    0.09177    0.09365    0.09544    0.09714    0.09877    0.1003    0.1018    0.1032    
SB125    1.076e-17    0.006637    0.01397    0.02074    0.02695    0.03262    0.0378    0.04252    0.0468    0.05067    0.05417    0.0573    0.0601    0.06259    0.06479    0.06672    0.06839    0.06983    0.07105    0.07207    0.0729    0.07355    0.07404    0.07439    0.07459    0.07467    0.07463    0.07448    0.07424    0.0739    0.07348    0.07299    0.07243    
TE125    8.939e-21    8.227e-05    0.0003822    0.0009063    0.001646    0.002587    0.003717    0.005019    0.006479    0.008081    0.009814    0.01166    0.01362    0.01566    0.01779    0.01999    0.02225    0.02457    0.02693    0.02934    0.03177    0.03423    0.03671    0.0392    0.04171    0.04421    0.04672    0.04922    0.05171    0.05419    0.05666    0.05911    0.06154    
SN126    3.01e-17    0.01384    0.02791    0.04134    0.05415    0.06637    0.07804    0.08917    0.09979    0.1099    0.1196    0.1288    0.1376    0.146    0.1541    0.1617    0.169    0.176    0.1827    0.189    0.1951    0.2009    0.2064    0.2117    0.2168    0.2216    0.2262    0.2306    0.2348    0.2388    0.2427    0.2464    0.2499    
I127    9.29e-18    0.02342    0.05172    0.07934    0.1061    0.1318    0.1565    0.1801    0.2025    0.2239    0.2441    0.2633    0.2815    0.2987    0.3149    0.3302    0.3446    0.3582    0.371    0.3831    0.3944    0.405    0.415    0.4243    0.433    0.4412    0.4488    0.456    0.4626    0.4688    0.4745    0.4798    0.4848    
TE128    1.625e-16    0.07656    0.1545    0.229    0.3    0.3677    0.4324    0.4941    0.553    0.6093    0.6629    0.7141    0.763    0.8096    0.8541    0.8966    0.9371    0.9758    1.013    1.048    1.082    1.114    1.145    1.174    1.202    1.229    1.254    1.279    1.302    1.324    1.346    1.366    1.386    
TE129M    4.144e-17    0.01249    0.01685    0.01784    0.01765    0.01707    0.01637    0.01565    0.01494    0.01426    0.01361    0.01299    0.0124    0.01184    0.0113    0.01078    0.01029    0.009827    0.009381    0.008957    0.008552    0.008166    0.007799    0.007448    0.007114    0.006796    0.006493    0.006204    0.005929    0.005668    0.005418    0.005181    0.004955    
I129    2.366e-16    0.1243    0.2591    0.39    0.5153    0.6343    0.7472    0.8541    0.9552    1.051    1.141    1.227    1.308    1.384    1.456    1.524    1.588    1.648    1.705    1.758    1.808    1.856    1.9    1.941    1.98    2.016    2.05    2.082    2.112    2.139    2.165    2.188    2.21    
TE130    6.357e-16    0.2924    0.5897    0.8735    1.144    1.403    1.649    1.884    2.109    2.323    2.527    2.722    2.908    3.086    3.256    3.417    3.572    3.719    3.86    3.994    4.122    4.245    4.361    4.473    4.58    4.681    4.778    4.871    4.96    5.045    5.125    5.203    5.277    
XE130    7.826e-20    0.0004094    0.001678    0.003794    0.006725    0.01043    0.01487    0.02001    0.02581    0.03223    0.03923    0.04679    0.05487    0.06344    0.07248    0.08195    0.09183    0.1021    0.1127    0.1237    0.135    0.1466    0.1585    0.1706    0.183    0.1956    0.2084    0.2214    0.2346    0.248    0.2615    0.2752    0.289    
I131    1.005e-15    0.1338    0.1301    0.1242    0.1185    0.1131    0.108    0.103    0.09833    0.09385    0.08957    0.08549    0.08159    0.07788    0.07434    0.07096    0.06774    0.06466    0.06173    0.05894    0.05628    0.05373    0.05131    0.049    0.0468    0.04471    0.04271    0.0408    0.03898    0.03725    0.03561    0.03404    0.03254    
XE131    1.317e-16    0.4173    0.9693    1.48    1.95    2.38    2.774    3.134    3.461    3.758    4.027    4.269    4.486    4.68    4.852    5.004    5.137    5.252    5.35    5.434    5.502    5.558    5.601    5.632    5.653    5.665    5.667    5.66    5.646    5.625    5.597    5.564    5.525    
TE132    1.348e-15    0.08218    0.07842    0.07483    0.07141    0.06814    0.06503    0.06206    0.05922    0.05652    0.05393    0.05147    0.04912    0.04688    0.04475    0.04271    0.04077    0.03891    0.03715    0.03546    0.03385    0.03232    0.03086    0.02947    0.02814    0.02687    0.02567    0.02452    0.02342    0.02238    0.02138    0.02043    0.01953    
XE132    4.686e-16    0.7635    1.647    2.509    3.35    4.169    4.968    5.747    6.507    7.246    7.967    8.669    9.353    10.02    10.67    11.3    11.92    12.51    13.1    13.66    14.22    14.75    15.28    15.78    16.28    16.76    17.23    17.68    18.13    18.56    18.98    19.39    19.78    
I133    1.093e-15    0.03457    0.03299    0.03148    0.03004    0.02867    0.02736    0.02611    0.02491    0.02378    0.02269    0.02166    0.02067    0.01973    0.01883    0.01797    0.01715    0.01637    0.01563    0.01492    0.01424    0.0136    0.01298    0.0124    0.01184    0.01131    0.0108    0.01031    0.009852    0.009412    0.008993    0.008594    0.008213    
XE133    1.513e-15    0.2035    0.195    0.1861    0.1776    0.1695    0.1618    0.1544    0.1474    0.1407    0.1343    0.1282    0.1223    0.1168    0.1115    0.1064    0.1016    0.09702    0.09264    0.08846    0.08447    0.08067    0.07705    0.07359    0.0703    0.06716    0.06417    0.06132    0.0586    0.05601    0.05354    0.05119    0.04894    
CS133    2.428e-16    1.076    2.413    3.668    4.844    5.945    6.975    7.938    8.837    9.675    10.45    11.18    11.85    12.48    13.05    13.59    14.08    14.53    14.94    15.32    15.67    15.98    16.26    16.52    16.74    16.95    17.12    17.28    17.41    17.53    17.62    17.7    17.76    
XE134    3.282e-15    1.53    3.089    4.577    5.997    7.351    8.644    9.877    11.05    12.18    13.25    14.27    15.25    16.18    17.07    17.92    18.72    19.5    20.23    20.94    21.61    22.25    22.86    23.45    24    24.54    25.04    25.53    25.99    26.44    26.86    27.26    27.65    
CS134    1.796e-20    0.00697    0.03393    0.079    0.1397    0.2136    0.2988    0.3934    0.4956    0.6041    0.7174    0.8343    0.9538    1.075    1.197    1.318    1.44    1.559    1.678    1.793    1.907    2.017    2.124    2.228    2.328    2.425    2.517    2.606    2.69    2.771    2.847    2.92    2.988    
BA134    3.935e-23    9.008e-05    0.0009572    0.00349    0.00846    0.01653    0.02825    0.0441    0.06447    0.08966    0.1199    0.1555    0.1964    0.2428    0.2947    0.3522    0.4152    0.4837    0.5575    0.6367    0.721    0.8103    0.9046    1.004    1.107    1.215    1.327    1.443    1.563    1.687    1.814    1.945    2.078    
CS135    2.286e-15    0.3291    0.6669    0.9892    1.297    1.592    1.875    2.146    2.407    2.659    2.901    3.136    3.362    3.582    3.795    4.002    4.203    4.399    4.59    4.777    4.959    5.137    5.311    5.481    5.648    5.811    5.971    6.129    6.283    6.435    6.584    6.731    6.875    
XE136    2.821e-15    2.27    4.589    6.802    8.914    10.93    12.85    14.69    16.44    18.11    19.7    21.23    22.68    24.07    25.39    26.65    27.86    29.01    30.11    31.15    32.15    33.11    34.02    34.89    35.73    36.52    37.28    38    38.69    39.36    39.99    40.59    41.17    
BA136    2.522e-19    0.001199    0.003883    0.007576    0.0122    0.01772    0.02409    0.03127    0.03924    0.04797    0.05742    0.06758    0.07842    0.08992    0.1021    0.1148    0.1282    0.1421    0.1567    0.1718    0.1874    0.2036    0.2203    0.2375    0.2553    0.2735    0.2922    0.3114    0.3311    0.3513    0.3719    0.3929    0.4145    
CS137    2.702e-15    1.24    2.497    3.693    4.83    5.91    6.937    7.913    8.841    9.721    10.56    11.35    12.11    12.82    13.5    14.15    14.76    15.34    15.88    16.4    16.9    17.36    17.81    18.22    18.62    18.99    19.34    19.68    19.99    20.29    20.57    20.83    21.08    
BA137    4.851e-19    0.001963    0.007996    0.0179    0.03147    0.04854    0.06892    0.09246    0.119    0.1483    0.1804    0.215    0.252    0.2914    0.3329    0.3765    0.422    0.4694    0.5185    0.5693    0.6216    0.6754    0.7307    0.7872    0.845    0.904    0.9641    1.025    1.087    1.15    1.214    1.279    1.345    
BA138    3.016e-15    1.392    2.808    4.159    5.449    6.679    7.854    8.974    10.04    11.06    12.04    12.97    13.85    14.7    15.51    16.28    17.02    17.72    18.39    19.03    19.64    20.22    20.78    21.31    21.82    22.3    22.77    23.21    23.63    24.03    24.42    24.79    25.14    
LA139    2.886e-15    1.328    2.679    3.966    5.193    6.362    7.476    8.537    9.548    10.51    11.43    12.3    13.14    13.93    14.68    15.4    16.09    16.74    17.36    17.95    18.51    19.04    19.55    20.04    20.5    20.94    21.35    21.75    22.13    22.48    22.83    23.15    23.46    
BA140    2.586e-15    0.4621    0.4775    0.4581    0.4373    0.4173    0.3982    0.38    0.3626    0.3461    0.3303    0.3152    0.3008    0.2871    0.274    0.2615    0.2496    0.2382    0.2274    0.2171    0.2072    0.1978    0.1888    0.1803    0.1722    0.1644    0.157    0.1499    0.1432    0.1368    0.1307    0.1248    0.1193    
LA140    1.495e-16    0.06069    0.06339    0.06095    0.05827    0.05569    0.05323    0.05089    0.04865    0.04651    0.04447    0.04253    0.04067    0.0389    0.03722    0.03561    0.03407    0.03261    0.03121    0.02987    0.0286    0.02739    0.02624    0.02513    0.02408    0.02308    0.02212    0.02121    0.02034    0.01952    0.01873    0.01797    0.01726    
CE140    6.919e-17    0.8171    2.161    3.485    4.752    5.963    7.12    8.226    9.283    10.29    11.26    12.18    13.07    13.91    14.72    15.49    16.23    16.94    17.61    18.26    18.88    19.47    20.04    20.59    21.11    21.61    22.08    22.54    22.98    23.4    23.81    24.19    24.57    
CE141    2.584e-15    0.7717    1.031    1.085    1.07    1.033    0.9902    0.9464    0.9038    0.8627    0.8235    0.786    0.7503    0.7162    0.6836    0.6526    0.6229    0.5947    0.5678    0.5421    0.5176    0.4942    0.4719    0.4507    0.4304    0.4111    0.3927    0.3751    0.3584    0.3424    0.3272    0.3127    0.2989    
PR141    8.352e-17    0.4544    1.445    2.581    3.728    4.843    5.912    6.931    7.902    8.827    9.706    10.54    11.34    12.09    12.81    13.5    14.15    14.76    15.35    15.9    16.43    16.94    17.41    17.86    18.29    18.7    19.09    19.45    19.8    20.13    20.44    20.73    21.01    
CE142    2.681e-15    1.236    2.497    3.7    4.849    5.945    6.991    7.989    8.941    9.849    10.72    11.54    12.33    13.08    13.8    14.49    15.14    15.77    16.36    16.93    17.47    17.99    18.48    18.96    19.4    19.83    20.24    20.64    21.01    21.37    21.71    22.03    22.34    
ND142    2.559e-23    0.0003508    0.002486    0.007124    0.01442    0.02433    0.03675    0.05158    0.06868    0.08795    0.1093    0.1326    0.1577    0.1845    0.2131    0.2431    0.2747    0.3077    0.342    0.3776    0.4143    0.4522    0.4911    0.531    0.5719    0.6136    0.6562    0.6996    0.7437    0.7885    0.8339    0.8799    0.9266    
CE143    1.404e-15    0.05171    0.04935    0.0471    0.04495    0.0429    0.04095    0.03908    0.0373    0.03561    0.03399    0.03244    0.03097    0.02956    0.02822    0.02694    0.02572    0.02456    0.02345    0.02239    0.02138    0.02042    0.0195    0.01863    0.01779    0.017    0.01624    0.01551    0.01482    0.01417    0.01354    0.01294    0.01237    
PR143    1.248e-15    0.4488    0.4745    0.4564    0.4359    0.416    0.3971    0.379    0.3617    0.3453    0.3296    0.3146    0.3003    0.2867    0.2737    0.2613    0.2494    0.2381    0.2274    0.2171    0.2073    0.198    0.1891    0.1806    0.1725    0.1648    0.1574    0.1504    0.1437    0.1373    0.1312    0.1254    0.1199    
ND143    7.203e-17    0.738    1.942    3.092    4.152    5.125    6.015    6.829    7.569    8.242    8.851    9.401    9.894    10.33    10.73    11.07    11.38    11.64    11.87    12.06    12.22    12.35    12.45    12.52    12.57    12.6    12.61    12.6    12.57    12.53    12.47    12.4    12.32    
CE144    2.509e-15    1.094    2.076    2.894    3.57    4.122    4.567    4.919    5.19    5.391    5.533    5.624    5.672    5.682    5.661    5.613    5.544    5.456    5.353    5.238    5.114    4.982    4.845    4.704    4.56    4.415    4.269    4.124    3.98    3.838    3.698    3.56    3.426    
ND144    9.593e-18    0.07802    0.3256    0.722    1.246    1.877    2.6    3.399    4.261    5.174    6.129    7.116    8.129    9.16    10.2    11.25    12.31    13.36    14.41    15.45    16.48    17.5    18.5    19.5    20.47    21.43    22.37    23.29    24.2    25.08    25.95    26.79    27.62    
ND145    1.827e-15    0.8308    1.674    2.471    3.223    3.932    4.602    5.233    5.828    6.389    6.916    7.412    7.879    8.317    8.729    9.115    9.476    9.815    10.13    10.43    10.7    10.96    11.2    11.42    11.63    11.82    12    12.16    12.31    12.45    12.58    12.69    12.8    
ND146    1.396e-15    0.6483    1.316    1.962    2.586    3.19    3.775    4.341    4.889    5.42    5.935    6.433    6.917    7.386    7.842    8.284    8.713    9.131    9.536    9.93    10.31    10.69    11.05    11.4    11.75    12.08    12.41    12.73    13.04    13.35    13.64    13.93    14.22    
ND147    9.86e-16    0.1574    0.1584    0.1515    0.1447    0.1381    0.1319    0.1259    0.1203    0.1148    0.1097    0.1047    0.1    0.09553    0.09125    0.08717    0.08328    0.07957    0.07603    0.07265    0.06944    0.06637    0.06344    0.06065    0.058    0.05546    0.05305    0.05075    0.04856    0.04647    0.04448    0.04258    0.04077    
PM147    9.552e-17    0.3254    0.7735    1.166    1.503    1.789    2.03    2.23    2.395    2.529    2.634    2.715    2.774    2.814    2.837    2.846    2.842    2.827    2.802    2.769    2.73    2.685    2.634    2.58    2.523    2.463    2.401    2.338    2.274    2.209    2.144    2.079    2.015    
SM147    7.071e-20    0.004437    0.02404    0.05804    0.104    0.1595    0.2227    0.2917    0.3652    0.4416    0.5199    0.5991    0.6783    0.7568    0.834    0.9094    0.9825    1.053    1.121    1.185    1.246    1.304    1.358    1.409    1.456    1.5    1.54    1.577    1.61    1.64    1.666    1.69    1.71    
ND148    8.074e-16    0.374    0.7551    1.119    1.465    1.795    2.11    2.409    2.695    2.968    3.227    3.474    3.71    3.934    4.148    4.351    4.545    4.73    4.906    5.073    5.233    5.385    5.53    5.667    5.798    5.923    6.042    6.155    6.263    6.365    6.462    6.555    6.643    
PM148    1.997e-21    0.00166    0.003967    0.006001    0.007743    0.009223    0.01047    0.01151    0.01236    0.01306    0.0136    0.01402    0.01433    0.01454    0.01466    0.0147    0.01468    0.0146    0.01448    0.01431    0.01411    0.01387    0.01361    0.01333    0.01304    0.01273    0.01241    0.01208    0.01175    0.01142    0.01108    0.01075    0.01041    
PM148M    3.538e-22    0.001045    0.003127    0.005029    0.006665    0.008057    0.009232    0.01021    0.01103    0.01168    0.01221    0.01261    0.01291    0.01312    0.01325    0.0133    0.0133    0.01324    0.01313    0.01299    0.01281    0.01261    0.01238    0.01213    0.01186    0.01159    0.0113    0.01101    0.01071    0.0104    0.0101    0.009797    0.009494    
SM148    4.135e-22    0.003837    0.02325    0.05918    0.1099    0.1738    0.2494    0.3351    0.4299    0.5324    0.6418    0.757    0.8771    1.001    1.129    1.26    1.393    1.528    1.664    1.801    1.938    2.075    2.213    2.349    2.486    2.621    2.755    2.888    3.019    3.149    3.277    3.403    3.527    
PM149    3.389e-16    0.01621    0.01617    0.01609    0.01596    0.01579    0.01557    0.01532    0.01504    0.01474    0.01443    0.01409    0.01375    0.01339    0.01303    0.01267    0.01231    0.01194    0.01158    0.01122    0.01087    0.01052    0.01017    0.009834    0.009504    0.009181    0.008866    0.00856    0.008262    0.007973    0.007693    0.007421    0.007158    
SM149    1.839e-16    0.04795    0.04864    0.04845    0.04811    0.04763    0.04703    0.04633    0.04554    0.04468    0.04377    0.04281    0.04182    0.0408    0.03976    0.03871    0.03766    0.0366    0.03555    0.03451    0.03348    0.03247    0.03147    0.0305    0.02954    0.02861    0.0277    0.02681    0.02595    0.02512    0.02431    0.02353    0.02277    
ND150    3.149e-16    0.1447    0.2917    0.4318    0.5654    0.6928    0.8141    0.9299    1.04    1.145    1.245    1.341    1.432    1.519    1.601    1.68    1.755    1.827    1.895    1.96    2.021    2.08    2.136    2.19    2.241    2.289    2.335    2.379    2.421    2.461    2.499    2.536    2.57    
SM150    2.421e-19    0.1788    0.442    0.704    0.9634    1.219    1.47    1.717    1.957    2.191    2.418    2.639    2.852    3.058    3.257    3.448    3.632    3.808    3.976    4.138    4.292    4.438    4.578    4.711    4.837    4.957    5.07    5.177    5.278    5.374    5.464    5.548    5.627    
SM151    1.087e-16    0.06322    0.0936    0.1056    0.1098    0.1107    0.1103    0.1094    0.1083    0.1073    0.1063    0.1053    0.1045    0.1037    0.103    0.1023    0.1017    0.1011    0.1006    0.1001    0.09965    0.09921    0.09879    0.0984    0.09801    0.09764    0.09729    0.09694    0.0966    0.09626    0.09593    0.09561    0.09529    
SM152    1.344e-16    0.08683    0.2043    0.3232    0.4336    0.5324    0.6191    0.6944    0.7592    0.8146    0.8617    0.9014    0.9347    0.9623    0.9849    1.003    1.017    1.029    1.037    1.042    1.046    1.047    1.047    1.046    1.043    1.039    1.035    1.029    1.023    1.017    1.01    1.003    0.9958    
EU153    3.196e-17    0.03782    0.08573    0.1399    0.1994    0.2629    0.3289    0.3961    0.4634    0.5298    0.5946    0.6572    0.7171    0.7741    0.8277    0.878    0.9248    0.9682    1.008    1.044    1.078    1.107    1.134    1.158    1.179    1.197    1.213    1.227    1.238    1.247    1.255    1.26    1.264    
SM154    3.809e-17    0.01776    0.03587    0.0532    0.06979    0.08567    0.1009    0.1154    0.1293    0.1426    0.1553    0.1675    0.1791    0.1902    0.2008    0.2109    0.2206    0.2299    0.2387    0.2471    0.2552    0.2629    0.2702    0.2772    0.2839    0.2903    0.2964    0.3022    0.3078    0.3131    0.3182    0.3231    0.3277    
EU154    8.645e-22    0.001455    0.006319    0.01456    0.02612    0.04086    0.05854    0.07883    0.1014    0.1258    0.1517    0.1787    0.2063    0.2344    0.2625    0.2904    0.3179    0.3446    0.3706    0.3955    0.4193    0.4419    0.4633    0.4833    0.502    0.5194    0.5354    0.5501    0.5634    0.5755    0.5864    0.5961    0.6046    
EU155    1.82e-17    0.006918    0.01185    0.01559    0.01902    0.02268    0.02689    0.03184    0.03758    0.0441    0.05134    0.05923    0.06765    0.0765    0.08564    0.09498    0.1044    0.1138    0.1231    0.1323    0.1411    0.1497    0.158    0.1658    0.1733    0.1803    0.1868    0.1929    0.1986    0.2038    0.2085    0.2128    0.2166    
EU156    5.846e-18    0.002157    0.003236    0.003934    0.004507    0.005085    0.005741    0.006518    0.007436    0.008498    0.009698    0.01102    0.01245    0.01397    0.01555    0.01718    0.01883    0.02049    0.02214    0.02376    0.02535    0.02689    0.02837    0.02978    0.03113    0.0324    0.03359    0.0347    0.03573    0.03668    0.03755    0.03833    0.03905    
GD156    4.752e-19    0.002775    0.009254    0.01773    0.02766    0.03889    0.05153    0.06583    0.08208    0.1006    0.1218    0.1459    0.1732    0.204    0.2383    0.2763    0.3181    0.3636    0.4129    0.466    0.5227    0.5828    0.6464    0.7131    0.7829    0.8555    0.9308    1.008    1.088    1.17    1.254    1.34    1.426    
GD158    2.019e-18    0.002705    0.005828    0.008937    0.01202    0.0151    0.01817    0.02127    0.02441    0.02764    0.03098    0.03447    0.03812    0.04199    0.04608    0.05044    0.05508    0.06004    0.06532    0.07096    0.07697    0.08337    0.09017    0.09738    0.105    0.1131    0.1216    0.1306    0.14    0.1499    0.1602    0.171    0.1823    
