TIME    3   50   100   150   200   250   300   350   400   450   500   550   600   650   700   750   800   850   900   950   1000   1050   1100   1150   1200   1250   1300   1350   1400   1450   1500   1550   1600   
NEUT_PROD    10.4   10.3   10.3   10.3   10.3   10.2   10.2   10.2   10.1   10.1   10.1   10.1   10   10   9.99   9.96   9.94   9.91   9.89   9.86   9.83   9.81   9.78   9.76   9.73   9.71   9.68   9.66   9.63   9.6   9.58   9.55   9.53   
NEUT_DEST    5.28   5.26   5.25   5.24   5.23   5.22   5.21   5.2   5.18   5.17   5.16   5.15   5.14   5.13   5.12   5.11   5.09   5.08   5.07   5.06   5.05   5.04   5.03   5.02   5.01   5   4.98   4.97   4.96   4.95   4.94   4.93   4.92   
BUd    4.07e-15    1.91    2.03    2.02    2.02    2.01    2.01    2    2    1.99    1.99    1.98    1.98    1.97    1.97    1.96    1.96    1.95    1.95    1.94    1.94    1.93    1.93    1.92    1.92    1.91    1.91    1.9    1.9    1.89    1.89    1.88    1.88    
U234    3.422e-18    0.001606    0.003308    0.005003    0.006692    0.008375    0.01005    0.01172    0.01339    0.01504    0.0167    0.01834    0.01998    0.02161    0.02324    0.02486    0.02647    0.02808    0.02969    0.03128    0.03287    0.03446    0.03604    0.03761    0.03917    0.04074    0.04229    0.04384    0.04538    0.04692    0.04845    0.04998    0.0515    
U235    1000    997.5    994.8    992.2    989.5    986.9    984.3    981.7    979    976.4    973.8    971.2    968.6    966.1    963.5    960.9    958.4    955.8    953.3    950.7    948.2    945.7    943.1    940.6    938.1    935.6    933.1    930.7    928.2    925.7    923.2    920.8    918.3    
U236    1.094e-15    0.5133    1.058    1.6    2.14    2.679    3.216    3.751    4.284    4.816    5.346    5.873    6.399    6.924    7.446    7.967    8.486    9.003    9.518    10.03    10.54    11.05    11.56    12.07    12.57    13.08    13.58    14.08    14.58    15.07    15.57    16.06    16.55    
NP237    0    9.039e-05    0.0004694    0.001151    0.002133    0.003415    0.004995    0.00687    0.00904    0.0115    0.01426    0.0173    0.02063    0.02425    0.02816    0.03234    0.03681    0.04156    0.04659    0.05189    0.05747    0.06333    0.06946    0.07586    0.08252    0.08946    0.09666    0.1041    0.1119    0.1199    0.1281    0.1366    0.1454    
SE80    2.141e-18    0.001005    0.002071    0.003135    0.004196    0.005254    0.006309    0.007361    0.00841    0.009457    0.0105    0.01154    0.01258    0.01362    0.01465    0.01568    0.0167    0.01773    0.01875    0.01977    0.02079    0.0218    0.02281    0.02382    0.02482    0.02583    0.02683    0.02782    0.02882    0.02981    0.0308    0.03178    0.03277    
BR81    3.411e-18    0.001601    0.0033    0.004994    0.006683    0.008367    0.01005    0.01172    0.01339    0.01505    0.01671    0.01836    0.02001    0.02166    0.02329    0.02493    0.02656    0.02818    0.0298    0.03141    0.03302    0.03462    0.03622    0.03782    0.03941    0.04099    0.04257    0.04415    0.04572    0.04728    0.04884    0.0504    0.05195    
SE82    4.829e-18    0.002267    0.004673    0.007072    0.009465    0.01185    0.01423    0.01661    0.01897    0.02133    0.02369    0.02604    0.02838    0.03072    0.03305    0.03537    0.03769    0.04    0.04231    0.04461    0.04691    0.04919    0.05148    0.05375    0.05602    0.05829    0.06054    0.0628    0.06504    0.06728    0.06952    0.07174    0.07397    
KR83    8.11e-18    0.003989    0.008243    0.01248    0.01671    0.02093    0.02513    0.02932    0.03349    0.03765    0.0418    0.04594    0.05006    0.05417    0.05826    0.06235    0.06642    0.07048    0.07452    0.07855    0.08257    0.08658    0.09057    0.09455    0.09852    0.1025    0.1064    0.1104    0.1143    0.1182    0.1221    0.126    0.1298    
KR84    1.599e-17    0.007508    0.01548    0.02344    0.03137    0.03929    0.04719    0.05507    0.06293    0.07077    0.0786    0.0864    0.09419    0.102    0.1097    0.1174    0.1251    0.1328    0.1405    0.1482    0.1558    0.1634    0.171    0.1786    0.1862    0.1937    0.2013    0.2088    0.2163    0.2237    0.2312    0.2386    0.2461    
KR85    4.182e-18    0.001946    0.004006    0.006043    0.008057    0.01005    0.01202    0.01396    0.01588    0.01779    0.01967    0.02152    0.02336    0.02518    0.02697    0.02875    0.0305    0.03223    0.03394    0.03564    0.03731    0.03896    0.0406    0.04221    0.04381    0.04538    0.04694    0.04848    0.05    0.05151    0.05299    0.05446    0.05591    
RB85    1.553e-17    0.007264    0.01503    0.0228    0.03056    0.03832    0.04607    0.05382    0.06156    0.0693    0.07704    0.08476    0.09249    0.1002    0.1079    0.1156    0.1233    0.131    0.1387    0.1464    0.1541    0.1618    0.1694    0.1771    0.1847    0.1924    0.2    0.2076    0.2153    0.2229    0.2305    0.2381    0.2457    
KR86    3.057e-17    0.01435    0.02958    0.04477    0.05992    0.07503    0.09011    0.1051    0.1201    0.1351    0.15    0.1649    0.1797    0.1945    0.2093    0.224    0.2387    0.2533    0.2679    0.2825    0.297    0.3115    0.3259    0.3404    0.3547    0.3691    0.3834    0.3976    0.4119    0.426    0.4402    0.4543    0.4684    
RB87    3.895e-17    0.01826    0.03766    0.05702    0.07632    0.09557    0.1148    0.1339    0.153    0.1721    0.1911    0.21    0.2289    0.2478    0.2666    0.2853    0.304    0.3227    0.3413    0.3598    0.3783    0.3968    0.4152    0.4336    0.4519    0.4701    0.4884    0.5065    0.5246    0.5427    0.5607    0.5787    0.5966    
SR88    5.417e-17    0.02684    0.05544    0.08397    0.1124    0.1408    0.1691    0.1973    0.2255    0.2536    0.2816    0.3095    0.3374    0.3651    0.3929    0.4205    0.4481    0.4756    0.503    0.5304    0.5576    0.5849    0.612    0.6391    0.6661    0.693    0.7199    0.7466    0.7734    0.8    0.8266    0.8531    0.8795    
SR89    7.105e-17    0.0251    0.03879    0.04562    0.04898    0.05061    0.05136    0.05167    0.05176    0.05174    0.05166    0.05155    0.05143    0.0513    0.05117    0.05104    0.05091    0.05077    0.05064    0.05051    0.05038    0.05025    0.05011    0.04998    0.04985    0.04972    0.04959    0.04946    0.04933    0.0492    0.04907    0.04895    0.04882    
Y89    1.473e-18    0.008965    0.03143    0.06067    0.09327    0.1275    0.1625    0.1979    0.2334    0.2689    0.3044    0.3398    0.3752    0.4104    0.4456    0.4806    0.5156    0.5505    0.5853    0.62    0.6546    0.6891    0.7235    0.7579    0.7921    0.8263    0.8603    0.8943    0.9282    0.962    0.9957    1.029    1.063    
SR90    8.789e-17    0.0412    0.08479    0.1281    0.1712    0.214    0.2566    0.2989    0.3409    0.3828    0.4243    0.4656    0.5067    0.5475    0.5881    0.6284    0.6685    0.7084    0.748    0.7873    0.8265    0.8654    0.904    0.9424    0.9806    1.019    1.056    1.094    1.131    1.168    1.205    1.241    1.278    
ZR90    8.905e-19    0.0004765    0.001121    0.001907    0.002833    0.003898    0.005103    0.006446    0.007926    0.009542    0.01129    0.01318    0.0152    0.01736    0.01964    0.02206    0.02461    0.02729    0.03009    0.03303    0.03609    0.03928    0.0426    0.04604    0.04961    0.0533    0.05711    0.06105    0.06511    0.06929    0.07358    0.078    0.08254    
Y91    7.322e-17    0.03259    0.05238    0.06324    0.06915    0.07234    0.07401    0.07484    0.07521    0.07533    0.07531    0.07521    0.07507    0.0749    0.07472    0.07454    0.07435    0.07416    0.07396    0.07377    0.07358    0.07339    0.0732    0.07301    0.07282    0.07263    0.07244    0.07225    0.07206    0.07187    0.07169    0.0715    0.07131    
ZR91    1.115e-18    0.009916    0.03581    0.07052    0.1101    0.1522    0.1957    0.24    0.2846    0.3293    0.374    0.4187    0.4633    0.5079    0.5523    0.5966    0.6408    0.6848    0.7288    0.7726    0.8164    0.86    0.9034    0.9468    0.9901    1.033    1.076    1.119    1.162    1.205    1.247    1.29    1.332    
ZR92    9.063e-17    0.04462    0.09234    0.1399    0.1874    0.2348    0.282    0.3291    0.3761    0.423    0.4697    0.5164    0.5629    0.6093    0.6555    0.7017    0.7477    0.7936    0.8394    0.8851    0.9306    0.9761    1.021    1.067    1.112    1.157    1.201    1.246    1.291    1.335    1.38    1.424    1.468    
ZR93    8.4e-17    0.0487    0.1011    0.1533    0.2054    0.2573    0.3091    0.3608    0.4123    0.4637    0.515    0.5661    0.6171    0.6679    0.7186    0.7692    0.8196    0.8699    0.9201    0.9701    1.02    1.07    1.119    1.169    1.218    1.268    1.317    1.366    1.415    1.463    1.512    1.56    1.609    
ZR94    1.014e-16    0.04762    0.09817    0.1486    0.1989    0.2491    0.2991    0.349    0.3988    0.4484    0.498    0.5474    0.5967    0.6458    0.6948    0.7437    0.7925    0.8412    0.8897    0.9381    0.9864    1.035    1.083    1.13    1.178    1.226    1.273    1.321    1.368    1.415    1.462    1.509    1.556    
ZR95    1.061e-16    0.03964    0.06451    0.07887    0.08711    0.0918    0.09442    0.09584    0.09656    0.09687    0.09695    0.09688    0.09674    0.09656    0.09634    0.09611    0.09588    0.09563    0.09539    0.09514    0.0949    0.09465    0.09441    0.09416    0.09392    0.09367    0.09343    0.09319    0.09295    0.09271    0.09247    0.09223    0.09199    
NB95    1.69e-18    0.008123    0.02203    0.03352    0.04144    0.04646    0.04951    0.05129    0.05229    0.05282    0.05308    0.05317    0.05317    0.05311    0.05301    0.0529    0.05278    0.05265    0.05252    0.05239    0.05225    0.05212    0.05198    0.05185    0.05171    0.05158    0.05145    0.05131    0.05118    0.05105    0.05091    0.05078    0.05065    
MO95    3.355e-20    0.00282    0.01773    0.04541    0.08264    0.1262    0.1736    0.2233    0.2744    0.3261    0.3783    0.4306    0.4829    0.5351    0.5873    0.6394    0.6913    0.7431    0.7947    0.8462    0.8975    0.9487    0.9998    1.051    1.101    1.152    1.202    1.253    1.303    1.353    1.403    1.453    1.502    
ZR96    1.06e-16    0.04974    0.1025    0.1552    0.2077    0.2601    0.3123    0.3644    0.4163    0.4682    0.5198    0.5714    0.6228    0.674    0.7252    0.7762    0.827    0.8777    0.9283    0.9788    1.029    1.079    1.129    1.179    1.229    1.279    1.328    1.378    1.427    1.476    1.525    1.574    1.622    
MO97    6.995e-17    0.04711    0.09825    0.1493    0.2001    0.2508    0.3014    0.3518    0.4021    0.4522    0.5022    0.552    0.6017    0.6513    0.7007    0.75    0.7991    0.8481    0.897    0.9457    0.9943    1.043    1.091    1.139    1.187    1.235    1.283    1.33    1.378    1.425    1.472    1.52    1.566    
MO98    1.036e-16    0.04863    0.1002    0.1517    0.2031    0.2543    0.3054    0.3564    0.4073    0.458    0.5086    0.5591    0.6095    0.6597    0.7098    0.7598    0.8097    0.8594    0.9091    0.9586    1.008    1.057    1.106    1.155    1.204    1.253    1.302    1.35    1.399    1.447    1.495    1.543    1.591    
TC99    2.778e-17    0.04306    0.09332    0.1434    0.1934    0.2432    0.2929    0.3424    0.3917    0.441    0.49    0.5389    0.5877    0.6363    0.6848    0.7332    0.7814    0.8294    0.8773    0.9251    0.9727    1.02    1.067    1.115    1.162    1.209    1.255    1.302    1.348    1.395    1.441    1.487    1.533    
MO100    1.119e-16    0.05251    0.1082    0.1638    0.2192    0.2745    0.3296    0.3846    0.4394    0.4941    0.5486    0.603    0.6572    0.7113    0.7652    0.819    0.8726    0.9261    0.9795    1.033    1.086    1.139    1.191    1.244    1.297    1.349    1.401    1.453    1.505    1.557    1.609    1.66    1.712    
RU101    9.651e-17    0.04549    0.09377    0.1419    0.1899    0.2377    0.2854    0.333    0.3803    0.4276    0.4747    0.5217    0.5685    0.6151    0.6617    0.7081    0.7543    0.8004    0.8463    0.8922    0.9378    0.9834    1.029    1.074    1.119    1.164    1.209    1.254    1.298    1.343    1.387    1.431    1.475    
RU102    8.266e-17    0.03895    0.0803    0.1216    0.1627    0.2038    0.2448    0.2857    0.3265    0.3673    0.4079    0.4484    0.4889    0.5293    0.5696    0.6098    0.6499    0.6899    0.7298    0.7697    0.8095    0.8491    0.8887    0.9282    0.9677    1.007    1.046    1.085    1.124    1.163    1.202    1.241    1.28    
RU103    5.904e-17    0.01934    0.02807    0.03163    0.03306    0.0336    0.03378    0.0338    0.03377    0.03371    0.03364    0.03356    0.03348    0.03341    0.03333    0.03325    0.03317    0.0331    0.03302    0.03294    0.03286    0.03279    0.03271    0.03263    0.03256    0.03248    0.03241    0.03233    0.03226    0.03218    0.03211    0.03203    0.03196    
RH103    1.551e-18    0.009112    0.03058    0.05712    0.0857    0.1151    0.1447    0.1744    0.2041    0.2337    0.2632    0.2926    0.3219    0.3512    0.3803    0.4093    0.4383    0.4672    0.4959    0.5246    0.5532    0.5817    0.6101    0.6384    0.6666    0.6947    0.7228    0.7507    0.7786    0.8063    0.834    0.8616    0.8891    
RU104    4.227e-17    0.01985    0.04092    0.06194    0.0829    0.1038    0.1246    0.1454    0.1662    0.1868    0.2075    0.228    0.2485    0.269    0.2894    0.3097    0.33    0.3502    0.3704    0.3905    0.4105    0.4305    0.4505    0.4704    0.4902    0.51    0.5297    0.5494    0.569    0.5885    0.6081    0.6275    0.6469    
PD105    1.008e-17    0.009933    0.02103    0.0321    0.04312    0.05412    0.06508    0.076    0.08689    0.09774    0.1086    0.1193    0.1301    0.1408    0.1515    0.1621    0.1727    0.1833    0.1939    0.2044    0.2148    0.2253    0.2357    0.2461    0.2564    0.2667    0.277    0.2872    0.2975    0.3076    0.3178    0.3279    0.338    
RU106    1.163e-17    0.005241    0.01031    0.01492    0.01909    0.02288    0.02631    0.02942    0.03223    0.03478    0.03708    0.03916    0.04104    0.04274    0.04427    0.04565    0.04689    0.04801    0.04901    0.04991    0.05071    0.05142    0.05206    0.05263    0.05313    0.05358    0.05397    0.05431    0.0546    0.05486    0.05508    0.05527    0.05542    
PD106    3.291e-20    0.000243    0.0009964    0.002214    0.003854    0.005878    0.008249    0.01094    0.01391    0.01715    0.02062    0.02431    0.02819    0.03225    0.03647    0.04084    0.04534    0.04995    0.05467    0.0595    0.0644    0.06939    0.07445    0.07958    0.08476    0.09    0.09528    0.1006    0.106    0.1114    0.1168    0.1222    0.1277    
PD107    7.911e-18    0.003716    0.00766    0.01159    0.01551    0.01942    0.02332    0.0272    0.03107    0.03493    0.03878    0.04262    0.04644    0.05026    0.05406    0.05785    0.06163    0.0654    0.06916    0.0729    0.07664    0.08036    0.08407    0.08777    0.09146    0.09514    0.09881    0.1025    0.1061    0.1098    0.1134    0.117    0.1206    
PD108    4.872e-18    0.002291    0.004725    0.007154    0.009578    0.012    0.01441    0.01682    0.01923    0.02163    0.02403    0.02642    0.02881    0.0312    0.03358    0.03595    0.03833    0.04069    0.04306    0.04541    0.04777    0.05012    0.05246    0.0548    0.05714    0.05947    0.0618    0.06413    0.06645    0.06876    0.07107    0.07338    0.07569    
AG109    2.525e-18    0.001582    0.003289    0.004992    0.006689    0.008381    0.01007    0.01175    0.01343    0.0151    0.01677    0.01843    0.02009    0.02174    0.02339    0.02503    0.02667    0.0283    0.02993    0.03155    0.03317    0.03478    0.03639    0.03799    0.03959    0.04119    0.04278    0.04436    0.04594    0.04752    0.04909    0.05065    0.05221    
PD110    2.611e-18    0.001226    0.002526    0.003823    0.005116    0.006405    0.007691    0.008974    0.01025    0.01153    0.0128    0.01407    0.01533    0.01659    0.01785    0.01911    0.02036    0.0216    0.02285    0.02409    0.02533    0.02656    0.02779    0.02902    0.03024    0.03146    0.03268    0.03389    0.0351    0.03631    0.03751    0.03871    0.03991    
CD111    2.684e-19    0.0007717    0.001827    0.002882    0.003935    0.004984    0.00603    0.007074    0.008114    0.009151    0.01019    0.01122    0.01225    0.01327    0.01429    0.01531    0.01633    0.01734    0.01835    0.01936    0.02037    0.02137    0.02237    0.02337    0.02436    0.02535    0.02634    0.02732    0.0283    0.02928    0.03026    0.03123    0.03221    
CD112    1.194e-18    0.0008596    0.001799    0.002736    0.003671    0.004604    0.005534    0.006462    0.007388    0.008312    0.009233    0.01015    0.01107    0.01198    0.0129    0.01381    0.01472    0.01562    0.01653    0.01743    0.01833    0.01922    0.02012    0.02101    0.0219    0.02279    0.02368    0.02456    0.02544    0.02632    0.0272    0.02808    0.02895    
CD113    1.871e-18    0.0008735    0.001806    0.002736    0.003663    0.004588    0.00551    0.00643    0.007347    0.008262    0.009174    0.01008    0.01099    0.0119    0.0128    0.0137    0.01459    0.01549    0.01638    0.01727    0.01816    0.01904    0.01993    0.02081    0.02168    0.02256    0.02343    0.0243    0.02517    0.02604    0.0269    0.02776    0.02862    
CD114    1.86e-18    0.0008739    0.001801    0.002726    0.003649    0.00457    0.005488    0.006403    0.007317    0.008228    0.009136    0.01004    0.01095    0.01185    0.01275    0.01365    0.01454    0.01543    0.01632    0.01721    0.0181    0.01898    0.01986    0.02074    0.02162    0.02249    0.02337    0.02424    0.02511    0.02597    0.02684    0.0277    0.02856    
CD116    1.89e-18    0.0008872    0.001828    0.002767    0.003703    0.004637    0.005568    0.006497    0.007423    0.008346    0.009267    0.01019    0.0111    0.01201    0.01293    0.01383    0.01474    0.01564    0.01654    0.01744    0.01834    0.01923    0.02012    0.02101    0.0219    0.02278    0.02366    0.02454    0.02542    0.02629    0.02716    0.02803    0.0289    
SN118    1.922e-18    0.0009168    0.001891    0.002862    0.003831    0.004798    0.005762    0.006723    0.007682    0.008639    0.009593    0.01054    0.01149    0.01244    0.01339    0.01433    0.01527    0.0162    0.01714    0.01807    0.019    0.01993    0.02085    0.02178    0.0227    0.02362    0.02453    0.02545    0.02636    0.02727    0.02817    0.02908    0.02998    
SN119    1.901e-18    0.0008949    0.001847    0.002798    0.003747    0.004696    0.005643    0.006588    0.007532    0.008474    0.009414    0.01035    0.01129    0.01222    0.01316    0.01409    0.01501    0.01594    0.01686    0.01779    0.0187    0.01962    0.02054    0.02145    0.02236    0.02327    0.02417    0.02508    0.02598    0.02688    0.02778    0.02867    0.02956    
SN120    1.998e-18    0.0009382    0.001934    0.002927    0.003917    0.004905    0.00589    0.006873    0.007853    0.008831    0.009805    0.01078    0.01175    0.01272    0.01368    0.01464    0.0156    0.01656    0.01751    0.01847    0.01942    0.02036    0.02131    0.02225    0.02319    0.02413    0.02506    0.026    0.02693    0.02785    0.02878    0.0297    0.03062    
SB121    1.08e-18    0.0008961    0.00188    0.002862    0.00384    0.004815    0.005787    0.006757    0.007723    0.008686    0.009647    0.0106    0.01156    0.01251    0.01346    0.0144    0.01535    0.01629    0.01722    0.01816    0.01909    0.02002    0.02094    0.02186    0.02278    0.0237    0.02461    0.02553    0.02643    0.02734    0.02824    0.02914    0.03004    
SN122    2.163e-18    0.001015    0.002093    0.003167    0.004239    0.005308    0.006374    0.007437    0.008497    0.009555    0.01061    0.01166    0.01271    0.01376    0.0148    0.01584    0.01688    0.01792    0.01895    0.01998    0.02101    0.02203    0.02305    0.02407    0.02509    0.0261    0.02711    0.02812    0.02913    0.03013    0.03113    0.03213    0.03312    
SB123    1.847e-18    0.000891    0.001886    0.002916    0.003973    0.00505    0.006141    0.007242    0.00835    0.009462    0.01058    0.01169    0.01281    0.01393    0.01504    0.01615    0.01727    0.01837    0.01948    0.02058    0.02169    0.02278    0.02388    0.02497    0.02606    0.02715    0.02823    0.02931    0.03039    0.03146    0.03253    0.0336    0.03466    
SN124    2.795e-18    0.001312    0.002704    0.004093    0.005478    0.006859    0.008236    0.00961    0.01098    0.01235    0.01371    0.01507    0.01642    0.01778    0.01913    0.02047    0.02181    0.02315    0.02448    0.02581    0.02714    0.02846    0.02978    0.0311    0.03241    0.03372    0.03503    0.03633    0.03763    0.03893    0.04022    0.04151    0.04279    
SB125    2.43e-18    0.001399    0.002964    0.004477    0.005934    0.007337    0.008689    0.009991    0.01124    0.01245    0.01361    0.01473    0.01581    0.01684    0.01784    0.0188    0.01972    0.0206    0.02146    0.02228    0.02306    0.02382    0.02455    0.02525    0.02592    0.02656    0.02718    0.02777    0.02834    0.02889    0.02941    0.02991    0.03039    
SN126    4.93e-18    0.002314    0.00477    0.007219    0.009662    0.0121    0.01453    0.01695    0.01937    0.02178    0.02418    0.02658    0.02897    0.03136    0.03374    0.03611    0.03848    0.04084    0.04319    0.04554    0.04788    0.05022    0.05255    0.05487    0.05719    0.0595    0.0618    0.0641    0.0664    0.06868    0.07096    0.07324    0.07551    
I127    1.285e-18    0.003291    0.00745    0.01171    0.01604    0.02041    0.02482    0.02924    0.03368    0.03811    0.04255    0.04698    0.0514    0.05581    0.06021    0.0646    0.06898    0.07335    0.0777    0.08204    0.08637    0.09068    0.09498    0.09926    0.1035    0.1078    0.112    0.1163    0.1205    0.1247    0.1289    0.1331    0.1372    
TE128    1.678e-17    0.008098    0.01671    0.02529    0.03386    0.0424    0.05092    0.05941    0.06788    0.07633    0.08476    0.09316    0.1015    0.1099    0.1182    0.1265    0.1348    0.1431    0.1513    0.1596    0.1678    0.1759    0.1841    0.1922    0.2003    0.2084    0.2165    0.2245    0.2326    0.2406    0.2485    0.2565    0.2644    
I129    2.047e-17    0.01096    0.02339    0.03607    0.04881    0.06155    0.07426    0.08694    0.09958    0.1122    0.1248    0.1373    0.1498    0.1622    0.1747    0.187    0.1994    0.2117    0.224    0.2362    0.2484    0.2606    0.2727    0.2848    0.2969    0.3089    0.3209    0.3328    0.3447    0.3566    0.3684    0.3802    0.392    
TE130    4.565e-17    0.02144    0.04419    0.06689    0.08952    0.1121    0.1346    0.1571    0.1795    0.2018    0.2241    0.2463    0.2685    0.2906    0.3126    0.3346    0.3565    0.3784    0.4002    0.422    0.4437    0.4653    0.4869    0.5084    0.5299    0.5513    0.5727    0.594    0.6152    0.6364    0.6575    0.6786    0.6996    
XE131    8.263e-18    0.02694    0.06493    0.103    0.1409    0.1788    0.2165    0.2541    0.2916    0.329    0.3663    0.4035    0.4406    0.4776    0.5145    0.5513    0.5879    0.6245    0.6609    0.6973    0.7335    0.7697    0.8057    0.8416    0.8775    0.9132    0.9488    0.9844    1.02    1.055    1.09    1.125    1.16    
XE132    2.878e-17    0.0463    0.101    0.1556    0.21    0.2643    0.3184    0.3724    0.4263    0.48    0.5336    0.5871    0.6404    0.6936    0.7467    0.7996    0.8524    0.9051    0.9576    1.01    1.062    1.114    1.166    1.218    1.27    1.322    1.373    1.425    1.476    1.527    1.578    1.629    1.679    
XE133    8.1e-17    0.01132    0.01134    0.01131    0.01128    0.01125    0.01122    0.01119    0.01117    0.01114    0.01111    0.01108    0.01105    0.01102    0.011    0.01097    0.01094    0.01091    0.01088    0.01086    0.01083    0.0108    0.01077    0.01074    0.01072    0.01069    0.01066    0.01063    0.01061    0.01058    0.01055    0.01053    0.0105    
CS133    1.3e-17    0.05918    0.1367    0.2141    0.2912    0.3681    0.4447    0.5211    0.5973    0.6732    0.7489    0.8244    0.8996    0.9745    1.049    1.124    1.198    1.272    1.346    1.419    1.493    1.566    1.639    1.711    1.784    1.856    1.928    2    2.071    2.143    2.214    2.285    2.355    
XE134    1.809e-16    0.08575    0.1769    0.2678    0.3585    0.4489    0.5391    0.6291    0.7188    0.8082    0.8975    0.9865    1.075    1.164    1.252    1.34    1.428    1.515    1.603    1.69    1.777    1.863    1.95    2.036    2.122    2.208    2.293    2.379    2.464    2.549    2.633    2.717    2.802    
CS135    1.224e-16    0.07017    0.1461    0.2219    0.2974    0.3728    0.4479    0.5228    0.5976    0.6722    0.7465    0.8207    0.8946    0.9684    1.042    1.115    1.189    1.262    1.334    1.407    1.479    1.552    1.624    1.695    1.767    1.839    1.91    1.981    2.052    2.123    2.193    2.263    2.334    
XE136    1.55e-16    0.07275    0.15    0.227    0.3037    0.3803    0.4567    0.5329    0.6089    0.6847    0.7603    0.8357    0.9109    0.9859    1.061    1.135    1.21    1.284    1.358    1.432    1.505    1.579    1.652    1.725    1.798    1.871    1.943    2.015    2.088    2.159    2.231    2.303    2.374    
CS137    1.475e-16    0.06916    0.1423    0.2151    0.2874    0.3593    0.4308    0.5019    0.5725    0.6428    0.7126    0.782    0.851    0.9196    0.9878    1.056    1.123    1.19    1.257    1.323    1.389    1.454    1.519    1.584    1.648    1.712    1.775    1.838    1.901    1.964    2.025    2.087    2.148    
BA137    3.719e-20    0.0001138    0.00046    0.001037    0.001843    0.002877    0.004138    0.005625    0.007335    0.009268    0.01142    0.0138    0.01639    0.0192    0.02223    0.02547    0.02893    0.03259    0.03647    0.04056    0.04486    0.04936    0.05407    0.05899    0.06411    0.06943    0.07495    0.08067    0.0866    0.09271    0.09903    0.1055    0.1122    
BA138    1.601e-16    0.07541    0.1555    0.2354    0.3151    0.3946    0.4738    0.5529    0.6317    0.7104    0.7888    0.867    0.9451    1.023    1.101    1.178    1.255    1.332    1.409    1.486    1.562    1.638    1.714    1.79    1.866    1.941    2.016    2.091    2.166    2.241    2.315    2.389    2.463    
LA139    1.562e-16    0.07341    0.1515    0.2293    0.3069    0.3844    0.4616    0.5386    0.6154    0.692    0.7684    0.8446    0.9206    0.9964    1.072    1.147    1.223    1.298    1.372    1.447    1.521    1.596    1.67    1.743    1.817    1.89    1.964    2.037    2.11    2.182    2.255    2.327    2.399    
BA140    1.378e-16    0.02534    0.02728    0.02735    0.02728    0.02721    0.02714    0.02707    0.027    0.02693    0.02686    0.02679    0.02672    0.02665    0.02658    0.02651    0.02644    0.02637    0.0263    0.02623    0.02616    0.02609    0.02602    0.02596    0.02589    0.02582    0.02575    0.02569    0.02562    0.02555    0.02548    0.02542    0.02535    
CE140    3.723e-18    0.04426    0.1193    0.1964    0.2733    0.3501    0.4267    0.5031    0.5792    0.6552    0.731    0.8066    0.882    0.9572    1.032    1.107    1.182    1.256    1.33    1.404    1.478    1.552    1.625    1.698    1.772    1.844    1.917    1.99    2.062    2.134    2.206    2.278    2.349    
CE141    1.446e-16    0.04427    0.06113    0.06682    0.06866    0.06917    0.06923    0.06913    0.06898    0.06881    0.06864    0.06846    0.06828    0.0681    0.06793    0.06775    0.06758    0.0674    0.06722    0.06705    0.06688    0.0667    0.06653    0.06636    0.06618    0.06601    0.06584    0.06567    0.0655    0.06533    0.06516    0.06499    0.06482    
PR141    4.672e-18    0.02584    0.08376    0.1527    0.2252    0.2988    0.3727    0.4466    0.5203    0.5938    0.6672    0.7403    0.8132    0.886    0.9585    1.031    1.103    1.175    1.247    1.318    1.389    1.461    1.532    1.602    1.673    1.743    1.813    1.883    1.953    2.023    2.092    2.161    2.23    
CE142    1.403e-16    0.06596    0.1361    0.2061    0.2758    0.3454    0.4148    0.484    0.5531    0.6219    0.6906    0.7591    0.8274    0.8955    0.9634    1.031    1.099    1.166    1.233    1.3    1.367    1.434    1.5    1.567    1.633    1.699    1.765    1.83    1.896    1.961    2.026    2.091    2.156    
PR143    6.634e-17    0.02464    0.02715    0.02728    0.02723    0.02716    0.02709    0.02702    0.02695    0.02688    0.02681    0.02674    0.02667    0.0266    0.02653    0.02647    0.0264    0.02633    0.02626    0.02619    0.02613    0.02606    0.02599    0.02592    0.02586    0.02579    0.02572    0.02566    0.02559    0.02553    0.02546    0.02539    0.02533    
ND143    3.83e-18    0.04046    0.1104    0.1825    0.2546    0.3265    0.3982    0.4697    0.5409    0.612    0.6829    0.7535    0.824    0.8942    0.9643    1.034    1.104    1.173    1.242    1.311    1.38    1.449    1.517    1.586    1.654    1.721    1.789    1.857    1.924    1.991    2.058    2.124    2.191    
CE144    1.339e-16    0.05961    0.1158    0.1654    0.2091    0.2476    0.2816    0.3114    0.3377    0.3608    0.3811    0.3989    0.4145    0.4281    0.4401    0.4504    0.4595    0.4673    0.4741    0.4799    0.485    0.4892    0.4929    0.4959    0.4985    0.5006    0.5023    0.5036    0.5047    0.5054    0.506    0.5063    0.5064    
ND144    5.021e-19    0.003498    0.0143    0.03156    0.05453    0.08251    0.1149    0.1513    0.191    0.2338    0.2792    0.327    0.3769    0.4285    0.4817    0.5362    0.592    0.6488    0.7065    0.765    0.8242    0.884    0.9442    1.005    1.066    1.127    1.189    1.251    1.313    1.375    1.437    1.499    1.561    
ND145    9.753e-17    0.04547    0.09409    0.1426    0.1909    0.2391    0.2872    0.3351    0.3829    0.4305    0.4781    0.5254    0.5727    0.6198    0.6668    0.7136    0.7603    0.8069    0.8534    0.8997    0.9459    0.9919    1.038    1.084    1.129    1.175    1.22    1.266    1.311    1.356    1.401    1.445    1.49    
ND146    7.538e-17    0.03553    0.07327    0.1109    0.1485    0.186    0.2234    0.2607    0.2979    0.335    0.3721    0.409    0.4459    0.4827    0.5194    0.556    0.5925    0.629    0.6653    0.7016    0.7378    0.7739    0.81    0.8459    0.8818    0.9175    0.9532    0.9888    1.024    1.06    1.095    1.13    1.166    
PM147    5.434e-18    0.01931    0.04818    0.07633    0.1033    0.1292    0.1541    0.1779    0.2007    0.2226    0.2435    0.2636    0.2829    0.3013    0.319    0.3359    0.352    0.3675    0.3824    0.3965    0.4101    0.4231    0.4355    0.4474    0.4587    0.4695    0.4799    0.4898    0.4992    0.5082    0.5168    0.525    0.5328    
SM147    4.426e-21    0.0002625    0.001482    0.003736    0.006984    0.01119    0.0163    0.02229    0.02912    0.03675    0.04515    0.05429    0.06412    0.07463    0.08579    0.09756    0.1099    0.1228    0.1363    0.1503    0.1647    0.1797    0.195    0.2108    0.227    0.2436    0.2606    0.2779    0.2956    0.3135    0.3318    0.3504    0.3692    
ND148    4.441e-17    0.02085    0.04298    0.06504    0.08704    0.109    0.1309    0.1527    0.1744    0.1961    0.2178    0.2393    0.2608    0.2823    0.3037    0.325    0.3463    0.3675    0.3886    0.4097    0.4307    0.4517    0.4726    0.4934    0.5142    0.535    0.5556    0.5762    0.5968    0.6173    0.6377    0.6581    0.6784    
SM149    1.013e-17    0.01257    0.02689    0.04116    0.05538    0.06955    0.08367    0.09773    0.1117    0.1257    0.1396    0.1535    0.1673    0.181    0.1947    0.2084    0.222    0.2355    0.249    0.2624    0.2758    0.2892    0.3025    0.3157    0.3289    0.3421    0.3552    0.3682    0.3812    0.3942    0.4071    0.4199    0.4327    
ND150    1.809e-17    0.008491    0.0175    0.02648    0.03544    0.04437    0.05327    0.06215    0.07101    0.07984    0.08864    0.09742    0.1062    0.1149    0.1236    0.1323    0.1409    0.1496    0.1582    0.1667    0.1753    0.1838    0.1923    0.2008    0.2093    0.2177    0.2261    0.2345    0.2429    0.2512    0.2595    0.2678    0.2761    
SM151    6.175e-18    0.00527    0.01106    0.01682    0.02254    0.02824    0.0339    0.03953    0.04513    0.0507    0.05624    0.06175    0.06723    0.07268    0.0781    0.08349    0.08884    0.09417    0.09947    0.1047    0.11    0.1152    0.1204    0.1255    0.1307    0.1357    0.1408    0.1459    0.1509    0.1559    0.1608    0.1657    0.1706    
SM152    7.939e-18    0.003744    0.007728    0.01171    0.0157    0.01968    0.02367    0.02765    0.03164    0.03562    0.03961    0.04359    0.04758    0.05156    0.05555    0.05953    0.06351    0.0675    0.07148    0.07546    0.07945    0.08343    0.08741    0.09139    0.09537    0.09935    0.1033    0.1073    0.1113    0.1153    0.1192    0.1232    0.1272    
EU153    2.074e-18    0.002373    0.005047    0.00771    0.01036    0.013    0.01563    0.01825    0.02086    0.02346    0.02604    0.02862    0.03118    0.03374    0.03628    0.03881    0.04134    0.04385    0.04635    0.04884    0.05132    0.05379    0.05625    0.0587    0.06114    0.06357    0.06599    0.06839    0.07079    0.07318    0.07556    0.07793    0.08029    
SM154    2.426e-18    0.001139    0.002347    0.003552    0.004753    0.005951    0.007146    0.008337    0.009525    0.01071    0.01189    0.01307    0.01424    0.01541    0.01658    0.01775    0.01891    0.02006    0.02122    0.02237    0.02352    0.02466    0.0258    0.02694    0.02808    0.02921    0.03034    0.03146    0.03258    0.0337    0.03482    0.03593    0.03704    
