TIME    3   50   100   150   200   250   300   350   400   450   500   550   600   650   700   750   800   850   900   950   1000   1050   1100   1150   1200   1250   1300   1350   1400   1450   1500   1550   1600   
NEUT_PROD    0.364   0.366   0.37   0.373   0.376   0.379   0.383   0.386   0.389   0.392   0.396   0.399   0.402   0.405   0.408   0.411   0.415   0.418   0.421   0.424   0.427   0.43   0.433   0.436   0.44   0.443   0.446   0.449   0.452   0.455   0.458   0.461   0.464   
NEUT_DEST    0.671   0.672   0.673   0.674   0.675   0.677   0.678   0.679   0.68   0.681   0.683   0.684   0.685   0.686   0.687   0.688   0.69   0.691   0.692   0.693   0.694   0.695   0.697   0.698   0.699   0.7   0.701   0.702   0.703   0.705   0.706   0.707   0.708   
BUd    1.23e-16    0.058    0.0622    0.0628    0.0634    0.0639    0.0645    0.065    0.0656    0.0661    0.0667    0.0672    0.0678    0.0683    0.0689    0.0694    0.07    0.0705    0.0711    0.0716    0.0721    0.0727    0.0732    0.0737    0.0743    0.0748    0.0753    0.0759    0.0764    0.0769    0.0774    0.0779    0.0785    
U238    1000    999.7    999.3    999    998.6    998.3    998    997.6    997.3    996.9    996.6    996.2    995.9    995.6    995.2    994.9    994.5    994.2    993.9    993.5    993.2    992.8    992.5    992.2    991.8    991.5    991.1    990.8    990.4    990.1    989.8    989.4    989.1    
NP237    9.824e-19    0.002629    0.006137    0.009642    0.01314    0.01663    0.02011    0.02358    0.02705    0.0305    0.03395    0.03739    0.04082    0.04425    0.04766    0.05107    0.05447    0.05787    0.06125    0.06463    0.06799    0.07136    0.07471    0.07805    0.08139    0.08472    0.08804    0.09135    0.09466    0.09796    0.1012    0.1045    0.1078    
NP239    3.674e-16    0.01879    0.01878    0.01877    0.01877    0.01876    0.01876    0.01875    0.01874    0.01874    0.01873    0.01872    0.01872    0.01871    0.0187    0.0187    0.01869    0.01868    0.01868    0.01867    0.01867    0.01866    0.01865    0.01865    0.01864    0.01863    0.01863    0.01862    0.01861    0.01861    0.0186    0.0186    0.01859    
PU239    1.857e-16    0.2407    0.5161    0.7907    1.065    1.338    1.61    1.881    2.152    2.422    2.691    2.959    3.227    3.494    3.76    4.025    4.289    4.553    4.816    5.078    5.339    5.6    5.86    6.119    6.377    6.635    6.892    7.148    7.403    7.658    7.912    8.165    8.417    
ZR92    1.94e-18    0.0009592    0.001994    0.003036    0.004084    0.005139    0.0062    0.007268    0.008343    0.009424    0.01051    0.0116    0.0127    0.01381    0.01492    0.01604    0.01717    0.0183    0.01944    0.02058    0.02174    0.02289    0.02406    0.02523    0.0264    0.02758    0.02877    0.02997    0.03117    0.03237    0.03359    0.0348    0.03603    
ZR93    1.927e-18    0.001122    0.002339    0.003565    0.004799    0.006042    0.007293    0.008552    0.009819    0.01109    0.01238    0.01367    0.01497    0.01628    0.01759    0.01892    0.02025    0.02159    0.02294    0.0243    0.02566    0.02703    0.02841    0.0298    0.0312    0.0326    0.03401    0.03543    0.03686    0.0383    0.03974    0.04119    0.04265    
ZR94    2.106e-18    0.0009937    0.002061    0.003137    0.004223    0.005319    0.006424    0.007538    0.008662    0.009795    0.01094    0.01209    0.01325    0.01442    0.0156    0.01679    0.01799    0.0192    0.02041    0.02164    0.02287    0.02412    0.02537    0.02663    0.0279    0.02918    0.03047    0.03177    0.03308    0.03439    0.03572    0.03705    0.03839    
MO95    8.404e-22    7.081e-05    0.0004466    0.001148    0.002097    0.003215    0.004443    0.005741    0.007086    0.008463    0.009862    0.01128    0.01271    0.01416    0.01561    0.01708    0.01856    0.02004    0.02154    0.02305    0.02457    0.0261    0.02763    0.02918    0.03074    0.03231    0.03388    0.03547    0.03707    0.03867    0.04029    0.04191    0.04355    
ZR96    2.691e-18    0.001269    0.002631    0.004005    0.005389    0.006785    0.008192    0.009611    0.01104    0.01248    0.01393    0.0154    0.01687    0.01836    0.01985    0.02136    0.02288    0.0244    0.02594    0.02749    0.02906    0.03063    0.03221    0.0338    0.03541    0.03702    0.03865    0.04028    0.04193    0.04359    0.04525    0.04693    0.04862    
MO97    1.897e-18    0.001292    0.00271    0.00414    0.005581    0.007035    0.0085    0.009976    0.01146    0.01296    0.01448    0.016    0.01753    0.01908    0.02063    0.0222    0.02378    0.02537    0.02697    0.02859    0.03021    0.03185    0.03349    0.03515    0.03682    0.0385    0.04019    0.04189    0.0436    0.04532    0.04706    0.0488    0.05055    
MO98    2.921e-18    0.001379    0.002859    0.004352    0.005858    0.007379    0.008912    0.01046    0.01202    0.01359    0.01518    0.01678    0.01839    0.02001    0.02165    0.0233    0.02497    0.02665    0.02834    0.03004    0.03176    0.03348    0.03523    0.03698    0.03875    0.04053    0.04232    0.04412    0.04594    0.04777    0.04961    0.05147    0.05333    
TC99    8.599e-19    0.00134    0.00292    0.004514    0.006121    0.007741    0.009374    0.01102    0.01268    0.01435    0.01604    0.01774    0.01945    0.02117    0.02291    0.02466    0.02642    0.02819    0.02998    0.03178    0.03359    0.03542    0.03726    0.03911    0.04097    0.04284    0.04473    0.04663    0.04854    0.05046    0.0524    0.05435    0.05631    
MO100    3.161e-18    0.001492    0.003094    0.004712    0.006346    0.007995    0.009659    0.01134    0.01303    0.01474    0.01647    0.01821    0.01997    0.02174    0.02352    0.02532    0.02714    0.02897    0.03082    0.03268    0.03455    0.03644    0.03835    0.04027    0.0422    0.04415    0.04611    0.04809    0.05008    0.05209    0.05411    0.05614    0.05819    
RU101    3.346e-18    0.001586    0.003288    0.005006    0.006738    0.008485    0.01025    0.01202    0.01381    0.01562    0.01744    0.01927    0.02112    0.02299    0.02487    0.02676    0.02866    0.03058    0.03252    0.03447    0.03643    0.03841    0.0404    0.0424    0.04442    0.04645    0.0485    0.05056    0.05263    0.05472    0.05682    0.05893    0.06106    
RU102    3.434e-18    0.001627    0.003374    0.005138    0.006918    0.008715    0.01053    0.01236    0.0142    0.01607    0.01795    0.01984    0.02175    0.02368    0.02562    0.02758    0.02956    0.03155    0.03356    0.03558    0.03762    0.03968    0.04175    0.04384    0.04594    0.04806    0.0502    0.05235    0.05451    0.0567    0.05889    0.06111    0.06333    
RH103    7.779e-20    0.0004592    0.001549    0.00291    0.004393    0.005934    0.00751    0.009108    0.01073    0.01236    0.01401    0.01567    0.01735    0.01905    0.02076    0.02249    0.02423    0.02598    0.02775    0.02954    0.03134    0.03315    0.03498    0.03683    0.03869    0.04056    0.04245    0.04435    0.04627    0.0482    0.05014    0.0521    0.05408    
RU104    2.806e-18    0.001326    0.002753    0.004196    0.005655    0.00713    0.008621    0.01013    0.01165    0.01319    0.01474    0.01631    0.01789    0.01949    0.02111    0.02274    0.02439    0.02605    0.02772    0.02942    0.03112    0.03284    0.03458    0.03633    0.0381    0.03988    0.04168    0.04349    0.04532    0.04716    0.04901    0.05088    0.05277    
PD105    9.95e-19    0.0009876    0.002106    0.003237    0.00438    0.005534    0.0067    0.007878    0.009068    0.01027    0.01148    0.01271    0.01394    0.01519    0.01645    0.01772    0.019    0.0203    0.0216    0.02292    0.02424    0.02558    0.02693    0.02829    0.02967    0.03105    0.03244    0.03385    0.03526    0.03669    0.03813    0.03957    0.04103    
TE130    1.79e-18    0.000845    0.001751    0.002665    0.003585    0.004513    0.005448    0.00639    0.007339    0.008295    0.009258    0.01023    0.0112    0.01219    0.01318    0.01418    0.01518    0.01619    0.01721    0.01824    0.01927    0.02031    0.02135    0.02241    0.02347    0.02453    0.02561    0.02669    0.02777    0.02886    0.02996    0.03107    0.03218    
XE131    2.806e-19    0.0009109    0.002208    0.003522    0.004849    0.006188    0.007539    0.008902    0.01028    0.01166    0.01306    0.01447    0.01589    0.01733    0.01877    0.02023    0.0217    0.02318    0.02467    0.02617    0.02769    0.02922    0.03075    0.0323    0.03386    0.03543    0.03702    0.03861    0.04022    0.04183    0.04346    0.0451    0.04675    
XE132    9.419e-19    0.001515    0.003324    0.00515    0.006993    0.008852    0.01073    0.01262    0.01453    0.01646    0.0184    0.02036    0.02234    0.02433    0.02634    0.02836    0.0304    0.03246    0.03453    0.03662    0.03873    0.04085    0.04299    0.04514    0.04731    0.0495    0.0517    0.05392    0.05615    0.0584    0.06066    0.06294    0.06524    
CS133    3.824e-19    0.001749    0.004066    0.006404    0.008762    0.01114    0.01354    0.01596    0.0184    0.02086    0.02334    0.02584    0.02836    0.0309    0.03346    0.03604    0.03864    0.04126    0.04389    0.04655    0.04923    0.05192    0.05464    0.05737    0.06012    0.0629    0.06569    0.0685    0.07133    0.07417    0.07704    0.07993    0.08283    
XE134    4.972e-18    0.002372    0.004923    0.007497    0.01009    0.01271    0.01536    0.01802    0.02071    0.02342    0.02615    0.02891    0.03168    0.03448    0.03731    0.04015    0.04302    0.04591    0.04882    0.05175    0.0547    0.05768    0.06068    0.0637    0.06674    0.0698    0.07289    0.07599    0.07912    0.08227    0.08544    0.08863    0.09184    
CS135    3.575e-18    0.002062    0.004324    0.00661    0.008919    0.01125    0.01361    0.01599    0.01839    0.02082    0.02327    0.02574    0.02824    0.03076    0.0333    0.03587    0.03845    0.04107    0.0437    0.04636    0.04904    0.05174    0.05446    0.05721    0.05998    0.06277    0.06559    0.06842    0.07128    0.07416    0.07706    0.07999    0.08293    
XE136    4.46e-18    0.002105    0.004367    0.006651    0.008957    0.01129    0.01364    0.01601    0.0184    0.02082    0.02326    0.02572    0.0282    0.03071    0.03323    0.03578    0.03835    0.04094    0.04355    0.04619    0.04884    0.05152    0.05422    0.05693    0.05967    0.06243    0.06522    0.06802    0.07084    0.07368    0.07655    0.07943    0.08234    
CS137    4.083e-18    0.001925    0.003987    0.006063    0.008154    0.01026    0.01238    0.01451    0.01665    0.01881    0.02099    0.02317    0.02537    0.02758    0.02981    0.03205    0.0343    0.03656    0.03884    0.04113    0.04343    0.04575    0.04807    0.05041    0.05276    0.05513    0.0575    0.05989    0.06229    0.0647    0.06712    0.06955    0.072    
BA138    4.114e-18    0.001949    0.004045    0.006162    0.008299    0.01046    0.01264    0.01484    0.01706    0.0193    0.02156    0.02384    0.02614    0.02846    0.03081    0.03317    0.03555    0.03795    0.04038    0.04282    0.04528    0.04776    0.05026    0.05279    0.05533    0.05789    0.06047    0.06307    0.06569    0.06833    0.07098    0.07366    0.07636    
LA139    4.211e-18    0.001989    0.004129    0.006287    0.008464    0.01066    0.01288    0.01511    0.01736    0.01963    0.02192    0.02423    0.02656    0.0289    0.03127    0.03365    0.03605    0.03847    0.04091    0.04336    0.04584    0.04833    0.05084    0.05336    0.05591    0.05847    0.06105    0.06365    0.06627    0.0689    0.07155    0.07422    0.07691    
CE140    9.391e-20    0.00114    0.003093    0.005119    0.007167    0.009234    0.01132    0.01342    0.01555    0.01769    0.01985    0.02202    0.02422    0.02643    0.02866    0.03091    0.03318    0.03546    0.03777    0.04009    0.04242    0.04478    0.04715    0.04955    0.05195    0.05438    0.05682    0.05929    0.06176    0.06426    0.06677    0.0693    0.07185    
PR141    1.137e-19    0.0006315    0.002058    0.003772    0.005597    0.007472    0.009377    0.0113    0.01325    0.01522    0.0172    0.0192    0.02122    0.02326    0.02531    0.02739    0.02948    0.03159    0.03372    0.03586    0.03803    0.04021    0.0424    0.04462    0.04685    0.0491    0.05137    0.05366    0.05596    0.05828    0.06062    0.06297    0.06534    
CE142    3.595e-18    0.001699    0.003526    0.00537    0.007231    0.009108    0.011    0.01291    0.01484    0.01678    0.01873    0.02071    0.0227    0.0247    0.02672    0.02876    0.03081    0.03288    0.03497    0.03707    0.03918    0.04131    0.04346    0.04562    0.0478    0.05    0.0522    0.05443    0.05667    0.05892    0.06119    0.06347    0.06577    
ND143    8.864e-20    0.0009399    0.002578    0.004287    0.006014    0.007756    0.009512    0.01128    0.01307    0.01487    0.01668    0.01851    0.02035    0.02221    0.02408    0.02597    0.02786    0.02978    0.0317    0.03365    0.0356    0.03757    0.03955    0.04155    0.04356    0.04558    0.04762    0.04967    0.05173    0.05381    0.0559    0.058    0.06012    
CE144    3.193e-18    0.001428    0.00279    0.004007    0.005096    0.006071    0.006947    0.007733    0.008441    0.009079    0.009655    0.01018    0.01065    0.01108    0.01147    0.01183    0.01216    0.01246    0.01274    0.013    0.01324    0.01346    0.01367    0.01387    0.01405    0.01423    0.01439    0.01455    0.0147    0.01484    0.01498    0.01511    0.01524    
ND145    2.8e-18    0.001311    0.002727    0.004153    0.005589    0.007035    0.008491    0.009957    0.01143    0.01292    0.01441    0.01592    0.01743    0.01896    0.0205    0.02204    0.02359    0.02516    0.02673    0.02832    0.02991    0.03151    0.03312    0.03474    0.03638    0.03802    0.03967    0.04133    0.04299    0.04467    0.04636    0.04806    0.04976    
ND146    2.498e-18    0.001182    0.00245    0.003726    0.005012    0.006307    0.00761    0.008922    0.01024    0.01157    0.01291    0.01426    0.01562    0.01698    0.01836    0.01974    0.02113    0.02253    0.02394    0.02535    0.02678    0.02822    0.02966    0.03111    0.03257    0.03404    0.03551    0.037    0.03849    0.04    0.04151    0.04303    0.04455    
