TIME    3   50   100   150   200   250   300   350   400   450   500   550   600   650   700   750   800   850   900   950   1000   1050   1100   1150   1200   1250   1300   1350   1400   1450   1500   1550   1600   
NEUT_PROD    15.5   15.4   15.3   15.1   15   14.9   14.8   14.6   14.5   14.4   14.3   14.2   14   13.9   13.8   13.7   13.6   13.5   13.4   13.3   13.1   13   12.9   12.8   12.7   12.6   12.5   12.4   12.3   12.2   12.1   12   11.9   
NEUT_DEST    6.03   6   5.97   5.94   5.92   5.89   5.86   5.84   5.81   5.78   5.76   5.73   5.71   5.68   5.66   5.63   5.61   5.58   5.56   5.53   5.51   5.49   5.46   5.44   5.42   5.4   5.37   5.35   5.33   5.31   5.28   5.26   5.24   
BUd    5.29e-15    2.48    2.61    2.59    2.57    2.55    2.53    2.5    2.48    2.46    2.44    2.42    2.4    2.38    2.36    2.34    2.32    2.3    2.28    2.26    2.25    2.23    2.21    2.19    2.17    2.16    2.14    2.12    2.1    2.09    2.07    2.05    2.04    
NP237    3.888e-06    0.0008355    0.003103    0.006752    0.01176    0.01812    0.0258    0.03478    0.04505    0.05659    0.06937    0.08339    0.09863    0.1151    0.1327    0.1514    0.1714    0.1924    0.2146    0.2378    0.2621    0.2875    0.314    0.3414    0.3699    0.3994    0.4299    0.4613    0.4937    0.527    0.5613    0.5964    0.6325    
PU238    1.05e-21    0.0002906    0.002252    0.007239    0.01632    0.03034    0.04994    0.07563    0.1078    0.1467    0.1926    0.2456    0.3058    0.3733    0.4481    0.5301    0.6193    0.7158    0.8194    0.9301    1.048    1.172    1.304    1.442    1.587    1.738    1.896    2.06    2.231    2.408    2.59    2.779    2.974    
PU240    8.88e-18    0.004153    0.008526    0.01285    0.01714    0.02138    0.02557    0.02973    0.03384    0.0379    0.04193    0.04591    0.04986    0.05376    0.05762    0.06144    0.06522    0.06896    0.07267    0.07634    0.07996    0.08355    0.08711    0.09062    0.09411    0.09755    0.101    0.1043    0.1077    0.111    0.1143    0.1175    0.1207    
PU241    999.6    990.5    980.9    971.5    962.1    952.8    943.6    934.4    925.4    916.4    907.6    898.8    890.1    881.5    873    864.6    856.2    847.9    839.7    831.6    823.6    815.6    807.7    799.9    792.2    784.5    776.9    769.4    762    754.6    747.3    740.1    732.9    
PU242    8.494e-16    0.3981    0.8191    1.238    1.654    2.067    2.478    2.886    3.293    3.696    4.097    4.496    4.893    5.287    5.679    6.068    6.455    6.84    7.223    7.603    7.981    8.357    8.731    9.102    9.472    9.839    10.2    10.57    10.93    11.29    11.64    12    12.35    
AM241    0.3953    6.551    13.02    19.42    25.74    31.98    38.15    44.24    50.25    56.2    62.07    67.87    73.6    79.26    84.85    90.37    95.83    101.2    106.5    111.8    117    122.1    127.2    132.1    137.1    141.9    146.8    151.5    156.2    160.8    165.4    169.9    174.4    
AM243    0    7.586e-05    0.0003234    0.0007416    0.001329    0.002085    0.003007    0.004095    0.005348    0.006763    0.00834    0.01008    0.01198    0.01403    0.01624    0.01861    0.02113    0.02381    0.02664    0.02962    0.03274    0.03602    0.03945    0.04302    0.04674    0.0506    0.0546    0.05875    0.06304    0.06746    0.07203    0.07673    0.08157    
CM242    3.016e-19    0.004124    0.01555    0.03277    0.05457    0.07998    0.1082    0.1386    0.1707    0.2041    0.2384    0.2734    0.3088    0.3445    0.3803    0.4161    0.4519    0.4875    0.523    0.5582    0.5931    0.6278    0.6621    0.696    0.7296    0.7629    0.7958    0.8282    0.8604    0.8921    0.9235    0.9544    0.985    
SE82    2.563e-18    0.001199    0.002462    0.003714    0.004953    0.00618    0.007405    0.00862    0.009825    0.01102    0.01221    0.01338    0.01455    0.0157    0.01685    0.01799    0.01912    0.02023    0.02134    0.02244    0.02354    0.02462    0.02569    0.02676    0.02781    0.02886    0.0299    0.03093    0.03195    0.03297    0.03397    0.03497    0.03596    
KR83    4.205e-18    0.002144    0.004414    0.006662    0.008887    0.01109    0.01329    0.01548    0.01764    0.01979    0.02192    0.02403    0.02613    0.02821    0.03027    0.03231    0.03434    0.03635    0.03834    0.04032    0.04228    0.04422    0.04615    0.04806    0.04995    0.05183    0.0537    0.05555    0.05738    0.0592    0.06101    0.0628    0.06457    
KR84    7.497e-18    0.003545    0.007285    0.01099    0.01466    0.0183    0.02193    0.02554    0.02913    0.03268    0.03621    0.03971    0.04319    0.04664    0.05006    0.05346    0.05683    0.06018    0.0635    0.06679    0.07006    0.07331    0.07653    0.07973    0.0829    0.08606    0.08918    0.09229    0.09537    0.09843    0.1015    0.1045    0.1075    
RB85    5.043e-18    0.002582    0.005325    0.008048    0.01075    0.01343    0.01613    0.01881    0.02147    0.02412    0.02676    0.02939    0.032    0.03459    0.03717    0.03974    0.0423    0.04484    0.04736    0.04988    0.05238    0.05486    0.05733    0.05979    0.06224    0.06467    0.0671    0.0695    0.0719    0.07428    0.07665    0.07901    0.08136    
KR86    1.284e-17    0.006008    0.01234    0.01861    0.02482    0.03097    0.03712    0.04322    0.04927    0.05527    0.06123    0.06714    0.073    0.07881    0.08458    0.09031    0.09598    0.1016    0.1072    0.1127    0.1182    0.1237    0.1291    0.1345    0.1398    0.1451    0.1504    0.1556    0.1607    0.1659    0.1709    0.176    0.181    
RB87    1.488e-17    0.007134    0.01467    0.02212    0.02951    0.03682    0.04414    0.05141    0.05861    0.06577    0.07286    0.0799    0.08689    0.09382    0.1007    0.1075    0.1143    0.121    0.1277    0.1343    0.1408    0.1474    0.1538    0.1602    0.1666    0.1729    0.1792    0.1854    0.1916    0.1977    0.2038    0.2098    0.2158    
SR88    1.92e-17    0.009544    0.01964    0.02964    0.03955    0.04936    0.05916    0.0689    0.07855    0.08814    0.09764    0.1071    0.1164    0.1257    0.1349    0.1441    0.1531    0.1621    0.171    0.1799    0.1887    0.1974    0.206    0.2146    0.2231    0.2316    0.24    0.2483    0.2565    0.2647    0.2729    0.2809    0.2889    
SR89    2.376e-17    0.008404    0.01293    0.01512    0.01614    0.01658    0.0168    0.01686    0.01682    0.01674    0.01663    0.01652    0.0164    0.01627    0.01615    0.01602    0.0159    0.01578    0.01566    0.01554    0.01542    0.0153    0.01519    0.01507    0.01496    0.01485    0.01473    0.01462    0.01451    0.01441    0.0143    0.01419    0.01409    
Y89    4.926e-19    0.003006    0.01051    0.02023    0.03101    0.04226    0.05372    0.06528    0.07684    0.08835    0.0998    0.1112    0.1225    0.1337    0.1448    0.1558    0.1668    0.1776    0.1884    0.1991    0.2097    0.2203    0.2307    0.2411    0.2514    0.2616    0.2718    0.2818    0.2918    0.3017    0.3116    0.3213    0.331    
SR90    3.059e-17    0.0143    0.02933    0.04416    0.0588    0.07324    0.08765    0.1019    0.116    0.1299    0.1437    0.1573    0.1708    0.1841    0.1973    0.2103    0.2231    0.2358    0.2484    0.2608    0.2731    0.2853    0.2973    0.3091    0.3209    0.3324    0.3439    0.3552    0.3664    0.3775    0.3884    0.3992    0.4099    
Y91    2.911e-17    0.01291    0.02066    0.02482    0.02699    0.02806    0.02866    0.02889    0.02892    0.02884    0.02869    0.02851    0.02831    0.0281    0.02789    0.02768    0.02747    0.02725    0.02704    0.02683    0.02662    0.02642    0.02622    0.02601    0.02581    0.02562    0.02542    0.02523    0.02504    0.02485    0.02466    0.02447    0.02429    
ZR91    4.438e-19    0.003934    0.01417    0.02783    0.0433    0.05969    0.07657    0.09367    0.1109    0.128    0.1451    0.1621    0.1789    0.1957    0.2123    0.2288    0.2452    0.2614    0.2775    0.2935    0.3093    0.3251    0.3407    0.3562    0.3715    0.3868    0.4019    0.4169    0.4318    0.4466    0.4613    0.4758    0.4903    
ZR92    3.957e-17    0.02099    0.04329    0.06537    0.08724    0.1089    0.1306    0.1521    0.1734    0.1946    0.2156    0.2364    0.2571    0.2776    0.298    0.3182    0.3382    0.3581    0.3779    0.3974    0.4169    0.4361    0.4553    0.4743    0.4931    0.5118    0.5303    0.5488    0.567    0.5852    0.6032    0.621    0.6388    
ZR93    4.824e-17    0.02794    0.05777    0.08731    0.1166    0.1455    0.1745    0.2033    0.2318    0.2601    0.2881    0.316    0.3436    0.371    0.3982    0.4251    0.4519    0.4784    0.5048    0.5309    0.5568    0.5825    0.608    0.6333    0.6584    0.6833    0.7081    0.7326    0.7569    0.7811    0.805    0.8288    0.8524    
ZR94    6.757e-17    0.03181    0.06535    0.09857    0.1315    0.1641    0.1966    0.229    0.261    0.2929    0.3244    0.3558    0.3869    0.4177    0.4483    0.4786    0.5088    0.5386    0.5683    0.5977    0.6269    0.6558    0.6846    0.7131    0.7414    0.7695    0.7973    0.825    0.8524    0.8796    0.9066    0.9334    0.9601    
ZR95    7.846e-17    0.02932    0.0475    0.05778    0.06347    0.06649    0.06824    0.06903    0.06926    0.06916    0.06888    0.06848    0.06803    0.06754    0.06703    0.06652    0.066    0.06548    0.06497    0.06445    0.06395    0.06344    0.06294    0.06245    0.06196    0.06148    0.061    0.06053    0.06006    0.05959    0.05913    0.05868    0.05823    
NB95    1.25e-18    0.006014    0.01626    0.02464    0.03032    0.03382    0.03589    0.03706    0.03765    0.03787    0.03789    0.03777    0.03757    0.03734    0.03708    0.0368    0.03652    0.03624    0.03596    0.03568    0.03539    0.03512    0.03484    0.03457    0.0343    0.03403    0.03376    0.0335    0.03324    0.03298    0.03272    0.03247    0.03222    
MO95    2.482e-20    0.002089    0.0131    0.03349    0.06079    0.09255    0.127    0.163    0.1998    0.237    0.2743    0.3115    0.3486    0.3854    0.422    0.4583    0.4944    0.5301    0.5655    0.6007    0.6355    0.6701    0.7044    0.7384    0.7722    0.8056    0.8388    0.8717    0.9044    0.9368    0.9689    1.001    1.032    
ZR96    8.976e-17    0.04202    0.0863    0.1302    0.1736    0.2166    0.2596    0.3022    0.3445    0.3864    0.428    0.4693    0.5102    0.5508    0.5911    0.631    0.6706    0.7099    0.7489    0.7876    0.8259    0.864    0.9017    0.9391    0.9763    1.013    1.05    1.086    1.122    1.158    1.193    1.228    1.263    
MO97    6.56e-17    0.04431    0.0921    0.1394    0.1863    0.2327    0.279    0.3249    0.3705    0.4157    0.4605    0.505    0.549    0.5927    0.636    0.679    0.7216    0.7639    0.8058    0.8473    0.8886    0.9294    0.97    1.01    1.05    1.09    1.129    1.168    1.206    1.244    1.282    1.32    1.357    
MO98    1.105e-16    0.05169    0.1062    0.1601    0.2136    0.2665    0.3194    0.3718    0.4239    0.4755    0.5267    0.5775    0.6279    0.6779    0.7275    0.7767    0.8254    0.8738    0.9219    0.9695    1.017    1.064    1.11    1.156    1.202    1.248    1.293    1.337    1.382    1.426    1.469    1.513    1.556    
TC99    3.537e-17    0.05465    0.118    0.1807    0.2428    0.3043    0.3656    0.4264    0.4866    0.5464    0.6056    0.6643    0.7225    0.7802    0.8374    0.894    0.9502    1.006    1.061    1.116    1.17    1.224    1.277    1.33    1.382    1.434    1.486    1.537    1.588    1.638    1.687    1.737    1.786    
MO100    1.329e-16    0.06219    0.1277    0.1926    0.2569    0.3205    0.384    0.447    0.5095    0.5715    0.633    0.6939    0.7544    0.8143    0.8738    0.9328    0.9912    1.049    1.107    1.164    1.22    1.276    1.332    1.387    1.442    1.496    1.55    1.604    1.657    1.709    1.761    1.813    1.864    
RU101    1.326e-16    0.06256    0.1285    0.1938    0.2584    0.3223    0.3862    0.4494    0.5122    0.5744    0.636    0.6971    0.7577    0.8178    0.8773    0.9363    0.9948    1.053    1.11    1.167    1.224    1.28    1.335    1.39    1.445    1.499    1.553    1.606    1.659    1.711    1.763    1.814    1.865    
RU102    1.419e-16    0.06662    0.1369    0.2065    0.2754    0.3437    0.4119    0.4795    0.5467    0.6132    0.6793    0.7449    0.8099    0.8744    0.9384    1.002    1.065    1.127    1.189    1.251    1.312    1.373    1.433    1.492    1.551    1.61    1.668    1.726    1.783    1.84    1.897    1.953    2.009    
RU103    1.389e-16    0.04534    0.06548    0.07336    0.07619    0.07692    0.07717    0.07692    0.07646    0.07591    0.07533    0.07474    0.07415    0.07356    0.07297    0.07239    0.07181    0.07124    0.07068    0.07012    0.06956    0.06901    0.06847    0.06793    0.0674    0.06687    0.06635    0.06583    0.06532    0.06481    0.06431    0.06381    0.06332    
RH103    3.65e-18    0.02139    0.07159    0.1333    0.1994    0.2669    0.3347    0.4024    0.4697    0.5365    0.6027    0.6684    0.7335    0.798    0.862    0.9254    0.9882    1.05    1.112    1.173    1.234    1.294    1.353    1.412    1.471    1.529    1.586    1.643    1.7    1.756    1.811    1.866    1.921    
RU104    1.608e-16    0.07569    0.1555    0.2345    0.3128    0.3903    0.4675    0.5441    0.6201    0.6954    0.77    0.844    0.9174    0.9902    1.062    1.134    1.205    1.275    1.345    1.414    1.482    1.55    1.618    1.684    1.751    1.816    1.881    1.946    2.01    2.073    2.136    2.199    2.261    
PD105    5.71e-17    0.0601    0.1268    0.1928    0.2582    0.3229    0.3873    0.4511    0.5143    0.577    0.6391    0.7006    0.7615    0.8219    0.8818    0.941    0.9998    1.058    1.116    1.173    1.229    1.285    1.341    1.396    1.451    1.505    1.558    1.611    1.664    1.716    1.767    1.819    1.869    
RU106    1.434e-16    0.0644    0.1263    0.182    0.232    0.2769    0.3174    0.3538    0.3863    0.4154    0.4413    0.4643    0.4847    0.5027    0.5186    0.5325    0.5446    0.5552    0.5642    0.572    0.5785    0.584    0.5884    0.592    0.5948    0.5969    0.5982    0.599    0.5993    0.5991    0.5984    0.5973    0.5959    
PD106    4.078e-19    0.002943    0.01208    0.02679    0.04653    0.07078    0.0991    0.1311    0.1664    0.2046    0.2454    0.2886    0.3339    0.381    0.4298    0.48    0.5315    0.5841    0.6376    0.692    0.7471    0.8028    0.859    0.9156    0.9725    1.03    1.087    1.145    1.202    1.26    1.318    1.375    1.433    
PD107    1.327e-16    0.06255    0.1285    0.1937    0.2583    0.3223    0.3858    0.4488    0.5111    0.5729    0.6341    0.6947    0.7548    0.8143    0.8732    0.9316    0.9894    1.047    1.103    1.16    1.215    1.27    1.325    1.379    1.433    1.486    1.539    1.591    1.642    1.694    1.744    1.794    1.844    
PD108    1e-16    0.04686    0.09628    0.1453    0.1938    0.2419    0.2897    0.3372    0.3842    0.4309    0.4772    0.5231    0.5686    0.6137    0.6585    0.7029    0.7469    0.7905    0.8338    0.8768    0.9194    0.9616    1.004    1.045    1.086    1.127    1.168    1.208    1.248    1.287    1.327    1.366    1.404    
AG109    5.032e-17    0.03144    0.06515    0.09853    0.1316    0.1643    0.1968    0.229    0.2609    0.2926    0.3239    0.3549    0.3857    0.4162    0.4464    0.4763    0.5059    0.5353    0.5644    0.5932    0.6217    0.65    0.6781    0.7058    0.7334    0.7606    0.7876    0.8144    0.8409    0.8672    0.8932    0.919    0.9445    
PD110    3.411e-17    0.01596    0.03277    0.04942    0.0659    0.08223    0.09845    0.1145    0.1304    0.1462    0.1619    0.1774    0.1927    0.2079    0.223    0.2379    0.2527    0.2674    0.2819    0.2963    0.3105    0.3247    0.3387    0.3526    0.3663    0.3799    0.3934    0.4068    0.42    0.4332    0.4462    0.4591    0.4719    
CD111    2.779e-18    0.007974    0.01882    0.02958    0.04024    0.0508    0.06127    0.07166    0.08194    0.09213    0.1022    0.1122    0.1221    0.132    0.1417    0.1513    0.1609    0.1703    0.1797    0.189    0.1981    0.2073    0.2163    0.2252    0.2341    0.2428    0.2515    0.2601    0.2687    0.2771    0.2855    0.2938    0.302    
CD112    8.945e-18    0.006547    0.01366    0.02071    0.02769    0.03461    0.04148    0.04829    0.05504    0.06173    0.06836    0.07493    0.08145    0.08791    0.09431    0.1007    0.1069    0.1132    0.1194    0.1255    0.1315    0.1376    0.1435    0.1494    0.1553    0.1611    0.1669    0.1726    0.1782    0.1839    0.1894    0.1949    0.2004    
CD113    8.725e-18    0.004489    0.009248    0.01396    0.01863    0.02325    0.02784    0.03239    0.03689    0.04136    0.04578    0.05016    0.0545    0.0588    0.06306    0.06729    0.07147    0.07561    0.07972    0.08379    0.08782    0.09181    0.09577    0.09969    0.1036    0.1074    0.1112    0.115    0.1188    0.1225    0.1261    0.1298    0.1334    
CD114    6.713e-18    0.003143    0.006457    0.009739    0.01299    0.01621    0.01941    0.02258    0.02572    0.02883    0.03192    0.03498    0.03801    0.04101    0.04399    0.04694    0.04987    0.05276    0.05564    0.05848    0.0613    0.0641    0.06687    0.06962    0.07234    0.07504    0.07772    0.08037    0.08299    0.0856    0.08818    0.09074    0.09328    
IN115    1.972e-18    0.002661    0.005786    0.008922    0.01204    0.01512    0.01817    0.02118    0.02415    0.02708    0.02997    0.03281    0.03562    0.03838    0.04111    0.0438    0.04645    0.04906    0.05163    0.05416    0.05666    0.05912    0.06155    0.06394    0.06629    0.06861    0.0709    0.07315    0.07537    0.07755    0.0797    0.08182    0.0839    
CD116    4.552e-18    0.00213    0.004375    0.006598    0.0088    0.01098    0.01314    0.01529    0.01741    0.01951    0.0216    0.02366    0.02571    0.02773    0.02974    0.03173    0.0337    0.03565    0.03759    0.0395    0.0414    0.04328    0.04514    0.04699    0.04881    0.05062    0.05242    0.05419    0.05596    0.0577    0.05943    0.06114    0.06284    
SN117    3.305e-18    0.0017    0.003503    0.005288    0.007056    0.008807    0.01055    0.01227    0.01398    0.01567    0.01734    0.01901    0.02065    0.02228    0.0239    0.0255    0.02709    0.02866    0.03021    0.03176    0.03329    0.0348    0.0363    0.03779    0.03927    0.04073    0.04217    0.04361    0.04503    0.04644    0.04784    0.04922    0.05059    
SN118    4.707e-18    0.002237    0.004597    0.006935    0.009249    0.01154    0.01382    0.01607    0.01831    0.02052    0.02271    0.02489    0.02704    0.02917    0.03129    0.03338    0.03546    0.03751    0.03955    0.04157    0.04357    0.04555    0.04751    0.04946    0.05139    0.0533    0.05519    0.05707    0.05892    0.06077    0.06259    0.0644    0.06619    
SN119    4.887e-18    0.002303    0.004736    0.007149    0.009542    0.01192    0.01427    0.01661    0.01893    0.02123    0.02351    0.02577    0.02802    0.03024    0.03244    0.03462    0.03678    0.03893    0.04105    0.04316    0.04525    0.04731    0.04936    0.05139    0.05341    0.0554    0.05738    0.05934    0.06128    0.0632    0.06511    0.067    0.06887    
SN120    4.735e-18    0.002216    0.004551    0.006864    0.009155    0.01142    0.01368    0.01591    0.01812    0.02031    0.02248    0.02463    0.02676    0.02887    0.03096    0.03303    0.03509    0.03712    0.03914    0.04113    0.04311    0.04507    0.04702    0.04894    0.05085    0.05274    0.05461    0.05647    0.0583    0.06013    0.06193    0.06372    0.06549    
SB121    2.254e-18    0.001864    0.003898    0.005911    0.007904    0.009877    0.01184    0.01378    0.0157    0.0176    0.01949    0.02135    0.0232    0.02503    0.02685    0.02864    0.03042    0.03218    0.03393    0.03566    0.03737    0.03906    0.04074    0.0424    0.04405    0.04568    0.0473    0.0489    0.05048    0.05205    0.0536    0.05514    0.05667    
SN122    3.646e-18    0.001705    0.003503    0.005283    0.007045    0.008791    0.01053    0.01225    0.01395    0.01564    0.01731    0.01897    0.02061    0.02224    0.02386    0.02546    0.02704    0.02861    0.03017    0.03171    0.03324    0.03475    0.03626    0.03774    0.03922    0.04068    0.04213    0.04356    0.04499    0.0464    0.04779    0.04918    0.05055    
SB123    3.134e-18    0.001521    0.003197    0.004913    0.006655    0.008414    0.01019    0.01196    0.01374    0.01551    0.01727    0.01903    0.02077    0.0225    0.02422    0.02592    0.02761    0.02929    0.03095    0.0326    0.03423    0.03585    0.03746    0.03905    0.04062    0.04218    0.04373    0.04526    0.04678    0.04829    0.04978    0.05126    0.05272    
SN124    3.98e-18    0.001862    0.003824    0.005767    0.007691    0.009596    0.01149    0.01337    0.01524    0.01709    0.01892    0.02073    0.02253    0.02432    0.02609    0.02784    0.02958    0.0313    0.03301    0.0347    0.03638    0.03804    0.03969    0.04133    0.04295    0.04456    0.04615    0.04773    0.04929    0.05085    0.05239    0.05391    0.05542    
SB125    3.505e-18    0.001915    0.004006    0.006009    0.007924    0.009754    0.01152    0.01321    0.01482    0.01636    0.01784    0.01924    0.02059    0.02187    0.02309    0.02426    0.02537    0.02642    0.02743    0.02838    0.02929    0.03015    0.03097    0.03175    0.03248    0.03318    0.03384    0.03446    0.03504    0.0356    0.03612    0.03661    0.03706    
SN126    6.628e-18    0.003101    0.006368    0.009604    0.01281    0.01598    0.01915    0.02229    0.02541    0.0285    0.03157    0.03461    0.03763    0.04062    0.04359    0.04653    0.04945    0.05235    0.05522    0.05807    0.06089    0.0637    0.06648    0.06923    0.07197    0.07468    0.07737    0.08004    0.08269    0.08532    0.08792    0.09051    0.09307    
I127    1.878e-18    0.004994    0.01127    0.01765    0.0241    0.03056    0.03707    0.04358    0.05007    0.05652    0.06294    0.06932    0.07565    0.08193    0.08816    0.09434    0.1005    0.1066    0.1126    0.1186    0.1245    0.1303    0.1362    0.1419    0.1477    0.1533    0.1589    0.1645    0.17    0.1755    0.181    0.1863    0.1917    
TE128    2.116e-17    0.01015    0.02085    0.03146    0.04196    0.05236    0.06274    0.07303    0.08324    0.09336    0.1034    0.1134    0.1232    0.133    0.1427    0.1524    0.1619    0.1714    0.1808    0.1901    0.1993    0.2085    0.2175    0.2266    0.2355    0.2443    0.2531    0.2619    0.2705    0.2791    0.2876    0.296    0.3044    
I129    2.906e-17    0.01594    0.03384    0.05194    0.07    0.08791    0.1058    0.1235    0.1412    0.1586    0.1759    0.1931    0.2101    0.2269    0.2437    0.2602    0.2767    0.293    0.3091    0.3251    0.341    0.3568    0.3724    0.3878    0.4032    0.4184    0.4335    0.4485    0.4633    0.478    0.4926    0.507    0.5214    
TE130    6.449e-17    0.03029    0.06222    0.09385    0.1252    0.1562    0.1871    0.2178    0.2483    0.2785    0.3084    0.3381    0.3676    0.3968    0.4257    0.4545    0.483    0.5112    0.5392    0.567    0.5946    0.6219    0.649    0.6759    0.7026    0.729    0.7553    0.7813    0.8071    0.8327    0.8581    0.8833    0.9083    
I131    8.571e-17    0.01173    0.01183    0.01172    0.01161    0.01149    0.01149    0.0114    0.01131    0.01121    0.01112    0.01103    0.01094    0.01085    0.01077    0.01068    0.01059    0.0105    0.01042    0.01033    0.01025    0.01017    0.01009    0.01001    0.009925    0.009845    0.009766    0.009689    0.009611    0.009535    0.009459    0.009385    0.009311    
XE131    1.125e-17    0.03659    0.08786    0.1389    0.1894    0.2393    0.2891    0.3386    0.3877    0.4363    0.4846    0.5324    0.5799    0.6269    0.6735    0.7198    0.7656    0.8111    0.8562    0.9009    0.9452    0.9892    1.033    1.076    1.119    1.161    1.204    1.245    1.287    1.328    1.369    1.409    1.449    
XE132    3.817e-17    0.06201    0.1348    0.2069    0.2783    0.3491    0.4196    0.4897    0.5592    0.6281    0.6965    0.7643    0.8315    0.8982    0.9644    1.03    1.095    1.16    1.224    1.287    1.35    1.413    1.475    1.536    1.597    1.658    1.718    1.777    1.836    1.895    1.953    2.011    2.068    
XE133    9.842e-17    0.01378    0.01371    0.01357    0.01344    0.01331    0.01331    0.0132    0.0131    0.01299    0.01289    0.01278    0.01268    0.01257    0.01247    0.01237    0.01227    0.01217    0.01207    0.01197    0.01187    0.01178    0.01168    0.01159    0.0115    0.0114    0.01131    0.01122    0.01113    0.01104    0.01096    0.01087    0.01078    
CS133    1.579e-17    0.07223    0.1663    0.2595    0.3517    0.443    0.5339    0.6241    0.7136    0.8023    0.8902    0.9774    1.064    1.149    1.234    1.318    1.402    1.484    1.566    1.648    1.728    1.808    1.887    1.965    2.043    2.12    2.197    2.272    2.347    2.422    2.496    2.569    2.641    
XE134    2.311e-16    0.1112    0.2285    0.3447    0.4598    0.5738    0.6874    0.8001    0.9118    1.023    1.132    1.241    1.349    1.456    1.563    1.668    1.772    1.876    1.978    2.08    2.181    2.281    2.38    2.478    2.576    2.673    2.769    2.864    2.958    3.051    3.144    3.236    3.327    
CS135    1.455e-16    0.09358    0.1942    0.2939    0.3925    0.4903    0.5878    0.6846    0.7806    0.8758    0.9702    1.064    1.157    1.249    1.34    1.431    1.521    1.61    1.698    1.786    1.873    1.959    2.044    2.129    2.213    2.297    2.38    2.462    2.543    2.624    2.704    2.784    2.863    
XE136    2.224e-16    0.1041    0.2137    0.3223    0.4299    0.5364    0.6426    0.7479    0.8524    0.956    1.059    1.161    1.261    1.362    1.461    1.559    1.657    1.754    1.85    1.945    2.039    2.133    2.226    2.318    2.409    2.5    2.59    2.679    2.767    2.855    2.942    3.028    3.113    
CS137    1.937e-16    0.0906    0.1858    0.2798    0.3725    0.4641    0.5551    0.6451    0.7341    0.822    0.9089    0.9948    1.08    1.163    1.246    1.328    1.409    1.489    1.568    1.646    1.723    1.799    1.875    1.949    2.023    2.095    2.167    2.238    2.308    2.377    2.445    2.513    2.579    
BA137    2.929e-20    0.0001401    0.0005829    0.001325    0.002362    0.00369    0.005308    0.007211    0.009398    0.01186    0.01461    0.01762    0.02091    0.02446    0.02828    0.03235    0.03668    0.04127    0.04611    0.0512    0.05653    0.0621    0.06792    0.07397    0.08025    0.08676    0.0935    0.1005    0.1077    0.1151    0.1227    0.1305    0.1386    
BA138    1.843e-16    0.08747    0.1797    0.2711    0.3616    0.4512    0.5406    0.6294    0.7173    0.8046    0.8911    0.9769    1.062    1.146    1.23    1.313    1.396    1.477    1.558    1.638    1.718    1.797    1.875    1.953    2.03    2.107    2.183    2.258    2.332    2.406    2.48    2.553    2.625    
LA139    1.797e-16    0.08655    0.1779    0.2684    0.3581    0.4468    0.5353    0.6231    0.7102    0.7965    0.8821    0.967    1.051    1.135    1.217    1.299    1.381    1.461    1.542    1.621    1.7    1.778    1.855    1.932    2.008    2.083    2.158    2.232    2.306    2.379    2.451    2.523    2.594    
BA140    1.583e-16    0.029    0.03102    0.03087    0.03058    0.03029    0.03021    0.02998    0.02973    0.02948    0.02924    0.02899    0.02875    0.02851    0.02827    0.02804    0.0278    0.02757    0.02734    0.02711    0.02689    0.02667    0.02645    0.02623    0.02601    0.0258    0.02559    0.02538    0.02517    0.02496    0.02476    0.02456    0.02436    
CE140    4.24e-18    0.0507    0.1363    0.2235    0.3101    0.3958    0.481    0.5658    0.6498    0.7332    0.8159    0.8979    0.9791    1.06    1.14    1.219    1.298    1.376    1.453    1.53    1.606    1.681    1.756    1.83    1.904    1.977    2.049    2.121    2.192    2.262    2.332    2.402    2.471    
CE141    1.351e-16    0.04476    0.0615    0.06681    0.0682    0.06825    0.06822    0.06786    0.06738    0.06686    0.06633    0.0658    0.06527    0.06474    0.06421    0.06369    0.06318    0.06267    0.06216    0.06166    0.06117    0.06068    0.06019    0.05971    0.05924    0.05876    0.0583    0.05784    0.05738    0.05693    0.05648    0.05604    0.0556    
PR141    4.368e-18    0.02616    0.08458    0.1537    0.226    0.2989    0.3718    0.4444    0.5166    0.5882    0.6592    0.7297    0.7995    0.8688    0.9376    1.006    1.073    1.14    1.207    1.273    1.338    1.403    1.467    1.531    1.594    1.657    1.719    1.781    1.842    1.903    1.963    2.023    2.083    
CE142    1.358e-16    0.06565    0.135    0.2037    0.2717    0.339    0.4062    0.4729    0.5391    0.6047    0.6697    0.7343    0.7983    0.8617    0.9247    0.9871    1.049    1.11    1.171    1.232    1.292    1.351    1.41    1.468    1.526    1.584    1.641    1.698    1.754    1.809    1.865    1.919    1.974    
PR143    6.141e-17    0.02281    0.02497    0.02492    0.02469    0.02446    0.02441    0.02422    0.02403    0.02383    0.02364    0.02345    0.02325    0.02306    0.02287    0.02268    0.0225    0.02231    0.02213    0.02195    0.02177    0.02159    0.02142    0.02125    0.02107    0.0209    0.02073    0.02057    0.0204    0.02024    0.02008    0.01992    0.01976    
ND143    3.546e-18    0.03752    0.1021    0.1682    0.2338    0.2987    0.3633    0.4276    0.4913    0.5544    0.617    0.6791    0.7407    0.8017    0.8622    0.9222    0.9817    1.041    1.099    1.157    1.215    1.272    1.328    1.384    1.44    1.495    1.549    1.603    1.657    1.71    1.763    1.816    1.867    
CE144    1.256e-16    0.0557    0.1078    0.1533    0.1931    0.2277    0.2583    0.2848    0.3078    0.3277    0.3449    0.3596    0.3722    0.3828    0.3918    0.3994    0.4056    0.4107    0.4147    0.4179    0.4202    0.4219    0.423    0.4235    0.4236    0.4232    0.4225    0.4215    0.4202    0.4187    0.417    0.415    0.413    
ND144    4.581e-19    0.003267    0.01333    0.02936    0.05061    0.07639    0.1062    0.1394    0.1757    0.2146    0.2558    0.299    0.3438    0.39    0.4375    0.486    0.5353    0.5853    0.6359    0.687    0.7384    0.79    0.8418    0.8938    0.9458    0.9978    1.05    1.102    1.153    1.205    1.256    1.307    1.358    
ND145    8.588e-17    0.04534    0.09349    0.1412    0.1883    0.2351    0.2817    0.3279    0.3737    0.4192    0.4642    0.5089    0.5531    0.597    0.6406    0.6837    0.7265    0.7689    0.811    0.8527    0.894    0.935    0.9756    1.016    1.056    1.096    1.135    1.174    1.212    1.251    1.289    1.326    1.364    
ND146    8.429e-17    0.03991    0.08202    0.1237    0.1651    0.206    0.2468    0.2873    0.3275    0.3674    0.4069    0.4461    0.485    0.5236    0.5618    0.5998    0.6374    0.6748    0.7118    0.7486    0.785    0.8212    0.8571    0.8926    0.9279    0.9629    0.9977    1.032    1.066    1.1    1.134    1.167    1.2    
ND147    6.83e-17    0.0113    0.01179    0.0117    0.01159    0.01148    0.01145    0.01136    0.01127    0.01118    0.01109    0.01099    0.0109    0.01081    0.01072    0.01064    0.01055    0.01046    0.01037    0.01029    0.0102    0.01012    0.01004    0.009957    0.009876    0.009795    0.009716    0.009637    0.009559    0.009482    0.009406    0.00933    0.009256    
PM147    6.617e-18    0.02355    0.05854    0.09241    0.1247    0.1553    0.1847    0.2126    0.2392    0.2645    0.2885    0.3114    0.3331    0.3536    0.3731    0.3916    0.4091    0.4256    0.4413    0.4561    0.4701    0.4832    0.4956    0.5073    0.5183    0.5286    0.5383    0.5473    0.5558    0.5637    0.571    0.5779    0.5842    
SM147    4.853e-21    0.00032    0.001804    0.004536    0.008462    0.01352    0.01966    0.02683    0.03498    0.04406    0.05403    0.06483    0.07643    0.08878    0.1019    0.1156    0.13    0.145    0.1605    0.1766    0.1932    0.2103    0.2278    0.2458    0.2641    0.2828    0.3019    0.3212    0.3409    0.3609    0.3811    0.4015    0.4222    
ND148    6.475e-17    0.03032    0.06226    0.0939    0.1252    0.1562    0.1871    0.2178    0.2481    0.2782    0.3081    0.3377    0.367    0.3961    0.4249    0.4535    0.4818    0.5098    0.5377    0.5653    0.5926    0.6197    0.6466    0.6732    0.6996    0.7258    0.7518    0.7775    0.803    0.8283    0.8534    0.8783    0.9029    
SM149    1.62e-17    0.02076    0.04427    0.06753    0.09053    0.1133    0.1359    0.1584    0.1806    0.2027    0.2245    0.2461    0.2675    0.2886    0.3096    0.3304    0.351    0.3714    0.3915    0.4115    0.4313    0.4509    0.4703    0.4896    0.5086    0.5275    0.5461    0.5646    0.583    0.6011    0.6191    0.6369    0.6545    
ND150    3.924e-17    0.01835    0.03769    0.05684    0.07579    0.09456    0.1133    0.1318    0.1502    0.1684    0.1865    0.2044    0.2221    0.2397    0.2571    0.2744    0.2916    0.3085    0.3254    0.3421    0.3586    0.375    0.3913    0.4074    0.4233    0.4392    0.4549    0.4704    0.4859    0.5012    0.5163    0.5314    0.5463    
SM151    1.649e-17    0.01409    0.02945    0.04463    0.05961    0.0744    0.0891    0.1036    0.118    0.1322    0.1462    0.1601    0.1738    0.1874    0.2008    0.214    0.2271    0.24    0.2528    0.2654    0.2779    0.2902    0.3024    0.3145    0.3264    0.3381    0.3497    0.3612    0.3725    0.3837    0.3948    0.4058    0.4166    
SM152    2.453e-17    0.01154    0.02373    0.03584    0.04785    0.05978    0.07169    0.08354    0.09531    0.107    0.1186    0.1302    0.1417    0.1531    0.1644    0.1757    0.1869    0.1981    0.2091    0.2201    0.2311    0.2419    0.2528    0.2635    0.2742    0.2848    0.2953    0.3058    0.3163    0.3266    0.3369    0.3472    0.3574    
EU153    7.143e-18    0.008158    0.01729    0.02632    0.03525    0.04408    0.05285    0.06153    0.07013    0.07864    0.08706    0.09539    0.1036    0.1118    0.1199    0.1279    0.1358    0.1436    0.1513    0.159    0.1666    0.1741    0.1815    0.1889    0.1961    0.2033    0.2104    0.2175    0.2245    0.2314    0.2382    0.245    0.2516    
SM154    1.323e-17    0.006196    0.01273    0.01919    0.02559    0.03193    0.03824    0.0445    0.0507    0.05685    0.06294    0.06898    0.07497    0.08091    0.08679    0.09262    0.0984    0.1041    0.1098    0.1154    0.121    0.1265    0.132    0.1375    0.1428    0.1482    0.1535    0.1587    0.1639    0.1691    0.1742    0.1793    0.1843    
EU155    8.509e-18    0.003972    0.008073    0.01205    0.0159    0.01963    0.02327    0.02679    0.03021    0.03353    0.03674    0.03985    0.04287    0.04578    0.04861    0.05134    0.05399    0.05655    0.05902    0.06142    0.06373    0.06597    0.06813    0.07021    0.07223    0.07417    0.07605    0.07786    0.0796    0.08128    0.0829    0.08446    0.08596    
GD156    3.222e-19    0.00192    0.005253    0.00871    0.01216    0.01558    0.01899    0.02239    0.02577    0.02912    0.03246    0.03577    0.03907    0.04234    0.0456    0.04883    0.05204    0.05524    0.05841    0.06157    0.06471    0.06782    0.07092    0.074    0.07706    0.08011    0.08313    0.08614    0.08912    0.09209    0.09505    0.09798    0.1009    
GD157    3.777e-18    0.002454    0.005086    0.007686    0.01025    0.01279    0.01531    0.0178    0.02026    0.02269    0.0251    0.02748    0.02983    0.03215    0.03445    0.03672    0.03896    0.04118    0.04337    0.04554    0.04768    0.0498    0.05189    0.05396    0.05601    0.05803    0.06002    0.062    0.06395    0.06588    0.06778    0.06966    0.07152    
GD158    3.453e-18    0.001664    0.003429    0.005185    0.006932    0.008669    0.01041    0.01214    0.01386    0.01557    0.01728    0.01898    0.02067    0.02236    0.02404    0.02571    0.02737    0.02903    0.03068    0.03232    0.03396    0.03559    0.03721    0.03883    0.04044    0.04204    0.04364    0.04522    0.04681    0.04838    0.04996    0.05152    0.05308    
TB159    1.804e-18    0.001269    0.002639    0.003994    0.005335    0.006662    0.007979    0.009283    0.01057    0.01185    0.01312    0.01437    0.01561    0.01684    0.01805    0.01926    0.02045    0.02163    0.02279    0.02395    0.02509    0.02622    0.02734    0.02845    0.02955    0.03064    0.03172    0.03278    0.03384    0.03488    0.03591    0.03694    0.03795    
