TIME    3   50   100   150   200   250   300   350   400   450   500   550   600   650   700   750   800   850   900   950   1000   1050   1100   1150   1200   1250   1300   1350   1400   1450   1500   1550   1600   
NEUT_PROD    3.31   3.31   3.32   3.32   3.33   3.33   3.33   3.34   3.34   3.34   3.35   3.35   3.35   3.36   3.36   3.36   3.37   3.37   3.37   3.38   3.38   3.38   3.38   3.39   3.39   3.39   3.39   3.4   3.4   3.4   3.4   3.41   3.41   
NEUT_DEST    2.03   2.03   2.04   2.04   2.04   2.04   2.04   2.04   2.04   2.04   2.04   2.04   2.04   2.05   2.05   2.05   2.05   2.05   2.05   2.05   2.05   2.06   2.06   2.06   2.06   2.06   2.06   2.06   2.06   2.06   2.06   2.07   2.07   
BUd    1.11e-15    0.523    0.557    0.557    0.558    0.559    0.559    0.56    0.561    0.561    0.562    0.562    0.563    0.564    0.564    0.565    0.565    0.566    0.566    0.567    0.567    0.568    0.568    0.569    0.569    0.57    0.57    0.57    0.571    0.571    0.572    0.572    0.572    
U236    0.0008564    0.01426    0.0285    0.04271    0.05689    0.07105    0.08519    0.0993    0.1134    0.1274    0.1415    0.1555    0.1695    0.1834    0.1974    0.2113    0.2251    0.239    0.2528    0.2666    0.2804    0.2942    0.3079    0.3216    0.3353    0.349    0.3626    0.3762    0.3898    0.4034    0.4169    0.4304    0.4439    
PU240    1000    999    997.9    996.9    995.8    994.8    993.7    992.6    991.6    990.5    989.5    988.4    987.4    986.3    985.3    984.2    983.2    982.1    981.1    980    979    977.9    976.9    975.9    974.8    973.8    972.8    971.7    970.7    969.6    968.6    967.6    966.6    
PU241    9.738e-16    0.4555    0.9349    1.409    1.878    2.343    2.802    3.256    3.705    4.15    4.589    5.024    5.455    5.88    6.301    6.717    7.129    7.536    7.939    8.338    8.732    9.121    9.507    9.888    10.27    10.64    11.01    11.37    11.73    12.09    12.44    12.79    13.14    
PU242    0    9.118e-05    0.0003875    0.0008877    0.001591    0.002495    0.003598    0.0049    0.006399    0.008093    0.009982    0.01206    0.01434    0.0168    0.01945    0.02229    0.02531    0.02852    0.03191    0.03549    0.03924    0.04318    0.04729    0.05158    0.05605    0.06069    0.0655    0.07049    0.07564    0.08097    0.08646    0.09213    0.09795    
AM241    1.925e-19    0.001412    0.005988    0.01369    0.02448    0.03832    0.05517    0.07498    0.09772    0.1233    0.1518    0.1831    0.2172    0.254    0.2935    0.3356    0.3804    0.4278    0.4778    0.5302    0.5852    0.6426    0.7024    0.7646    0.8291    0.896    0.9652    1.037    1.11    1.186    1.264    1.344    1.426    
SR90    0    3.283e-06    1.392e-05    3.182e-05    5.688e-05    8.9e-05    0.0001281    0.000174    0.0002267    0.005021    0.009771    0.01448    0.01916    0.02381    0.02842    0.03302    0.03759    0.04213    0.04666    0.05116    0.05565    0.06011    0.06456    0.06899    0.0734    0.0778    0.08218    0.08654    0.09089    0.09522    0.09953    0.1038    0.1081    
ZR92    0    4.816e-06    2.052e-05    4.703e-05    8.421e-05    0.000132    0.0001902    0.0002587    0.0003375    0.007258    0.01419    0.02109    0.02796    0.03481    0.04165    0.04846    0.05527    0.06206    0.06884    0.07562    0.08239    0.08915    0.09591    0.1027    0.1094    0.1162    0.1229    0.1296    0.1364    0.1431    0.1498    0.1566    0.1633    
ZR93    0    6.41e-06    2.739e-05    6.281e-05    0.0001125    0.0001764    0.0002542    0.0003459    0.0004512    0.009284    0.01818    0.02703    0.03584    0.04463    0.05339    0.06213    0.07086    0.07957    0.08827    0.09696    0.1056    0.1143    0.123    0.1316    0.1403    0.1489    0.1576    0.1662    0.1749    0.1835    0.1921    0.2008    0.2094    
ZR94    0    7.298e-06    3.098e-05    7.09e-05    0.0001269    0.0001988    0.0002864    0.0003896    0.0005081    0.01046    0.02036    0.03021    0.04002    0.0498    0.05956    0.0693    0.07902    0.08873    0.09843    0.1081    0.1178    0.1275    0.1371    0.1468    0.1564    0.1661    0.1757    0.1854    0.195    0.2046    0.2143    0.2239    0.2335    
ZR95    0    7.296e-06    2.642e-05    5.228e-05    8.19e-05    0.0001136    0.0001462    0.0001794    0.0002126    0.00896    0.01399    0.01687    0.01851    0.01944    0.01995    0.02023    0.02038    0.02045    0.02048    0.02048    0.02048    0.02047    0.02045    0.02044    0.02043    0.02042    0.02041    0.0204    0.02039    0.02038    0.02038    0.02037    0.02037    
MO95    0    2.564e-07    3.546e-06    1.456e-05    3.73e-05    7.448e-05    0.0001278    0.0001983    0.0002863    0.001067    0.004443    0.01047    0.01843    0.02768    0.0377    0.04819    0.05895    0.06985    0.08082    0.09184    0.1029    0.1139    0.1249    0.136    0.147    0.158    0.169    0.18    0.1909    0.2019    0.2129    0.2238    0.2348    
ZR96    0    9.639e-06    4.091e-05    9.362e-05    0.0001675    0.0002624    0.0003781    0.0005143    0.0006708    0.01271    0.02468    0.03659    0.04846    0.06029    0.0721    0.08388    0.09564    0.1074    0.1191    0.1308    0.1425    0.1542    0.1659    0.1776    0.1893    0.201    0.2126    0.2243    0.236    0.2476    0.2593    0.2709    0.2826    
MO97    0    1.016e-05    4.367e-05    0.0001003    0.0001798    0.000282    0.0004065    0.0005532    0.0007217    0.01321    0.0259    0.03854    0.05112    0.06366    0.07617    0.08865    0.1011    0.1135    0.1259    0.1383    0.1507    0.1631    0.1755    0.1878    0.2002    0.2125    0.2249    0.2372    0.2495    0.2618    0.2741    0.2865    0.2988    
MO98    0    1.186e-05    5.033e-05    0.0001152    0.0002061    0.0003229    0.0004652    0.0006328    0.0008254    0.01472    0.02855    0.04231    0.05602    0.0697    0.08335    0.09697    0.1106    0.1242    0.1377    0.1513    0.1649    0.1784    0.192    0.2055    0.2191    0.2326    0.2461    0.2597    0.2732    0.2868    0.3003    0.3139    0.3274    
TC99    0    1.254e-05    5.595e-05    0.00013    0.0002345    0.0003689    0.0005329    0.0007263    0.0009487    0.01438    0.02904    0.04362    0.05813    0.0726    0.08703    0.1014    0.1158    0.1301    0.1444    0.1587    0.173    0.1873    0.2015    0.2158    0.23    0.2443    0.2585    0.2727    0.2869    0.3011    0.3153    0.3295    0.3437    
MO100    0    1.427e-05    6.054e-05    0.0001385    0.0002479    0.0003883    0.0005595    0.000761    0.0009925    0.01748    0.03386    0.05018    0.06643    0.08264    0.09881    0.1149    0.1311    0.1471    0.1632    0.1793    0.1953    0.2113    0.2274    0.2434    0.2594    0.2754    0.2914    0.3074    0.3234    0.3394    0.3554    0.3714    0.3874    
RU101    0    1.435e-05    6.092e-05    0.0001394    0.0002494    0.0003907    0.0005628    0.0007654    0.0009982    0.01752    0.03396    0.05031    0.0666    0.08283    0.09902    0.1152    0.1313    0.1474    0.1635    0.1795    0.1955    0.2115    0.2275    0.2435    0.2595    0.2754    0.2914    0.3073    0.3233    0.3392    0.3551    0.371    0.3869    
RU102    0    1.528e-05    6.487e-05    0.0001485    0.0002657    0.0004163    0.0005998    0.000816    0.001064    0.018    0.03486    0.05165    0.06838    0.08507    0.1017    0.1184    0.135    0.1516    0.1682    0.1848    0.2014    0.2179    0.2345    0.2511    0.2677    0.2843    0.3008    0.3174    0.334    0.3506    0.3672    0.3838    0.4005    
RU103    0    1.183e-05    3.955e-05    7.364e-05    0.0001101    0.0001474    0.0001847    0.0002218    0.0002586    0.01184    0.01655    0.01845    0.01918    0.01945    0.01954    0.01955    0.01953    0.01951    0.01949    0.01947    0.01946    0.01944    0.01943    0.01942    0.01942    0.01941    0.01941    0.01941    0.01941    0.01941    0.01941    0.01941    0.01942    
RH103    0    3.483e-06    2.543e-05    7.505e-05    0.0001559    0.0002693    0.0004156    0.0005945    0.0008059    0.00673    0.01942    0.03484    0.05135    0.06827    0.08533    0.1024    0.1195    0.1365    0.1535    0.1705    0.1875    0.2044    0.2214    0.2383    0.2551    0.272    0.2889    0.3057    0.3225    0.3393    0.3561    0.3729    0.3897    
RU104    0    1.736e-05    7.37e-05    0.0001687    0.0003018    0.0004728    0.0006812    0.0009265    0.001208    0.01819    0.03508    0.05191    0.06868    0.0854    0.1021    0.1188    0.1354    0.152    0.1686    0.1852    0.2018    0.2184    0.235    0.2515    0.2681    0.2847    0.3012    0.3178    0.3344    0.3509    0.3675    0.3841    0.4007    
PD105    0    1.379e-05    6.012e-05    0.0001387    0.0002493    0.0003914    0.0005646    0.0007687    0.001003    0.01378    0.02715    0.04045    0.05369    0.0669    0.08006    0.0932    0.1063    0.1194    0.1325    0.1455    0.1586    0.1716    0.1846    0.1977    0.2107    0.2237    0.2367    0.2496    0.2626    0.2756    0.2886    0.3015    0.3145    
RU106    0    1.499e-05    6.169e-05    0.0001369    0.0002378    0.0003617    0.0005062    0.000669    0.0008483    0.01236    0.02278    0.03223    0.04079    0.04856    0.05561    0.06202    0.06784    0.07313    0.07795    0.08233    0.08632    0.08995    0.09326    0.09627    0.09902    0.1015    0.1038    0.1059    0.1078    0.1096    0.1111    0.1126    0.1139    
PD107    0    1.435e-05    6.089e-05    0.0001393    0.0002493    0.0003905    0.0005625    0.000765    0.0009976    0.009378    0.01773    0.02605    0.03435    0.04265    0.05093    0.05921    0.06749    0.07577    0.08405    0.09233    0.1006    0.1089    0.1172    0.1255    0.1338    0.1421    0.1505    0.1588    0.1672    0.1755    0.1839    0.1922    0.2006    
PD108    0    1.075e-05    4.562e-05    0.0001044    0.0001869    0.0002928    0.0004219    0.000574    0.0007489    0.00687    0.01297    0.01906    0.02515    0.03123    0.03731    0.0434    0.0495    0.05559    0.0617    0.06782    0.07395    0.08008    0.08623    0.09239    0.09856    0.1047    0.1109    0.1172    0.1234    0.1296    0.1359    0.1421    0.1484    
AG109    0    7.211e-06    3.088e-05    7.086e-05    0.000127    0.000199    0.0002869    0.0003903    0.0005092    0.004976    0.009499    0.01401    0.0185    0.02299    0.02748    0.03196    0.03644    0.04092    0.0454    0.04988    0.05436    0.05884    0.06333    0.06782    0.07231    0.0768    0.0813    0.0858    0.09031    0.09482    0.09933    0.1039    0.1084    
I129    0    3.603e-06    1.574e-05    3.665e-05    6.635e-05    0.0001048    0.0001519    0.0002075    0.0002716    0.004472    0.008945    0.01349    0.01806    0.02262    0.02717    0.03172    0.03625    0.04078    0.0453    0.04982    0.05433    0.05884    0.06334    0.06784    0.07234    0.07683    0.08132    0.08581    0.0903    0.09478    0.09926    0.1037    0.1082    
TE130    0    6.949e-06    2.949e-05    6.75e-05    0.0001208    0.0001892    0.0002726    0.0003708    0.0004836    0.008115    0.01571    0.02326    0.03079    0.0383    0.0458    0.05328    0.06075    0.06821    0.07566    0.08311    0.09055    0.09799    0.1054    0.1129    0.1203    0.1277    0.1352    0.1426    0.15    0.1574    0.1649    0.1723    0.1797    
XE131    0    6.927e-06    3.73e-05    9.258e-05    0.0001725    0.0002769    0.0004054    0.0005577    0.0007336    0.01064    0.02363    0.03659    0.0495    0.06237    0.0752    0.088    0.1008    0.1135    0.1263    0.139    0.1517    0.1644    0.1771    0.1898    0.2024    0.2151    0.2278    0.2404    0.2531    0.2657    0.2784    0.291    0.3036    
XE132    0    1.422e-05    6.391e-05    0.0001488    0.0002686    0.000423    0.0006114    0.0008336    0.001089    0.01707    0.03469    0.05223    0.0697    0.08712    0.1045    0.1218    0.1391    0.1564    0.1737    0.1909    0.2082    0.2254    0.2426    0.2599    0.2771    0.2943    0.3115    0.3287    0.3459    0.3631    0.3803    0.3975    0.4148    
CS133    0    1.44e-05    7.329e-05    0.0001777    0.0003272    0.0005213    0.0007594    0.001041    0.001366    0.02002    0.04281    0.06548    0.08805    0.1105    0.133    0.1553    0.1776    0.1999    0.2222    0.2444    0.2666    0.2887    0.3108    0.333    0.3551    0.3771    0.3992    0.4213    0.4433    0.4653    0.4873    0.5094    0.5314    
XE134    0    2.549e-05    0.0001083    0.0002479    0.0004437    0.0006951    0.001002    0.001362    0.001777    0.02616    0.05045    0.07464    0.09875    0.1228    0.1468    0.1708    0.1947    0.2186    0.2425    0.2664    0.2903    0.3142    0.338    0.3619    0.3858    0.4096    0.4335    0.4574    0.4813    0.5052    0.529    0.5529    0.5768    
CS135    0    2.147e-05    9.206e-05    0.0002114    0.0003789    0.000594    0.0008563    0.001165    0.00152    0.02612    0.05104    0.07585    0.1006    0.1252    0.1498    0.1744    0.1989    0.2233    0.2478    0.2722    0.2966    0.321    0.3454    0.3697    0.3941    0.4184    0.4428    0.4671    0.4915    0.5158    0.5401    0.5645    0.5888    
XE136    0    2.387e-05    0.0001013    0.0002318    0.0004148    0.0006498    0.0009362    0.001273    0.001661    0.02528    0.04876    0.07215    0.09547    0.1187    0.1419    0.1651    0.1883    0.2114    0.2345    0.2576    0.2807    0.3037    0.3268    0.3499    0.3729    0.396    0.4191    0.4421    0.4652    0.4883    0.5114    0.5345    0.5576    
CS137    0    2.079e-05    8.815e-05    0.0002015    0.0003603    0.0005637    0.0008113    0.001102    0.001436    0.02326    0.04489    0.06636    0.08769    0.1089    0.13    0.151    0.1719    0.1927    0.2134    0.234    0.2546    0.2751    0.2955    0.3158    0.3361    0.3563    0.3765    0.3966    0.4166    0.4366    0.4565    0.4763    0.4961    
BA138    0    2.006e-05    8.519e-05    0.000195    0.000349    0.0005467    0.0007876    0.001071    0.001397    0.02331    0.04511    0.06682    0.08845    0.11    0.1316    0.153    0.1745    0.1959    0.2174    0.2388    0.2601    0.2815    0.3029    0.3243    0.3456    0.367    0.3883    0.4097    0.431    0.4524    0.4737    0.4951    0.5164    
LA139    0    1.985e-05    8.434e-05    0.0001931    0.0003455    0.0005413    0.0007799    0.001061    0.001384    0.02154    0.04162    0.06161    0.08154    0.1014    0.1212    0.1411    0.1608    0.1806    0.2003    0.22    0.2398    0.2595    0.2792    0.2989    0.3186    0.3383    0.358    0.3776    0.3973    0.417    0.4368    0.4565    0.4762    
CE140    0    9.093e-06    5.478e-05    0.0001428    0.000273    0.000445    0.0006585    0.0009129    0.001208    0.01343    0.03247    0.05189    0.07127    0.09059    0.1099    0.1291    0.1483    0.1675    0.1866    0.2058    0.2249    0.2441    0.2632    0.2823    0.3014    0.3205    0.3397    0.3588    0.3779    0.397    0.4161    0.4353    0.4544    
CE141    0    1.196e-05    3.861e-05    7.009e-05    0.000103    0.0001362    0.0001692    0.0002019    0.0002343    0.01228    0.01639    0.01773    0.01814    0.01824    0.01824    0.01821    0.01818    0.01815    0.01812    0.0181    0.01808    0.01806    0.01805    0.01804    0.01803    0.01802    0.01801    0.018    0.018    0.01799    0.01799    0.01799    0.01799    
PR141    0    4.309e-06    3.064e-05    8.852e-05    0.0001809    0.0003087    0.0004718    0.0006701    0.0009031    0.008496    0.02403    0.04222    0.06127    0.08058    0.09993    0.1193    0.1386    0.1579    0.1771    0.1964    0.2156    0.2348    0.2539    0.2731    0.2923    0.3114    0.3305    0.3497    0.3688    0.3879    0.407    0.4261    0.4452    
CE142    0    1.506e-05    6.399e-05    0.0001465    0.0002622    0.0004108    0.0005918    0.000805    0.00105    0.01839    0.03567    0.05286    0.07    0.08709    0.1041    0.1212    0.1381    0.1551    0.1721    0.189    0.2059    0.2228    0.2397    0.2566    0.2735    0.2904    0.3073    0.3242    0.341    0.3579    0.3748    0.3917    0.4085    
ND143    0    6.683e-06    4.115e-05    0.0001077    0.0002062    0.0003364    0.0004981    0.0006907    0.000914    0.0106    0.02602    0.04181    0.05755    0.07325    0.0889    0.1045    0.1201    0.1356    0.1512    0.1667    0.1822    0.1977    0.2131    0.2286    0.2441    0.2595    0.2749    0.2904    0.3058    0.3212    0.3366    0.3521    0.3675    
CE144    0    1.302e-05    5.312e-05    0.0001169    0.0002014    0.0003039    0.0004221    0.0005538    0.0006971    0.01314    0.02408    0.03371    0.0422    0.04968    0.05628    0.0621    0.06723    0.07176    0.07577    0.07931    0.08243    0.08519    0.08764    0.0898    0.09171    0.0934    0.0949    0.09623    0.09741    0.09845    0.09938    0.1002    0.1009    
ND145    0    1.04e-05    4.432e-05    0.0001015    0.0001818    0.0002849    0.0004105    0.0005584    0.0007283    0.01177    0.02284    0.03385    0.04482    0.05576    0.06667    0.07756    0.08844    0.09929    0.1101    0.121    0.1318    0.1426    0.1534    0.1642    0.1751    0.1859    0.1967    0.2074    0.2182    0.229    0.2398    0.2506    0.2614    
ND146    0    9.155e-06    3.888e-05    8.898e-05    0.0001593    0.0002495    0.0003595    0.000489    0.0006379    0.009917    0.01916    0.02836    0.03753    0.04668    0.05582    0.06494    0.07406    0.08317    0.09227    0.1014    0.1105    0.1196    0.1287    0.1378    0.1469    0.156    0.1651    0.1742    0.1833    0.1924    0.2015    0.2106    0.2198    
PM147    0    4.312e-06    2.431e-05    6.112e-05    0.000114    0.0001822    0.0002648    0.0003612    0.0004707    0.005681    0.01287    0.01984    0.02653    0.03294    0.03909    0.04499    0.05066    0.0561    0.06133    0.06635    0.07119    0.07583    0.0803    0.08459    0.08872    0.0927    0.09652    0.1002    0.1037    0.1072    0.1104    0.1136    0.1166    
ND148    0    6.953e-06    2.951e-05    6.753e-05    0.0001208    0.0001893    0.0002727    0.0003709    0.0004837    0.006853    0.01319    0.0195    0.02578    0.03206    0.03832    0.04457    0.05081    0.05704    0.06327    0.0695    0.07572    0.08194    0.08816    0.09438    0.1006    0.1068    0.113    0.1193    0.1255    0.1317    0.1379    0.1441    0.1504    
SM149    0    4.763e-06    2.099e-05    4.86e-05    8.744e-05    0.0001374    0.0001983    0.0002701    0.0003525    0.005007    0.009972    0.01491    0.01982    0.02471    0.02959    0.03445    0.0393    0.04414    0.04897    0.0538    0.05861    0.06341    0.06821    0.07301    0.07779    0.08258    0.08735    0.09213    0.09689    0.1017    0.1064    0.1112    0.1159    
ND150    0    4.21e-06    1.787e-05    4.088e-05    7.315e-05    0.0001146    0.0001651    0.0002245    0.0002928    0.004163    0.008013    0.01185    0.01567    0.01948    0.02328    0.02708    0.03087    0.03465    0.03844    0.04222    0.046    0.04978    0.05356    0.05733    0.06111    0.06488    0.06866    0.07244    0.07621    0.07999    0.08376    0.08754    0.09132    
