TIME    0.000489699   0.0163233   0.0359113   0.0554993   0.0750872   0.0946752   0.114263   0.133851   0.169762   0.18935   0.208938   0.228526   0.248114   0.267702   0.28729   0.306878   0.326466   0.346054   0.365642   0.38523   0.404818   0.424406   0.443994   0.463582   0.48317   0.502758   0.522346   0.541934   0.561522   0.58111   0.600698   0.620286   0.639874   0.659462   0.67905   0.698638   
NEUT_PROD    14.3406   10.8857   9.40968   8.69143   8.2934   8.03951   7.8665   7.75066   7.62483   7.58047   7.55256   7.52234   7.51385   7.5027   7.49628   7.48336   7.48117   7.47028   7.46934   7.45819   7.45703   7.44489   7.44232   7.42961   7.42579   7.41131   7.40659   7.39131   7.38564   7.3694   7.36324   7.34666   7.3396   7.32255   7.30539   7.29815   
NEUT_DEST    11.8614   11.8164   10.2055   9.90815   9.75826   9.67231   9.63277   9.61335   9.63942   9.66252   9.68943   9.72347   9.75895   9.79422   9.82678   9.86557   9.89628   9.93239   9.9682   9.99666   10.0271   10.0485   10.0805   10.1037   10.1269   10.1507   10.1756   10.201   10.2259   10.243   10.2591   10.2856   10.3026   10.3203   10.3382   10.3461   
BUd    0.152088    4.29756    3.59435    3.21033    3.01547    2.89701    2.81934    2.76812    5.45052    2.69884    2.67682    2.67187    2.66251    2.65633    2.65244    2.64025    2.63871    2.63768    2.63678    2.62643    2.62579    2.62512    2.61445    2.61354    2.61257    2.61134    2.6    2.59845    2.59689    2.58526    2.58359    2.58149    2.57953    2.56779    2.56557    2.5636    
U236    1.68169    1.66129    1.63907    1.61634    1.59312    1.56996    1.54685    1.52388    1.47878    1.45656    1.43464    1.41321    1.39191    1.37096    1.35032    1.33003    1.30989    1.29026    1.2708    1.25167    1.2327    1.21425    1.19595    1.17783    1.16021    1.1426    1.12548    1.10854    1.09176    1.07532    1.05905    1.04312    1.02752    1.01192    0.996662    0.981739    
U238    983.821    981.067    978.215    975.363    972.609    969.757    966.905    964.151    958.545    955.792    953.038    950.284    947.53    944.776    942.022    939.367    936.613    933.859    931.203    928.449    925.794    923.138    920.482    917.827    915.171    912.515    909.859    907.204    904.548    901.991    899.335    896.777    894.122    891.564    889.007    886.351    
NP237    0.573665    0.528445    0.489279    0.454801    0.424394    0.397451    0.373633    0.352529    0.317008    0.302159    0.288847    0.276967    0.266285    0.256626    0.247999    0.240094    0.232926    0.226406    0.220429    0.21494    0.209901    0.205205    0.200879    0.196839    0.193043    0.18949    0.186149    0.182981    0.179994    0.177127    0.174418    0.17181    0.169313    0.166927    0.164603    0.16237    
PU238    0.626257    0.515955    0.43186    0.369585    0.32262    0.286242    0.257258    0.233768    0.197244    0.183796    0.172215    0.162265    0.153745    0.146389    0.139982    0.134409    0.129503    0.125187    0.121366    0.117938    0.114865    0.112119    0.109611    0.107327    0.105248    0.103343    0.101566    0.0999138    0.0983676    0.0969377    0.0955733    0.0942879    0.0930721    0.0919242    0.0908126    0.0897646    
PU239    5.40938    4.02805    3.44186    3.1882    3.07174    3.01128    2.976    2.95176    2.92199    2.90448    2.89042    2.87737    2.86608    2.85444    2.84333    2.83365    2.82337    2.81342    2.80375    2.79528    2.78603    2.77694    2.768    2.75917    2.75044    2.7418    2.73323    2.72473    2.71626    2.70786    2.70048    2.69214    2.68384    2.67556    2.66731    2.65908    
PU240    3.22943    3.28585    3.10657    2.89389    2.71065    2.5681    2.46385    2.38837    2.2908    2.26359    2.24198    2.226    2.21361    2.20305    2.19443    2.18648    2.18031    2.17436    2.16921    2.1636    2.15834    2.15427    2.14934    2.14448    2.13964    2.1348    2.12996    2.12509    2.12019    2.11526    2.1103    2.10532    2.10031    2.09529    2.09025    2.0852    
PU241    2.04662    1.56672    1.35985    1.23453    1.13995    1.0665    1.01028    0.968519    0.916107    0.89901    0.887109    0.878333    0.871679    0.866448    0.862359    0.858844    0.855948    0.853407    0.85108    0.848892    0.84683    0.844907    0.842977    0.841099    0.839253    0.837417    0.83558    0.833645    0.831795    0.829935    0.828065    0.826083    0.824191    0.82219    0.820282    0.818269    
PU242    2.3032    2.60001    2.80918    2.96588    3.08548    3.17708    3.2459    3.29868    3.37002    3.39443    3.4135    3.42829    3.44105    3.45136    3.45944    3.46619    3.47195    3.47663    3.48051    3.48343    3.48517    3.48662    3.48839    3.48805    3.48867    3.4879    3.48666    3.48542    3.48421    3.48185    3.47924    3.47593    3.47294    3.4702    3.46642    3.46253    
AM243    0.0038863    0.14005    0.269664    0.386129    0.489208    0.579634    0.658009    0.725777    0.833289    0.875357    0.910882    0.941112    0.966481    0.988141    1.00617    1.02151    1.03439    1.04523    1.0543    1.06186    1.06817    1.07363    1.0782    1.08171    1.08474    1.08727    1.08919    1.09077    1.0919    1.09278    1.09328    1.09362    1.09368    1.0936    1.09324    1.09287    
BR81    7.26013e-05    0.00404315    0.00572072    0.0071975    0.00857442    0.00989235    0.0111693    0.012415    0.0148315    0.0160158    0.0171817    0.0183256    0.019467    0.0205886    0.0216893    0.0227908    0.0238717    0.0249336    0.0259851    0.0270367    0.0280578    0.0290793    0.0300816    0.0310728    0.032054    0.0330248    0.0339851    0.0349257    0.0358646    0.0367843    0.0376929    0.0385913    0.0394787    0.0403548    0.0412114    0.0420661    
SE82    9.71149e-05    0.0052044    0.00750668    0.00956862    0.0115133    0.0133952    0.015236    0.0170516    0.0206228    0.0223995    0.0241661    0.0259279    0.0276859    0.0294408    0.0311953    0.0329393    0.0346922    0.0364354    0.0381778    0.0399106    0.0416525    0.0433848    0.0451158    0.0468468    0.0485669    0.0502967    0.0520158    0.0537327    0.0554498    0.0571667    0.0588715    0.060575    0.0622882    0.0639801    0.0656795    0.0673684    
KR84    0.000250267    0.0139671    0.0222167    0.0301131    0.0378385    0.0454674    0.0530155    0.0604983    0.0753203    0.0826848    0.0900145    0.0973323    0.104628    0.111916    0.119185    0.126461    0.133736    0.140975    0.14821    0.155434    0.162746    0.169966    0.177176    0.184474    0.191683    0.198883    0.206169    0.213361    0.220658    0.227839    0.235023    0.242307    0.249472    0.256642    0.263903    0.271066    
KR85    5.71924e-05    0.00328852    0.0046949    0.00590371    0.00701228    0.00805459    0.00904826    0.0100033    0.0118574    0.0127292    0.0135763    0.0144051    0.0152113    0.0159984    0.0167757    0.017523    0.0182618    0.018982    0.0196931    0.0203847    0.0210575    0.0217211    0.0223661    0.0230014    0.023618    0.0242254    0.0248126    0.0254003    0.025959    0.0265175    0.0270573    0.0275865    0.0281065    0.0286168    0.0291069    0.0295971    
RB85    0.000204155    0.0118324    0.0172512    0.0220856    0.0266653    0.0311025    0.0354733    0.0397851    0.0482811    0.0525434    0.0568024    0.061061    0.0653286    0.0695921    0.0738693    0.0781487    0.0824367    0.0867335    0.091039    0.0953376    0.0996593    0.103975    0.108298    0.112628    0.116958    0.121297    0.125619    0.129962    0.134303    0.13864    0.14307    0.147402    0.151724    0.156048    0.160466    0.164778    
KR86    0.00042028    0.0217201    0.0316701    0.040574    0.0489488    0.0570179    0.0649043    0.0726542    0.0878805    0.0954352    0.102954    0.110446    0.117905    0.12536    0.132798    0.140249    0.147647    0.155032    0.162418    0.169904    0.177283    0.184567    0.191945    0.199321    0.206696    0.213964    0.221334    0.228699    0.235952    0.243211    0.25056    0.257809    0.265049    0.272282    0.279521    0.286743    
RB87    0.000511155    0.0271067    0.0395375    0.050618    0.0610362    0.0710761    0.0808611    0.0904958    0.109402    0.118777    0.128107    0.13739    0.146604    0.15585    0.165082    0.174305    0.183531    0.192651    0.201861    0.210977    0.220094    0.229204    0.23831    0.247417    0.256414    0.265515    0.274509    0.283599    0.292584    0.301564    0.310536    0.319511    0.328368    0.337325    0.346173    0.355121    
SR88    0.00068524    0.0380649    0.0554585    0.070908    0.0854667    0.0995062    0.113229    0.126717    0.153258    0.166385    0.179556    0.192574    0.205652    0.218608    0.231655    0.244603    0.257539    0.270468    0.2834    0.296326    0.309247    0.322069    0.334995    0.347808    0.360617    0.373424    0.386216    0.399014    0.411802    0.424482    0.43726    0.449921    0.462674    0.475325    0.487961    0.500587    
SR89    0.00089642    0.0296984    0.0173811    0.0138248    0.0125581    0.0119774    0.0116527    0.0114475    0.0118523    0.011274    0.0111073    0.011047    0.0110162    0.0109873    0.0109657    0.0109486    0.010934    0.010921    0.0109086    0.0108866    0.0108743    0.0108619    0.0108491    0.0108359    0.0108124    0.0107984    0.0107839    0.010769    0.0107536    0.0107377    0.0107116    0.0106948    0.0106776    0.01066    0.0106322    0.010614    
Y89    1.8638e-05    0.0185017    0.0525263    0.0754165    0.0948528    0.11292    0.130291    0.147225    0.179638    0.196435    0.212767    0.228793    0.244862    0.260788    0.276593    0.292383    0.308162    0.323844    0.339506    0.355173    0.370737    0.386197    0.401648    0.417098    0.432444    0.447682    0.463006    0.478131    0.493346    0.50845    0.523448    0.538439    0.55341    0.568274    0.583033    0.597863    
SR90    0.00114587    0.0599186    0.0863694    0.109694    0.131391    0.152072    0.172059    0.191519    0.229479    0.247871    0.266014    0.283973    0.301688    0.31916    0.33643    0.353578    0.370525    0.387269    0.403815    0.420254    0.436491    0.452526    0.468365    0.484092    0.499613    0.514933    0.530147    0.545252    0.560056    0.574742    0.589318    0.603688    0.617855    0.631899    0.645741    0.659466    
Y91    0.00109747    0.0467165    0.0301669    0.0241438    0.021766    0.0206588    0.020064    0.0196957    0.0205048    0.0194904    0.0191894    0.0190742    0.0190256    0.0189993    0.0189768    0.0189629    0.0189539    0.0189476    0.0189331    0.0189289    0.018915    0.0189104    0.0188955    0.0188899    0.0188734    0.0188663    0.0188486    0.0188399    0.0188304    0.0188102    0.0187892    0.0187773    0.0187548    0.0187316    0.0187176    0.0186934    
ZR91    1.72778e-05    0.0248516    0.0744402    0.109453    0.139096    0.166458    0.192672    0.218194    0.266882    0.29241    0.317063    0.341344    0.365618    0.389735    0.413815    0.437759    0.4617    0.485622    0.50944    0.533151    0.55696    0.580558    0.604247    0.627737    0.65131    0.674778    0.698137    0.721482    0.744808    0.768023    0.791229    0.81432    0.837288    0.860338    0.88327    0.906085    
ZR92    0.00148692    0.0884203    0.129066    0.165026    0.198906    0.231571    0.263556    0.294981    0.356978    0.387692    0.418354    0.448935    0.479473    0.509916    0.540368    0.570881    0.601251    0.631668    0.662082    0.692435    0.722843    0.753233    0.783555    0.813936    0.844291    0.874602    0.904925    0.935264    0.965466    0.995714    1.02598    1.05623    1.08637    1.11654    1.14663    1.17681    
ZR93    0.00176833    0.115017    0.167546    0.213264    0.256062    0.296991    0.336621    0.375426    0.451049    0.488292    0.525103    0.561557    0.597701    0.633714    0.669357    0.704768    0.739976    0.774967    0.809598    0.844071    0.878356    0.912399    0.946249    0.979764    1.01319    1.04627    1.07915    1.11187    1.1443    1.17623    1.20811    1.24002    1.27187    1.30268    1.33445    1.36527    
ZR94    0.00243628    0.129108    0.187544    0.239928    0.289568    0.33767    0.384765    0.431469    0.523853    0.570005    0.61605    0.662343    0.708553    0.754819    0.801371    0.847949    0.894705    0.941569    0.988637    1.0358    1.08305    1.13041    1.17794    1.22564    1.27371    1.32172    1.36967    1.41761    1.46559    1.51441    1.56231    1.61118    1.65999    1.70869    1.75749    1.80619    
ZR95    0.00278657    0.0996167    0.0674609    0.0545332    0.0489383    0.0462118    0.0446908    0.043749    0.0454038    0.0431594    0.0423928    0.04208    0.0419185    0.0418134    0.0417342    0.0416671    0.0416039    0.0415482    0.0414967    0.041447    0.0413978    0.0413382    0.0412872    0.0412352    0.0411815    0.041126    0.0410789    0.0410201    0.0409598    0.0408975    0.0408333    0.0407676    0.0407001    0.040621    0.0405507    0.0404694    
NB95    4.48657e-05    0.0280799    0.0386184    0.0310309    0.0267252    0.0246637    0.023586    0.0229624    0.0243487    0.0229021    0.0222249    0.0219531    0.0218329    0.0217603    0.0217113    0.0216769    0.0216416    0.0216118    0.0215851    0.0215596    0.0215348    0.02151    0.0214844    0.0214483    0.0214213    0.0213935    0.0213646    0.021335    0.0213045    0.0212729    0.0212403    0.021207    0.0211727    0.0211379    0.0210923    0.0210561    
MO95    8.9512e-07    0.0199293    0.106559    0.182778    0.243142    0.294991    0.342101    0.386145    0.463147    0.504942    0.543228    0.579499    0.614427    0.648228    0.681123    0.71319    0.744297    0.77448    0.803876    0.832486    0.860362    0.887465    0.913737    0.939389    0.964375    0.988618    1.01211    1.03503    1.0573    1.07889    1.09992    1.12038    1.14047    1.15919    1.17793    1.19667    
ZR96    0.00305056    0.157815    0.229609    0.293627    0.35376    0.411748    0.468121    0.523535    0.632356    0.686259    0.739829    0.793201    0.84643    0.899506    0.952468    1.00529    1.05804    1.1108    1.16333    1.21582    1.26825    1.32104    1.37322    1.42539    1.47661    1.52876    1.58089    1.63303    1.68408    1.73615    1.78715    1.83917    1.89008    1.94104    1.99188    2.04265    
MO96    2.3782e-06    0.000337994    0.00233459    0.00644821    0.0122246    0.0193835    0.0277714    0.0372946    0.0593286    0.0718499    0.0853654    0.0997857    0.115084    0.131216    0.148182    0.165929    0.184381    0.203698    0.223627    0.244367    0.265624    0.287604    0.310299    0.333516    0.357355    0.381726    0.406618    0.432141    0.458183    0.484666    0.511577    0.53902    0.566989    0.5953    0.624039    0.653121    
MO97    0.00224936    0.169681    0.249307    0.317953    0.382148    0.443706    0.503461    0.562051    0.676267    0.732748    0.788618    0.844233    0.899487    0.954413    1.00916    1.06361    1.11778    1.17182    1.22564    1.27964    1.33229    1.38595    1.4386    1.49133    1.54392    1.59658    1.64815    1.70076    1.75237    1.80387    1.85439    1.90583    1.95724    2.00772    2.05806    2.10839    
MO98    0.00357849    0.184649    0.269465    0.34547    0.417091    0.48642    0.554137    0.620791    0.752526    0.818053    0.883481    0.948791    1.01406    1.07941    1.14489    1.21035    1.276    1.34182    1.40732    1.47276    1.5392    1.60458    1.67103    1.73742    1.80381    1.87018    1.93643    2.0028    2.06902    2.13624    2.20248    2.26957    2.3357    2.40276    2.46974    2.53677    
TC99    0.00106933    0.188309    0.281481    0.350755    0.412042    0.467947    0.519384    0.567575    0.654952    0.695508    0.733889    0.770468    0.805351    0.83874    0.870431    0.900937    0.929936    0.957669    0.984135    1.0095    1.03372    1.05688    1.07897    1.10013    1.12027    1.13956    1.15754    1.17537    1.19234    1.20843    1.22366    1.23801    1.25147    1.26502    1.27768    1.28942    
MO100    0.00431052    0.222543    0.323634    0.413739    0.498326    0.579688    0.659005    0.736751    0.889376    0.965056    1.04022    1.11504    1.18977    1.26409    1.3383    1.41227    1.48601    1.55978    1.63359    1.70727    1.78097    1.85369    1.92735    1.99994    2.07262    2.14518    2.21769    2.2902    2.36267    2.43512    2.50653    2.57881    2.65009    2.72129    2.79252    2.86364    
RU100    6.32247e-07    0.00337352    0.01391    0.027615    0.044017    0.0628037    0.0837619    0.106708    0.157926    0.185938    0.215432    0.246339    0.278454    0.311887    0.346351    0.381959    0.418497    0.455965    0.494263    0.533473    0.573355    0.61392    0.655165    0.696999    0.739337    0.782253    0.825498    0.869311    0.913344    0.957814    1.00267    1.04762    1.09293    1.13837    1.18404    1.22989    
RU101    0.00386401    0.196907    0.28678    0.366068    0.439876    0.510332    0.578297    0.644673    0.77333    0.836646    0.899261    0.961257    1.02275    1.08401    1.14471    1.20525    1.26535    1.32562    1.38498    1.44446    1.50286    1.5614    1.61988    1.67842    1.73697    1.79449    1.85204    1.9096    1.96616    2.02369    2.08016    2.13666    2.19317    2.24865    2.30409    2.36044    
RU102    0.00403937    0.204718    0.301846    0.389357    0.472199    0.55246    0.631199    0.709038    0.862919    0.939816    1.01682    1.09393    1.17125    1.24882    1.32662    1.40515    1.4831    1.56201    1.64089    1.71973    1.79955    1.87934    1.96013    2.03985    2.12054    2.20219    2.28291    2.36452    2.44604    2.5286    2.6101    2.69349    2.7759    2.85831    2.94158    3.02481    
RU103    0.00431764    0.125259    0.0628182    0.0506441    0.0468508    0.0450399    0.0439661    0.0432659    0.0444926    0.0425821    0.0422518    0.0421477    0.0421092    0.0420998    0.0421106    0.0421213    0.0421438    0.0421729    0.0421955    0.0422296    0.042264    0.0422877    0.0423205    0.0423518    0.0423818    0.0424102    0.0424371    0.0424623    0.0424854    0.0425167    0.0425364    0.0425547    0.0425707    0.0425855    0.0425886    0.042601    
RH103    0.000113444    0.094345    0.210991    0.249157    0.266659    0.275637    0.280158    0.282144    0.281607    0.282777    0.282215    0.281468    0.280726    0.280191    0.279808    0.279464    0.279277    0.279203    0.279221    0.279144    0.279296    0.279322    0.279475    0.279624    0.279743    0.279913    0.280116    0.280243    0.280484    0.280636    0.280789    0.280943    0.281094    0.281141    0.281282    0.281418    
RU104    0.0041525    0.209179    0.30843    0.396596    0.479268    0.55869    0.635766    0.711224    0.859042    0.932042    1.00453    1.07662    1.14842    1.22004    1.29146    1.36254    1.43304    1.50457    1.57503    1.64548    1.71595    1.78536    1.85571    1.92507    1.99544    2.06465    2.13393    2.20316    2.27234    2.34055    2.40959    2.47763    2.54567    2.61363    2.68152    2.74935    
PD104    3.2366e-07    0.00904368    0.0587417    0.125865    0.199926    0.277279    0.356347    0.436198    0.594686    0.674517    0.754092    0.833362    0.912384    0.991076    1.06945    1.14772    1.2257    1.30354    1.38135    1.45903    1.53599    1.61373    1.6913    1.76876    1.84516    1.92246    1.99973    2.07693    2.15403    2.23016    2.30722    2.3842    2.4602    2.53711    2.61301    2.68975    
PD105    0.00135348    0.126308    0.188181    0.238257    0.283878    0.326616    0.36719    0.405986    0.479161    0.514504    0.548849    0.582426    0.615234    0.647285    0.678703    0.709485    0.739538    0.769067    0.79791    0.826336    0.85407    0.88138    0.908002    0.934177    0.959862    0.985018    1.00966    1.03383    1.05755    1.08078    1.10354    1.1259    1.14729    1.16957    1.18988    1.21117    
RU106    0.00326703    0.146746    0.186878    0.211356    0.226935    0.236908    0.243183    0.246994    0.25793    0.256937    0.255925    0.254829    0.253779    0.252777    0.251842    0.251018    0.250267    0.249661    0.248997    0.248494    0.24798    0.247496    0.246997    0.246542    0.246198    0.245748    0.245365    0.244936    0.244549    0.24409    0.243754    0.243335    0.242926    0.242427    0.242029    0.241533    
PD106    0.000638704    0.0724084    0.140778    0.214701    0.292711    0.373717    0.456824    0.541741    0.707533    0.797107    0.887049    0.977392    1.06813    1.15944    1.25121    1.34342    1.43609    1.52954    1.62322    1.71737    1.81122    1.90675    2.00203    2.09814    2.19493    2.29163    2.3892    2.48659    2.5849    2.683    2.78205    2.881    2.98083    3.08055    3.18119    3.28169    
PD107    0.00259765    0.123118    0.181998    0.233279    0.280282    0.324271    0.366031    0.406096    0.482102    0.518726    0.554478    0.589412    0.623681    0.657311    0.690276    0.722794    0.754589    0.785908    0.816722    0.846971    0.876775    0.906032    0.934736    0.963109    0.990826    1.01822    1.04506    1.07158    1.09747    1.12308    1.14825    1.17266    1.197    1.22129    1.24465    1.26697    
PD108    0.00189478    0.0883849    0.132329    0.171214    0.207262    0.24145    0.2743    0.306126    0.367434    0.397324    0.426818    0.455861    0.484591    0.512958    0.541032    0.568875    0.596321    0.623519    0.650529    0.677193    0.703635    0.729718    0.755595    0.781124    0.806362    0.831379    0.856051    0.880425    0.904553    0.928465    0.951948    0.975203    0.998216    1.02085    1.04324    1.06537    
AG109    0.000863373    0.0520202    0.070669    0.0838467    0.0941309    0.102522    0.109624    0.115825    0.126427    0.131243    0.135823    0.140214    0.144519    0.148699    0.152728    0.156786    0.160816    0.164704    0.168618    0.172438    0.176242    0.179917    0.183653    0.187332    0.190946    0.194583    0.198046    0.201525    0.205019    0.208419    0.211821    0.21513    0.21844    0.221647    0.224855    0.227965    
PD110    0.000568217    0.0260925    0.0394765    0.0514224    0.062592    0.0732636    0.0835748    0.093631    0.113226    0.122889    0.132461    0.141978    0.151462    0.160902    0.170335    0.179655    0.189066    0.198363    0.207758    0.217047    0.226333    0.235614    0.244795    0.254068    0.263236    0.272398    0.281566    0.290723    0.299874    0.308927    0.317965    0.327095    0.336127    0.345054    0.354067    0.362981    
CD110    2.08369e-06    0.0043451    0.0164879    0.031528    0.0486761    0.067418    0.0874054    0.108379    0.152629    0.17576    0.19945    0.223576    0.248269    0.273217    0.29871    0.324531    0.350688    0.377293    0.404069    0.431251    0.458704    0.486397    0.514446    0.542676    0.571232    0.599941    0.628966    0.658115    0.687479    0.716936    0.746804    0.776586    0.806657    0.83675    0.867099    0.897539    
CD111    3.44778e-05    0.0112207    0.0190243    0.0248204    0.0303528    0.0357975    0.0412687    0.0468019    0.0582345    0.064205    0.0703645    0.0767048    0.0832491    0.0899862    0.0969405    0.104085    0.111445    0.119005    0.126769    0.134743    0.142944    0.151289    0.159848    0.1686    0.177551    0.1867    0.196049    0.20549    0.215218    0.225045    0.235065    0.245267    0.25566    0.266143    0.276815    0.287675    
CD112    7.43461e-05    0.00541045    0.00895583    0.0123472    0.0157698    0.0192674    0.022874    0.0266194    0.0345356    0.0387583    0.0431644    0.0477535    0.0525572    0.0575667    0.0627966    0.0682546    0.0739316    0.0798556    0.0860333    0.0924507    0.0991249    0.106065    0.113279    0.12077    0.128546    0.136595    0.144975    0.153592    0.16254    0.171825    0.18134    0.1912    0.201489    0.212006    0.222862    0.234051    
CD114    8.55996e-05    0.00608239    0.0096105    0.0127352    0.0156957    0.0185553    0.0213432    0.0240968    0.0295016    0.0321921    0.0348688    0.037562    0.040247    0.0429386    0.0456406    0.0483495    0.0510738    0.0538109    0.0565591    0.0593225    0.0620985    0.0649024    0.0677091    0.070539    0.0733937    0.0762629    0.0791598    0.0820695    0.085016    0.0879755    0.0909689    0.0939789    0.0970227    0.100093    0.103199    0.106329    
SN124    5.00547e-05    0.00251608    0.00378369    0.00494711    0.00606086    0.00714532    0.00821172    0.00926572    0.0113441    0.0123754    0.0134052    0.0144291    0.0154421    0.0164637    0.0174749    0.0184861    0.0194866    0.0204977    0.0214981    0.0224987    0.0234889    0.0244795    0.0254697    0.0264591    0.0274487    0.0284283    0.0294073    0.0303859    0.0313543    0.0323225    0.0332899    0.0342566    0.0352132    0.0361695    0.0371247    0.0380792    
SB125    6.1877e-05    0.00471619    0.00694324    0.00843446    0.00970525    0.0108229    0.0118189    0.0127164    0.0144273    0.0150795    0.0156874    0.0162318    0.0167316    0.0171875    0.0176079    0.0179915    0.0183383    0.0186569    0.0189459    0.019215    0.0194534    0.019679    0.0198824    0.0200627    0.0202288    0.0203805    0.0205171    0.020648    0.0207532    0.0208521    0.0209439    0.0210289    0.0210967    0.0211566    0.0212187    0.0212626    
SN126    0.000142905    0.00772143    0.0111767    0.0142976    0.0172619    0.0201403    0.0229646    0.025758    0.0312669    0.0340022    0.0367386    0.0394595    0.0421659    0.0448709    0.0475753    0.0502682    0.052961    0.0556441    0.0583169    0.0609993    0.0636613    0.0663236    0.0689841    0.0716346    0.0742844    0.0769229    0.0795608    0.0821864    0.0848112    0.0874349    0.0900472    0.0926471    0.0952462    0.097843    0.100427    0.103001    
I127    4.78144e-05    0.0161477    0.0260482    0.0334582    0.0402303    0.0466164    0.0527268    0.0586247    0.069822    0.0753272    0.0807052    0.0859632    0.09111    0.0961709    0.101133    0.106011    0.110801    0.115496    0.12012    0.124689    0.129091    0.133483    0.137781    0.141984    0.146187    0.15019    0.154196    0.158192    0.162008    0.165807    0.169513    0.173115    0.176716    0.180218    0.183614    0.187018    
TE128    0.000569336    0.0323959    0.0464896    0.0590773    0.0709829    0.0825173    0.0938402    0.105006    0.127051    0.138027    0.148965    0.159874    0.170774    0.181562    0.192436    0.20331    0.214092    0.224869    0.235744    0.246514    0.257284    0.267953    0.278713    0.289475    0.300135    0.310786    0.321536    0.332181    0.342818    0.353446    0.364068    0.37459    0.385199    0.395703    0.40619    0.416771    
I129    0.000821182    0.0525753    0.0767269    0.0947104    0.110221    0.124142    0.136859    0.148596    0.169494    0.179033    0.188011    0.196366    0.204208    0.211643    0.218589    0.225135    0.231277    0.237113    0.24254    0.247657    0.252454    0.257024    0.261264    0.265268    0.269036    0.272654    0.275926    0.279045    0.281916    0.284718    0.287268    0.289648    0.291864    0.293908    0.295783    0.297583    
TE130    0.00186781    0.0997591    0.143921    0.18333    0.220465    0.256292    0.291305    0.325671    0.393319    0.426969    0.460323    0.493615    0.526818    0.559971    0.59304    0.62591    0.658839    0.691727    0.724493    0.757297    0.789961    0.822602    0.855193    0.887722    0.920177    0.952572    0.984921    1.01719    1.04938    1.08151    1.11357    1.14556    1.17757    1.20912    1.24063    1.27316    
XE130    2.95606e-06    0.0013949    0.00526123    0.0102478    0.0161436    0.0228302    0.030221    0.0382436    0.0559787    0.0656047    0.0756569    0.0861365    0.0969745    0.108164    0.119675    0.131457    0.143517    0.155805    0.168273    0.181042    0.193911    0.206896    0.220083    0.233395    0.246833    0.260287    0.273879    0.287512    0.301277    0.314987    0.32883    0.342625    0.35647    0.370267    0.384116    0.39792    
XE131    0.000316981    0.133921    0.202055    0.231294    0.252334    0.268102    0.280107    0.289405    0.302263    0.307067    0.311037    0.314193    0.316931    0.319155    0.321148    0.322784    0.324171    0.325515    0.326626    0.32764    0.328495    0.329327    0.330107    0.33078    0.331425    0.332102    0.332595    0.333179    0.333644    0.334169    0.334545    0.334959    0.335407    0.335775    0.336165    0.33647    
XE132    0.00115281    0.224753    0.372797    0.501869    0.6293    0.756581    0.883798    1.0113    1.26663    1.39507    1.5237    1.65248    1.78142    1.91111    2.03974    2.16956    2.29867    2.42822    2.55822    2.68679    2.81698    2.94592    3.07559    3.20498    3.33321    3.46222    3.5921    3.72087    3.84937    3.97786    4.10616    4.23438    4.36247    4.49038    4.61825    4.74598    
CS133    0.000490362    0.26958    0.421794    0.517363    0.599679    0.672419    0.738041    0.797775    0.901847    0.948813    0.992469    1.03314    1.07112    1.10666    1.13991    1.17107    1.20021    1.22785    1.25298    1.27761    1.29987    1.32062    1.34081    1.3585    1.37656    1.39204    1.40787    1.42203    1.43549    1.44726    1.45927    1.46953    1.48001    1.48872    1.49759    1.50566    
XE134    0.00639698    0.334563    0.491644    0.631319    0.762325    0.888095    1.01044    1.13043    1.36554    1.48175    1.59735    1.71221    1.8266    1.94076    2.05468    2.16849    2.28227    2.39597    2.50859    2.62126    2.73389    2.84642    2.95894    3.07145    3.1829    3.29527    3.40661    3.51793    3.62815    3.73931    3.85044    3.96046    4.07043    4.18028    4.29006    4.39971    
CS134    5.19277e-07    0.00635207    0.0243575    0.0422628    0.0592115    0.0749289    0.0893468    0.102567    0.12712    0.136805    0.145848    0.154269    0.162161    0.169467    0.176346    0.182845    0.188788    0.194404    0.199698    0.204582    0.209162    0.213528    0.217572    0.221308    0.224932    0.228222    0.231293    0.234227    0.237026    0.239485    0.241899    0.244162    0.246181    0.248137    0.249933    0.251666    
BA134    5.78267e-10    0.000182993    0.00170228    0.00518589    0.0105693    0.0177239    0.0265022    0.0367573    0.0592748    0.0733346    0.0883778    0.10431    0.121053    0.13857    0.156787    0.175687    0.195066    0.215102    0.235617    0.256598    0.278073    0.299846    0.322032    0.344539    0.367273    0.390353    0.413679    0.437261    0.461001    0.484927    0.509024    0.533307    0.557684    0.582169    0.606731    0.631423    
CS135    0.00024178    0.0145697    0.0269547    0.0416991    0.060461    0.0830527    0.109161    0.138446    0.205334    0.242565    0.281746    0.322663    0.365076    0.408811    0.45386    0.499949    0.547043    0.595029    0.643634    0.692811    0.742659    0.792798    0.843489    0.894267    0.945377    0.996633    1.04792    1.09923    1.15056    1.20184    1.25299    1.30348    1.35517    1.40559    1.45576    1.50574    
XE136    0.0114441    0.617787    0.904134    1.15953    1.3993    1.62966    1.85381    2.07388    2.50587    2.71922    2.93175    3.14312    3.35472    3.56484    3.7746    3.98413    4.19366    4.403    4.61131    4.81958    5.02772    5.2359    5.44294    5.65092    5.85781    6.06373    6.27048    6.47616    6.68163    6.88709    7.09234    7.29651    7.50149    7.70536    7.90811    8.1116    
BA136    5.24985e-06    0.00294975    0.00564745    0.00754659    0.00959171    0.0118926    0.0145265    0.0175553    0.0252031    0.0297239    0.0347957    0.040455    0.0467379    0.0536721    0.0612671    0.0695496    0.0785484    0.0882385    0.0986702    0.109845    0.121763    0.134444    0.147875    0.162045    0.177072    0.192867    0.20933    0.226744    0.244807    0.263714    0.283359    0.303837    0.325047    0.347082    0.369841    0.39332    
CS137    0.00574746    0.292254    0.424828    0.541892    0.650792    0.754325    0.854497    0.951944    1.14195    1.2344    1.32557    1.41573    1.50469    1.59329    1.68067    1.76708    1.85335    1.93858    2.02279    2.10609    2.18921    2.27142    2.35264    2.4337    2.51382    2.59295    2.6719    2.74996    2.82697    2.90283    2.97865    3.05445    3.12826    3.2019    3.27454    3.3471    
BA137    2.4386e-06    0.000869101    0.00354695    0.00715065    0.0115829    0.0167903    0.0227331    0.029382    0.0433981    0.0520748    0.0613764    0.0712925    0.0818251    0.0929641    0.104683    0.116996    0.129873    0.143294    0.157272    0.171839    0.18688    0.202498    0.21859    0.23515    0.252294    0.26991    0.287997    0.306564    0.325604    0.34502    0.365006    0.385368    0.406208    0.427412    0.4491    0.471156    
BA138    0.00523214    0.265696    0.390525    0.501785    0.606084    0.706305    0.803797    0.899391    1.08677    1.17963    1.27188    1.36382    1.45553    1.54688    1.63857    1.73018    1.82071    1.91226    2.00275    2.09429    2.1848    2.27632    2.36687    2.45738    2.5488    2.63933    2.7297    2.82113    2.91155    3.0019    3.09225    3.18251    3.2738    3.36394    3.45412    3.54417    
LA139    0.00503831    0.259071    0.3777    0.481478    0.577245    0.66796    0.75488    0.838874    1.00021    1.07854    1.15522    1.23074    1.3051    1.37817    1.45053    1.52114    1.59178    1.66037    1.72892    1.79554    1.86213    1.92777    1.99231    2.05598    2.11857    2.18017    2.24081    2.30141    2.35994    2.41856    2.47601    2.53261    2.58803    2.64346    2.69794    2.75128    
BA140    0.00465877    0.0657777    0.0209726    0.0189172    0.0178984    0.0172676    0.0168509    0.0165674    0.0162383    0.0161238    0.0160394    0.0159701    0.0159293    0.0158967    0.0158659    0.0158327    0.0158134    0.015787    0.0157621    0.0157476    0.0157234    0.015699    0.0156744    0.0156593    0.015634    0.0156084    0.0155916    0.0155649    0.0155374    0.0155092    0.01549    0.0154605    0.0154302    0.0153995    0.015368    0.0153461    
CE140    0.000130567    0.191054    0.367222    0.483209    0.59258    0.698673    0.802987    0.906365    1.11802    1.22139    1.32507    1.4292    1.53415    1.6394    1.74554    1.85249    1.95938    2.06721    2.17592    2.28559    2.39622    2.50675    2.61826    2.72974    2.84203    2.95537    3.06954    3.18368    3.29774    3.41372    3.52962    3.64544    3.7621    3.87968    3.99717    4.11555    
CE141    0.004189    0.119252    0.0532189    0.0438424    0.040943    0.0394253    0.0384815    0.0378462    0.0384854    0.03706    0.0368127    0.0367078    0.0366373    0.0365983    0.036566    0.0365398    0.0365237    0.036513    0.0365053    0.0364891    0.0364826    0.0364758    0.0364678    0.036459    0.0364489    0.0364374    0.0364248    0.0364105    0.0363945    0.0363773    0.0363582    0.0363476    0.0363156    0.0362921    0.0362677    0.0362421    
PR141    0.000135788    0.12077    0.291649    0.391604    0.477495    0.556898    0.631988    0.703781    0.838368    0.904667    0.968313    1.03014    1.09056    1.14966    1.20749    1.26401    1.31955    1.37375    1.42705    1.4784    1.52977    1.57924    1.62775    1.67538    1.72292    1.76862    1.81334    1.85709    1.89984    1.94159    1.98342    2.02327    2.06308    2.10097    2.13885    2.17567    
CE142    0.00436634    0.232849    0.341509    0.437443    0.5273    0.613416    0.697342    0.779633    0.940796    1.02027    1.09937    1.17804    1.25628    1.33427    1.41199    1.48964    1.56619    1.64373    1.72025    1.79771    1.87315    1.94962    2.02603    2.10139    2.17772    2.25304    2.32835    2.40256    2.47779    2.55195    2.62603    2.70009    2.77404    2.84797    2.92089    2.99373    
ND142    1.20183e-08    0.000835735    0.00554239    0.0125571    0.0212581    0.0314201    0.0428916    0.0555859    0.084158    0.0999633    0.116706    0.134309    0.152718    0.171883    0.191802    0.212258    0.233417    0.255197    0.277495    0.300313    0.323669    0.347357    0.371487    0.395964    0.420799    0.445983    0.471533    0.497239    0.523124    0.549375    0.575716    0.602224    0.628933    0.655698    0.682578    0.709556    
PR143    0.00190036    0.055735    0.0177864    0.0160545    0.0152231    0.0147245    0.0143998    0.0141845    0.0140898    0.0138732    0.0138228    0.0137996    0.0137795    0.0137741    0.0137681    0.0137581    0.0137612    0.0137567    0.013763    0.0137598    0.0137567    0.0137634    0.0137601    0.0137662    0.013762    0.0137672    0.0137622    0.0137566    0.0137605    0.0137538    0.0137565    0.0137486    0.0137402    0.013741    0.0137316    0.0137218    
ND143    0.000109599    0.128355    0.188739    0.191727    0.189106    0.184958    0.180951    0.177515    0.174563    0.172923    0.171745    0.171271    0.171186    0.171542    0.172059    0.172897    0.173758    0.174868    0.175979    0.17715    0.178458    0.179691    0.181027    0.182465    0.183799    0.185224    0.186734    0.188137    0.189625    0.191099    0.192561    0.194107    0.195543    0.197062    0.198472    0.199971    
CE144    0.00363293    0.165824    0.199426    0.216388    0.224868    0.228715    0.229969    0.229737    0.235854    0.232389    0.229447    0.227128    0.225136    0.223509    0.222213    0.22118    0.220253    0.219514    0.218873    0.218356    0.217906    0.217382    0.217049    0.216684    0.216265    0.215882    0.215621    0.215273    0.214934    0.214503    0.214169    0.213834    0.213498    0.213056    0.21271    0.212259    
ND144    1.6661e-05    0.0427099    0.177589    0.323934    0.472742    0.621091    0.767328    0.911288    1.1897    1.33018    1.46846    1.60485    1.74022    1.87404    2.00652    2.13888    2.27065    2.4008    2.53168    2.66223    2.79268    2.92206    3.05233    3.18149    3.31075    3.43993    3.56906    3.6982    3.82731    3.95547    4.08456    4.21266    4.34165    4.46958    4.59753    4.72638    
ND145    0.00256736    0.143073    0.201572    0.249204    0.290919    0.328361    0.362769    0.394629    0.452254    0.478829    0.504059    0.528111    0.551049    0.573149    0.594239    0.614598    0.634122    0.653016    0.671255    0.68883    0.705822    0.722311    0.738296    0.753846    0.768858    0.78352    0.797722    0.811637    0.82517    0.838414    0.85125    0.863875    0.876273    0.888353    0.900098    0.911703    
ND146    0.00242827    0.127115    0.196711    0.263556    0.33013    0.397431    0.465761    0.535425    0.678693    0.752601    0.82785    0.904358    0.98227    1.06155    1.14189    1.22359    1.30632    1.39006    1.47492    1.56108    1.64809    1.7358    1.82434    1.91366    2.00381    2.09476    2.18651    2.27906    2.37159    2.46585    2.55996    2.65493    2.75081    2.84658    2.94408    3.04054    
PM147    0.000177338    0.0632045    0.0800952    0.0772107    0.0735948    0.0704331    0.0679695    0.0661555    0.0650322    0.0639844    0.0633699    0.0630333    0.0628739    0.0628468    0.0629002    0.0630105    0.0631594    0.0633257    0.0635158    0.0637195    0.0639324    0.0641492    0.0643677    0.0645952    0.0648226    0.0650567    0.0652891    0.0655182    0.0657549    0.0659886    0.0662196    0.0664576    0.0666831    0.0669157    0.0671463    0.0673747    
SM147    1.30592e-07    0.00173936    0.00786906    0.0133813    0.0179755    0.0217555    0.0248626    0.0274284    0.0308554    0.0325142    0.0339178    0.0351191    0.0361536    0.037066    0.0378724    0.0385844    0.0392305    0.0398169    0.0403495    0.040833    0.0412729    0.0416831    0.0420698    0.0424197    0.0427476    0.0430618    0.0433565    0.0436409    0.043902    0.044158    0.0443968    0.0446358    0.044855    0.0450721    0.045286    0.0454957    
ND148    0.00169435    0.0854594    0.125639    0.161257    0.194496    0.226255    0.257031    0.286944    0.345392    0.374054    0.402444    0.430562    0.458457    0.486085    0.51365    0.540908    0.568116    0.595134    0.621928    0.64862    0.675199    0.701571    0.727737    0.753782    0.779628    0.805468    0.830987    0.85639    0.881672    0.906754    0.931709    0.956545    0.981167    1.00557    1.02984    1.054    
SM148    5.98969e-08    0.00642227    0.0287291    0.0519571    0.0747342    0.096956    0.118698    0.140072    0.182971    0.20402    0.224839    0.245648    0.266352    0.287128    0.307816    0.328571    0.34941    0.370158    0.390935    0.411757    0.432614    0.453438    0.474224    0.495073    0.51589    0.536683    0.557452    0.578299    0.599125    0.619926    0.640714    0.661479    0.682235    0.702974    0.72369    0.744391    
ND150    0.00102539    0.0506707    0.0747012    0.0960954    0.116123    0.135287    0.153872    0.172044    0.207447    0.224928    0.242255    0.259455    0.276582    0.293577    0.310527    0.327358    0.344082    0.360794    0.3774    0.394003    0.410497    0.426985    0.443369    0.45965    0.475919    0.492078    0.508137    0.524184    0.54012    0.556039    0.571864    0.587666    0.603358    0.618944    0.634509    0.649962    
SM150    0.000268702    0.0639066    0.103429    0.131953    0.154378    0.172191    0.186481    0.198131    0.216891    0.223671    0.229397    0.234369    0.238717    0.242541    0.246109    0.249279    0.252212    0.255041    0.257625    0.260017    0.262382    0.264579    0.266677    0.268736    0.270742    0.272775    0.274612    0.276436    0.278333    0.280092    0.281802    0.283553    0.28524    0.286859    0.2885    0.290153    
SM152    0.00069387    0.0615706    0.0811671    0.0928082    0.102121    0.109847    0.116337    0.121821    0.130486    0.134026    0.137096    0.139656    0.141852    0.14387    0.145586    0.147172    0.148603    0.14986    0.151005    0.152119    0.153185    0.154079    0.155079    0.155877    0.156755    0.157502    0.158307    0.159063    0.159759    0.160392    0.161054    0.161738    0.162342    0.162964    0.163598    0.164243    
EU153    0.000159783    0.0237941    0.0425339    0.0552165    0.0645144    0.0716356    0.0772938    0.0819037    0.0888933    0.0917073    0.0941217    0.0961964    0.0979786    0.0995279    0.100876    0.102074    0.103126    0.104075    0.104935    0.105718    0.106438    0.1071    0.107721    0.108308    0.108882    0.109411    0.10989    0.11041    0.110864    0.111249    0.111657    0.112086    0.112531    0.112892    0.113264    0.113645    
SM154    0.000308133    0.0153479    0.0230169    0.0299222    0.036426    0.042677    0.0487526    0.0546849    0.0662782    0.0719527    0.0775719    0.0831369    0.0886504    0.0941018    0.0995129    0.104879    0.110186    0.115451    0.120667    0.125838    0.130928    0.136071    0.141016    0.146046    0.150978    0.155807    0.160725    0.165444    0.170258    0.174867    0.179568    0.18417    0.188668    0.193163    0.197648    0.202033    
EU154    1.16836e-06    0.00396363    0.0118576    0.0174629    0.0214814    0.0244835    0.0268118    0.0286907    0.0314317    0.0325674    0.0335155    0.0343339    0.0350321    0.0356419    0.0361607    0.0366263    0.0370307    0.0373995    0.0377269    0.0380242    0.0382878    0.0385407    0.0387783    0.0389956    0.039199    0.039395    0.0395795    0.0397607    0.0399252    0.0400914    0.0402473    0.0404018    0.0405529    0.0406898    0.0408306    0.0409663    
GD156    7.02436e-06    0.00935063    0.0283015    0.0550958    0.0901041    0.131064    0.176376    0.225005    0.34444    0.399655    0.455713    0.513003    0.571111    0.629913    0.689218    0.74898    0.808995    0.869266    0.929563    0.989963    1.05044    1.11087    1.17118    1.23154    1.29162    1.35143    1.41154    1.47134    1.53093    1.59036    1.64864    1.70777    1.76679    1.82467    1.88353    1.94117    
GD158    0.000121308    0.00858253    0.0150178    0.0223896    0.0309457    0.0405075    0.0509413    0.0621726    0.0904423    0.103894    0.117938    0.132594    0.147835    0.163646    0.18005    0.196916    0.214294    0.232192    0.250616    0.269578    0.288975    0.30882    0.329123    0.349875    0.371091    0.392672    0.414716    0.437227    0.460108    0.483462    0.507195    0.531281    0.555762    0.580704    0.605944    0.631638    
