TIME    3   50   100   150   200   250   300   350   400   450   500   550   600   650   700   750   800   850   900   950   1000   1050   1100   1150   1200   1250   1300   1350   1400   1450   1500   1550   1600   
NEUT_PROD    0.761   1.44   2.09   2.63   3.09   3.48   3.82   4.12   4.38   4.61   4.81   5   5.16   5.3   5.43   5.55   5.65   5.74   5.82   5.89   5.95   6.01   6.06   6.1   6.13   6.16   6.19   6.22   6.24   6.25   6.27   6.28   6.29   
NEUT_DEST    2.5   2.92   3.33   3.69   4.01   4.3   4.56   4.8   5.01   5.21   5.38   5.54   5.69   5.82   5.94   6.05   6.16   6.25   6.33   6.41   6.48   6.55   6.61   6.67   6.72   6.77   6.81   6.85   6.89   6.93   6.97   7   7.03   
BUd    2.57e-16    0.183    0.308    0.413    0.5    0.575    0.639    0.695    0.743    0.786    0.824    0.858    0.888    0.915    0.939    0.96    0.979    0.996    1.01    1.02    1.04    1.05    1.05    1.06    1.07    1.07    1.08    1.08    1.09    1.09    1.09    1.1    1.1    
U238    1000    998.8    997.5    996.2    995    993.7    992.4    991.2    989.9    988.6    987.4    986.1    984.8    983.6    982.3    981.1    979.8    978.6    977.3    976.1    974.8    973.6    972.3    971.1    969.8    968.6    967.4    966.1    964.9    963.6    962.4    961.2    960    
NP237    1.698e-18    0.004435    0.01012    0.01555    0.02074    0.02569    0.03041    0.03491    0.03921    0.0433    0.04721    0.05094    0.0545    0.05789    0.06113    0.06422    0.06716    0.06996    0.07264    0.07519    0.07762    0.07994    0.08214    0.08425    0.08625    0.08816    0.08998    0.09171    0.09335    0.09492    0.09641    0.09783    0.09918    
NP239    1.519e-15    0.07751    0.07741    0.07731    0.07721    0.07711    0.07701    0.07692    0.07682    0.07672    0.07662    0.07652    0.07643    0.07633    0.07623    0.07613    0.07604    0.07594    0.07584    0.07574    0.07565    0.07555    0.07545    0.07536    0.07526    0.07517    0.07507    0.07497    0.07488    0.07478    0.07469    0.07459    0.0745    
PU238    0    7.411e-05    0.0003854    0.0009278    0.001682    0.002634    0.003774    0.005097    0.006602    0.008295    0.01018    0.01227    0.01456    0.01708    0.01982    0.02279    0.02599    0.02943    0.03311    0.03701    0.04113    0.04546    0.05    0.05471    0.0596    0.06464    0.06981    0.0751    0.08049    0.08595    0.09148    0.09705    0.1026    
PU239    7.68e-16    0.9027    1.754    2.442    2.998    3.448    3.812    4.105    4.341    4.532    4.685    4.808    4.906    4.985    5.047    5.097    5.135    5.166    5.189    5.207    5.221    5.23    5.237    5.242    5.244    5.245    5.245    5.243    5.241    5.238    5.235    5.231    5.227    
PU240    0    0.03262    0.125    0.2548    0.4058    0.5663    0.7279    0.8853    1.035    1.174    1.302    1.418    1.522    1.615    1.697    1.77    1.834    1.889    1.937    1.978    2.014    2.045    2.071    2.093    2.112    2.127    2.141    2.152    2.161    2.168    2.174    2.179    2.183    
PU241    0    0.001863    0.0142    0.04297    0.0899    0.1541    0.2333    0.3245    0.4243    0.5298    0.6382    0.7469    0.854    0.9579    1.057    1.151    1.24    1.322    1.397    1.466    1.529    1.586    1.637    1.683    1.724    1.761    1.793    1.821    1.846    1.867    1.886    1.902    1.917    
PU242    0    2.222e-05    0.0003503    0.001638    0.004688    0.01029    0.01911    0.03168    0.04834    0.06928    0.09451    0.124    0.1574    0.1946    0.2352    0.2788    0.3251    0.3736    0.4239    0.4757    0.5286    0.5822    0.6363    0.6905    0.7447    0.7985    0.8518    0.9044    0.9562    1.007    1.057    1.105    1.152    
AM241    0    2.944e-06    4.548e-05    0.0002083    0.000584    0.001255    0.002282    0.003702    0.005527    0.007749    0.01034    0.01326    0.01647    0.01991    0.02353    0.02727    0.03109    0.03493    0.03876    0.04254    0.04623    0.04981    0.05325    0.05655    0.05968    0.06264    0.06543    0.06804    0.07048    0.07274    0.07483    0.07675    0.07852    
AM243    0    1.777e-07    5.752e-06    4.113e-05    0.0001594    0.0004428    0.0009985    0.001951    0.003433    0.005582    0.008529    0.01239    0.01728    0.02329    0.03049    0.03893    0.04864    0.05964    0.07193    0.0855    0.1003    0.1163    0.1334    0.1517    0.1709    0.1911    0.2121    0.2339    0.2564    0.2795    0.3031    0.3272    0.3516    
KR84    8.352e-19    0.0004978    0.001251    0.002197    0.003309    0.004563    0.005941    0.007429    0.009015    0.01069    0.01244    0.01427    0.01616    0.01811    0.02011    0.02217    0.02427    0.02642    0.02861    0.03084    0.0331    0.03539    0.03772    0.04007    0.04245    0.04486    0.04729    0.04974    0.05221    0.0547    0.05722    0.05975    0.0623    
RB85    6.317e-19    0.0003891    0.001003    0.001785    0.002708    0.003749    0.00489    0.006116    0.007416    0.008781    0.0102    0.01167    0.01318    0.01473    0.01632    0.01793    0.01957    0.02123    0.02292    0.02462    0.02634    0.02807    0.02982    0.03158    0.03335    0.03513    0.03692    0.03871    0.04052    0.04232    0.04414    0.04596    0.04778    
KR86    1.258e-18    0.0007587    0.001917    0.003375    0.005081    0.006997    0.009092    0.01134    0.01372    0.01621    0.01881    0.02149    0.02425    0.02708    0.02997    0.03291    0.0359    0.03893    0.04199    0.04509    0.04822    0.05136    0.05453    0.05772    0.06093    0.06414    0.06737    0.07061    0.07386    0.07711    0.08037    0.08363    0.0869    
RB87    1.573e-18    0.0009484    0.0024    0.004228    0.006368    0.008771    0.0114    0.01421    0.01719    0.02032    0.02357    0.02693    0.03038    0.03392    0.03754    0.04121    0.04495    0.04874    0.05257    0.05644    0.06034    0.06427    0.06823    0.07221    0.07621    0.08022    0.08425    0.08829    0.09234    0.0964    0.1005    0.1045    0.1086    
SR88    2.139e-18    0.001357    0.003426    0.006025    0.009062    0.01247    0.01619    0.02017    0.02438    0.02879    0.03337    0.03811    0.04297    0.04795    0.05303    0.0582    0.06345    0.06876    0.07414    0.07956    0.08504    0.09055    0.0961    0.1017    0.1073    0.1129    0.1185    0.1242    0.1299    0.1356    0.1412    0.1469    0.1526    
Y89    5.83e-20    0.0004255    0.00177    0.00394    0.006826    0.01032    0.01434    0.01879    0.02361    0.02876    0.03418    0.03984    0.0457    0.05174    0.05793    0.06427    0.07072    0.07727    0.08392    0.09064    0.09743    0.1043    0.1112    0.1181    0.1251    0.1321    0.1392    0.1463    0.1534    0.1605    0.1676    0.1747    0.1819    
SR90    3.208e-18    0.001975    0.005055    0.008961    0.01355    0.0187    0.02433    0.03036    0.03673    0.04339    0.05029    0.05741    0.06471    0.07217    0.07976    0.08746    0.09525    0.1031    0.1111    0.1191    0.1271    0.1352    0.1433    0.1514    0.1595    0.1677    0.1758    0.1839    0.1921    0.2002    0.2083    0.2164    0.2244    
Y91    3.082e-18    0.001835    0.003831    0.005679    0.00732    0.008746    0.009975    0.01103    0.01194    0.01272    0.0134    0.01398    0.01449    0.01494    0.01533    0.01567    0.01597    0.01623    0.01646    0.01667    0.01684    0.017    0.01713    0.01725    0.01735    0.01744    0.01751    0.01757    0.01763    0.01768    0.01771    0.01775    0.01777    
ZR91    4.694e-20    0.000509    0.002207    0.005052    0.008933    0.01372    0.0193    0.02555    0.03238    0.03971    0.04747    0.0556    0.06405    0.07279    0.08177    0.09096    0.1003    0.1099    0.1196    0.1294    0.1393    0.1493    0.1594    0.1696    0.1798    0.1901    0.2004    0.2107    0.2211    0.2316    0.242    0.2524    0.2629    
ZR92    4.037e-18    0.002675    0.006987    0.01253    0.0191    0.02654    0.0347    0.04349    0.05282    0.06261    0.07282    0.08338    0.09425    0.1054    0.1168    0.1284    0.1402    0.1521    0.1643    0.1765    0.1888    0.2013    0.2138    0.2264    0.239    0.2518    0.2645    0.2773    0.2902    0.303    0.3159    0.3289    0.3418    
ZR93    4.014e-18    0.003221    0.008573    0.01553    0.02383    0.03325    0.04361    0.05478    0.06664    0.0791    0.09208    0.1055    0.1193    0.1335    0.148    0.1627    0.1777    0.1928    0.2082    0.2236    0.2392    0.255    0.2708    0.2866    0.3026    0.3185    0.3346    0.3506    0.3667    0.3828    0.3989    0.415    0.4311    
ZR94    4.378e-18    0.003071    0.008469    0.01568    0.02441    0.0344    0.04548    0.05749    0.0703    0.08381    0.09792    0.1126    0.1277    0.1433    0.1592    0.1754    0.192    0.2088    0.2258    0.243    0.2604    0.278    0.2957    0.3135    0.3315    0.3495    0.3677    0.3859    0.4041    0.4225    0.4409    0.4593    0.4778    
ZR95    5.546e-18    0.00305    0.006828    0.0106    0.0141    0.01725    0.02001    0.02243    0.02453    0.02637    0.02796    0.02936    0.03058    0.03166    0.0326    0.03344    0.03417    0.03482    0.03538    0.03588    0.03632    0.03671    0.03704    0.03734    0.03759    0.03781    0.038    0.03817    0.03831    0.03843    0.03853    0.03861    0.03868    
NB95    8.833e-20    0.0005651    0.002017    0.003868    0.005807    0.007665    0.009364    0.01088    0.01221    0.01338    0.01439    0.01528    0.01606    0.01674    0.01734    0.01786    0.01832    0.01873    0.01909    0.0194    0.01968    0.01992    0.02014    0.02032    0.02049    0.02063    0.02075    0.02086    0.02095    0.02103    0.02109    0.02115    0.0212    
MO95    1.754e-21    0.0001825    0.001402    0.004273    0.009012    0.0156    0.02391    0.03376    0.04496    0.05732    0.0707    0.08493    0.09991    0.1155    0.1317    0.1483    0.1653    0.1827    0.2004    0.2182    0.2363    0.2546    0.2729    0.2914    0.31    0.3286    0.3472    0.3658    0.3845    0.4031    0.4217    0.4403    0.4588    
ZR96    5.607e-18    0.003849    0.0105    0.01931    0.02995    0.04211    0.05557    0.07016    0.08572    0.1021    0.1193    0.1371    0.1555    0.1744    0.1937    0.2135    0.2336    0.254    0.2747    0.2956    0.3167    0.338    0.3595    0.3811    0.4028    0.4247    0.4466    0.4686    0.4906    0.5127    0.5348    0.557    0.5792    
MO97    3.955e-18    0.003975    0.01105    0.02048    0.03189    0.04497    0.05945    0.07515    0.0919    0.1096    0.128    0.1472    0.167    0.1874    0.2082    0.2294    0.251    0.273    0.2952    0.3177    0.3404    0.3633    0.3863    0.4095    0.4328    0.4562    0.4797    0.5033    0.5269    0.5506    0.5743    0.598    0.6218    
MO98    6.091e-18    0.00428    0.01181    0.02188    0.03408    0.04808    0.06362    0.08048    0.09851    0.1176    0.1375    0.1582    0.1797    0.2017    0.2243    0.2474    0.271    0.2949    0.3192    0.3438    0.3686    0.3937    0.419    0.4445    0.4702    0.4959    0.5219    0.5479    0.574    0.6002    0.6264    0.6528    0.6791    
TC99    1.792e-18    0.004125    0.0119    0.02229    0.03483    0.04917    0.06501    0.08211    0.1003    0.1194    0.1393    0.1598    0.181    0.2026    0.2245    0.2469    0.2694    0.2922    0.3151    0.3382    0.3613    0.3844    0.4075    0.4306    0.4536    0.4766    0.4995    0.5222    0.5448    0.5672    0.5895    0.6117    0.6336    
MO100    6.574e-18    0.004802    0.01351    0.02527    0.0396    0.05609    0.07443    0.09436    0.1157    0.1382    0.1618    0.1863    0.2117    0.2377    0.2645    0.2918    0.3196    0.3479    0.3765    0.4056    0.4349    0.4644    0.4943    0.5243    0.5544    0.5848    0.6152    0.6458    0.6764    0.7072    0.738    0.7688    0.7997    
RU101    6.957e-18    0.004772    0.01297    0.02383    0.0369    0.05183    0.06836    0.08625    0.1053    0.1255    0.1465    0.1683    0.1908    0.2139    0.2376    0.2617    0.2863    0.3111    0.3363    0.3617    0.3873    0.4132    0.4391    0.4651    0.4913    0.5175    0.5437    0.57    0.5962    0.6225    0.6487    0.6749    0.7011    
RU102    7.132e-18    0.004906    0.01338    0.02465    0.03829    0.05395    0.07137    0.09033    0.1107    0.1322    0.1549    0.1785    0.2031    0.2284    0.2545    0.2812    0.3086    0.3365    0.3649    0.3937    0.4229    0.4526    0.4825    0.5128    0.5433    0.5741    0.6051    0.6363    0.6678    0.6994    0.7311    0.7631    0.7951    
RU103    6.114e-18    0.003364    0.007341    0.01106    0.01433    0.01715    0.01958    0.02167    0.02348    0.02506    0.02644    0.02766    0.02874    0.02969    0.03054    0.03129    0.03196    0.03255    0.03307    0.03354    0.03394    0.03431    0.03462    0.0349    0.03514    0.03536    0.03554    0.0357    0.03584    0.03596    0.03607    0.03616    0.03623    
RH103    1.606e-19    0.001331    0.005909    0.01359    0.02391    0.03632    0.05037    0.06565    0.08185    0.09869    0.116    0.1335    0.1511    0.1688    0.1863    0.2036    0.2207    0.2375    0.2539    0.2699    0.2855    0.3007    0.3154    0.3296    0.3433    0.3565    0.3693    0.3815    0.3933    0.4046    0.4155    0.4258    0.4358    
RU104    5.827e-18    0.004293    0.01214    0.02279    0.03581    0.05085    0.06765    0.08598    0.1057    0.1266    0.1485    0.1715    0.1953    0.2198    0.2451    0.271    0.2974    0.3243    0.3517    0.3794    0.4075    0.4359    0.4645    0.4934    0.5225    0.5517    0.5811    0.6107    0.6403    0.67    0.6998    0.7296    0.7596    
PD104    0    2.112e-05    0.0001932    0.000682    0.001635    0.003174    0.005393    0.008366    0.01215    0.01677    0.02227    0.02866    0.03595    0.04414    0.05323    0.0632    0.07406    0.08577    0.09832    0.1117    0.1259    0.1408    0.1565    0.173    0.1901    0.2079    0.2264    0.2455    0.2652    0.2855    0.3063    0.3277    0.3495    
PD105    2.067e-18    0.003138    0.009297    0.01778    0.02821    0.04029    0.05378    0.0685    0.08429    0.101    0.1186    0.1369    0.1558    0.1753    0.1954    0.2158    0.2367    0.2579    0.2793    0.301    0.323    0.3451    0.3673    0.3897    0.4121    0.4346    0.4572    0.4798    0.5024    0.525    0.5476    0.5702    0.5927    
RU106    3.086e-18    0.002488    0.007177    0.0134    0.02073    0.02884    0.03749    0.04648    0.05568    0.06496    0.07423    0.08342    0.09246    0.1013    0.1099    0.1182    0.1263    0.134    0.1414    0.1485    0.1552    0.1615    0.1675    0.1732    0.1786    0.1836    0.1883    0.1926    0.1967    0.2005    0.2041    0.2074    0.2104    
PD106    8.748e-21    0.0003427    0.001289    0.00297    0.005488    0.008919    0.01331    0.0187    0.02511    0.03254    0.04099    0.05045    0.06091    0.07235    0.08475    0.09808    0.1123    0.1274    0.1433    0.1601    0.1776    0.1958    0.2147    0.2343    0.2546    0.2754    0.2968    0.3187    0.3411    0.3641    0.3874    0.4112    0.4354    
PD107    1.839e-18    0.001711    0.005317    0.01046    0.01692    0.02451    0.03312    0.04262    0.05294    0.06398    0.0757    0.08802    0.1009    0.1142    0.1281    0.1423    0.1568    0.1717    0.1869    0.2023    0.2179    0.2337    0.2496    0.2657    0.2819    0.2982    0.3146    0.331    0.3474    0.3639    0.3804    0.3969    0.4134    
PD108    1.213e-18    0.001166    0.003661    0.00724    0.01174    0.01706    0.02309    0.02976    0.03701    0.04479    0.05306    0.06175    0.07085    0.0803    0.09008    0.1001    0.1105    0.121    0.1318    0.1427    0.1537    0.1649    0.1762    0.1876    0.1991    0.2106    0.2221    0.2337    0.2453    0.2569    0.2685    0.2801    0.2917    
AG109    6.975e-19    0.0008095    0.002461    0.004761    0.00759    0.01086    0.01449    0.01842    0.02262    0.02704    0.03164    0.0364    0.04129    0.04627    0.05134    0.05646    0.06162    0.0668    0.07199    0.07718    0.08234    0.08747    0.09257    0.09762    0.1026    0.1076    0.1124    0.1172    0.122    0.1266    0.1312    0.1357    0.1402    
PD110    7.596e-19    0.0005277    0.00145    0.002687    0.004195    0.005944    0.007909    0.01007    0.01241    0.01492    0.01758    0.02039    0.02332    0.02637    0.02954    0.0328    0.03616    0.03959    0.04311    0.04668    0.05032    0.05401    0.05775    0.06153    0.06534    0.06919    0.07306    0.07696    0.08088    0.08481    0.08876    0.09272    0.0967    
CD111    8.993e-20    0.0003091    0.0008759    0.001592    0.002435    0.003391    0.004449    0.0056    0.006838    0.008155    0.009547    0.01101    0.01254    0.01412    0.01577    0.01746    0.01921    0.021    0.02282    0.02469    0.02659    0.02853    0.03049    0.03248    0.0345    0.03654    0.0386    0.04068    0.04279    0.04491    0.04705    0.0492    0.05138    
SN126    8.81e-19    0.0004773    0.001118    0.00187    0.002714    0.003635    0.004619    0.005656    0.006737    0.007857    0.009009    0.01019    0.01139    0.01261    0.01385    0.01511    0.01637    0.01765    0.01894    0.02024    0.02154    0.02284    0.02416    0.02547    0.02679    0.02811    0.02944    0.03076    0.03209    0.03342    0.03475    0.03608    0.03741    
I127    1.778e-19    0.0005765    0.001576    0.002848    0.00435    0.006043    0.007897    0.009885    0.01199    0.01418    0.01646    0.0188    0.02119    0.02363    0.02611    0.02862    0.03115    0.0337    0.03626    0.03883    0.04141    0.04399    0.04658    0.04916    0.05173    0.0543    0.05687    0.05943    0.06197    0.06451    0.06704    0.06955    0.07205    
TE128    1.835e-18    0.001149    0.002932    0.00519    0.007837    0.01081    0.01405    0.01751    0.02117    0.02499    0.02895    0.03303    0.03721    0.04147    0.04581    0.05022    0.05468    0.05919    0.06374    0.06833    0.07295    0.07759    0.08226    0.08694    0.09164    0.09636    0.1011    0.1058    0.1106    0.1153    0.1201    0.1248    0.1296    
I129    1.916e-18    0.001448    0.003996    0.007399    0.01151    0.0162    0.02138    0.02696    0.03288    0.03909    0.04554    0.05219    0.05901    0.06598    0.07307    0.08026    0.08754    0.09489    0.1023    0.1097    0.1172    0.1247    0.1323    0.1398    0.1474    0.1549    0.1625    0.17    0.1775    0.1851    0.1926    0.2001    0.2075    
TE130    3.803e-18    0.002582    0.006996    0.01282    0.01983    0.02781    0.03663    0.04616    0.05629    0.06695    0.07807    0.08958    0.1014    0.1136    0.126    0.1387    0.1516    0.1646    0.1778    0.1911    0.2046    0.2181    0.2318    0.2455    0.2593    0.2731    0.287    0.301    0.3149    0.3289    0.3429    0.357    0.371    
XE131    5.909e-19    0.00264    0.008413    0.01623    0.02562    0.03624    0.0478    0.06008    0.0729    0.08611    0.09959    0.1132    0.127    0.1407    0.1544    0.168    0.1814    0.1947    0.2077    0.2205    0.2331    0.2454    0.2574    0.2691    0.2804    0.2915    0.3022    0.3127    0.3228    0.3326    0.342    0.3512    0.3601    
XE132    1.975e-18    0.004751    0.014    0.02664    0.04222    0.0604    0.08088    0.1034    0.1279    0.1541    0.1819    0.2111    0.2417    0.2736    0.3067    0.3408    0.376    0.4122    0.4493    0.4872    0.5259    0.5653    0.6055    0.6463    0.6877    0.7297    0.7722    0.8153    0.8588    0.9028    0.9472    0.992    1.037    
CS133    7.986e-19    0.00523    0.01636    0.03156    0.05009    0.07136    0.09492    0.1204    0.1474    0.1758    0.2053    0.2358    0.267    0.2989    0.3313    0.3641    0.3972    0.4306    0.4641    0.4976    0.5312    0.5647    0.5981    0.6314    0.6646    0.6975    0.7302    0.7627    0.7948    0.8267    0.8583    0.8895    0.9204    
XE134    1.036e-17    0.007379    0.02039    0.03782    0.05896    0.08326    0.1103    0.1397    0.1712    0.2046    0.2397    0.2762    0.314    0.3531    0.3931    0.4342    0.4761    0.5187    0.562    0.6059    0.6503    0.6952    0.7404    0.7861    0.832    0.8782    0.9246    0.9712    1.018    1.065    1.112    1.159    1.206    
CS134    1.801e-23    2.537e-05    0.0001607    0.0004593    0.0009588    0.001686    0.00266    0.003892    0.00539    0.007158    0.009194    0.0115    0.01406    0.01688    0.01995    0.02325    0.02679    0.03055    0.03451    0.03868    0.04303    0.04755    0.05224    0.05709    0.06207    0.06719    0.07243    0.07778    0.08324    0.08878    0.09441    0.1001    0.1059    
CS135    7.427e-18    0.001844    0.005244    0.009858    0.01549    0.02198    0.0292    0.03706    0.04548    0.0544    0.06375    0.07349    0.08358    0.09399    0.1047    0.1156    0.1268    0.1382    0.1498    0.1615    0.1735    0.1855    0.1977    0.21    0.2224    0.235    0.2476    0.2603    0.2731    0.286    0.299    0.312    0.3251    
XE136    9.277e-18    0.01159    0.03258    0.06093    0.09548    0.1353    0.1796    0.2279    0.2796    0.3344    0.3919    0.4519    0.5139    0.5779    0.6436    0.7109    0.7795    0.8493    0.9201    0.9919    1.065    1.138    1.212    1.287    1.362    1.437    1.513    1.589    1.666    1.742    1.819    1.896    1.974    
CS137    8.465e-18    0.006191    0.01742    0.0326    0.05106    0.0723    0.09591    0.1216    0.149    0.1779    0.2082    0.2397    0.2723    0.3057    0.3399    0.3749    0.4104    0.4465    0.483    0.5199    0.5571    0.5945    0.6322    0.6701    0.7081    0.7462    0.7844    0.8226    0.8608    0.899    0.9372    0.9754    1.014    
BA138    8.529e-18    0.006001    0.01655    0.03068    0.0478    0.06748    0.08938    0.1132    0.1387    0.1658    0.1942    0.2237    0.2544    0.286    0.3185    0.3517    0.3857    0.4202    0.4553    0.4909    0.5269    0.5632    0.5999    0.6369    0.6742    0.7116    0.7492    0.7871    0.825    0.8631    0.9012    0.9395    0.9778    
LA139    8.739e-18    0.006046    0.01656    0.03055    0.04747    0.06687    0.08841    0.1118    0.1368    0.1633    0.1911    0.22    0.2499    0.2807    0.3123    0.3446    0.3776    0.4111    0.4451    0.4795    0.5143    0.5494    0.5848    0.6204    0.6562    0.6922    0.7283    0.7645    0.8008    0.8372    0.8737    0.9102    0.9467    
BA140    7.342e-18    0.002296    0.003835    0.005074    0.006113    0.007    0.007764    0.008431    0.009017    0.009535    0.009995    0.01041    0.01077    0.0111    0.01139    0.01165    0.01188    0.01209    0.01227    0.01243    0.01257    0.0127    0.01281    0.01291    0.01299    0.01306    0.01312    0.01318    0.01322    0.01326    0.01329    0.01332    0.01334    
CE140    1.948e-19    0.003315    0.01203    0.02467    0.04054    0.05915    0.08012    0.1031    0.128    0.1544    0.1822    0.2113    0.2415    0.2727    0.3049    0.3378    0.3715    0.4058    0.4408    0.4763    0.5122    0.5485    0.5853    0.6223    0.6597    0.6973    0.7351    0.7732    0.8114    0.8498    0.8884    0.927    0.9658    
CE141    7.308e-18    0.003606    0.007386    0.01072    0.01356    0.01597    0.01803    0.01981    0.02134    0.02268    0.02385    0.02489    0.0258    0.02661    0.02733    0.02796    0.02853    0.02903    0.02947    0.02986    0.0302    0.0305    0.03076    0.03099    0.03119    0.03137    0.03152    0.03165    0.03176    0.03185    0.03193    0.032    0.03206    
PR141    2.362e-19    0.001807    0.007737    0.01746    0.03047    0.04624    0.06438    0.08452    0.1064    0.1297    0.1544    0.1802    0.207    0.2346    0.263    0.2921    0.3218    0.352    0.3826    0.4137    0.445    0.4767    0.5086    0.5407    0.573    0.6054    0.6379    0.6705    0.7032    0.736    0.7688    0.8016    0.8344    
CE142    7.474e-18    0.005275    0.0146    0.02708    0.04222    0.05959    0.07888    0.09984    0.1222    0.1459    0.1707    0.1965    0.2232    0.2507    0.2788    0.3076    0.3369    0.3667    0.397    0.4276    0.4585    0.4898    0.5212    0.5529    0.5848    0.6169    0.6491    0.6814    0.7138    0.7463    0.7789    0.8115    0.8442    
ND143    1.839e-19    0.002659    0.009603    0.01945    0.03156    0.04544    0.06074    0.07716    0.09447    0.1125    0.131    0.1499    0.169    0.1883    0.2077    0.2271    0.2465    0.2657    0.2847    0.3036    0.3221    0.3404    0.3584    0.3761    0.3934    0.4103    0.4269    0.443    0.4588    0.4742    0.4892    0.5038    0.5181    
CE144    6.602e-18    0.004247    0.01094    0.01916    0.02836    0.03815    0.04823    0.0584    0.06848    0.07836    0.08797    0.09724    0.1061    0.1146    0.1227    0.1303    0.1374    0.1442    0.1505    0.1564    0.1618    0.1669    0.1716    0.176    0.18    0.1836    0.187    0.1901    0.1929    0.1955    0.1978    0.2    0.2019    
ND144    2.407e-20    0.0002671    0.001406    0.003746    0.007515    0.01287    0.0199    0.02868    0.03923    0.05156    0.06565    0.08149    0.09902    0.1182    0.139    0.1614    0.1853    0.2106    0.2373    0.2653    0.2946    0.3251    0.3568    0.3895    0.4233    0.4581    0.4939    0.5305    0.5679    0.6062    0.6452    0.685    0.7254    
ND145    5.807e-18    0.003788    0.0101    0.01833    0.02812    0.03921    0.05141    0.06453    0.07844    0.09302    0.1082    0.1238    0.1399    0.1563    0.173    0.19    0.2071    0.2244    0.2418    0.2593    0.2768    0.2944    0.3119    0.3295    0.347    0.3644    0.3818    0.3991    0.4162    0.4333    0.4503    0.4672    0.4839    
ND146    5.173e-18    0.00337    0.008932    0.01622    0.02498    0.03503    0.04622    0.05843    0.07156    0.08554    0.1003    0.1157    0.1319    0.1486    0.1659    0.1837    0.202    0.2208    0.24    0.2596    0.2795    0.2999    0.3205    0.3415    0.3628    0.3844    0.4062    0.4283    0.4506    0.4732    0.4959    0.5189    0.5422    
PM147    3.501e-19    0.001609    0.005098    0.009626    0.01486    0.02056    0.02654    0.03267    0.03885    0.04501    0.05107    0.057    0.06277    0.06834    0.0737    0.07884    0.08374    0.0884    0.09282    0.09701    0.1009    0.1047    0.1081    0.1114    0.1144    0.1173    0.1199    0.1224    0.1247    0.1268    0.1287    0.1305    0.1322    
ND148    3.418e-18    0.002239    0.005941    0.01077    0.01654    0.02313    0.03041    0.03829    0.04671    0.05561    0.06492    0.07461    0.08464    0.09496    0.1056    0.1164    0.1274    0.1386    0.15    0.1615    0.1732    0.185    0.1968    0.2088    0.2208    0.2328    0.2449    0.2571    0.2693    0.2815    0.2937    0.3059    0.3182    
SM148    0    1.876e-05    0.0001389    0.0004208    0.0009046    0.001619    0.002586    0.003818    0.005327    0.007119    0.009197    0.01156    0.01421    0.01714    0.02035    0.02384    0.02759    0.0316    0.03587    0.04039    0.04514    0.05013    0.05534    0.06077    0.0664    0.07223    0.07826    0.08447    0.09085    0.09741    0.1041    0.111    0.118    
ND150    2.088e-18    0.001351    0.003564    0.006444    0.009885    0.0138    0.01814    0.02284    0.02786    0.03317    0.03873    0.04452    0.05051    0.05669    0.06303    0.06952    0.07613    0.08286    0.08969    0.09662    0.1036    0.1107    0.1178    0.125    0.1322    0.1395    0.1468    0.1541    0.1614    0.1688    0.1762    0.1835    0.1909    
SM150    1.589e-22    0.001383    0.004162    0.007886    0.01243    0.0177    0.02362    0.03011    0.03711    0.04458    0.05247    0.06074    0.06934    0.07825    0.08742    0.09683    0.1064    0.1162    0.1262    0.1363    0.1465    0.1567    0.1671    0.1775    0.1879    0.1984    0.2089    0.2193    0.2298    0.2402    0.2506    0.261    0.2713    
SM152    9.554e-19    0.0009202    0.002874    0.005622    0.008965    0.01274    0.01681    0.02108    0.02547    0.02991    0.03438    0.03882    0.04321    0.04754    0.05177    0.05591    0.05995    0.06386    0.06766    0.07134    0.0749    0.07834    0.08165    0.08485    0.08793    0.09089    0.09375    0.0965    0.09915    0.1017    0.1042    0.1065    0.1088    
EU153    2.707e-19    0.0004656    0.001386    0.002738    0.004528    0.006748    0.009386    0.01242    0.01582    0.01956    0.02361    0.02794    0.03251    0.0373    0.04226    0.04739    0.05263    0.05798    0.0634    0.06888    0.07439    0.0799    0.08542    0.09091    0.09637    0.1018    0.1071    0.1124    0.1176    0.1228    0.1278    0.1327    0.1376    
SM154    4.103e-19    0.0003032    0.0008545    0.001603    0.002518    0.003578    0.004765    0.006063    0.007461    0.008949    0.01052    0.01216    0.01387    0.01563    0.01745    0.01932    0.02123    0.02318    0.02516    0.02718    0.02922    0.03128    0.03336    0.03546    0.03757    0.0397    0.04184    0.04398    0.04613    0.04829    0.05045    0.05262    0.05479    
GD156    7.366e-21    9.787e-05    0.0004439    0.001029    0.001833    0.002845    0.004062    0.005488    0.007133    0.009009    0.01113    0.01351    0.01617    0.01911    0.02236    0.02592    0.02981    0.03403    0.0386    0.04352    0.0488    0.05443    0.06042    0.06678    0.07349    0.08057    0.088    0.09579    0.1039    0.1124    0.1212    0.1304    0.1399    
