TIME    3   50   100   150   200   250   300   350   400   450   500   550   600   650   700   750   800   850   900   950   1000   1050   1100   1150   1200   1250   1300   1350   1400   1450   1500   1550   1600   
NEUT_PROD    265   248   232   217   203   190   178   166   155   145   136   127   119   111   104   97.2   91   85.1   79.6   74.5   69.8   65.3   61.2   57.3   53.7   50.3   47.1   44.2   41.5   38.9   36.5   34.3   32.2   
NEUT_DEST    133   132   125   118   112   106   101   95.3   90.4   85.8   81.4   77.4   73.6   70   66.6   63.5   60.5   57.8   55.2   52.7   50.4   48.3   46.3   44.4   42.6   40.9   39.4   37.9   36.5   35.2   34   32.9   31.8   
BUd    1.06e-13    48.3    48.2    45    42.1    39.4    36.8    34.4    32.2    30.1    28.2    26.3    24.6    23    21.5    20.2    18.9    17.6    16.5    15.4    14.5    13.5    12.7    11.9    11.1    10.4    9.75    9.14    8.57    8.03    7.54    7.07    6.64    
U234    9.844e-18    0.004427    0.008721    0.01262    0.01617    0.0194    0.02235    0.02506    0.02757    0.02992    0.03214    0.03426    0.03633    0.03836    0.0404    0.04246    0.04457    0.04677    0.04906    0.05147    0.05402    0.05672    0.05959    0.06264    0.06589    0.06933    0.07298    0.07684    0.08093    0.08523    0.08976    0.09452    0.0995    
U235    1000    938.7    877.6    820.5    767.1    717.2    670.5    626.9    586.1    547.9    512.3    478.9    447.8    418.6    391.4    365.9    342.1    319.8    299    279.6    261.4    244.4    228.5    213.6    199.7    186.7    174.6    163.2    152.6    142.7    133.4    124.7    116.6    
U236    2.413e-14    10.94    21.75    31.75    41    49.55    57.44    64.71    71.42    77.59    83.27    88.48    93.25    97.62    101.6    105.3    108.6    111.6    114.3    116.8    119    120.9    122.7    124.3    125.6    126.8    127.9    128.8    129.5    130.1    130.6    131    131.3    
U237    0    0.01454    0.03271    0.04956    0.06514    0.07954    0.09283    0.1051    0.1164    0.1268    0.1364    0.1452    0.1532    0.1606    0.1674    0.1735    0.1791    0.1842    0.1888    0.1929    0.1967    0.2    0.203    0.2057    0.208    0.2101    0.2118    0.2134    0.2147    0.2157    0.2166    0.2173    0.2178    
U238    0    0.0002738    0.001388    0.003322    0.006014    0.009407    0.01344    0.01808    0.02326    0.02894    0.03508    0.04165    0.0486    0.05591    0.06353    0.07145    0.07964    0.08807    0.09671    0.1055    0.1146    0.1237    0.133    0.1425    0.152    0.1616    0.1713    0.1811    0.1909    0.2007    0.2106    0.2205    0.2305    
NP237    0    0.02957    0.1477    0.3485    0.6216    0.9577    1.348    1.786    2.263    2.773    3.31    3.87    4.447    5.037    5.636    6.241    6.848    7.455    8.059    8.658    9.251    9.835    10.41    10.97    11.52    12.06    12.58    13.09    13.58    14.05    14.51    14.95    15.38    
NP238    0    8.039e-05    0.0004018    0.0009485    0.001692    0.002608    0.003673    0.004864    0.006164    0.007555    0.00902    0.01055    0.01212    0.01373    0.01536    0.01701    0.01866    0.02032    0.02196    0.0236    0.02521    0.0268    0.02837    0.0299    0.0314    0.03286    0.03428    0.03567    0.03701    0.0383    0.03955    0.04076    0.04192    
PU238    0    0.0003355    0.003743    0.01388    0.03382    0.06607    0.1126    0.1751    0.2546    0.3521    0.4679    0.6023    0.7555    0.9271    1.117    1.324    1.549    1.79    2.046    2.317    2.602    2.899    3.209    3.529    3.859    4.198    4.545    4.898    5.258    5.622    5.99    6.362    6.735    
PU239    0    3.281e-06    7.283e-05    0.0003951    0.001248    0.002961    0.005886    0.01037    0.01676    0.02535    0.03643    0.05022    0.06693    0.0867    0.1097    0.1359    0.1654    0.1982    0.2344    0.2737    0.3162    0.3618    0.4103    0.4617    0.5157    0.5722    0.6311    0.6922    0.7553    0.8202    0.8868    0.9549    1.024    
SE77    1.472e-18    0.001627    0.003337    0.004927    0.006404    0.007776    0.009049    0.01023    0.01133    0.01234    0.01328    0.01416    0.01496    0.01571    0.01639    0.01703    0.01761    0.01815    0.01865    0.01911    0.01952    0.01991    0.02026    0.02058    0.02087    0.02113    0.02137    0.02159    0.02178    0.02196    0.02211    0.02225    0.02238    
SE78    7.554e-18    0.003533    0.007076    0.0104    0.01351    0.01643    0.01916    0.02173    0.02414    0.0264    0.02852    0.03051    0.03238    0.03414    0.03579    0.03734    0.03879    0.04016    0.04145    0.04267    0.04381    0.04489    0.0459    0.04686    0.04776    0.04862    0.04942    0.05019    0.05091    0.05159    0.05224    0.05285    0.05343    
SE79    1.977e-17    0.009028    0.01803    0.02644    0.0343    0.04165    0.04852    0.05494    0.06094    0.06655    0.0718    0.0767    0.08128    0.08556    0.08957    0.09331    0.09681    0.1001    0.1031    0.106    0.1087    0.1112    0.1135    0.1157    0.1177    0.1196    0.1214    0.1231    0.1247    0.1261    0.1275    0.1288    0.13    
SE80    4.754e-17    0.02165    0.04323    0.06341    0.08228    0.09993    0.1164    0.1319    0.1463    0.1598    0.1724    0.1842    0.1952    0.2056    0.2152    0.2242    0.2327    0.2406    0.248    0.2549    0.2614    0.2675    0.2731    0.2784    0.2834    0.2881    0.2924    0.2965    0.3004    0.304    0.3073    0.3105    0.3135    
BR81    8.133e-17    0.03699    0.07372    0.1079    0.1397    0.1693    0.1968    0.2224    0.2462    0.2682    0.2887    0.3077    0.3253    0.3417    0.3568    0.3708    0.3838    0.3957    0.4068    0.417    0.4264    0.435    0.443    0.4503    0.457    0.4631    0.4687    0.4738    0.4785    0.4827    0.4865    0.4899    0.4931    
SE82    1.283e-16    0.05842    0.1166    0.1711    0.222    0.2696    0.3141    0.3557    0.3946    0.431    0.465    0.4968    0.5265    0.5544    0.5804    0.6047    0.6275    0.6488    0.6687    0.6873    0.7047    0.721    0.7363    0.7506    0.7639    0.7764    0.7881    0.7991    0.8094    0.819    0.828    0.8365    0.8444    
KR83    1.998e-16    0.09431    0.1866    0.2705    0.3467    0.4158    0.4783    0.5345    0.5851    0.6305    0.6709    0.7068    0.7386    0.7664    0.7908    0.8118    0.8298    0.845    0.8577    0.868    0.8761    0.8822    0.8865    0.8892    0.8903    0.89    0.8885    0.8858    0.8821    0.8774    0.8719    0.8656    0.8586    
KR84    4.074e-16    0.1867    0.3752    0.5538    0.7229    0.8833    1.035    1.18    1.317    1.447    1.57    1.688    1.8    1.906    2.007    2.103    2.195    2.282    2.366    2.445    2.521    2.594    2.663    2.729    2.792    2.853    2.911    2.967    3.02    3.071    3.12    3.167    3.212    
KR85    1.082e-16    0.04888    0.09747    0.1425    0.1841    0.2227    0.2583    0.2911    0.3215    0.3494    0.3752    0.3988    0.4206    0.4405    0.4588    0.4755    0.4908    0.5047    0.5173    0.5287    0.5391    0.5484    0.5568    0.5643    0.5709    0.5768    0.582    0.5865    0.5904    0.5937    0.5965    0.5988    0.6006    
RB85    4.014e-16    0.1822    0.3652    0.5367    0.6975    0.8482    0.9895    1.122    1.246    1.363    1.472    1.575    1.671    1.762    1.847    1.927    2.002    2.072    2.138    2.201    2.259    2.315    2.367    2.416    2.462    2.505    2.546    2.585    2.622    2.656    2.689    2.72    2.749    
KR86    8.139e-16    0.3707    0.7402    1.086    1.409    1.711    1.993    2.257    2.504    2.735    2.951    3.153    3.342    3.518    3.684    3.838    3.983    4.118    4.244    4.362    4.473    4.576    4.673    4.764    4.849    4.928    5.002    5.072    5.137    5.198    5.255    5.309    5.359    
RB87    1.054e-15    0.4795    0.9581    1.406    1.824    2.215    2.581    2.923    3.242    3.541    3.82    4.082    4.326    4.554    4.768    4.967    5.154    5.328    5.492    5.644    5.787    5.92    6.045    6.162    6.271    6.373    6.469    6.558    6.642    6.72    6.794    6.862    6.927    
SR88    1.434e-15    0.6898    1.38    2.026    2.629    3.194    3.722    4.215    4.677    5.109    5.512    5.89    6.243    6.574    6.883    7.172    7.442    7.695    7.932    8.153    8.36    8.554    8.736    8.905    9.064    9.213    9.353    9.483    9.605    9.72    9.827    9.928    10.02    
SR89    1.963e-15    0.6707    0.9939    1.114    1.135    1.108    1.059    1.002    0.9431    0.8849    0.829    0.776    0.726    0.6791    0.6352    0.5941    0.5557    0.5197    0.4861    0.4547    0.4254    0.398    0.3723    0.3484    0.326    0.3051    0.2855    0.2673    0.2502    0.2343    0.2194    0.2055    0.1925    
Y89    4.07e-17    0.2425    0.8299    1.561    2.336    3.107    3.851    4.558    5.225    5.852    6.439    6.988    7.503    7.984    8.433    8.854    9.247    9.615    9.958    10.28    10.58    10.86    11.12    11.37    11.6    11.81    12.01    12.2    12.38    12.54    12.7    12.84    12.98    
SR90    2.424e-15    1.102    2.197    3.217    4.167    5.051    5.874    6.639    7.351    8.013    8.628    9.2    9.73    10.22    10.68    11.1    11.49    11.86    12.19    12.5    12.79    13.06    13.3    13.52    13.73    13.92    14.1    14.25    14.4    14.53    14.65    14.76    14.86    
ZR90    3.914e-18    0.003366    0.01048    0.02103    0.0348    0.05157    0.07115    0.09334    0.118    0.1448    0.1738    0.2047    0.2375    0.2719    0.3079    0.3453    0.3841    0.4241    0.4653    0.5075    0.5507    0.5948    0.6398    0.6855    0.7319    0.779    0.8267    0.8749    0.9236    0.9728    1.022    1.072    1.123    
Y91    1.998e-15    0.8609    1.329    1.532    1.593    1.578    1.524    1.453    1.374    1.293    1.214    1.138    1.065    0.9973    0.9333    0.8733    0.8171    0.7645    0.7153    0.6693    0.6264    0.5862    0.5486    0.5135    0.4808    0.4501    0.4215    0.3948    0.3698    0.3464    0.3246    0.3043    0.2852    
ZR91    3.043e-17    0.2651    0.9344    1.794    2.727    3.671    4.592    5.475    6.313    7.103    7.844    8.54    9.191    9.8    10.37    10.9    11.4    11.87    12.3    12.71    13.09    13.44    13.77    14.08    14.38    14.65    14.9    15.14    15.36    15.57    15.76    15.94    16.11    
ZR92    2.454e-15    1.173    2.352    3.454    4.485    5.45    6.352    7.196    7.986    8.724    9.415    10.06    10.67    11.23    11.76    12.26    12.72    13.16    13.56    13.94    14.3    14.64    14.95    15.24    15.52    15.77    16.02    16.24    16.45    16.65    16.84    17.02    17.18    
ZR93    2.26e-15    1.271    2.553    3.75    4.868    5.912    6.886    7.795    8.643    9.435    10.17    10.86    11.5    12.1    12.66    13.18    13.67    14.12    14.54    14.94    15.3    15.64    15.96    16.26    16.53    16.79    17.03    17.25    17.45    17.64    17.82    17.98    18.14    
ZR94    2.762e-15    1.259    2.515    3.692    4.794    5.826    6.793    7.699    8.548    9.343    10.09    10.79    11.44    12.06    12.63    13.18    13.68    14.16    14.61    15.03    15.42    15.8    16.15    16.47    16.78    17.08    17.35    17.61    17.85    18.08    18.3    18.51    18.7    
ZR95    2.816e-15    1.019    1.593    1.861    1.957    1.956    1.902    1.821    1.728    1.63    1.533    1.438    1.348    1.262    1.181    1.106    1.034    0.9679    0.9056    0.8473    0.7928    0.742    0.6944    0.65    0.6085    0.5697    0.5335    0.4997    0.4681    0.4387    0.4112    0.3855    0.3615    
NB95    4.487e-17    0.2108    0.555    0.8151    0.9672    1.036    1.05    1.03    0.9924    0.9451    0.8938    0.8417    0.7906    0.7413    0.6945    0.6502    0.6086    0.5695    0.5328    0.4986    0.4665    0.4365    0.4085    0.3823    0.3578    0.335    0.3137    0.2937    0.2751    0.2577    0.2415    0.2264    0.2122    
MO95    8.915e-19    0.07357    0.4529    1.134    2.013    2.993    4.007    5.011    5.98    6.902    7.771    8.584    9.341    10.05    10.7    11.3    11.86    12.38    12.86    13.3    13.7    14.07    14.42    14.73    15.02    15.28    15.52    15.73    15.93    16.11    16.27    16.41    16.54    
ZR96    2.84e-15    1.294    2.583    3.788    4.915    5.968    6.953    7.873    8.733    9.537    10.29    10.99    11.65    12.26    12.84    13.37    13.87    14.34    14.78    15.19    15.57    15.93    16.26    16.58    16.87    17.14    17.4    17.64    17.86    18.07    18.27    18.45    18.63    
MO96    1.563e-19    0.0003006    0.002112    0.007128    0.01656    0.03108    0.05095    0.07616    0.1066    0.1419    0.1819    0.2263    0.2747    0.3269    0.3826    0.4416    0.5035    0.5682    0.6354    0.7049    0.7766    0.8502    0.9257    1.003    1.081    1.161    1.242    1.325    1.408    1.492    1.577    1.663    1.749    
ZR97    8.598e-16    0.02556    0.0239    0.02236    0.02091    0.01956    0.0183    0.01711    0.01601    0.01498    0.01401    0.01311    0.01227    0.01148    0.01075    0.01006    0.009416    0.008816    0.008256    0.007732    0.007243    0.006786    0.006359    0.005961    0.005589    0.005242    0.004917    0.004615    0.004332    0.004069    0.003823    0.003594    0.00338    
MO97    1.822e-15    1.197    2.419    3.56    4.627    5.623    6.554    7.423    8.235    8.994    9.703    10.36    10.98    11.56    12.1    12.6    13.07    13.51    13.92    14.31    14.66    15    15.31    15.6    15.88    16.13    16.37    16.59    16.8    16.99    17.17    17.34    17.5    
MO98    2.697e-15    1.229    2.454    3.601    4.674    5.677    6.617    7.496    8.319    9.089    9.81    10.49    11.12    11.71    12.26    12.78    13.27    13.73    14.15    14.55    14.93    15.28    15.61    15.92    16.21    16.49    16.75    16.99    17.21    17.43    17.63    17.82    18    
MO99    1.959e-15    0.104    0.0973    0.09101    0.08513    0.07963    0.07449    0.06969    0.0652    0.06101    0.05708    0.05342    0.04999    0.04679    0.0438    0.041    0.03839    0.03595    0.03367    0.03154    0.02956    0.0277    0.02597    0.02435    0.02284    0.02143    0.02011    0.01888    0.01774    0.01667    0.01567    0.01474    0.01388    
TC99    7.686e-16    1.153    2.409    3.57    4.642    5.632    6.544    7.384    8.157    8.868    9.519    10.12    10.66    11.16    11.62    12.03    12.41    12.75    13.05    13.33    13.58    13.8    13.99    14.16    14.31    14.44    14.56    14.65    14.73    14.79    14.84    14.88    14.91    
MO100    2.962e-15    1.349    2.693    3.95    5.125    6.223    7.249    8.209    9.106    9.944    10.73    11.46    12.15    12.79    13.38    13.94    14.47    14.96    15.41    15.84    16.24    16.62    16.97    17.29    17.6    17.89    18.15    18.41    18.64    18.86    19.07    19.26    19.44    
RU100    1.073e-20    0.005768    0.02514    0.05715    0.1008    0.1552    0.2195    0.2929    0.3747    0.4641    0.5606    0.6636    0.7724    0.8866    1.006    1.129    1.257    1.388    1.522    1.659    1.799    1.941    2.086    2.232    2.379    2.528    2.678    2.829    2.981    3.133    3.286    3.439    3.592    
RU101    2.404e-15    1.098    2.189    3.205    4.15    5.03    5.849    6.611    7.319    7.978    8.589    9.157    9.685    10.17    10.63    11.05    11.44    11.8    12.13    12.44    12.73    12.99    13.23    13.46    13.67    13.86    14.03    14.19    14.34    14.47    14.59    14.71    14.81    
RU102    2.032e-15    0.9308    1.863    2.738    3.561    4.335    5.062    5.747    6.391    6.997    7.568    8.106    8.614    9.092    9.544    9.97    10.37    10.75    11.11    11.46    11.78    12.08    12.38    12.65    12.91    13.16    13.4    13.63    13.84    14.05    14.25    14.44    14.62    
RU103    1.488e-15    0.4705    0.6525    0.698    0.6891    0.6596    0.6233    0.5857    0.5491    0.5143    0.4816    0.4508    0.4221    0.3952    0.3701    0.3466    0.3247    0.3043    0.2852    0.2674    0.2508    0.2352    0.2208    0.2073    0.1947    0.183    0.1721    0.1619    0.1525    0.1437    0.1355    0.1278    0.1207    
RH103    3.908e-17    0.2209    0.7082    1.26    1.796    2.287    2.725    3.109    3.442    3.728    3.97    4.173    4.34    4.475    4.581    4.661    4.717    4.752    4.769    4.769    4.754    4.725    4.686    4.636    4.578    4.512    4.44    4.362    4.28    4.194    4.105    4.013    3.92    
RU104    9.25e-16    0.4221    0.844    1.239    1.608    1.954    2.277    2.579    2.862    3.126    3.373    3.604    3.82    4.022    4.211    4.387    4.553    4.707    4.852    4.988    5.115    5.234    5.345    5.45    5.548    5.639    5.726    5.807    5.883    5.954    6.022    6.085    6.145    
PD104    3.694e-23    0.00383    0.02715    0.07767    0.1563    0.2613    0.3902    0.54    0.7081    0.8919    1.089    1.298    1.515    1.741    1.972    2.208    2.447    2.688    2.931    3.173    3.415    3.656    3.895    4.131    4.364    4.594    4.82    5.042    5.26    5.473    5.681    5.885    6.084    
PD105    2.323e-16    0.2073    0.4238    0.6253    0.8129    0.9874    1.15    1.301    1.441    1.572    1.694    1.807    1.912    2.01    2.101    2.185    2.264    2.337    2.405    2.469    2.527    2.582    2.633    2.681    2.725    2.767    2.805    2.841    2.875    2.907    2.936    2.964    2.99    
RU106    2.09e-16    0.0913    0.1738    0.243    0.3005    0.3477    0.3858    0.4159    0.4392    0.4565    0.4685    0.4761    0.4798    0.4802    0.4778    0.473    0.4664    0.4581    0.4485    0.4379    0.4264    0.4144    0.402    0.3893    0.3765    0.3636    0.3509    0.3383    0.3259    0.3139    0.3022    0.2909    0.28    
PD106    5.91e-19    0.02051    0.05132    0.08916    0.1328    0.1813    0.2338    0.2893    0.3472    0.4069    0.4679    0.5298    0.592    0.6544    0.7166    0.7784    0.8395    0.8999    0.9594    1.018    1.075    1.131    1.186    1.24    1.292    1.344    1.394    1.442    1.49    1.536    1.581    1.626    1.669    
PD107    9.849e-17    0.04484    0.0894    0.1309    0.1696    0.2056    0.2392    0.2704    0.2995    0.3266    0.3518    0.3753    0.3972    0.4175    0.4365    0.4542    0.4707    0.4861    0.5005    0.514    0.5266    0.5384    0.5495    0.56    0.5698    0.5792    0.588    0.5964    0.6045    0.6121    0.6195    0.6266    0.6335    
PD108    4.757e-17    0.02168    0.04324    0.06336    0.08213    0.09963    0.116    0.1312    0.1454    0.1586    0.171    0.1825    0.1933    0.2033    0.2127    0.2215    0.2297    0.2375    0.2447    0.2515    0.2579    0.264    0.2697    0.2752    0.2804    0.2854    0.2901    0.2947    0.2991    0.3034    0.3076    0.3117    0.3157    
AG109    1.742e-17    0.01045    0.02078    0.03014    0.03862    0.04629    0.05321    0.05945    0.06506    0.07009    0.0746    0.07862    0.08221    0.0854    0.08824    0.09075    0.09297    0.09493    0.09666    0.09818    0.09953    0.1007    0.1018    0.1027    0.1035    0.1043    0.105    0.1056    0.1062    0.1068    0.1073    0.1078    0.1084    
PD110    1.744e-17    0.007941    0.01585    0.02325    0.03017    0.03663    0.04267    0.04832    0.0536    0.05855    0.06317    0.06749    0.07155    0.07534    0.0789    0.08224    0.08538    0.08833    0.09111    0.09373    0.09621    0.09856    0.1008    0.1029    0.1049    0.1069    0.1087    0.1105    0.1122    0.1139    0.1155    0.1171    0.1187    
CD110    0    0.0002242    0.0009353    0.002091    0.00365    0.005576    0.007833    0.01039    0.01321    0.01628    0.01956    0.02303    0.02668    0.03047    0.0344    0.03845    0.0426    0.04684    0.05115    0.05554    0.05998    0.06447    0.069    0.07357    0.07817    0.0828    0.08745    0.09211    0.0968    0.1015    0.1062    0.1109    0.1157    
CD111    1.791e-18    0.005011    0.01149    0.01753    0.02317    0.02842    0.03331    0.03787    0.04212    0.04608    0.04977    0.05321    0.05643    0.05943    0.06224    0.06486    0.06732    0.06962    0.07178    0.07381    0.07572    0.07752    0.07922    0.08083    0.08235    0.0838    0.08519    0.08651    0.08779    0.08901    0.09019    0.09134    0.09245    
CD112    6.549e-18    0.004639    0.009429    0.01393    0.01816    0.02215    0.02589    0.02942    0.03274    0.03587    0.03882    0.0416    0.04423    0.04671    0.04906    0.05127    0.05338    0.05537    0.05726    0.05905    0.06076    0.06238    0.06393    0.06541    0.06683    0.06818    0.06948    0.07073    0.07194    0.0731    0.07423    0.07531    0.07637    
CD114    9.607e-18    0.007905    0.01689    0.0253    0.03316    0.04051    0.04737    0.05379    0.05978    0.06538    0.07061    0.0755    0.08007    0.08434    0.08833    0.09207    0.09555    0.09882    0.1019    0.1047    0.1074    0.1099    0.1122    0.1144    0.1165    0.1184    0.1202    0.122    0.1236    0.1251    0.1265    0.1278    0.1291    
IN115    2.629e-18    0.003118    0.005949    0.008063    0.00958    0.01061    0.01127    0.01162    0.01175    0.0117    0.01152    0.01125    0.01091    0.01052    0.0101    0.009667    0.009227    0.008787    0.008353    0.007931    0.007521    0.007128    0.006751    0.006392    0.006052    0.00573    0.005425    0.005139    0.004869    0.004617    0.00438    0.004158    0.003951    
CD116    9.575e-18    0.004362    0.008712    0.01278    0.01658    0.02014    0.02346    0.02657    0.02947    0.03219    0.03473    0.0371    0.03932    0.0414    0.04334    0.04515    0.04685    0.04844    0.04993    0.05132    0.05262    0.05384    0.05498    0.05605    0.05705    0.05799    0.05887    0.0597    0.06047    0.0612    0.06188    0.06253    0.06313    
SN116    2.336e-23    0.0003383    0.001391    0.00299    0.00499    0.007268    0.009731    0.0123    0.01492    0.01754    0.02014    0.02268    0.02515    0.02754    0.02983    0.03203    0.03412    0.03612    0.03802    0.03982    0.04152    0.04313    0.04466    0.0461    0.04746    0.04875    0.04997    0.05112    0.0522    0.05323    0.0542    0.05512    0.05599    
SN117    8.743e-18    0.004263    0.008535    0.01253    0.01626    0.01974    0.023    0.02605    0.02889    0.03156    0.03404    0.03637    0.03855    0.04058    0.04248    0.04426    0.04593    0.04749    0.04894    0.05031    0.05159    0.05278    0.05391    0.05496    0.05594    0.05687    0.05773    0.05855    0.05931    0.06003    0.06071    0.06134    0.06194    
SN118    1.027e-17    0.004752    0.009495    0.01393    0.01808    0.02197    0.0256    0.029    0.03218    0.03515    0.03794    0.04054    0.04298    0.04526    0.0474    0.0494    0.05128    0.05304    0.05468    0.05622    0.05767    0.05903    0.0603    0.06149    0.06262    0.06367    0.06466    0.06559    0.06647    0.06729    0.06807    0.0688    0.0695    
SN119    9.859e-18    0.004503    0.009001    0.01321    0.01716    0.02086    0.02432    0.02756    0.03059    0.03344    0.0361    0.03859    0.04092    0.04311    0.04516    0.04707    0.04887    0.05055    0.05213    0.05361    0.05499    0.05629    0.05751    0.05865    0.05973    0.06073    0.06168    0.06257    0.06341    0.0642    0.06494    0.06564    0.0663    
SN120    1.048e-17    0.004775    0.009535    0.01399    0.01815    0.02205    0.02569    0.0291    0.03229    0.03527    0.03806    0.04068    0.04312    0.04541    0.04755    0.04955    0.05143    0.05319    0.05484    0.05638    0.05783    0.05919    0.06046    0.06165    0.06277    0.06383    0.06481    0.06574    0.06662    0.06744    0.06822    0.06895    0.06964    
SB121    6.079e-18    0.004877    0.009878    0.01452    0.01881    0.02279    0.02647    0.02988    0.03302    0.03593    0.03861    0.04107    0.04335    0.04543    0.04735    0.04911    0.05072    0.05219    0.05353    0.05476    0.05587    0.05687    0.05778    0.0586    0.05934    0.05999    0.06058    0.0611    0.06155    0.06195    0.06229    0.06258    0.06283    
SN122    1.179e-17    0.005369    0.01072    0.01573    0.02041    0.02478    0.02888    0.0327    0.03628    0.03963    0.04276    0.04569    0.04843    0.051    0.0534    0.05564    0.05774    0.05971    0.06155    0.06328    0.06489    0.06641    0.06782    0.06915    0.0704    0.07157    0.07267    0.0737    0.07467    0.07558    0.07644    0.07724    0.078    
SB123    1.069e-17    0.005022    0.01034    0.01554    0.02058    0.02541    0.03002    0.03439    0.03851    0.04239    0.04603    0.04943    0.05261    0.05557    0.05832    0.06088    0.06325    0.06544    0.06748    0.06935    0.07108    0.07268    0.07414    0.07549    0.07673    0.07786    0.0789    0.07984    0.0807    0.08149    0.0822    0.08284    0.08341    
SN124    1.831e-17    0.008338    0.01664    0.02441    0.03166    0.03844    0.04477    0.05068    0.05621    0.06138    0.0662    0.07071    0.07492    0.07885    0.08253    0.08596    0.08917    0.09217    0.09497    0.09759    0.1    0.1023    0.1045    0.1065    0.1083    0.1101    0.1117    0.1132    0.1147    0.116    0.1173    0.1184    0.1195    
SB125    1.568e-17    0.009591    0.02    0.02939    0.0378    0.04532    0.05201    0.05793    0.06315    0.06773    0.07172    0.07516    0.0781    0.08059    0.08267    0.08436    0.08571    0.08674    0.08749    0.08798    0.08824    0.08828    0.08813    0.08781    0.08734    0.08673    0.08601    0.08517    0.08424    0.08323    0.08215    0.08101    0.07981    
TE125    1.303e-20    0.0001192    0.0005504    0.001297    0.00234    0.003657    0.005221    0.007007    0.008991    0.01115    0.01346    0.0159    0.01846    0.02111    0.02385    0.02665    0.02951    0.0324    0.03534    0.03829    0.04125    0.04423    0.04719    0.05015    0.0531    0.05603    0.05893    0.06181    0.06465    0.06746    0.07023    0.07296    0.07565    
SN126    4.39e-17    0.01999    0.03992    0.05855    0.07596    0.09225    0.1075    0.1217    0.135    0.1475    0.1591    0.17    0.1802    0.1897    0.1986    0.2069    0.2147    0.222    0.2289    0.2353    0.2412    0.2469    0.2521    0.257    0.2617    0.266    0.2701    0.2739    0.2775    0.2809    0.284    0.287    0.2898    
TE127M    3.107e-18    0.004705    0.008637    0.01115    0.01266    0.01346    0.01376    0.01372    0.01345    0.01302    0.01251    0.01193    0.01133    0.01072    0.01012    0.009535    0.008969    0.008427    0.007912    0.007425    0.006965    0.006532    0.006126    0.005746    0.005389    0.005056    0.004746    0.004455    0.004185    0.003933    0.003698    0.003479    0.003276    
I127    1.355e-17    0.03387    0.0741    0.1126    0.1492    0.1838    0.2163    0.2468    0.2752    0.3017    0.3264    0.3493    0.3705    0.3902    0.4083    0.4251    0.4405    0.4548    0.4678    0.4799    0.4909    0.5009    0.5102    0.5186    0.5262    0.5332    0.5395    0.5452    0.5503    0.5549    0.559    0.5627    0.566    
TE128    2.37e-16    0.1106    0.221    0.3243    0.4208    0.5111    0.5955    0.6745    0.7483    0.8173    0.8818    0.9422    0.9987    1.051    1.101    1.147    1.19    1.231    1.269    1.304    1.337    1.368    1.397    1.425    1.45    1.474    1.497    1.518    1.538    1.556    1.574    1.59    1.606    
XE128    7.146e-21    9.269e-05    0.0004122    0.0009509    0.001698    0.002643    0.003774    0.005079    0.006547    0.008167    0.009928    0.01182    0.01383    0.01596    0.01818    0.02051    0.02292    0.02541    0.02797    0.03061    0.0333    0.03605    0.03885    0.0417    0.04459    0.04752    0.05048    0.05347    0.0565    0.05954    0.06261    0.06569    0.06879    
TE129M    6.042e-17    0.01801    0.02395    0.02493    0.02421    0.02296    0.02158    0.02022    0.01893    0.0177    0.01656    0.01549    0.01449    0.01355    0.01268    0.01186    0.0111    0.01038    0.009719    0.009098    0.008519    0.007979    0.007474    0.007004    0.006565    0.006156    0.005775    0.00542    0.005088    0.00478    0.004493    0.004225    0.003976    
I129    3.45e-16    0.1797    0.3716    0.5548    0.727    0.8879    1.038    1.177    1.307    1.427    1.54    1.644    1.74    1.83    1.913    1.99    2.061    2.127    2.189    2.245    2.297    2.346    2.39    2.431    2.469    2.504    2.535    2.565    2.592    2.616    2.639    2.659    2.678    
TE130    9.269e-16    0.4223    0.8434    1.237    1.605    1.949    2.271    2.572    2.853    3.116    3.362    3.592    3.807    4.008    4.196    4.372    4.537    4.691    4.835    4.97    5.096    5.214    5.325    5.428    5.526    5.617    5.702    5.782    5.857    5.927    5.993    6.055    6.114    
XE130    1.141e-19    0.0003739    0.001465    0.00325    0.005691    0.008745    0.01237    0.01653    0.02118    0.02629    0.03182    0.03775    0.04404    0.05067    0.05761    0.06485    0.07235    0.08009    0.08807    0.09625    0.1046    0.1132    0.1219    0.1308    0.1398    0.1489    0.1582    0.1675    0.177    0.1865    0.1961    0.2058    0.2155    
I131    1.466e-15    0.1923    0.1833    0.1714    0.1603    0.1499    0.1401    0.1311    0.1226    0.1146    0.1072    0.1002    0.09375    0.08769    0.08203    0.07674    0.0718    0.06718    0.06287    0.05885    0.05509    0.05158    0.0483    0.04525    0.04239    0.03973    0.03724    0.03493    0.03276    0.03075    0.02887    0.02712    0.02549    
XE131    1.92e-16    0.6027    1.383    2.086    2.715    3.274    3.769    4.206    4.59    4.924    5.214    5.462    5.672    5.848    5.992    6.108    6.198    6.264    6.308    6.334    6.341    6.333    6.311    6.277    6.231    6.175    6.11    6.037    5.957    5.872    5.781    5.686    5.588    
TE132    1.966e-15    0.1176    0.11    0.1028    0.09616    0.08991    0.08407    0.07861    0.07351    0.06874    0.06428    0.06012    0.05622    0.05259    0.04919    0.04601    0.04305    0.04028    0.03769    0.03527    0.03301    0.03091    0.02894    0.0271    0.02539    0.02379    0.0223    0.0209    0.0196    0.01839    0.01726    0.01621    0.01523    
XE132    6.833e-16    1.105    2.364    3.571    4.729    5.841    6.908    7.931    8.914    9.857    10.76    11.63    12.47    13.27    14.04    14.78    15.49    16.17    16.82    17.45    18.06    18.64    19.2    19.74    20.25    20.75    21.23    21.69    22.13    22.56    22.97    23.36    23.74    
I133    1.594e-15    0.04945    0.04624    0.04323    0.04042    0.0378    0.03534    0.03305    0.0309    0.0289    0.02702    0.02527    0.02363    0.0221    0.02067    0.01934    0.01809    0.01693    0.01584    0.01482    0.01387    0.01298    0.01215    0.01138    0.01066    0.009986    0.009357    0.00877    0.008222    0.007712    0.007235    0.006791    0.006376    
XE133    2.207e-15    0.292    0.2742    0.2564    0.2398    0.2242    0.2097    0.1961    0.1834    0.1715    0.1604    0.1501    0.1404    0.1313    0.1229    0.115    0.1076    0.1007    0.09423    0.08821    0.08259    0.07734    0.07244    0.06786    0.06359    0.0596    0.05588    0.05241    0.04917    0.04615    0.04334    0.04071    0.03826    
CS133    3.54e-16    1.558    3.465    5.223    6.84    8.328    9.694    10.95    12.09    13.14    14.1    14.97    15.76    16.48    17.13    17.71    18.24    18.7    19.12    19.49    19.82    20.1    20.35    20.56    20.74    20.89    21.01    21.1    21.17    21.22    21.24    21.25    21.24    
XE134    4.785e-15    2.21    4.418    6.482    8.412    10.22    11.9    13.48    14.96    16.34    17.63    18.83    19.96    21.01    22    22.92    23.78    24.59    25.35    26.05    26.71    27.33    27.91    28.45    28.96    29.43    29.88    30.29    30.68    31.05    31.39    31.71    32.01    
CS134    2.619e-20    0.00839    0.04076    0.09474    0.1672    0.2553    0.3566    0.4687    0.5896    0.7175    0.8507    0.9878    1.128    1.269    1.41    1.552    1.692    1.83    1.966    2.099    2.228    2.354    2.476    2.594    2.707    2.816    2.92    3.019    3.113    3.203    3.288    3.368    3.444    
BA134    5.738e-23    0.0001085    0.001151    0.00419    0.01015    0.0198    0.0338    0.0527    0.07694    0.1069    0.1428    0.1849    0.2333    0.2881    0.3494    0.4171    0.4912    0.5716    0.6582    0.7508    0.8494    0.9538    1.064    1.179    1.299    1.425    1.555    1.69    1.829    1.972    2.119    2.269    2.423    
CS135    3.333e-15    0.5095    1.022    1.501    1.948    2.365    2.756    3.121    3.464    3.785    4.086    4.369    4.635    4.885    5.12    5.343    5.552    5.751    5.938    6.116    6.285    6.445    6.597    6.742    6.881    7.013    7.139    7.26    7.376    7.487    7.594    7.697    7.796    
XE136    4.113e-15    3.244    6.493    9.532    12.37    15.03    17.51    19.84    22.01    24.04    25.94    27.71    29.38    30.93    32.38    33.74    35.01    36.2    37.32    38.36    39.33    40.25    41.1    41.9    42.65    43.35    44.01    44.63    45.21    45.75    46.26    46.73    47.18    
BA136    3.678e-19    0.001732    0.005553    0.01074    0.01715    0.02471    0.03334    0.04297    0.05354    0.06498    0.07725    0.09029    0.1041    0.1185    0.1336    0.1493    0.1656    0.1824    0.1998    0.2176    0.2359    0.2546    0.2738    0.2934    0.3133    0.3337    0.3544    0.3754    0.3967    0.4184    0.4404    0.4627    0.4853    
CS137    3.939e-15    1.792    3.572    5.23    6.775    8.213    9.552    10.8    11.96    13.04    14.04    14.97    15.84    16.64    17.38    18.08    18.72    19.31    19.86    20.37    20.84    21.28    21.68    22.05    22.4    22.71    23    23.27    23.51    23.73    23.94    24.12    24.29    
BA137    7.073e-19    0.002846    0.01151    0.02561    0.04474    0.06858    0.09678    0.1291    0.1651    0.2047    0.2475    0.2933    0.342    0.3932    0.4469    0.5028    0.5608    0.6206    0.6823    0.7456    0.8104    0.8766    0.9441    1.013    1.082    1.153    1.225    1.297    1.371    1.444    1.519    1.594    1.67    
BA138    4.398e-15    2.01    4.016    5.891    7.644    9.283    10.82    12.25    13.59    14.84    16.01    17.11    18.14    19.09    19.99    20.83    21.61    22.35    23.03    23.68    24.28    24.84    25.37    25.86    26.32    26.75    27.16    27.54    27.9    28.23    28.54    28.84    29.11    
LA139    4.208e-15    1.918    3.831    5.617    7.285    8.842    10.3    11.65    12.92    14.1    15.2    16.23    17.19    18.08    18.92    19.69    20.42    21.1    21.73    22.31    22.86    23.37    23.84    24.29    24.7    25.08    25.44    25.77    26.08    26.36    26.63    26.88    27.11    
BA140    3.77e-15    0.6649    0.6742    0.6339    0.5929    0.5544    0.5184    0.4847    0.4533    0.4239    0.3964    0.3707    0.3466    0.3242    0.3032    0.2836    0.2653    0.2482    0.2322    0.2173    0.2033    0.1903    0.1781    0.1668    0.1562    0.1463    0.137    0.1284    0.1203    0.1128    0.1058    0.09925    0.09314    
LA140    2.179e-16    0.08733    0.08953    0.08437    0.07905    0.07404    0.06935    0.06497    0.06088    0.05705    0.05348    0.05014    0.04701    0.04409    0.04136    0.03881    0.03643    0.0342    0.03212    0.03018    0.02836    0.02667    0.02508    0.02361    0.02222    0.02094    0.01973    0.01861    0.01756    0.01658    0.01567    0.01482    0.01402    
CE140    1.009e-16    1.183    3.1    4.951    6.688    8.315    9.838    11.27    12.6    13.85    15.03    16.13    17.16    18.13    19.03    19.88    20.68    21.43    22.13    22.79    23.41    23.99    24.54    25.06    25.54    26    26.43    26.83    27.21    27.57    27.91    28.23    28.53    
CE141    3.768e-15    1.113    1.465    1.516    1.467    1.389    1.305    1.222    1.144    1.07    1.001    0.9362    0.8756    0.8191    0.7662    0.7168    0.6707    0.6276    0.5873    0.5496    0.5145    0.4817    0.451    0.4223    0.3956    0.3706    0.3473    0.3256    0.3053    0.2863    0.2686    0.2521    0.2367    
PR141    1.218e-16    0.6582    2.077    3.679    5.269    6.786    8.212    9.546    10.79    11.95    13.04    14.05    14.99    15.87    16.69    17.45    18.16    18.82    19.43    20.01    20.54    21.04    21.5    21.92    22.32    22.69    23.04    23.35    23.65    23.92    24.18    24.41    24.63    
CE142    3.91e-15    1.785    3.571    5.241    6.803    8.263    9.628    10.9    12.1    13.21    14.26    15.23    16.14    16.99    17.79    18.54    19.23    19.88    20.49    21.06    21.6    22.09    22.56    23    23.41    23.79    24.15    24.48    24.79    25.09    25.36    25.62    25.86    
ND142    2.149e-23    0.0003878    0.002732    0.007786    0.01567    0.02628    0.03948    0.05509    0.07294    0.09289    0.1148    0.1385    0.1639    0.1908    0.2191    0.2489    0.2798    0.3119    0.345    0.3792    0.4142    0.4501    0.4867    0.5241    0.5621    0.6007    0.6398    0.6795    0.7196    0.7601    0.801    0.8423    0.8839    
CE143    2.047e-15    0.07396    0.06917    0.06468    0.06049    0.05657    0.05291    0.04948    0.04628    0.04329    0.04049    0.03787    0.03543    0.03315    0.03101    0.02902    0.02715    0.02541    0.02379    0.02227    0.02085    0.01952    0.01828    0.01712    0.01604    0.01503    0.01409    0.01321    0.01239    0.01163    0.01091    0.01024    0.009622    
PR143    1.819e-15    0.6462    0.6706    0.6322    0.5916    0.5533    0.5174    0.4839    0.4526    0.4233    0.396    0.3704    0.3465    0.3242    0.3033    0.2838    0.2655    0.2485    0.2326    0.2177    0.2038    0.1908    0.1787    0.1674    0.1568    0.1469    0.1377    0.1291    0.1211    0.1136    0.1066    0.1001    0.09397    
ND143    1.05e-16    1.069    2.79    4.403    5.861    7.171    8.343    9.39    10.32    11.14    11.86    12.5    13.04    13.52    13.92    14.25    14.53    14.75    14.92    15.05    15.13    15.18    15.19    15.18    15.13    15.06    14.97    14.85    14.72    14.57    14.41    14.24    14.05    
CE144    3.659e-15    1.579    2.966    4.091    4.992    5.7    6.244    6.647    6.931    7.114    7.213    7.241    7.21    7.131    7.012    6.862    6.686    6.491    6.282    6.062    5.835    5.604    5.371    5.139    4.909    4.682    4.46    4.244    4.034    3.83    3.634    3.444    3.263    
ND144    1.399e-17    0.1123    0.4643    1.021    1.749    2.617    3.599    4.673    5.818    7.018    8.258    9.526    10.81    12.1    13.4    14.69    15.96    17.22    18.46    19.68    20.88    22.04    23.18    24.29    25.37    26.42    27.44    28.42    29.38    30.31    31.2    32.07    32.91    
ND145    2.664e-15    1.199    2.391    3.493    4.509    5.447    6.311    7.107    7.839    8.512    9.129    9.695    10.21    10.68    11.12    11.51    11.86    12.19    12.48    12.74    12.98    13.19    13.37    13.54    13.69    13.81    13.92    14.01    14.09    14.16    14.21    14.25    14.28    
ND146    2.036e-15    0.9371    1.885    2.785    3.64    4.453    5.226    5.962    6.663    7.331    7.968    8.576    9.158    9.714    10.25    10.75    11.24    11.71    12.16    12.59    13.01    13.41    13.8    14.17    14.53    14.87    15.21    15.53    15.85    16.15    16.45    16.73    17.01    
ND147    1.438e-15    0.2265    0.2236    0.2097    0.1962    0.1835    0.1717    0.1607    0.1503    0.1407    0.1317    0.1232    0.1154    0.108    0.1011    0.0947    0.0887    0.0831    0.07786    0.07297    0.06841    0.06414    0.06016    0.05645    0.05298    0.04974    0.04672    0.0439    0.04127    0.03882    0.03654    0.0344    0.03242    
PM147    1.393e-16    0.4702    1.104    1.644    2.091    2.457    2.751    2.982    3.16    3.291    3.381    3.437    3.463    3.464    3.444    3.406    3.353    3.288    3.213    3.13    3.04    2.947    2.85    2.75    2.65    2.549    2.449    2.349    2.251    2.155    2.061    1.969    1.88    
SM147    1.031e-19    0.006429    0.03455    0.08273    0.1469    0.2235    0.3094    0.4019    0.4988    0.598    0.6981    0.7976    0.8954    0.9907    1.083    1.17    1.254    1.333    1.407    1.475    1.539    1.597    1.65    1.698    1.74    1.778    1.811    1.84    1.864    1.884    1.899    1.911    1.92    
ND148    1.177e-15    0.5397    1.079    1.582    2.053    2.492    2.902    3.284    3.642    3.975    4.286    4.577    4.848    5.101    5.337    5.557    5.762    5.954    6.132    6.299    6.454    6.599    6.734    6.86    6.977    7.086    7.188    7.282    7.371    7.453    7.529    7.601    7.667    
PM148    2.912e-21    0.002567    0.006063    0.009056    0.01154    0.01356    0.01519    0.01648    0.01746    0.01819    0.01869    0.019    0.01915    0.01916    0.01905    0.01884    0.01855    0.01819    0.01777    0.01731    0.01682    0.0163    0.01577    0.01522    0.01466    0.01411    0.01355    0.013    0.01246    0.01192    0.0114    0.0109    0.0104    
PM148M    5.159e-22    0.001648    0.00488    0.007751    0.01014    0.0121    0.01368    0.01494    0.01591    0.01663    0.01714    0.01746    0.01763    0.01767    0.01759    0.01741    0.01716    0.01684    0.01647    0.01606    0.01561    0.01514    0.01465    0.01414    0.01363    0.01312    0.01261    0.0121    0.0116    0.0111    0.01062    0.01015    0.009692    
SM148    6.029e-22    0.005972    0.03585    0.09047    0.1666    0.2612    0.3715    0.4951    0.6298    0.7737    0.9251    1.082    1.244    1.41    1.578    1.747    1.917    2.088    2.257    2.426    2.593    2.758    2.921    3.082    3.239    3.394    3.546    3.694    3.84    3.981    4.12    4.255    4.386    
PM149    4.941e-16    0.02329    0.02289    0.02246    0.02197    0.02141    0.02082    0.02019    0.01954    0.01887    0.01819    0.01751    0.01683    0.01616    0.01549    0.01483    0.01419    0.01357    0.01296    0.01237    0.01181    0.01126    0.01073    0.01022    0.009734    0.009268    0.008822    0.008397    0.007991    0.007605    0.007238    0.006889    0.006557    
SM149    2.682e-16    0.04569    0.04495    0.04412    0.04316    0.0421    0.04095    0.03975    0.03849    0.03721    0.03591    0.0346    0.03329    0.032    0.03072    0.02947    0.02825    0.02705    0.02589    0.02477    0.02368    0.02264    0.02163    0.02066    0.01974    0.01885    0.018    0.0172    0.01643    0.0157    0.015    0.01434    0.01371    
ND150    4.591e-16    0.209    0.4172    0.6116    0.7932    0.9628    1.121    1.269    1.407    1.536    1.657    1.769    1.874    1.972    2.063    2.149    2.229    2.303    2.372    2.437    2.498    2.554    2.607    2.656    2.702    2.744    2.784    2.822    2.857    2.889    2.919    2.948    2.974    
SM150    3.53e-19    0.2822    0.6469    1.002    1.347    1.68    2    2.308    2.602    2.882    3.148    3.401    3.64    3.865    4.076    4.275    4.461    4.634    4.795    4.945    5.083    5.211    5.329    5.436    5.535    5.624    5.705    5.778    5.843    5.901    5.952    5.997    6.036    
SM151    1.585e-16    0.0903    0.1312    0.1457    0.1496    0.1494    0.1475    0.1453    0.143    0.1408    0.1388    0.137    0.1354    0.1339    0.1325    0.1313    0.1301    0.1291    0.1281    0.1271    0.1262    0.1254    0.1246    0.1238    0.123    0.1223    0.1216    0.1209    0.1202    0.1195    0.1188    0.1181    0.1174    
SM152    1.959e-16    0.127    0.2965    0.4644    0.6167    0.7497    0.8634    0.9593    1.039    1.106    1.16    1.204    1.239    1.266    1.286    1.301    1.311    1.316    1.319    1.318    1.315    1.309    1.303    1.294    1.285    1.274    1.263    1.252    1.24    1.227    1.215    1.202    1.19    
EU153    4.659e-17    0.05529    0.1257    0.2057    0.2937    0.3875    0.4849    0.5839    0.6827    0.78    0.8747    0.9659    1.053    1.135    1.213    1.285    1.352    1.414    1.471    1.523    1.57    1.612    1.65    1.683    1.712    1.738    1.759    1.778    1.793    1.806    1.815    1.822    1.827    
SM154    5.553e-17    0.02565    0.05131    0.07537    0.09796    0.1191    0.139    0.1577    0.1752    0.1916    0.207    0.2214    0.2349    0.2476    0.2595    0.2706    0.2811    0.2909    0.3001    0.3087    0.3167    0.3243    0.3314    0.3381    0.3444    0.3502    0.3558    0.361    0.3659    0.3705    0.3748    0.3789    0.3828    
EU154    1.261e-21    0.001706    0.007144    0.01593    0.02773    0.04219    0.05888    0.07738    0.09725    0.1181    0.1394    0.161    0.1825    0.2036    0.2242    0.2441    0.2631    0.2811    0.2982    0.3141    0.3289    0.3426    0.3552    0.3666    0.377    0.3864    0.3948    0.4022    0.4087    0.4143    0.4192    0.4233    0.4266    
EU155    2.654e-17    0.00685    0.008999    0.01035    0.01204    0.01429    0.01709    0.02036    0.02402    0.02797    0.03213    0.03641    0.04074    0.04505    0.0493    0.05344    0.05744    0.06125    0.06487    0.06828    0.07147    0.07443    0.07717    0.07967    0.08195    0.08401    0.08586    0.0875    0.08895    0.09022    0.09131    0.09223    0.093    
EU156    8.524e-18    0.004699    0.006775    0.007612    0.008389    0.009441    0.01082    0.0125    0.01443    0.01656    0.01884    0.02121    0.02364    0.02608    0.0285    0.03086    0.03316    0.03537    0.03747    0.03945    0.04131    0.04305    0.04465    0.04613    0.04747    0.04869    0.04979    0.05077    0.05164    0.05239    0.05305    0.05361    0.05408    
GD156    6.929e-19    0.005588    0.01932    0.03597    0.05428    0.07459    0.09761    0.1241    0.1546    0.1896    0.2296    0.2748    0.3254    0.3813    0.4426    0.5092    0.5808    0.6574    0.7385    0.824    0.9136    1.007    1.104    1.203    1.306    1.411    1.519    1.628    1.739    1.851    1.964    2.079    2.194    
GD158    2.945e-18    0.003953    0.008597    0.01318    0.01768    0.02212    0.02657    0.03109    0.03573    0.04055    0.04561    0.05096    0.05663    0.06268    0.06913    0.07601    0.08336    0.0912    0.09955    0.1084    0.1179    0.1278    0.1384    0.1495    0.1612    0.1735    0.1863    0.1998    0.2138    0.2285    0.2437    0.2595    0.2759    
