TIME    0.00135241   0.0450803   0.0991768   0.153273   0.20737   0.261466   0.315562   0.369659   0.468836   0.522932   0.577028   0.631125   0.685221   0.739318   0.793414   0.84751   0.901607   0.955703   1.0098   1.0639   1.11799   1.17209   1.22619   1.28028   1.33438   1.38847   1.44257   1.49667   1.55076   1.60486   1.65896   1.71305   1.76715   1.82125   1.87534   1.92944   
NEUT_PROD    14.6878   11.2533   9.7591   9.01292   8.58619   8.30514   8.10707   7.96911   7.80652   7.74718   7.70684   7.66557   7.64742   7.62773   7.614   7.59483   7.58688   7.571   7.56562   7.55048   7.54577   7.53032   7.52493   7.50959   7.50311   7.48634   7.4796   7.46227   7.45472   7.43679   7.42912   7.41084   7.40216   7.38362   7.3651   7.35646   
NEUT_DEST    12.3617   13.5484   10.9799   10.6203   10.41   10.2702   10.1851   10.126   10.0879   10.085   10.0898   10.1033   10.1212   10.1409   10.1592   10.1857   10.205   10.2311   10.2577   10.2778   10.3006   10.3154   10.3409   10.3582   10.3756   10.3939   10.4141   10.4355   10.4553   10.4691   10.4807   10.5037   10.5172   10.5316   10.5464   10.551   
BUd    0.155989    4.42619    3.72078    3.32769    3.12227    2.99365    2.90666    2.8472    5.57855    2.75868    2.73192    2.72278    2.70985    2.70053    2.6939    2.67936    2.6757    2.67285    2.67025    2.65847    2.65655    2.65465    2.64291    2.64108    2.63915    2.63709    2.62498    2.62272    2.62046    2.60824    2.60594    2.60325    2.60074    2.58852    2.58575    2.58328    
U234    7.49446e-05    0.00220522    0.00429433    0.00590639    0.00714887    0.00810268    0.00882125    0.00935475    0.00982162    0.00998639    0.0100704    0.0100863    0.0100489    0.00996703    0.00985224    0.00971188    0.00955099    0.00937446    0.00918797    0.00899384    0.00879607    0.00859553    0.00839513    0.00819588    0.00799855    0.00780421    0.00761375    0.00742756    0.00724584    0.00706962    0.00689808    0.00673267    0.00657121    0.00641612    0.00626547    0.00611993    
U236    4.64434    4.58785    4.5263    4.46341    4.39918    4.33514    4.27125    4.20776    4.08313    4.02172    3.96114    3.90191    3.84308    3.78517    3.72817    3.67209    3.61645    3.56222    3.50845    3.4556    3.40322    3.35224    3.30171    3.25165    3.20299    3.15434    3.10706    3.06026    3.01393    2.96854    2.92359    2.87959    2.83652    2.79345    2.75131    2.7101    
U238    979.257    976.519    973.682    970.846    968.107    965.271    962.434    959.695    954.12    951.381    948.642    945.903    943.164    940.424    937.685    935.044    932.304    929.565    926.924    924.184    921.542    918.901    916.259    913.617    910.975    908.333    905.691    903.05    900.408    897.863    895.221    892.677    890.035    887.491    884.946    882.304    
NP237    1.30265    1.20794    1.12085    1.04402    0.976154    0.915837    0.862404    0.814905    0.734567    0.700811    0.670418    0.643179    0.618568    0.596219    0.576145    0.557652    0.540801    0.525387    0.511165    0.498043    0.485912    0.474556    0.464014    0.454124    0.444784    0.435997    0.427676    0.419755    0.412257    0.405024    0.398156    0.391529    0.385159    0.379054    0.373087    0.367327    
PU238    1.17127    0.987616    0.843719    0.733274    0.647243    0.578828    0.52319    0.477462    0.406154    0.379013    0.355563    0.33523    0.317673    0.302336    0.288818    0.276923    0.26634    0.256923    0.248481    0.240835    0.233904    0.227649    0.221889    0.216589    0.211728    0.207238    0.203022    0.199081    0.195365    0.191918    0.188599    0.185471    0.182502    0.179676    0.176949    0.174365    
PU239    5.49894    4.15672    3.5737    3.3106    3.18174    3.10932    3.06346    3.03016    2.98614    2.96311    2.94432    2.92718    2.91234    2.8976    2.88376    2.87166    2.85924    2.84738    2.83598    2.82596    2.81531    2.80491    2.79483    2.78492    2.77519    2.76566    2.75623    2.74694    2.7377    2.72862    2.72058    2.71162    2.70273    2.6939    2.68511    2.67637    
PU240    3.27294    3.34272    3.17687    2.97197    2.79111    2.64713    2.53917    2.45883    2.35077    2.31862    2.29248    2.27243    2.2564    2.24263    2.23117    2.22073    2.21236    2.20446    2.19759    2.19046    2.18383    2.17852    2.17249    2.16664    2.16089    2.15523    2.14963    2.14406    2.13851    2.13298    2.12747    2.12196    2.11646    2.11096    2.10548    2.1    
PU241    2.07142    1.58841    1.38396    1.26209    1.16986    1.09725    1.0406    0.997561    0.941476    0.922392    0.9086    0.898074    0.88984    0.883199    0.877854    0.873235    0.86936    0.865954    0.862865    0.860001    0.85734    0.854879    0.852468    0.850159    0.847924    0.845733    0.843572    0.841342    0.839219    0.837104    0.835    0.832798    0.830699    0.828505    0.826414    0.824227    
PU242    2.31713    2.61865    2.83243    2.99428    3.11948    3.21675    3.29092    3.34851    3.42737    3.45446    3.47555    3.49179    3.50547    3.51626    3.52448    3.53103    3.53635    3.54038    3.54344    3.54542    3.54612    3.54643    3.54702    3.54544    3.54479    3.54273    3.54022    3.53769    3.53519    3.53157    3.5277    3.52317    3.51896    3.51502    3.51008    3.50505    
AM243    0.00390971    0.140982    0.27163    0.389222    0.493533    0.585292    0.665073    0.734284    0.844616    0.887992    0.924719    0.956031    0.982351    1.00483    1.02355    1.03945    1.05276    1.06392    1.07322    1.08091    1.08728    1.09272    1.0972    1.10057    1.10342    1.10573    1.1074    1.10869    1.10951    1.11007    1.11023    1.11023    1.10993    1.1095    1.10878    1.10805    
BR81    7.47294e-05    0.0060985    0.00783033    0.00935099    0.0107634    0.0121087    0.0134069    0.0146684    0.0171044    0.018293    0.0194609    0.0206054    0.0217447    0.0228632    0.0239592    0.0250553    0.0261293    0.0271844    0.0282278    0.0292712    0.0302827    0.0312946    0.0322873    0.0332682    0.034239    0.0351985    0.0361475    0.0370767    0.0380042    0.0389123    0.0398092    0.0406957    0.0415712    0.0424351    0.0432795    0.0441219    
SE82    0.000100221    0.00775471    0.0101594    0.0123108    0.0143334    0.0162828    0.0181834    0.0200516    0.0237126    0.0255283    0.027329    0.0291224    0.0309099    0.0326918    0.0344716    0.0362395    0.0380149    0.0397799    0.041542    0.0432946    0.0450549    0.046805    0.048553    0.0503005    0.0520363    0.0537816    0.0555157    0.0572466    0.0589776    0.0607084    0.0624262    0.0641425    0.0658687    0.0675725    0.0692836    0.0709841    
KR84    0.000259172    0.0205012    0.029939    0.0387886    0.0472908    0.055562    0.0636309    0.0715554    0.0870726    0.0947057    0.102274    0.1098    0.117275    0.12473    0.13215    0.139566    0.146971    0.154325    0.161676    0.169007    0.176419    0.183739    0.191041    0.198425    0.205727    0.213013    0.220376    0.227645    0.235027    0.242278    0.249539    0.2569    0.264133    0.271372    0.278701    0.285931    
KR85    5.93315e-05    0.00489754    0.00635086    0.00758473    0.00871064    0.00976183    0.0107592    0.0117132    0.0135623    0.014424    0.015258    0.016073    0.0168634    0.0176345    0.0183949    0.0191247    0.0198452    0.0205471    0.0212401    0.0219127    0.0225669    0.0232117    0.023838    0.0244548    0.0250528    0.0256423    0.0262108    0.0267805    0.0273212    0.0278617    0.0283841    0.0288959    0.0293991    0.0298926    0.0303658    0.0308396    
RB85    0.000211966    0.0175813    0.0233302    0.0284187    0.0332201    0.0378536    0.0424001    0.0468706    0.0556392    0.0600255    0.064396    0.0687584    0.0731241    0.077481    0.0818467    0.0862098    0.0905783    0.0949526    0.0993328    0.103703    0.108094    0.112477    0.116865    0.121259    0.12565    0.130049    0.134429    0.138829    0.143225    0.147616    0.152099    0.156481    0.160854    0.165227    0.169693    0.174052    
KR86    0.000437123    0.0320438    0.0424934    0.0518241    0.060565    0.0689442    0.0771077    0.0851    0.100745    0.108479    0.116153    0.123787    0.131377    0.138954    0.146506    0.154062    0.161566    0.169049    0.176527    0.184097    0.191561    0.198924    0.20638    0.213826    0.221279    0.228611    0.236051    0.24348    0.250796    0.258117    0.265528    0.272831    0.280132    0.287418    0.294716    0.30199    
RB87    0.000532166    0.0400383    0.0531306    0.0647407    0.0756129    0.08604    0.0961663    0.106099    0.125516    0.135104    0.144625    0.154076    0.163448    0.172841    0.182211    0.191557    0.200907    0.210144    0.219455    0.228673    0.237893    0.247092    0.256294    0.265482    0.274562    0.283744    0.292819    0.301983    0.311042    0.320094    0.329131    0.338177    0.347098    0.356118    0.365028    0.374036    
SR88    0.000714008    0.0564339    0.0748176    0.0910235    0.106232    0.120828    0.135037    0.148947    0.176218    0.189656    0.203098    0.216364    0.229671    0.242836    0.256082    0.269223    0.282336    0.295428    0.308524    0.3216    0.334664    0.34763    0.360693    0.373636    0.386575    0.399505    0.412411    0.425323    0.438225    0.451017    0.463902    0.476669    0.489522    0.502276    0.515005    0.527722    
SR89    0.000935394    0.046094    0.0211614    0.0150724    0.0132384    0.0124858    0.0120786    0.0118183    0.0121703    0.0115456    0.0113398    0.011257    0.0112093    0.0111663    0.0111327    0.0111053    0.0110817    0.0110608    0.0110415    0.0110133    0.0109956    0.0109781    0.0109608    0.0109436    0.0109164    0.010899    0.0108813    0.0108635    0.0108453    0.0108269    0.0107984    0.0107793    0.01076    0.0107402    0.0107105    0.0106903    
Y89    1.94461e-05    0.0254907    0.0732647    0.0996201    0.120397    0.139299    0.157313    0.174797    0.208069    0.225256    0.24191    0.25821    0.27453    0.290678    0.306686    0.322664    0.338614    0.354459    0.370265    0.386074    0.401766    0.41735    0.432908    0.448466    0.463913    0.479253    0.494661    0.509871    0.525171    0.540352    0.555425    0.57049    0.585526    0.600452    0.615278    0.630159    
SR90    0.00119476    0.0890026    0.116623    0.140874    0.163306    0.184576    0.205026    0.224856    0.263392    0.281969    0.300218    0.318251    0.336016    0.353501    0.370767    0.387895    0.404807    0.421499    0.437982    0.454342    0.4705    0.486444    0.502184    0.517804    0.53321    0.548414    0.563505    0.578483    0.593161    0.607709    0.622147    0.636379    0.650407    0.664305    0.678002    0.691579    
ZR90    8.28027e-08    0.000209215    0.000996396    0.00192161    0.00292562    0.00397683    0.0050626    0.00617112    0.0082736    0.00941947    0.0105709    0.011728    0.012888    0.014053    0.0152186    0.0163866    0.017557    0.0187285    0.0199023    0.0210787    0.0222508    0.0234318    0.0246063    0.0257829    0.0269648    0.0281415    0.0293237    0.030501    0.0316799    0.0328592    0.034047    0.0352153    0.036404    0.037582    0.0387553    0.0399229    
Y91    0.0011399    0.0719929    0.03733    0.0266814    0.0230773    0.0215843    0.0208239    0.0203569    0.0210798    0.0199865    0.0196236    0.01947    0.0193919    0.0193412    0.019298    0.0192662    0.0192416    0.0192216    0.019195    0.0191799    0.0191564    0.0191432    0.0191204    0.0191076    0.0190846    0.0190714    0.0190482    0.0190343    0.0190199    0.0189952    0.0189699    0.0189539    0.0189276    0.0189007    0.018883    0.0188553    
ZR91    1.79322e-05    0.0340454    0.103842    0.144825    0.176847    0.205585    0.232825    0.259206    0.309264    0.335412    0.360596    0.385346    0.410038    0.434541    0.458978    0.483246    0.507496    0.531704    0.555797    0.57976    0.603813    0.627635    0.651542    0.675244    0.699015    0.722669    0.746217    0.769737    0.793227    0.816606    0.839965    0.863209    0.886321    0.909513    0.932579    0.955523    
ZR92    0.00153868    0.130752    0.173703    0.211322    0.24665    0.280587    0.313695    0.346126    0.409857    0.441326    0.47266    0.503864    0.534987    0.565969    0.596935    0.627935    0.658763    0.689622    0.720462    0.751223    0.782016    0.812788    0.843478    0.874208    0.904907    0.935559    0.966205    0.996863    1.02738    1.05793    1.08849    1.11904    1.14947    1.17991    1.21028    1.24073    
ZR93    0.00182393    0.169935    0.22531    0.272739    0.316995    0.359158    0.399841    0.439536    0.516593    0.554404    0.591684    0.628541    0.665021    0.701331    0.737222    0.77285    0.808237    0.843375    0.878131    0.91271    0.947082    0.981186    1.01508    1.04863    1.08208    1.11517    1.14804    1.18075    1.21317    1.24506    1.2769    1.30877    1.34056    1.37131    1.403    1.43374    
ZR94    0.00250858    0.191066    0.252318    0.307211    0.359108    0.409245    0.458198    0.506595    0.602016    0.649528    0.69683    0.744319    0.791666    0.839015    0.886603    0.934179    0.981898    1.0297    1.07768    1.12572    1.17384    1.22207    1.27041    1.31892    1.36773    1.41656    1.46525    1.51394    1.56273    1.61222    1.66086    1.71046    1.76    1.80936    1.8589    1.90824    
ZR95    0.00286437    0.152304    0.0834854    0.0603821    0.0518499    0.048177    0.0462716    0.0451173    0.0465883    0.0441822    0.043305    0.0429125    0.0426868    0.0425272    0.0424012    0.0422931    0.0421942    0.0421072    0.042028    0.0419535    0.0418824    0.0418029    0.041734    0.041666    0.0415975    0.0415283    0.0414687    0.0413984    0.0413273    0.0412551    0.0411813    0.0411067    0.0410308    0.0409435    0.0408653    0.0407767    
NB95    4.61096e-05    0.0396449    0.0517458    0.0362675    0.0289534    0.0259197    0.0245003    0.0237229    0.025009    0.023468    0.0227234    0.0224036    0.0222465    0.0221433    0.0220682    0.0220112    0.0219563    0.0219092    0.0218673    0.0218283    0.0217914    0.0217559    0.0217206    0.0216757    0.0216407    0.0216056    0.0215699    0.0215342    0.0214978    0.0214608    0.0214231    0.0213851    0.0213463    0.0213072    0.0212574    0.0212173    
MO95    9.1986e-07    0.0255669    0.149302    0.244598    0.311394    0.36532    0.413077    0.457232    0.533588    0.575001    0.612737    0.648338    0.682519    0.715509    0.747562    0.778748    0.808947    0.838197    0.866645    0.894309    0.921234    0.947377    0.972694    0.997391    1.02143    1.04473    1.06728    1.08929    1.11064    1.13133    1.15145    1.17104    1.19025    1.20811    1.226    1.24391    
ZR96    0.00313262    0.23187    0.306547    0.373137    0.435555    0.495571    0.553762    0.610793    0.722417    0.777543    0.832196    0.88654    0.940717    0.994656    1.0484    1.10193    1.15539    1.20886    1.26202    1.31508    1.36808    1.42144    1.47413    1.52679    1.57853    1.63118    1.68374    1.7363    1.78777    1.84026    1.89168    1.94411    1.99535    2.04672    2.09788    2.14898    
MO96    2.41285e-06    0.000431952    0.00319777    0.00876686    0.0162503    0.0251963    0.0353932    0.0467301    0.0723579    0.0866483    0.101924    0.118085    0.135096    0.152918    0.171551    0.190936    0.210997    0.231898    0.253383    0.275649    0.298409    0.321861    0.345999    0.370629    0.395851    0.421584    0.447808    0.47464    0.501952    0.529692    0.55783    0.58647    0.615612    0.645075    0.674937    0.705121    
MO97    0.00230613    0.249338    0.333843    0.405002    0.471323    0.534776    0.596201    0.656303    0.772941    0.830414    0.887202    0.943632    0.999667    1.05522    1.11058    1.16558    1.22021    1.27473    1.32901    1.38342    1.4364    1.49039    1.54339    1.59645    1.64931    1.70222    1.75405    1.80692    1.85878    1.91047    1.96124    2.01285    2.06442    2.11512    2.16562    2.2161    
MO98    0.00366614    0.270688    0.359004    0.438228    0.512746    0.584728    0.654865    0.723705    0.85941    0.926653    0.993734    1.06058    1.12729    1.19399    1.26075    1.32747    1.39432    1.46127    1.52791    1.59441    1.66185    1.72822    1.79568    1.86308    1.93039    1.9977    2.0648    2.13212    2.19918    2.26726    2.33435    2.40229    2.46919    2.53708    2.60482    2.67268    
TC99    0.00109494    0.274885    0.377054    0.445461    0.505591    0.560151    0.610015    0.656491    0.740113    0.778681    0.815024    0.849539    0.88235    0.913679    0.943318    0.971802    0.998805    1.02457    1.04912    1.0726    1.095    1.11636    1.13671    1.15618    1.17467    1.19237    1.20881    1.22513    1.24064    1.25533    1.26919    1.28222    1.2944    1.30672    1.31818    1.32876    
MO100    0.00441264    0.326524    0.431334    0.524923    0.61259    0.696704    0.778483    0.858477    1.01494    1.09232    1.16902    1.24519    1.32124    1.39671    1.47206    1.5471    1.62176    1.69645    1.77119    1.84565    1.92014    1.99366    2.06803    2.14127    2.21468    2.28788    2.36096    2.43412    2.50715    2.58016    2.65213    2.72488    2.79671    2.86837    2.94013    3.01171    
RU100    6.46425e-07    0.00444804    0.0191358    0.0369277    0.0573311    0.0800347    0.104815    0.13148    0.189803    0.221195    0.25396    0.288019    0.323166    0.359518    0.396787    0.435095    0.47421    0.514163    0.554833    0.596309    0.638365    0.681004    0.724231    0.767953    0.812087    0.856723    0.901602    0.946976    0.992485    1.03835    1.08454    1.13076    1.17727    1.22382    1.27058    1.31743    
RU101    0.00395115    0.286666    0.379173    0.460723    0.536599    0.608862    0.678379    0.746197    0.877069    0.941322    1.00481    1.06756    1.12971    1.19152    1.25278    1.31387    1.37438    1.43514    1.49484    1.55474    1.6135    1.6724    1.73116    1.79007    1.84891    1.90673    1.96457    2.02242    2.07926    2.13707    2.19375    2.25053    2.30731    2.36305    2.41876    2.47528    
RU102    0.004124    0.296934    0.398021    0.48926    0.575606    0.659133    0.740903    0.821602    0.980544    1.0598    1.13895    1.21818    1.2975    1.37699    1.45662    1.5369    1.61654    1.69715    1.77765    1.85806    1.93944    2.02072    2.10301    2.18417    2.26628    2.34929    2.43145    2.51442    2.59722    2.68115    2.76393    2.8486    2.93228    3.01596    3.1005    3.185    
RU103    0.00440025    0.194158    0.0727391    0.0534582    0.0486973    0.046648    0.0454294    0.0446057    0.0456903    0.0436385    0.0432402    0.0430728    0.0429787    0.0429214    0.0428899    0.0428637    0.0428541    0.0428549    0.0428527    0.0428644    0.042879    0.0428855    0.0429023    0.0429195    0.0429366    0.0429532    0.0429695    0.0429849    0.0429987    0.0430217    0.0430333    0.0430444    0.0430533    0.0430616    0.0430585    0.043065    
RH103    0.000115603    0.129476    0.288309    0.316339    0.321007    0.319472    0.315762    0.311307    0.301708    0.299775    0.29671    0.29396    0.291613    0.289781    0.288344    0.28714    0.286249    0.285593    0.285129    0.28465    0.284464    0.284205    0.284116    0.284058    0.283998    0.284013    0.284082    0.28409    0.284226    0.284284    0.284353    0.284431    0.284513    0.284498    0.284582    0.284663    
RU104    0.00422399    0.301892    0.404644    0.495776    0.581238    0.663231    0.742572    0.820118    0.971582    1.04608    1.12003    1.19344    1.26646    1.33921    1.41167    1.48372    1.55511    1.62754    1.69874    1.76995    1.84119    1.91128    1.98225    2.05223    2.12321    2.19296    2.26279    2.33256    2.40219    2.47094    2.54042    2.60892    2.67739    2.74579    2.8141    2.88228    
PD104    3.29798e-07    0.0113845    0.0814208    0.169314    0.260425    0.351483    0.441639    0.530471    0.702295    0.787232    0.871035    0.953958    1.03609    1.11751    1.19824    1.27867    1.35847    1.43803    1.51738    1.59644    1.67478    1.75373    1.83244    1.91097    1.98836    2.06665    2.14482    2.22294    2.30088    2.37784    2.45574    2.53348    2.61024    2.68789    2.76455    2.84195    
PD105    0.00137531    0.182656    0.248711    0.299283    0.345311    0.38834    0.4291    0.467969    0.540973    0.576107    0.610197    0.643459    0.675906    0.707553    0.738537    0.768845    0.79841    0.827429    0.855745    0.883644    0.910826    0.937586    0.963656    0.989272    1.0144    1.039    1.06309    1.0867    1.10987    1.13255    1.15477    1.17659    1.19745    1.2192    1.239    1.25976    
RU106    0.00331627    0.210645    0.239866    0.255607    0.264121    0.268339    0.269892    0.269803    0.275403    0.272036    0.269056    0.266306    0.263868    0.261693    0.259766    0.2581    0.256632    0.255418    0.254232    0.253282    0.252384    0.25157    0.250785    0.250081    0.249521    0.248881    0.248331    0.247754    0.247235    0.246659    0.246218    0.245703    0.245208    0.24463    0.244159    0.243596    
PD106    0.000648995    0.102647    0.18645    0.273553    0.362925    0.453794    0.5455    0.638035    0.816018    0.911141    1.00609    1.101    1.19594    1.29108    1.38642    1.48201    1.57782    1.67423    1.77071    1.86751    1.96391    2.06191    2.15952    2.25796    2.35693    2.45573    2.5554    2.65481    2.75508    2.85505    2.95597    3.05679    3.15842    3.25986    3.36221    3.46442    
PD107    0.00263568    0.173862    0.233669    0.285815    0.333606    0.37828    0.420618    0.46114    0.537746    0.574521    0.610369    0.645322    0.679559    0.713091    0.745916    0.778257    0.809834    0.840918    0.871461    0.901431    0.930931    0.959872    0.98824    1.01627    1.04364    1.07068    1.09715    1.1233    1.14882    1.17405    1.19884    1.22287    1.24683    1.27073    1.29371    1.31566    
PD108    0.00192208    0.123992    0.169024    0.208972    0.246026    0.281136    0.314827    0.347396    0.409933    0.440309    0.47025    0.499663    0.528714    0.557339    0.585632    0.613652    0.641244    0.668548    0.695642    0.722356    0.748831    0.774921    0.800785    0.826278    0.851477    0.876423    0.901016    0.925302    0.949327    0.973129    0.99648    1.0196    1.04247    1.06495    1.08718    1.10914    
AG109    0.000875758    0.0739529    0.0905902    0.101759    0.110403    0.117442    0.123421    0.128678    0.137812    0.142059    0.146159    0.150138    0.154094    0.157969    0.161736    0.165569    0.169401    0.173118    0.176883    0.180571    0.184258    0.187831    0.191475    0.19507    0.198608    0.202176    0.205575    0.208995    0.212433    0.21578    0.219131    0.222392    0.225654    0.228816    0.231978    0.235044    
PD110    0.000576256    0.0362906    0.0500368    0.0623362    0.0738506    0.0848516    0.0954644    0.105799    0.125889    0.13577    0.145539    0.155237    0.164897    0.174495    0.18407    0.193531    0.203067    0.212482    0.221995    0.231388    0.240778    0.250156    0.259428    0.268792    0.278043    0.287281    0.296531    0.305764    0.314989    0.32411    0.333214    0.34241    0.351507    0.360498    0.369568    0.378544    
CD110    2.11346e-06    0.00556571    0.021829    0.0405112    0.0609043    0.0825499    0.105155    0.128489    0.176856    0.2018    0.227168    0.252852    0.278999    0.305306    0.332087    0.359119    0.386419    0.414115    0.441933    0.470101    0.498507    0.527115    0.556038    0.585112    0.614483    0.643981    0.673757    0.70364    0.733714    0.763857    0.794387    0.824815    0.855507    0.886195    0.917133    0.948128    
CD111    3.49556e-05    0.0154547    0.0245671    0.030502    0.0362289    0.0419083    0.0476447    0.0534642    0.0655163    0.0718137    0.0783091    0.0849928    0.0918861    0.0989768    0.10629    0.113795    0.121518    0.129443    0.137574    0.145917    0.15449    0.1632    0.172133    0.181254    0.190575    0.200088    0.209809    0.219616    0.229704    0.239891    0.250273    0.260828    0.271577    0.282408    0.293429    0.304638    
CD112    7.53317e-05    0.00732557    0.0111948    0.0148465    0.0185323    0.0222956    0.0261724    0.0301922    0.0386724    0.043186    0.0478918    0.052788    0.0579065    0.0632404    0.0688029    0.0746037    0.0806337    0.0869202    0.0934705    0.100272    0.107339    0.114683    0.12231    0.130227    0.138441    0.146937    0.155775    0.16486    0.174287    0.18406    0.194075    0.204445    0.215253    0.226299    0.237696    0.249435    
CD114    8.67224e-05    0.00827311    0.0119731    0.015179    0.018218    0.0211534    0.0240132    0.0268342    0.0323619    0.0351087    0.0378396    0.0405846    0.0433198    0.0460596    0.0488096    0.0515642    0.0543344    0.0571177    0.0599108    0.0627195    0.0655412    0.0683919    0.071245    0.0741224    0.0770254    0.0799434    0.0828903    0.0858516    0.0888506    0.0918634    0.0949115    0.0979777    0.101079    0.104208    0.107376    0.110568    
SN124    5.07985e-05    0.00359498    0.00489392    0.00608653    0.0072259    0.00833391    0.0094205    0.0104929    0.0126024    0.0136466    0.0146882    0.0157228    0.0167455    0.017776    0.0187954    0.019814    0.0208214    0.0218392    0.0228457    0.0238517    0.0248474    0.0258428    0.0268378    0.0278313    0.0288248    0.0298085    0.0307916    0.0317734    0.0327451    0.0337165    0.0346871    0.0356568    0.0366158    0.0375751    0.0385325    0.039489    
SB125    6.282e-05    0.00697467    0.00939788    0.0107526    0.0118918    0.0128832    0.0137568    0.0145383    0.0160539    0.0166043    0.0171172    0.0175718    0.0179873    0.0183645    0.0187111    0.0190252    0.0193075    0.0195657    0.0197982    0.0200149    0.0202044    0.0203844    0.0205453    0.0206862    0.0208156    0.0209332    0.021038    0.0211394    0.0212171    0.0212904    0.0213585    0.0214213    0.0214685    0.0215092    0.0215534    0.0215807    
SN126    0.000145322    0.0114394    0.0150015    0.018223    0.0212776    0.0242372    0.0271334    0.0299917    0.0356101    0.0383924    0.0411728    0.0439345    0.0466782    0.0494172    0.052154    0.0548766    0.0575976    0.060307    0.0630048    0.0657108    0.0683952    0.0710791    0.07376    0.0764301    0.0790988    0.0817554    0.0844107    0.0870526    0.0896938    0.0923331    0.0949607    0.097575    0.100188    0.102798    0.105396    0.107982    
I127    4.86429e-05    0.0239688    0.0358689    0.0436773    0.0506587    0.0571573    0.0633276    0.0692469    0.0804168    0.08589    0.0912258    0.09643    0.101514    0.10651    0.1114    0.116206    0.120915    0.125523    0.13006    0.134541    0.138858    0.143155    0.147358    0.151476    0.155584    0.159493    0.163403    0.167303    0.171031    0.174734    0.178346    0.181856    0.185363    0.188772    0.192076    0.195388    
TE128    0.000580434    0.0484496    0.0631061    0.0761581    0.0884887    0.1004    0.112058    0.123521    0.146091    0.157293    0.168437    0.17954    0.190625    0.201581    0.212609    0.223627    0.234557    0.245466    0.256467    0.267356    0.278239    0.289022    0.299879    0.310748    0.321508    0.33225    0.343091    0.353827    0.364554    0.375264    0.385968    0.396571    0.407252    0.417835    0.428393    0.439044    
I129    0.000837432    0.0782136    0.104194    0.121652    0.136431    0.149567    0.16147    0.172384    0.191622    0.200338    0.208507    0.216075    0.223151    0.229833    0.236058    0.241902    0.247367    0.252552    0.257353    0.26187    0.266084    0.270104    0.27381    0.277312    0.280594    0.283749    0.286573    0.289267    0.291738    0.294153    0.296335    0.298364    0.300243    0.301967    0.303536    0.305043    
TE130    0.00190695    0.147732    0.19348    0.234343    0.2728    0.309809    0.345877    0.381198    0.450486    0.484847    0.518853    0.55275    0.586503    0.620167    0.653728    0.687048    0.720396    0.753684    0.786835    0.819992    0.853004    0.885977    0.918877    0.951708    0.984458    1.01713    1.04975    1.08228    1.11472    1.1471    1.1794    1.21162    1.24386    1.27562    1.30734    1.34008    
XE130    3.00675e-06    0.00191675    0.00735682    0.0138986    0.0212966    0.029427    0.0382025    0.0475505    0.0677593    0.078533    0.0896709    0.101188    0.113006    0.125128    0.137515    0.150125    0.162966    0.175994    0.18916    0.20258    0.216061    0.229626    0.243353    0.257166    0.271081    0.284972    0.298977    0.312998    0.327121    0.341164    0.355309    0.369387    0.383501    0.397534    0.41161    0.425617    
XE131    0.000324035    0.197845    0.277655    0.297573    0.310532    0.319265    0.325155    0.329124    0.333301    0.334586    0.335505    0.336003    0.336428    0.336645    0.336899    0.337017    0.337091    0.337291    0.33741    0.337558    0.337661    0.33784    0.338051    0.338226    0.33844    0.338739    0.338901    0.339193    0.339404    0.339705    0.33988    0.340119    0.34041    0.340638    0.340902    0.341094    
XE132    0.00117849    0.3282    0.505793    0.650194    0.791127    0.930404    1.06814    1.20495    1.47586    1.61087    1.74528    1.87926    2.01288    2.14682    2.27927    2.41258    2.54484    2.67731    2.80998    2.941    3.07347    3.20454    3.33626    3.46746    3.59751    3.72818    3.85963    3.98999    4.11991    4.2498    4.37944    4.50897    4.63831    4.76737    4.89646    5.02533    
CS133    0.000502077    0.394653    0.573663    0.66466    0.742278    0.810222    0.870985    0.925788    1.02011    1.06228    1.10126    1.13743    1.17097    1.20228    1.2314    1.25862    1.28398    1.30799    1.32966    1.35096    1.37006    1.3878    1.40511    1.42008    1.43553    1.44854    1.46201    1.47393    1.48528    1.49503    1.50513    1.51357    1.52232    1.5294    1.53671    1.5433    
XE134    0.00655156    0.485525    0.648763    0.793682    0.929393    1.05946    1.18568    1.30918    1.55033    1.66914    1.78714    1.90416    2.02052    2.13661    2.25223    2.36765    2.48296    2.59813    2.71209    2.82609    2.93999    3.05365    3.1673    3.28093    3.39344    3.5068    3.61912    3.73141    3.84253    3.95459    4.06652    4.17742    4.28818    4.39883    4.50938    4.61979    
CS134    5.29932e-07    0.00845182    0.0340202    0.0568719    0.0769555    0.0945745    0.110025    0.123694    0.148332    0.157524    0.165968    0.173738    0.180943    0.187546    0.193725    0.199526    0.204783    0.209735    0.214379    0.218638    0.222625    0.226415    0.229902    0.233111    0.236235    0.239041    0.24166    0.244159    0.246541    0.248606    0.250645    0.252551    0.254232    0.255866    0.257357    0.258799    
BA134    5.89397e-10    0.000226705    0.00234574    0.0071245    0.0142502    0.0234209    0.0343719    0.046872    0.0735507    0.0898405    0.107045    0.125066    0.143808    0.163245    0.183295    0.203942    0.22498    0.246602    0.26862    0.291025    0.313857    0.336915    0.360315    0.38397    0.407796    0.431911    0.456209    0.480713    0.505319    0.530071    0.554946    0.579958    0.605031    0.630165    0.655344    0.680617    
CS135    0.000247358    0.0212166    0.0367465    0.054862    0.0779798    0.105494    0.136813    0.171414    0.248818    0.291089    0.335086    0.380567    0.427292    0.475088    0.523945    0.573587    0.623997    0.675071    0.726536    0.778359    0.830669    0.883054    0.935819    0.988436    1.04129    1.09412    1.14683    1.19939    1.25189    1.30417    1.35623    1.40749    1.45985    1.51085    1.56152    1.61192    
XE136    0.0117104    0.89958    1.19645    1.4615    1.71007    1.94833    2.17959    2.40618    2.84938    3.0676    3.28455    3.50005    3.71546    3.92912    4.14218    4.35477    4.56728    4.7794    4.99036    5.20113    5.41164    5.62213    5.83142    6.04148    6.2504    6.45833    6.66704    6.87458    7.08182    7.28906    7.49599    7.70181    7.90844    8.11389    8.31819    8.5232    
BA136    5.33611e-06    0.00435359    0.00798786    0.0101046    0.0124177    0.0150491    0.0180841    0.0215895    0.030436    0.0356655    0.0415159    0.0480242    0.0552224    0.0631372    0.0717681    0.0811408    0.0912919    0.102174    0.113844    0.126303    0.139545    0.153579    0.168403    0.183995    0.200473    0.217742    0.235709    0.254647    0.27425    0.294717    0.315936    0.338    0.360804    0.384452    0.408831    0.433942    
CS137    0.00588309    0.426592    0.563258    0.683906    0.795936    0.902118    1.00458    1.104    1.29727    1.39089    1.48303    1.57403    1.66363    1.75276    1.84052    1.9273    2.01379    2.09915    2.18344    2.26682    2.34986    2.43201    2.51316    2.59407    2.67398    2.75296    2.83161    2.90943    2.9862    3.06173    3.13723    3.21268    3.28613    3.35934    3.43161    3.50377    
BA137    2.48585e-06    0.0011717    0.00487849    0.00953327    0.0150343    0.0213256    0.0283638    0.0361161    0.0521645    0.0619631    0.0723828    0.0834203    0.0950695    0.10732    0.120153    0.133574    0.147554    0.162065    0.177136    0.19279    0.208905    0.225591    0.242746    0.260357    0.278554    0.29721    0.316324    0.335912    0.355967    0.376394    0.397377    0.418723    0.440549    0.462718    0.485371    0.50838    
BA138    0.00536532    0.385425    0.515085    0.630639    0.738832    0.842524    0.943173    1.04157    1.23398    1.32895    1.42319    1.51692    1.61038    1.7033    1.79648    1.88957    1.98144    2.07425    2.16595    2.25869    2.35034    2.44301    2.53464    2.62623    2.71865    2.81018    2.90149    2.99392    3.08527    3.17655    3.26782    3.359    3.4512    3.54217    3.63325    3.72412    
LA139    0.00516506    0.376146    0.498212    0.604715    0.702718    0.795308    0.883778    0.968957    1.13191    1.21073    1.2877    1.3633    1.43768    1.51061    1.58281    1.6531    1.72341    1.79155    1.85963    1.92577    1.99176    2.05686    2.12072    2.18377    2.24568    2.30659    2.36653    2.42643    2.48418    2.54208    2.59873    2.6546    2.70921    2.76388    2.8176    2.87008    
BA140    0.00477626    0.106334    0.0218549    0.0196531    0.018559    0.0178614    0.0173856    0.0170503    0.0166351    0.0164877    0.0163711    0.0162761    0.016213    0.016161    0.0161133    0.0160653    0.0160329    0.015995    0.0159598    0.0159362    0.0159038    0.0158721    0.0158408    0.0158196    0.0157889    0.0157582    0.0157367    0.0157056    0.0156741    0.0156421    0.0156193    0.0155864    0.015553    0.0155192    0.0154848    0.0154599    
CE140    0.000133795    0.267262    0.494382    0.616199    0.730951    0.842093    0.951072    1.05884    1.27861    1.38569    1.4929    1.60035    1.7085    1.81685    1.92601    2.03583    2.14551    2.25608    2.36744    2.47971    2.59295    2.70594    2.81991    2.9338    3.04841    3.16409    3.28051    3.39692    3.51316    3.63132    3.7494    3.86733    3.98609    4.10568    4.22519    4.34558    
CE141    0.00429593    0.186634    0.06008    0.0459688    0.0425548    0.0408531    0.0397675    0.0390107    0.0395007    0.0379533    0.0376308    0.0374671    0.0373462    0.0372636    0.0371936    0.0371346    0.0370896    0.0370536    0.0370233    0.0369874    0.0369632    0.0369405    0.0369179    0.0368963    0.0368745    0.036852    0.0368297    0.0368064    0.0367818    0.0367566    0.0367302    0.0367126    0.036674    0.0366444    0.036614    0.0365825    
PR141    0.000139241    0.165827    0.399645    0.505941    0.593506    0.673887    0.749604    0.821719    0.956147    1.02214    1.08527    1.14651    1.20614    1.26442    1.32136    1.37688    1.43137    1.48451    1.53675    1.58697    1.63722    1.68556    1.73288    1.77939    1.82573    1.8703    1.91383    1.95644    1.99798    2.03858    2.07928    2.11799    2.15667    2.19343    2.2302    2.26592    
CE142    0.00448028    0.340355    0.454106    0.553759    0.64692    0.735897    0.822413    0.907056    1.07213    1.15328    1.23387    1.31399    1.39348    1.47263    1.55135    1.63    1.70747    1.78587    1.86324    1.94142    2.01759    2.09477    2.17184    2.24777    2.32468    2.40057    2.47645    2.55116    2.62688    2.70153    2.77602    2.85055    2.9249    2.99922    3.07259    3.1458    
ND142    1.23223e-08    0.00105527    0.007686    0.0169561    0.027913    0.0402988    0.0539509    0.0687836    0.101471    0.119246    0.137906    0.157362    0.177568    0.198466    0.220053    0.242113    0.264819    0.288087    0.311811    0.335996    0.360664    0.385599    0.410928    0.436547    0.462477    0.488698    0.515237    0.541877    0.568654    0.59575    0.622892    0.650156    0.677579    0.705013    0.732532    0.760098    
PR143    0.00195193    0.0902692    0.0186125    0.0167241    0.0158234    0.0152647    0.0148881    0.0146279    0.0144636    0.0142157    0.0141364    0.0140918    0.0140531    0.0140316    0.0140117    0.0139894    0.0139817    0.0139678    0.0139657    0.013955    0.0139453    0.0139459    0.0139372    0.0139383    0.0139297    0.0139307    0.0139219    0.0139128    0.0139134    0.0139037    0.0139034    0.0138928    0.0138818    0.0138801    0.0138683    0.0138562    
ND143    0.000112566    0.182577    0.252457    0.235717    0.220117    0.207415    0.19773    0.190489    0.183242    0.180372    0.178319    0.177224    0.176695    0.17673    0.177015    0.177682    0.178421    0.179441    0.180487    0.181613    0.182891    0.184104    0.18543    0.186864    0.188199    0.189629    0.191146    0.19256    0.194059    0.195544    0.197018    0.198576    0.200025    0.201554    0.202975    0.204484    
CE144    0.00373379    0.243204    0.260133    0.264341    0.263028    0.259324    0.254721    0.249932    0.25031    0.244474    0.239631    0.235804    0.232608    0.230012    0.227933    0.226262    0.224814    0.223644    0.222646    0.221831    0.221129    0.220391    0.219874    0.219351    0.218795    0.218291    0.217924    0.217481    0.217057    0.216548    0.216145    0.215746    0.215349    0.214853    0.214455    0.213957    
ND144    1.71271e-05    0.0559517    0.244578    0.43007    0.607306    0.77678    0.938946    1.09513    1.39038    1.53727    1.68083    1.8217    1.9609    2.09801    2.23338    2.36831    2.50243    2.63469    2.76757    2.89996    3.03216    3.16323    3.2951    3.42572    3.55652    3.6871    3.81762    3.94809    4.07853    4.20802    4.33836    4.46778    4.598    4.72709    4.85628    4.98633    
ND145    0.00263531    0.208703    0.266336    0.312553    0.352848    0.388857    0.42182    0.45223    0.506949    0.532096    0.555907    0.578573    0.600163    0.620971    0.640799    0.659954    0.678325    0.696117    0.713298    0.729875    0.745911    0.761494    0.776623    0.791358    0.805602    0.819538    0.833056    0.84632    0.85924    0.87191    0.884204    0.896318    0.908233    0.919861    0.931182    0.942386    
ND146    0.00248979    0.183881    0.260101    0.3332    0.405716    0.478675    0.552361    0.627185    0.780011    0.858438    0.937922    1.01855    1.1004    1.18347    1.26749    1.35271    1.43881    1.52585    1.61384    1.70306    1.79305    1.88367    1.97497    2.06704    2.15979    2.25336    2.34763    2.44255    2.53753    2.63408    2.73047    2.82765    2.92574    3.02364    3.12318    3.2217    
PM147    0.000181687    0.0901432    0.104592    0.0922355    0.0832125    0.0769258    0.0726256    0.0697052    0.0674843    0.066122    0.0652863    0.0647879    0.0645058    0.0643839    0.0643606    0.0644081    0.0645057    0.0646287    0.0647825    0.0649548    0.0651414    0.0653355    0.0655348    0.0657457    0.0659588    0.0661804    0.0664019    0.0666215    0.06685    0.0670763    0.0673009    0.0675331    0.0677537    0.0679814    0.0682081    0.0684328    
SM147    1.33791e-07    0.00223823    0.0108425    0.0176217    0.022728    0.0266131    0.0296103    0.0319587    0.0348124    0.0361986    0.037339    0.0382922    0.0390954    0.0397952    0.0404061    0.04094    0.0414235    0.0418633    0.042262    0.0426253    0.0429561    0.0432682    0.0435661    0.0438363    0.0440924    0.0443427    0.0445789    0.0448115    0.0450261    0.04524    0.0454415    0.0456465    0.0458353    0.0460255    0.0462152    0.0464029    
ND148    0.00173407    0.123545    0.165086    0.201872    0.236154    0.268828    0.300417    0.331037    0.390665    0.419808    0.448618    0.4771    0.505322    0.533244    0.561054    0.588535    0.615947    0.643142    0.670085    0.696913    0.723615    0.750096    0.776357    0.802481    0.828401    0.854303    0.879874    0.905322    0.93064    0.955754    0.980733    1.00558    1.03021    1.05462    1.07889    1.10305    
SM148    6.13676e-08    0.00824228    0.0393557    0.0684681    0.0951387    0.120093    0.143869    0.166831    0.212152    0.234172    0.255841    0.27741    0.298806    0.320212    0.341472    0.362761    0.384089    0.405292    0.426492    0.447712    0.468936    0.490111    0.511234    0.532396    0.55351    0.574587    0.595631    0.616743    0.637819    0.658863    0.679887    0.700876    0.721858    0.742812    0.763736    0.784641    
ND150    0.00104595    0.072946    0.0977232    0.119811    0.140473    0.160206    0.17931    0.197946    0.234133    0.251943    0.269575    0.287047    0.304413    0.321636    0.338789    0.3558    0.372696    0.389565    0.406315    0.423054    0.439672    0.456275    0.472768    0.489152    0.505514    0.521759    0.537905    0.55403    0.570035    0.586021    0.601913    0.617774    0.633524    0.649163    0.664776    0.68028    
SM150    0.000274608    0.091939    0.137746    0.166725    0.187926    0.203731    0.21573    0.225047    0.239531    0.244401    0.248405    0.25183    0.254787    0.257376    0.259847    0.262044    0.264121    0.266188    0.268096    0.269893    0.271732    0.273466    0.275155    0.276853    0.27854    0.28029    0.281878    0.283482    0.285185    0.286771    0.288327    0.289942    0.291509    0.293021    0.294565    0.296131    
SM152    0.000706713    0.0896991    0.106814    0.114871    0.121704    0.127528    0.132439    0.136541    0.142821    0.145331    0.147467    0.149176    0.150606    0.151933    0.153029    0.154059    0.154996    0.155813    0.156568    0.157335    0.158094    0.158714    0.159473    0.160057    0.160746    0.161324    0.16198    0.162604    0.163182    0.16371    0.164279    0.164879    0.165409    0.165965    0.166538    0.167129    
EU153    0.000162626    0.0335754    0.0566683    0.0699324    0.0786227    0.0847595    0.0893742    0.0929818    0.0981842    0.100218    0.101923    0.103352    0.104548    0.105566    0.106434    0.107202    0.107868    0.108472    0.109024    0.109533    0.110009    0.110455    0.110885    0.111302    0.111725    0.11212    0.11248    0.112895    0.113255    0.113556    0.113891    0.114254    0.114639    0.114946    0.115271    0.115609    
SM154    0.000313246    0.0219287    0.0299511    0.0371674    0.0439476    0.0504436    0.0567353    0.0628574    0.0747615    0.0805596    0.0862862    0.0919466    0.0975346    0.103051    0.108517    0.11393    0.119275    0.124571    0.129802    0.134996    0.140093    0.145243    0.150188    0.155218    0.160147    0.164969    0.169876    0.174583    0.179382    0.183974    0.188658    0.19324    0.197716    0.202188    0.20665    0.21101    
EU154    1.18906e-06    0.00522422    0.016085    0.0225919    0.0266589    0.0293969    0.0313678    0.0328796    0.0349447    0.0357877    0.0364674    0.0370403    0.0375152    0.0379232    0.038259    0.0385601    0.0388165    0.0390524    0.0392621    0.0394537    0.0396241    0.0397932    0.0399575    0.0401089    0.0402543    0.0403988    0.0405374    0.0406779    0.0408064    0.0409404    0.0410678    0.0411969    0.0413253    0.0414419    0.0415642    0.0416837    
GD156    7.13219e-06    0.0124218    0.0376847    0.0717268    0.115238    0.164674    0.217937    0.27387    0.407568    0.468165    0.529093    0.590779    0.652833    0.715183    0.777661    0.840286    0.902829    0.965434    1.02773    1.08996    1.15209    1.21399    1.27561    1.3372    1.39833    1.45911    1.5201    1.58063    1.64094    1.70099    1.75984    1.81951    1.879    1.93727    1.99657    2.05452    
GD158    0.000123083    0.0119028    0.0193605    0.0279734    0.0379966    0.0490814    0.0610316    0.0737415    0.105266    0.120084    0.135466    0.15142    0.167927    0.184975    0.202582    0.22063    0.239166    0.2582    0.277736    0.297797    0.31827    0.339171    0.360522    0.382301    0.404538    0.427127    0.450166    0.473658    0.497514    0.521829    0.546518    0.571553    0.596968    0.62284    0.649005    0.675609    
