TIME    0.000144921   0.00483069   0.0106275   0.0164243   0.0222212   0.028018   0.0338148   0.0396116   0.0502392   0.056036   0.0618328   0.0676296   0.0734265   0.0792233   0.0850201   0.0908169   0.0966138   0.102411   0.108207   0.114004   0.119801   0.125598   0.131395   0.137192   0.142988   0.148785   0.154582   0.160379   0.166176   0.171972   0.177769   0.183566   0.189363   0.19516   0.200957   0.206753   
NEUT_PROD    14.7073   11.2682   9.77034   9.02128   8.59228   8.30943   8.10988   7.97072   7.80621   7.7461   7.70509   7.66325   7.64461   7.62451   7.61041   7.5909   7.58268   7.56657   7.56099   7.54568   7.54083   7.52527   7.51977   7.50435   7.49782   7.48101   7.47422   7.45687   7.4493   7.43136   7.42369   7.40541   7.39676   7.37824   7.35973   7.35112   
NEUT_DEST    12.3736   13.5676   10.9883   10.6262   10.4137   10.272   10.1854   10.1248   10.0844   10.0806   10.0846   10.0973   10.1145   10.1337   10.1515   10.1775   10.1965   10.2223   10.2487   10.2685   10.2911   10.3057   10.3311   10.3483   10.3656   10.3838   10.4039   10.4253   10.4451   10.4589   10.4706   10.4936   10.507   10.5215   10.5363   10.541   
BUd    0.156375    4.43515    3.72582    3.33145    3.12504    2.99565    2.90805    2.84809    5.57881    2.75851    2.7315    2.72214    2.70902    2.69954    2.69276    2.6781    2.67433    2.67139    2.66871    2.65687    2.65489    2.65294    2.64116    2.6393    2.63735    2.63526    2.62314    2.62086    2.6186    2.60637    2.60407    2.60138    2.59887    2.58666    2.5839    2.58144    
U234    0.0241705    0.0245227    0.0249151    0.0249595    0.0247517    0.024368    0.0238477    0.0232362    0.0216708    0.0209316    0.0201841    0.0194289    0.0186807    0.0179413    0.0172172    0.016516    0.0158376    0.0151824    0.0145534    0.0139506    0.0133757    0.0128269    0.0123025    0.0118059    0.0113353    0.0108871    0.0104621    0.0100582    0.00967583    0.00931511    0.00897262    0.00864931    0.00834204    0.00805227    0.00777734    0.0075167    
U235    0.222681    0.15103    0.101748    0.069102    0.0474468    0.0330647    0.0234892    0.0171082    0.00993564    0.00796896    0.00661235    0.00566368    0.00498541    0.00448708    0.00410928    0.00381272    0.00357197    0.0033693    0.00319399    0.00303856    0.00289783    0.00276873    0.00264897    0.00253743    0.0024322    0.00233332    0.00224016    0.0021523    0.0020684    0.00198973    0.00191459    0.00184398    0.00177668    0.00171349    0.00165287    0.00159585    
U236    4.64422    4.58778    4.52635    4.46363    4.39958    4.33574    4.27203    4.20873    4.08442    4.02315    3.96271    3.9036    3.84487    3.78706    3.73014    3.67414    3.61857    3.5644    3.51068    3.45788    3.40553    3.35458    3.30407    3.25404    3.20539    3.15675    3.10948    3.06269    3.01635    2.97097    2.92601    2.88201    2.83893    2.79585    2.7537    2.71247    
U237    0.00178141    0.00630695    0.00622461    0.00613857    0.00605009    0.00595997    0.0058734    0.00578611    0.00561487    0.00553121    0.00544738    0.00536346    0.00528412    0.00520473    0.0051253    0.0050505    0.00497569    0.00490087    0.00482603    0.00475119    0.00468054    0.00460986    0.00454015    0.0044718    0.0044044    0.00433792    0.00427239    0.00420825    0.00414457    0.00408227    0.00402046    0.00396004    0.00390011    0.00384156    0.00378348    0.00372633    
U238    979.23    976.492    973.656    970.82    968.081    965.245    962.408    959.669    954.094    951.355    948.616    945.877    943.138    940.399    937.66    935.019    932.279    929.54    926.898    924.159    921.517    918.876    916.234    913.592    910.951    908.309    905.667    903.025    900.383    897.839    895.197    892.653    890.011    887.467    884.922    882.28    
NP237    1.30262    1.20791    1.12082    1.044    0.976138    0.915829    0.862405    0.814918    0.734605    0.700862    0.670481    0.643256    0.618657    0.596322    0.576259    0.557778    0.540939    0.525535    0.511324    0.498211    0.486089    0.474741    0.464206    0.454323    0.444989    0.436208    0.427892    0.419975    0.412481    0.405252    0.398386    0.391762    0.385394    0.37929    0.373325    0.367566    
NP238    0.00324893    0.00457126    0.00421991    0.00390966    0.00363582    0.00339401    0.00317861    0.0029876    0.00266456    0.00253049    0.00240957    0.0023011    0.00220312    0.00211479    0.00203509    0.00196232    0.00189569    0.00183556    0.00177957    0.00172831    0.0016812    0.00163714    0.00159626    0.00155817    0.00152209    0.00148821    0.00145649    0.00142623    0.00139758    0.00137023    0.00134401    0.00131913    0.001295    0.00127189    0.0012497    0.00122785    
PU238    1.17297    0.989524    0.8451    0.734273    0.647966    0.579351    0.523569    0.477739    0.406305    0.379127    0.355653    0.335303    0.317735    0.302392    0.28887    0.276974    0.266391    0.256975    0.248535    0.240892    0.233963    0.227711    0.221954    0.216658    0.211799    0.207312    0.203097    0.19916    0.195445    0.192    0.188683    0.185557    0.182589    0.179764    0.177038    0.174455    
PU239    5.49881    4.15706    3.57411    3.31095    3.182    3.1095    3.06357    3.03022    2.98614    2.96309    2.94429    2.92714    2.91229    2.89755    2.8837    2.87161    2.85919    2.84732    2.83593    2.82591    2.81526    2.80486    2.79478    2.78487    2.77514    2.76561    2.75619    2.74689    2.73766    2.72857    2.72053    2.71158    2.70269    2.69385    2.68507    2.67633    
PU240    3.27285    3.34271    3.17695    2.97212    2.79128    2.6473    2.53932    2.45895    2.35084    2.31865    2.2925    2.27243    2.25639    2.24261    2.23114    2.22069    2.21232    2.20442    2.19755    2.19041    2.18379    2.17848    2.17245    2.1666    2.16085    2.15519    2.14959    2.14402    2.13848    2.13295    2.12743    2.12193    2.11642    2.11093    2.10544    2.09997    
PU241    2.07136    1.58837    1.38396    1.26212    1.16992    1.09731    1.04066    0.997616    0.941511    0.922416    0.908615    0.898081    0.889841    0.883196    0.877846    0.873224    0.869348    0.86594    0.86285    0.859986    0.857324    0.854864    0.852452    0.850143    0.847909    0.845718    0.843557    0.841328    0.839204    0.83709    0.834986    0.832784    0.830686    0.828492    0.826401    0.824214    
PU242    2.31707    2.61858    2.83236    2.99422    3.11943    3.21672    3.29091    3.34851    3.4274    3.45449    3.47559    3.49182    3.50551    3.51629    3.52451    3.53106    3.53637    3.5404    3.54345    3.54543    3.54612    3.54642    3.54701    3.54543    3.54478    3.54272    3.5402    3.53767    3.53517    3.53154    3.52768    3.52314    3.51893    3.51499    3.51004    3.50502    
SE77    1.00123e-06    0.000206051    0.000233084    0.000235823    0.000232538    0.000226422    0.000218997    0.000210921    0.000194027    0.000185692    0.000177459    0.00016943    0.000161717    0.000154247    0.000147065    0.000140167    0.000133565    0.000127258    0.000121236    0.000115494    0.000110034    0.000104843    9.99032e-05    9.52062e-05    9.0742e-05    8.65132e-05    8.25025e-05    7.86942e-05    7.50896e-05    7.16617e-05    6.84151e-05    6.53435e-05    6.24345e-05    5.96719e-05    5.70446e-05    5.45754e-05    
SE78    8.33368e-06    0.000709121    0.000836408    0.000915194    0.000971103    0.00101444    0.00104988    0.00107988    0.00112879    0.00114952    0.0011685    0.00118576    0.0012018    0.00121672    0.00123068    0.00124373    0.00125607    0.00126765    0.00127867    0.00128903    0.00129894    0.00130835    0.0013172    0.00132568    0.00133377    0.00134153    0.0013489    0.00135592    0.00136266    0.00136912    0.00137525    0.00138105    0.00138664    0.00139208    0.00139712    0.00140189    
SE79    1.93495e-05    0.00153647    0.00177685    0.00191313    0.00199974    0.00205838    0.00210157    0.00213362    0.00217833    0.00219487    0.00220957    0.00222226    0.00223404    0.0022444    0.00225468    0.00226382    0.00227234    0.00228061    0.00228849    0.00229655    0.0023038    0.00231054    0.00231771    0.00232388    0.00233038    0.00233607    0.00234201    0.00234708    0.00235254    0.00235711    0.00236193    0.00236655    0.00237022    0.00237409    0.00237728    0.00238065    
SE80    4.55837e-05    0.00367023    0.00423909    0.00456902    0.00478445    0.00493737    0.00505689    0.00515566    0.00531062    0.00537878    0.00544292    0.00550428    0.00556204    0.00561913    0.00567555    0.00573037    0.00578503    0.00583816    0.00589268    0.00594604    0.00599774    0.00604886    0.00610162    0.00615136    0.00620114    0.00625012    0.00629957    0.00634846    0.00639569    0.00644277    0.00648769    0.00653337    0.006579    0.00662195    0.00666394    0.00670616    
BR81    7.47277e-05    0.00612788    0.00786006    0.00938124    0.0107942    0.0121401    0.0134388    0.0147007    0.0171375    0.0183265    0.0194947    0.0206394    0.0217788    0.0228974    0.0239935    0.0250896    0.0261637    0.0272187    0.028262    0.0293053    0.0303168    0.0313286    0.0323211    0.0333018    0.0342725    0.0352318    0.0361806    0.0371097    0.0380369    0.0389448    0.0398415    0.0407278    0.041603    0.0424666    0.0433108    0.044153    
SE82    0.000100219    0.00779116    0.0101969    0.0123496    0.0143735    0.0163243    0.0182263    0.0200958    0.0237592    0.0255759    0.0273776    0.0291719    0.0309603    0.032743    0.0345234    0.036292    0.038068    0.0398335    0.0415962    0.0433492    0.0451099    0.0468604    0.0486088    0.0503567    0.0520928    0.0538383    0.0555727    0.0573038    0.059035    0.0607661    0.062484    0.0642005    0.0659268    0.0676307    0.069342    0.0710426    
KR82    6.31193e-07    0.000136551    0.000213126    0.000279307    0.000341718    0.000400445    0.00045577    0.000507408    0.000600421    0.000641871    0.00068005    0.000715141    0.000747263    0.000776814    0.000803786    0.000828177    0.000850427    0.000870517    0.000888736    0.00090509    0.000919663    0.000932716    0.000944329    0.000954517    0.000963355    0.000971176    0.000977727    0.000983412    0.000988074    0.000991851    0.000994909    0.000997062    0.000998621    0.000999538    0.000999843    0.000999618    
KR83    0.000133358    0.00973922    0.00909053    0.00791078    0.00668911    0.00557407    0.00461312    0.00381238    0.00262494    0.00220638    0.00187497    0.00161568    0.00141472    0.00125971    0.00114086    0.00105003    0.000980943    0.000928439    0.00088856    0.000858333    0.000835238    0.000817509    0.000803595    0.000792589    0.000783614    0.000776208    0.000769622    0.000763555    0.000757921    0.000752362    0.000746853    0.000741179    0.000735343    0.000729176    0.000722659    0.000715984    
KR84    0.000259166    0.0205956    0.030049    0.0389123    0.0474268    0.0557088    0.0637875    0.0717207    0.087253    0.0948927    0.102467    0.109999    0.117479    0.124938    0.132362    0.139782    0.147191    0.154548    0.161902    0.169235    0.17665    0.183972    0.191277    0.198663    0.205966    0.213254    0.220619    0.22789    0.235274    0.242526    0.249788    0.25715    0.264385    0.271625    0.278954    0.286186    
KR85    5.93302e-05    0.00492047    0.00637419    0.0076086    0.00873511    0.00978693    0.0107849    0.0117394    0.0135895    0.0144515    0.0152858    0.016101    0.0168915    0.0176626    0.0184231    0.0191529    0.0198733    0.020575    0.0212679    0.0219404    0.0225943    0.023239    0.0238651    0.0244816    0.0250793    0.0256685    0.0262367    0.0268061    0.0273465    0.0278866    0.0284087    0.0289202    0.029423    0.0299162    0.030389    0.0308625    
RB85    0.000211961    0.0176633    0.023416    0.0285087    0.0333148    0.037953    0.0425041    0.0469792    0.055756    0.0601461    0.0645202    0.0688859    0.0732547    0.0776147    0.0819831    0.0863487    0.0907196    0.0950962    0.0994785    0.103851    0.108243    0.112628    0.117018    0.121413    0.125806    0.130206    0.134587    0.138989    0.143386    0.147778    0.152262    0.156645    0.161018    0.165393    0.169859    0.174219    
KR86    0.000437113    0.0321904    0.042646    0.0519844    0.0607337    0.0691216    0.0772936    0.085294    0.100954    0.108695    0.116376    0.124015    0.13161    0.139193    0.146749    0.154309    0.161817    0.169304    0.176786    0.184358    0.191825    0.199191    0.206649    0.214098    0.221553    0.228887    0.236328    0.243759    0.251076    0.258399    0.265811    0.273115    0.280418    0.287704    0.295003    0.302278    
SR86    1.29317e-08    1.54725e-05    4.12734e-05    6.24825e-05    8.42958e-05    0.000106663    0.00012951    0.000152741    0.000199994    0.000224088    0.000248261    0.000272483    0.000296864    0.000321298    0.000345887    0.000370488    0.000395257    0.000419895    0.000444752    0.000469557    0.000494251    0.000519077    0.000543923    0.000568768    0.000593627    0.000618492    0.000643379    0.000668267    0.000693022    0.000717871    0.000742646    0.000767493    0.000792273    0.000817009    0.000841595    0.000866331    
RB87    0.000532155    0.0402222    0.0533224    0.0649424    0.0758255    0.0862637    0.096401    0.106344    0.12578    0.135377    0.144906    0.154365    0.163744    0.173144    0.182519    0.191871    0.201225    0.210467    0.219782    0.229004    0.238228    0.24743    0.256636    0.265826    0.274908    0.284093    0.29317    0.302336    0.311396    0.32045    0.329489    0.338537    0.347459    0.35648    0.365391    0.3744    
SR88    0.000713993    0.056695    0.0750906    0.0913108    0.106535    0.121147    0.135371    0.149297    0.176596    0.190046    0.2035    0.216778    0.230094    0.243268    0.256524    0.269672    0.282793    0.295892    0.308994    0.322076    0.335145    0.348116    0.361183    0.37413    0.387073    0.400007    0.412917    0.425832    0.438737    0.451532    0.464418    0.477187    0.490043    0.502798    0.515529    0.528248    
SR89    0.000935375    0.0463044    0.0212102    0.0150921    0.0132535    0.0125002    0.0120927    0.0118318    0.0121832    0.0115571    0.0113504    0.0112668    0.0112183    0.0111746    0.0111405    0.0111124    0.0110883    0.0110669    0.0110471    0.0110185    0.0110003    0.0109825    0.0109649    0.0109473    0.0109198    0.0109021    0.0108842    0.0108662    0.0108478    0.0108292    0.0108005    0.0107813    0.0107617    0.0107419    0.010712    0.0106917    
Y89    1.94457e-05    0.0256117    0.0735615    0.099964    0.120766    0.139689    0.157724    0.175227    0.208535    0.225739    0.242409    0.258723    0.275056    0.291216    0.307235    0.323223    0.339182    0.355036    0.370849    0.386665    0.402363    0.417953    0.433516    0.449079    0.46453    0.479873    0.495286    0.510498    0.525802    0.540985    0.55606    0.571127    0.586165    0.601092    0.615918    0.6308    
SR90    0.00119474    0.0894142    0.117049    0.141318    0.163771    0.185062    0.205533    0.225382    0.263954    0.282546    0.300808    0.318853    0.336628    0.354123    0.371397    0.388532    0.405449    0.422147    0.438634    0.454997    0.471158    0.487103    0.502845    0.518465    0.533871    0.549074    0.564165    0.579142    0.593818    0.608364    0.622799    0.63703    0.651054    0.66495    0.678644    0.692217    
ZR90    8.28047e-08    0.000210274    0.00100116    0.00193037    0.00293858    0.00399421    0.0050846    0.00619793    0.00830989    0.00946108    0.010618    0.0117807    0.0129464    0.0141173    0.0152888    0.0164628    0.0176393    0.0188169    0.0199969    0.0211796    0.0223579    0.0235452    0.0247261    0.025909    0.0270972    0.0282803    0.0294689    0.0306525    0.0318378    0.0330235    0.0342177    0.0353923    0.0365873    0.0377716    0.0389512    0.0401251    
Y91    0.00113988    0.0723209    0.0374216    0.0267178    0.0231016    0.021606    0.0208447    0.0203769    0.0210989    0.0200036    0.0196393    0.0194845    0.0194054    0.0193537    0.0193096    0.0192769    0.0192516    0.0192308    0.0192035    0.0191879    0.0191638    0.01915    0.0191268    0.0191135    0.0190901    0.0190765    0.0190529    0.0190387    0.019024    0.018999    0.0189735    0.0189572    0.0189307    0.0189036    0.0188857    0.0188579    
ZR91    1.79318e-05    0.034206    0.104262    0.145323    0.177383    0.206149    0.233416    0.259822    0.309926    0.336097    0.361302    0.38607    0.410779    0.435298    0.459749    0.48403    0.508292    0.532512    0.556614    0.580587    0.604649    0.628478    0.652392    0.676102    0.699878    0.723538    0.74709    0.770615    0.794109    0.817492    0.840854    0.864101    0.887216    0.910411    0.933478    0.956424    
ZR92    0.00153864    0.131354    0.174328    0.211972    0.247329    0.281295    0.31443    0.346888    0.410668    0.44216    0.473515    0.504738    0.535879    0.566878    0.59786    0.628873    0.659715    0.690586    0.721438    0.752209    0.783013    0.813794    0.844492    0.87523    0.905936    0.936595    0.967247    0.997912    1.02843    1.05899    1.08956    1.12011    1.15055    1.18099    1.21137    1.24182    
ZR93    0.00182389    0.170716    0.226116    0.273569    0.317851    0.36004    0.400748    0.440467    0.517566    0.555396    0.592693    0.629565    0.666058    0.70238    0.738281    0.773918    0.809312    0.844457    0.879219    0.913802    0.948179    0.982285    1.01618    1.04973    1.08319    1.11627    1.14915    1.18186    1.21427    1.24616    1.278    1.30987    1.34166    1.3724    1.4041    1.43483    
ZR94    0.00250852    0.191948    0.253227    0.308152    0.360084    0.410257    0.459244    0.507674    0.603157    0.650697    0.698026    0.745539    0.79291    0.840281    0.887891    0.935486    0.983224    1.03104    1.07904    1.1271    1.17523    1.22347    1.27183    1.32036    1.36918    1.41802    1.46672    1.51542    1.56423    1.61372    1.66237    1.71198    1.76153    1.8109    1.86044    1.9098    
ZR95    0.0028643    0.152993    0.0836877    0.0604552    0.0518892    0.0482071    0.0462986    0.0451426    0.0466119    0.044203    0.043324    0.04293    0.0427028    0.042542    0.0424147    0.0423055    0.0422057    0.0421178    0.0420377    0.0419624    0.0418905    0.0418104    0.0417409    0.0416724    0.0416033    0.0415337    0.0414737    0.0414029    0.0413314    0.0412589    0.0411848    0.0411099    0.0410337    0.0409462    0.0408677    0.0407789    
NB95    4.61085e-05    0.039834    0.0519181    0.0363338    0.0289822    0.0259377    0.0245151    0.0237364    0.025022    0.0234794    0.0227337    0.022413    0.0222551    0.0221512    0.0220755    0.0220179    0.0219625    0.0219149    0.0218725    0.0218331    0.0217959    0.0217599    0.0217243    0.0216791    0.0216439    0.0216085    0.0215726    0.0215366    0.0215    0.0214629    0.021425    0.0213868    0.0213479    0.0213086    0.0212588    0.0212185    
MO95    9.19837e-07    0.0256831    0.149933    0.245473    0.312348    0.366301    0.41407    0.458232    0.534593    0.576008    0.613743    0.649342    0.683518    0.716502    0.748547    0.779725    0.809914    0.839152    0.867589    0.895241    0.922153    0.948282    0.973586    0.998268    1.02229    1.04558    1.06812    1.0901    1.11144    1.13211    1.15222    1.17179    1.19099    1.20884    1.22671    1.24461    
ZR96    0.00313254    0.232924    0.307624    0.374243    0.436693    0.49674    0.554961    0.612021    0.723698    0.778847    0.833521    0.887884    0.94208    0.996035    1.04979    1.10334    1.15681    1.21029    1.26346    1.31654    1.36955    1.42291    1.4756    1.52828    1.58002    1.63267    1.68524    1.7378    1.78928    1.84177    1.89319    1.94562    1.99687    2.04825    2.0994    2.15051    
MO96    2.41279e-06    0.000433629    0.00321124    0.0088011    0.0163085    0.0252793    0.0355015    0.0468638    0.0725425    0.0868584    0.10216    0.118345    0.135381    0.153228    0.171886    0.191296    0.211381    0.232306    0.253814    0.276103    0.298885    0.32236    0.34652    0.371171    0.396414    0.422168    0.448412    0.475263    0.502595    0.530354    0.55851    0.587168    0.616328    0.645807    0.675686    0.705886    
MO97    0.00230607    0.250472    0.335016    0.406199    0.472547    0.536026    0.597476    0.657602    0.774282    0.831773    0.888577    0.945022    1.00107    1.05663    1.11201    1.16701    1.22166    1.27618    1.33047    1.38488    1.43786    1.49186    1.54486    1.59793    1.65078    1.7037    1.75553    1.8084    1.86027    1.91195    1.96272    2.01433    2.0659    2.1166    2.1671    2.21758    
MO98    0.00366605    0.271914    0.360258    0.439514    0.514066    0.586084    0.656254    0.725127    0.860891    0.92816    0.995267    1.06214    1.12887    1.19559    1.26236    1.3291    1.39597    1.46294    1.52959    1.5961    1.66355    1.72994    1.79741    1.86482    1.93215    1.99946    2.06658    2.1339    2.20097    2.26906    2.33615    2.40411    2.47101    2.53891    2.60666    2.67453    
MO99    2.00701e-06    0.0161354    0.000204978    0.000206748    0.000199604    0.000188105    0.000175064    0.000162127    0.000136845    0.00013058    0.000122152    0.000115057    0.000108993    0.00010364    9.88759e-05    9.45518e-05    9.06122e-05    8.69876e-05    8.36453e-05    8.05432e-05    7.76649e-05    7.49747e-05    7.24611e-05    7.00772e-05    6.78245e-05    6.56641e-05    6.36329e-05    6.16719e-05    5.97685e-05    5.79694e-05    5.62131e-05    5.45288e-05    5.28805e-05    5.13036e-05    4.97638e-05    4.82754e-05    
TC99    0.00109491    0.276113    0.378338    0.446722    0.506831    0.561372    0.611216    0.657671    0.741248    0.779792    0.81611    0.8506    0.883385    0.914687    0.944299    0.972756    0.999732    1.02547    1.04999    1.07345    1.09582    1.11715    1.13748    1.15692    1.17539    1.19307    1.20948    1.22578    1.24127    1.25593    1.26978    1.28279    1.29495    1.30725    1.31869    1.32925    
MO100    0.00441253    0.328005    0.43284    0.526461    0.614162    0.698309    0.780121    0.860145    1.01667    1.09407    1.17079    1.24698    1.32305    1.39853    1.4739    1.54895    1.62362    1.69833    1.77307    1.84755    1.92204    1.99557    2.06995    2.14319    2.21661    2.28982    2.3629    2.43606    2.5091    2.5821    2.65408    2.72683    2.79866    2.87033    2.94209    3.01367    
RU100    6.46408e-07    0.00446794    0.0192119    0.0370582    0.0575148    0.0802702    0.105101    0.131815    0.190233    0.22167    0.254478    0.28858    0.323768    0.360158    0.397466    0.43581    0.474959    0.514945    0.555648    0.597155    0.639239    0.681906    0.72516    0.768907    0.813064    0.857723    0.902624    0.948018    0.993545    1.03943    1.08564    1.13187    1.17839    1.22496    1.27173    1.3186    
RU101    0.00395105    0.287943    0.380461    0.462028    0.537923    0.610204    0.679739    0.747573    0.878474    0.942738    1.00624    1.06899    1.13115    1.19297    1.25424    1.31533    1.37585    1.43661    1.49631    1.55622    1.61498    1.67388    1.73264    1.79155    1.85039    1.90821    1.96605    2.0239    2.08074    2.13855    2.19523    2.252    2.30879    2.36453    2.42024    2.47676    
RU102    0.00412389    0.298248    0.399364    0.490636    0.577016    0.660578    0.74238    0.823111    0.982112    1.06139    1.14057    1.21982    1.29917    1.37867    1.45833    1.53863    1.61829    1.69891    1.77943    1.85986    1.94125    2.02255    2.10486    2.18603    2.26816    2.35118    2.43335    2.51633    2.59915    2.68308    2.76588    2.85056    2.93425    3.01794    3.1025    3.18701    
RU103    0.00440014    0.19502    0.072851    0.0534825    0.0487114    0.0466605    0.045441    0.0446165    0.0457    0.0436471    0.043248    0.04308    0.0429854    0.0429276    0.0428956    0.0428691    0.0428591    0.0428597    0.0428572    0.0428686    0.0428831    0.0428893    0.042906    0.042923    0.04294    0.0429565    0.0429726    0.0429879    0.0430016    0.0430245    0.043036    0.0430471    0.0430559    0.0430641    0.043061    0.0430674    
RH103    0.0001156    0.130083    0.289389    0.317246    0.321722    0.320032    0.316205    0.311661    0.301938    0.299963    0.296865    0.29409    0.291722    0.289874    0.288424    0.28721    0.28631    0.285647    0.285177    0.284694    0.284503    0.284242    0.28415    0.284089    0.284027    0.284041    0.284108    0.284114    0.284249    0.284306    0.284375    0.284452    0.284533    0.284517    0.2846    0.28468    
RU104    0.00422388    0.303217    0.405986    0.497133    0.582609    0.664616    0.743969    0.821526    0.973006    1.04751    1.12146    1.19489    1.26791    1.34066    1.41313    1.48517    1.55657    1.629    1.7002    1.77141    1.84265    1.91274    1.98371    2.05369    2.12467    2.19442    2.26425    2.33402    2.40365    2.47239    2.54188    2.61037    2.67884    2.74724    2.81555    2.88373    
PD104    3.29789e-07    0.011435    0.081765    0.169942    0.26128    0.352515    0.44281    0.531753    0.703734    0.788728    0.872577    0.955538    1.0377    1.11914    1.1999    1.28035    1.36016    1.43974    1.5191    1.59817    1.67652    1.75548    1.8342    1.91273    1.99012    2.06842    2.1466    2.22472    2.30267    2.37963    2.45753    2.53527    2.61203    2.68969    2.76635    2.84375    
PD105    0.00137528    0.18346    0.249536    0.300096    0.346115    0.389134    0.429884    0.468743    0.541724    0.576846    0.610925    0.644176    0.676611    0.708246    0.739219    0.769515    0.799069    0.828076    0.856381    0.88427    0.911441    0.938191    0.96425    0.989857    1.01497    1.03957    1.06365    1.08724    1.11041    1.13308    1.15529    1.1771    1.19795    1.21969    1.23948    1.26024    
RU106    0.00331618    0.211542    0.240587    0.256188    0.26459    0.268718    0.270199    0.270052    0.275572    0.272173    0.269167    0.266395    0.26394    0.261751    0.259812    0.258137    0.256662    0.255441    0.254251    0.253297    0.252396    0.251578    0.250792    0.250086    0.249524    0.248883    0.248332    0.247754    0.247235    0.246659    0.246217    0.245702    0.245207    0.244628    0.244157    0.243594    
PD106    0.000648978    0.103095    0.187104    0.274375    0.363888    0.454874    0.546678    0.639297    0.817404    0.91258    1.00758    1.10252    1.1975    1.29267    1.38804    1.48366    1.57949    1.67592    1.77242    1.86923    1.96566    2.06368    2.1613    2.25975    2.35873    2.45755    2.55723    2.65666    2.75693    2.85692    2.95785    3.05868    3.16032    3.26177    3.36413    3.46635    
PD107    0.00263561    0.174585    0.234385    0.286523    0.334308    0.378975    0.421305    0.461819    0.538407    0.575174    0.611012    0.645956    0.680184    0.713706    0.746522    0.778853    0.810422    0.841496    0.872031    0.901991    0.931483    0.960415    0.988775    1.0168    1.04416    1.07119    1.09765    1.1238    1.14931    1.17453    1.19932    1.22334    1.24728    1.27118    1.29416    1.31609    
PD108    0.00192203    0.124499    0.169532    0.209481    0.246536    0.281646    0.315337    0.347905    0.410439    0.440813    0.470751    0.500161    0.529208    0.55783    0.58612    0.614136    0.641724    0.669024    0.696115    0.722825    0.749295    0.775381    0.801241    0.82673    0.851925    0.876866    0.901456    0.925737    0.949758    0.973556    0.996903    1.02002    1.04288    1.06536    1.08759    1.10954    
AG109    0.000875734    0.0742614    0.0908604    0.101994    0.11061    0.117626    0.123585    0.128826    0.137936    0.142173    0.146265    0.150238    0.154188    0.158059    0.161822    0.165651    0.16948    0.173195    0.176958    0.180644    0.18433    0.187901    0.191544    0.195137    0.198675    0.202241    0.20564    0.209059    0.212497    0.215842    0.219193    0.222452    0.225715    0.228875    0.232037    0.235103    
PD110    0.00057624    0.0364359    0.0501829    0.0624832    0.0739985    0.0850003    0.0956137    0.105949    0.126039    0.135921    0.14569    0.155388    0.165048    0.174646    0.184221    0.193681    0.203217    0.212632    0.222144    0.231537    0.240927    0.250305    0.259577    0.26894    0.278191    0.287429    0.296679    0.305911    0.315137    0.324257    0.333361    0.342557    0.351654    0.360645    0.369714    0.37869    
CD110    2.1134e-06    0.00558848    0.0219085    0.0406393    0.0610741    0.0827558    0.105392    0.128754    0.177165    0.202128    0.227512    0.253212    0.279371    0.305691    0.332482    0.359524    0.386834    0.414539    0.442364    0.47054    0.498953    0.527567    0.556496    0.585576    0.614952    0.644455    0.674237    0.704124    0.734203    0.76435    0.794884    0.825316    0.856011    0.886702    0.917644    0.948642    
CD111    3.49547e-05    0.0155148    0.0246377    0.030573    0.036301    0.0419823    0.0477209    0.053543    0.0656009    0.0719015    0.0784002    0.0850873    0.091984    0.0990782    0.106395    0.113903    0.12163    0.129559    0.137693    0.14604    0.154616    0.16333    0.172267    0.181391    0.190715    0.200232    0.209956    0.219767    0.229858    0.240049    0.250434    0.260992    0.271744    0.282578    0.293602    0.304814    
CD112    7.53297e-05    0.00735299    0.0112254    0.0148797    0.0185682    0.0223342    0.0262137    0.0302362    0.038722    0.0432386    0.0479475    0.0528468    0.0579685    0.0633057    0.0688717    0.0746761    0.0807097    0.0869999    0.0935541    0.100359    0.107431    0.114779    0.12241    0.130332    0.13855    0.147051    0.155894    0.164983    0.174415    0.184193    0.194213    0.204588    0.215402    0.226453    0.237855    0.2496    
CD114    8.67201e-05    0.00830432    0.0120054    0.0152117    0.018251    0.0211868    0.0240469    0.0268682    0.0323966    0.0351435    0.0378747    0.04062    0.0433553    0.0460954    0.0488456    0.0516005    0.0543709    0.0571544    0.0599478    0.0627568    0.0655788    0.0684297    0.0712831    0.0741609    0.0770642    0.0799825    0.0829298    0.0858915    0.0888909    0.0919041    0.0949526    0.0980193    0.101121    0.104251    0.107419    0.110612    
CD116    2.63242e-05    0.00185954    0.00223968    0.00248099    0.00264794    0.00276931    0.00285917    0.00292779    0.00302583    0.00306305    0.00309417    0.00312265    0.00314781    0.00317157    0.00319375    0.00321459    0.00323486    0.00325418    0.00327288    0.0032909    0.00330877    0.00332649    0.00334343    0.00335994    0.00337597    0.00339176    0.00340772    0.00342262    0.00343746    0.00345233    0.00346611    0.00347993    0.00349278    0.0035063    0.00351906    0.00353117    
SN116    7.60212e-08    0.000441141    0.00148122    0.00220144    0.00269632    0.00304346    0.00329476    0.00348159    0.00374035    0.00383474    0.00391448    0.00398422    0.00404846    0.00410733    0.00416219    0.00421514    0.00426579    0.00431479    0.00436305    0.00441036    0.00445694    0.00450255    0.00454835    0.00459314    0.0046379    0.00468231    0.00472711    0.00477163    0.00481561    0.00485939    0.00490227    0.00494577    0.00498945    0.00503286    0.00507629    0.0051196    
SN117    2.27792e-05    0.00182839    0.00218106    0.00239283    0.00253558    0.00263699    0.00271135    0.00276721    0.00284372    0.00287199    0.00289548    0.00291653    0.00293511    0.00295185    0.00296701    0.002982    0.00299541    0.00300832    0.00302158    0.00303348    0.00304523    0.00305632    0.00306778    0.00307831    0.00308916    0.00309864    0.00310885    0.00311807    0.00312723    0.00313656    0.00314485    0.00315299    0.00316134    0.00316826    0.00317586    0.00318236    
SN118    2.48132e-05    0.0018362    0.00219627    0.00242441    0.00258433    0.00270192    0.00279318    0.00286589    0.00297708    0.00302242    0.00306279    0.00310098    0.00313596    0.00317023    0.0032031    0.0032348    0.00326589    0.00329644    0.00332602    0.00335573    0.00338405    0.00341302    0.00344123    0.00347026    0.00349663    0.00352443    0.00355227    0.00357824    0.00360582    0.00363165    0.00365699    0.00368252    0.00370789    0.00373309    0.00375647    0.00378058    
SN119    2.53604e-05    0.00186612    0.00222256    0.00244348    0.00259295    0.00269935    0.00277715    0.00283595    0.00291614    0.00294513    0.00297022    0.00299145    0.00301041    0.00302721    0.003043    0.0030571    0.0030709    0.00308378    0.003096    0.00310762    0.0031193    0.00312991    0.00314061    0.00315066    0.00316055    0.0031695    0.00317862    0.00318709    0.00319561    0.00320402    0.00321155    0.00321889    0.00322555    0.00323201    0.00323834    0.0032437    
SN120    2.58401e-05    0.00190433    0.00226591    0.00249372    0.00265167    0.00276834    0.00285789    0.00292916    0.00303779    0.00308181    0.00312167    0.00315848    0.0031931    0.00322687    0.00325837    0.00328941    0.00331894    0.00334915    0.00337869    0.00340726    0.00343425    0.00346335    0.00349068    0.00351786    0.00354435    0.00357141    0.0035977    0.0036231    0.00364858    0.00367426    0.00369976    0.00372327    0.00374847    0.00377131    0.00379538    0.00381818    
SB121    1.46972e-05    0.00195648    0.0023443    0.00252691    0.00263317    0.00269412    0.00272694    0.0027404    0.00273188    0.00271748    0.00269908    0.00267796    0.00265482    0.00263067    0.00260574    0.00258001    0.00255408    0.00252816    0.00250196    0.00247559    0.00244986    0.00242361    0.00239748    0.00237188    0.00234605    0.0023207    0.00229562    0.00227021    0.00224536    0.00221991    0.00219552    0.00217063    0.00214597    0.00212107    0.0020966    0.00207211    
SN122    2.78301e-05    0.0020844    0.00246034    0.00269063    0.00284679    0.00295895    0.00304285    0.00310806    0.00320404    0.00324137    0.00327446    0.00330387    0.00333267    0.00335895    0.00338318    0.00340622    0.00342916    0.00345063    0.00347256    0.00349437    0.00351477    0.00353462    0.0035539    0.00357291    0.00359171    0.00361057    0.00362944    0.00364672    0.00366362    0.00368067    0.00369718    0.0037135    0.00372961    0.00374549    0.00375974    0.00377392    
SB123    2.47097e-05    0.00196632    0.00251572    0.0028472    0.00305438    0.00318306    0.00326601    0.00331487    0.00335627    0.00336368    0.00336355    0.00335882    0.00335151    0.003341    0.00332876    0.00331635    0.00330283    0.00328748    0.00327209    0.00325767    0.00324148    0.00322515    0.00320884    0.00319259    0.0031753    0.00315851    0.00314157    0.00312378    0.00310661    0.00308854    0.00307042    0.00305254    0.00303379    0.00301505    0.00299647    0.0029769    
SN124    5.07972e-05    0.00361048    0.00490957    0.00610236    0.00724191    0.00835009    0.00943684    0.0105094    0.0126191    0.0136634    0.014705    0.0157397    0.0167626    0.0177931    0.0188125    0.0198312    0.0208386    0.0218565    0.0228629    0.023869    0.0248647    0.02586    0.0268551    0.0278485    0.0288421    0.0298258    0.0308089    0.0317907    0.0327623    0.0337338    0.0347043    0.035674    0.036633    0.0375923    0.0385497    0.0395062    
SB125    6.28184e-05    0.00700697    0.0094307    0.0107831    0.0119201    0.0129095    0.0137813    0.014561    0.0160737    0.0166226    0.0171342    0.0175876    0.0180018    0.0183779    0.0187236    0.0190367    0.0193181    0.0195756    0.0198073    0.0200233    0.0202121    0.0203916    0.020552    0.0206924    0.0208213    0.0209384    0.0210429    0.0211439    0.0212213    0.0212943    0.021362    0.0214246    0.0214715    0.021512    0.0215559    0.021583    
TE125    4.27825e-08    0.000125925    0.000654959    0.00124339    0.00183229    0.00240174    0.00294421    0.00345582    0.00431114    0.00473741    0.00513516    0.00550542    0.005851    0.00617375    0.00647384    0.00675333    0.00701547    0.00725855    0.00748704    0.00769935    0.00789888    0.00808577    0.00826158    0.00842654    0.0085807    0.00872671    0.00886224    0.0089912    0.00911207    0.00922769    0.00933648    0.00943853    0.00953519    0.00962699    0.00971558    0.00979761    
SN126    0.000145319    0.011493    0.0150555    0.0182775    0.0213327    0.0242928    0.0271894    0.0300481    0.0356673    0.0384498    0.0412304    0.0439923    0.0467362    0.0494753    0.0522123    0.054935    0.0576561    0.0603656    0.0630635    0.0657696    0.068454    0.0711379    0.0738189    0.076489    0.0791577    0.0818143    0.0844696    0.0871115    0.0897527    0.092392    0.0950196    0.0976339    0.100247    0.102857    0.105455    0.108041    
I127    4.86416e-05    0.0240821    0.0360012    0.0438127    0.050795    0.0572936    0.0634632    0.0693816    0.0805491    0.0860208    0.0913553    0.096558    0.10164    0.106635    0.111523    0.116327    0.121035    0.125641    0.130177    0.134656    0.138971    0.143267    0.147469    0.151584    0.155691    0.159598    0.163507    0.167406    0.171131    0.174833    0.178443    0.181952    0.185457    0.188865    0.192168    0.195478    
TE128    0.000580419    0.0486804    0.0633401    0.0763954    0.0887291    0.100643    0.112304    0.12377    0.146344    0.157548    0.168694    0.179799    0.190884    0.201842    0.21287    0.22389    0.23482    0.24573    0.256732    0.267622    0.278506    0.289289    0.300147    0.311017    0.321776    0.332519    0.34336    0.354096    0.364824    0.375534    0.386238    0.396841    0.407523    0.418106    0.428664    0.439314    
XE128    6.58817e-08    0.000128112    0.000563663    0.00105688    0.00158062    0.0021206    0.00266653    0.00321739    0.0043091    0.00484999    0.00538432    0.00591274    0.00643499    0.00694994    0.00745801    0.00795861    0.00845344    0.00893972    0.00941927    0.00989131    0.0103573    0.0108154    0.0112677    0.0117106    0.012148    0.0125797    0.0130031    0.0134196    0.0138299    0.0142321    0.0146285    0.0150183    0.0154021    0.0157782    0.016149    0.0165124    
I129    0.000837411    0.0785849    0.104579    0.122023    0.136787    0.149908    0.161798    0.172698    0.191909    0.200614    0.20877    0.216326    0.22339    0.230062    0.236276    0.24211    0.247565    0.25274    0.257533    0.262041    0.266246    0.270259    0.273957    0.277452    0.280727    0.283875    0.286693    0.289381    0.291846    0.294256    0.296433    0.298456    0.300331    0.30205    0.303615    0.305118    
TE130    0.00190691    0.148419    0.194176    0.23505    0.273518    0.310538    0.346617    0.381947    0.451252    0.48562    0.519632    0.553535    0.587293    0.620962    0.654527    0.687852    0.721203    0.754494    0.787648    0.820808    0.853821    0.886796    0.919698    0.952531    0.985282    1.01795    1.05058    1.08311    1.11555    1.14792    1.18023    1.21245    1.24469    1.27645    1.30817    1.34091    
XE130    3.00668e-06    0.00192616    0.00738847    0.0139517    0.0213703    0.0295201    0.038314    0.0476795    0.0679205    0.078709    0.0898608    0.101391    0.113222    0.125355    0.137753    0.150373    0.163223    0.17626    0.189434    0.202863    0.216351    0.229922    0.243655    0.257474    0.271394    0.28529    0.299299    0.313325    0.32745    0.341497    0.355644    0.369726    0.383841    0.397877    0.411955    0.425963    
I131    8.19731e-06    0.0404447    0.00161952    0.00132591    0.00107492    0.000871081    0.000717699    0.000605802    0.000461708    0.000429058    0.000400197    0.000378888    0.00036322    0.000351422    0.000342006    0.000334163    0.000327331    0.000321196    0.000315521    0.000310199    0.0003051    0.000300121    0.000295285    0.000290526    0.000285901    0.000281276    0.000276728    0.000272207    0.000267717    0.00026322    0.000258626    0.000254006    0.000249276    0.000244489    0.000239607    0.000234696    
XE131    0.000324027    0.198746    0.278606    0.298397    0.31125    0.319894    0.325706    0.329609    0.333681    0.334922    0.335804    0.336269    0.336665    0.336858    0.33709    0.337189    0.337246    0.337431    0.337537    0.337674    0.337767    0.337937    0.33814    0.338308    0.338516    0.338809    0.338966    0.339254    0.33946    0.339758    0.339931    0.340166    0.340455    0.34068    0.340942    0.341132    
TE132    2.33087e-06    0.0214551    0.000267883    0.000268835    0.000257957    0.00024142    0.00022348    0.000205966    0.000171482    0.000164281    0.000153275    0.000144048    0.000136153    0.00012925    0.000123058    0.000117449    0.000112317    0.000107592    0.000103239    9.91958e-05    9.54047e-05    9.18672e-05    8.8539e-05    8.5387e-05    8.23997e-05    7.95525e-05    7.68243e-05    7.42262e-05    7.16979e-05    6.92659e-05    6.69298e-05    6.46742e-05    6.24781e-05    6.03504e-05    5.82756e-05    5.62669e-05    
XE132    0.00117846    0.32969    0.507589    0.652169    0.793262    0.932682    1.07054    1.20747    1.47857    1.61366    1.74814    1.88219    2.01587    2.14986    2.28236    2.4157    2.548    2.6805    2.81321    2.94425    3.07675    3.20785    3.33958    3.4708    3.60086    3.73155    3.86302    3.99338    4.12331    4.25322    4.38287    4.51241    4.64176    4.77082    4.89992    5.02879    
I133    7.07727e-09    0.00752965    1.67592e-05    2.37069e-05    2.91815e-05    3.27115e-05    3.45167e-05    3.49324e-05    3.29512e-05    3.10846e-05    2.89421e-05    2.6669e-05    2.43577e-05    2.21135e-05    1.99495e-05    1.79448e-05    1.60729e-05    1.43732e-05    1.28207e-05    1.14284e-05    1.01804e-05    9.07021e-06    8.08318e-06    7.20874e-06    6.43766e-06    5.75802e-06    5.15925e-06    4.6321e-06    4.16994e-06    3.76225e-06    3.40499e-06    3.09156e-06    2.81538e-06    2.57246e-06    2.35751e-06    2.16812e-06    
XE133    0.00303969    0.0620679    0.0050658    0.00334814    0.00239102    0.00178121    0.00137308    0.0010945    0.000759535    0.000684175    0.000621147    0.000578645    0.000549053    0.000528258    0.000512972    0.00050138    0.000492185    0.00048457    0.000478044    0.000472181    0.000466759    0.000461614    0.000456663    0.000451927    0.000447147    0.000442432    0.000437638    0.000432744    0.000427699    0.000422412    0.00041693    0.000411128    0.000405084    0.000398844    0.000392285    0.000385536    
CS133    0.000502065    0.396424    0.575628    0.666551    0.744102    0.811983    0.872685    0.927429    1.02163    1.06375    1.10267    1.13879    1.17227    1.20353    1.23259    1.25977    1.28508    1.30904    1.33066    1.35192    1.37097    1.38867    1.40594    1.42087    1.43628    1.44926    1.4627    1.47459    1.4859    1.49562    1.50569    1.51411    1.52283    1.52988    1.53717    1.54374    
XE134    0.0065514    0.487672    0.650954    0.795925    0.931691    1.06182    1.18808    1.31164    1.55288    1.67173    1.78976    1.90682    2.02321    2.13933    2.25497    2.37042    2.48575    2.60094    2.71492    2.82893    2.94285    3.05652    3.17018    3.28383    3.39634    3.50971    3.62204    3.73433    3.84546    3.95752    4.06947    4.18037    4.29113    4.40178    4.51234    4.62275    
CS134    5.29918e-07    0.00849016    0.0341535    0.057066    0.0771875    0.0948291    0.110292    0.123966    0.148605    0.157791    0.166228    0.17399    0.181186    0.187781    0.193951    0.199744    0.204992    0.209935    0.21457    0.218822    0.222801    0.226583    0.230062    0.233264    0.236381    0.23918    0.241793    0.244286    0.246661    0.248721    0.250754    0.252655    0.254331    0.255961    0.257447    0.258885    
BA134    5.89382e-10    0.000227668    0.00235556    0.00715183    0.0143005    0.0234974    0.0344766    0.0470056    0.0737378    0.0900563    0.107289    0.125337    0.144104    0.163566    0.18364    0.20431    0.225369    0.247012    0.269049    0.291473    0.314323    0.337398    0.360813    0.384484    0.408323    0.432452    0.456762    0.481278    0.505896    0.530658    0.555542    0.580564    0.605644    0.630787    0.655973    0.681253    
CS135    0.000247352    0.0213122    0.0368785    0.0550384    0.0782129    0.105791    0.137177    0.171847    0.249385    0.291722    0.335781    0.38132    0.428101    0.47595    0.524856    0.574544    0.624998    0.676112    0.727614    0.779471    0.831814    0.884227    0.937019    0.98966    1.04253    1.09539    1.14811    1.20069    1.2532    1.3055    1.35757    1.40883    1.4612    1.51221    1.56288    1.61328    
BA135    3.27361e-09    5.91197e-07    5.50638e-06    2.52101e-05    6.80845e-05    0.000139965    0.000244632    0.000384173    0.000764315    0.00100459    0.00127916    0.00158599    0.00192376    0.00229036    0.00268357    0.00310181    0.0035433    0.00400448    0.00448736    0.00498542    0.00550033    0.00603103    0.00657383    0.00712827    0.0076926    0.00826605    0.00884895    0.00943682    0.0100312    0.0106304    0.0112349    0.0118415    0.0124495    0.0130603    0.0136727    0.0142847    
XE136    0.0117101    0.903594    1.20053    1.46567    1.71434    1.9527    2.18404    2.41072    2.85408    3.07236    3.28938    3.50493    3.72039    3.93411    4.1472    4.35983    4.57238    4.78453    4.99552    5.20633    5.41686    5.62737    5.83668    6.04677    6.2557    6.46365    6.67237    6.87993    7.08718    7.29442    7.50137    7.70719    7.91383    8.11928    8.32359    8.52861    
BA136    5.33596e-06    0.00437673    0.00802117    0.0101403    0.0124564    0.0150917    0.0181317    0.0216429    0.0305044    0.0357428    0.0416031    0.0481221    0.055332    0.0632592    0.0719033    0.0812901    0.0914558    0.102353    0.11404    0.126515    0.139773    0.153826    0.168667    0.184277    0.200774    0.218062    0.236048    0.255006    0.274628    0.295115    0.316355    0.33844    0.361264    0.384933    0.409333    0.434464    
CS137    0.00588295    0.428506    0.565193    0.68587    0.797932    0.904145    1.00664    1.10609    1.2994    1.39304    1.4852    1.57621    1.66581    1.75495    1.84271    1.9295    2.01599    2.10135    2.18564    2.26902    2.35206    2.4342    2.51534    2.59625    2.67615    2.75512    2.83376    2.91158    2.98833    3.06386    3.13934    3.21478    3.28823    3.36142    3.43368    3.50583    
BA137    2.48579e-06    0.00117709    0.00489839    0.00956776    0.0150835    0.0213896    0.0284429    0.0362103    0.0522865    0.0621004    0.0725355    0.0835883    0.0952528    0.107519    0.120367    0.133803    0.147798    0.162324    0.17741    0.193078    0.209208    0.225909    0.243079    0.260704    0.278915    0.297585    0.316713    0.336314    0.356384    0.376824    0.39782    0.419179    0.441018    0.463199    0.485865    0.508886    
BA138    0.00536519    0.387126    0.516823    0.632423    0.740666    0.844408    0.945105    1.04355    1.23604    1.33105    1.42533    1.51908    1.61257    1.70552    1.79873    1.89184    1.98373    2.07656    2.16827    2.26103    2.3527    2.44538    2.53703    2.62863    2.72106    2.81261    2.90392    2.99637    3.08772    3.17902    3.27029    3.36148    3.45368    3.54466    3.63575    3.72663    
LA139    0.00516494    0.377809    0.499892    0.606419    0.704449    0.797066    0.88556    0.970762    1.13375    1.21258    1.28956    1.36517    1.43956    1.51248    1.58468    1.65497    1.72528    1.79341    1.86148    1.92762    1.9936    2.05869    2.12254    2.18558    2.24747    2.30837    2.3683    2.42819    2.48592    2.54381    2.60044    2.6563    2.71089    2.76554    2.81924    2.87171    
BA140    0.00477615    0.106772    0.0218626    0.0196613    0.0185676    0.0178699    0.0173938    0.0170581    0.0166417    0.0164939    0.0163767    0.0162813    0.0162177    0.0161653    0.0161173    0.0160689    0.0160362    0.0159981    0.0159626    0.0159387    0.0159062    0.0158743    0.0158428    0.0158214    0.0157905    0.0157597    0.0157381    0.0157069    0.0156753    0.0156432    0.0156203    0.0155873    0.0155538    0.0155199    0.0154855    0.0154605    
LA140    0.000276782    0.0133078    0.0016961    0.00116386    0.000872685    0.000685596    0.000558709    0.000470595    0.000355207    0.000334854    0.000312689    0.000296678    0.000284778    0.000275813    0.000268807    0.000263153    0.000258397    0.000254344    0.00025077    0.00024755    0.000244531    0.000241801    0.000239131    0.000236541    0.000234094    0.000231655    0.000229283    0.000226878    0.00022452    0.000222078    0.000219639    0.000217117    0.000214545    0.00021194    0.000209266    0.000206572    
CE140    0.000133792    0.268487    0.496149    0.61803    0.73285    0.844061    0.953107    1.06094    1.28084    1.38797    1.49524    1.60273    1.71093    1.81934    1.92854    2.0384    2.14812    2.25873    2.37014    2.48244    2.59571    2.70874    2.82275    2.93666    3.05131    3.16702    3.28347    3.3999    3.51616    3.63436    3.75246    3.87041    3.98919    4.10881    4.22834    4.34875    
CE141    0.00429582    0.187457    0.0601567    0.0459923    0.0425753    0.0408733    0.0397871    0.0390292    0.0395176    0.0379684    0.0376447    0.0374799    0.0373581    0.0372745    0.0372038    0.037144    0.0370983    0.0370616    0.0370307    0.0369944    0.0369697    0.0369465    0.0369235    0.0369016    0.0368793    0.0368566    0.036834    0.0368104    0.0367855    0.0367602    0.0367335    0.0367157    0.0366769    0.0366472    0.0366167    0.036585    
PR141    0.000139237    0.166602    0.40117    0.507528    0.595109    0.675502    0.75123    0.823354    0.957791    1.02378    1.08692    1.14815    1.20778    1.26605    1.32298    1.37849    1.43296    1.48608    1.53831    1.58852    1.63875    1.68708    1.73438    1.78087    1.82718    1.87174    1.91524    1.95784    1.99936    2.03994    2.08062    2.11931    2.15797    2.19471    2.23146    2.26716    
CE142    0.00448017    0.341888    0.455682    0.555375    0.648579    0.737599    0.824157    0.908839    1.07399    1.15516    1.23579    1.31593    1.39544    1.47461    1.55335    1.63202    1.70951    1.78791    1.86531    1.9435    2.01967    2.09687    2.17394    2.24988    2.32679    2.40269    2.47857    2.55329    2.62901    2.70366    2.77816    2.85269    2.92704    3.00136    3.07473    3.14795    
ND142    1.23219e-08    0.00105993    0.00771854    0.0170201    0.0280081    0.0404245    0.0541067    0.0689689    0.101714    0.119516    0.138203    0.157686    0.177916    0.198839    0.22045    0.242533    0.265261    0.288551    0.312295    0.3365    0.361186    0.386139    0.411485    0.437121    0.463065    0.489302    0.515855    0.542508    0.569297    0.596405    0.623558    0.650833    0.678265    0.705708    0.733235    0.76081    
CE143    9.8332e-09    0.00850068    2.4055e-05    3.18925e-05    3.8083e-05    4.20909e-05    4.41578e-05    4.46627e-05    4.25344e-05    4.0446e-05    3.80843e-05    3.55419e-05    3.29765e-05    3.04669e-05    2.80657e-05    2.5812e-05    2.37187e-05    2.18117e-05    2.00781e-05    1.8504e-05    1.71026e-05    1.58608e-05    1.47518e-05    1.37625e-05    1.28917e-05    1.21232e-05    1.14451e-05    1.08482e-05    1.03218e-05    9.85805e-06    9.45032e-06    9.09059e-06    8.77357e-06    8.494e-06    8.2452e-06    8.02533e-06    
PR143    0.00195188    0.0906435    0.0186205    0.0167324    0.0158322    0.0152735    0.0148965    0.0146359    0.0144707    0.0142222    0.0141424    0.0140974    0.0140583    0.0140364    0.0140161    0.0139936    0.0139856    0.0139714    0.013969    0.0139581    0.0139482    0.0139486    0.0139397    0.0139407    0.0139319    0.0139328    0.0139239    0.0139146    0.0139151    0.0139053    0.0139049    0.0138942    0.0138831    0.0138814    0.0138695    0.0138573    
ND143    0.000112563    0.183426    0.253303    0.236295    0.220525    0.207716    0.197963    0.190676    0.183378    0.180493    0.178429    0.177325    0.17679    0.176819    0.177099    0.177763    0.178499    0.179516    0.18056    0.181684    0.18296    0.184171    0.185496    0.186929    0.188262    0.189691    0.191207    0.19262    0.194118    0.195603    0.197076    0.198634    0.200082    0.201611    0.203031    0.20454    
CE144    0.0037337    0.24428    0.26096    0.264991    0.263548    0.259748    0.255072    0.250226    0.250536    0.24467    0.239802    0.235954    0.232741    0.230131    0.228039    0.226358    0.2249    0.223722    0.222717    0.221895    0.221187    0.220444    0.219923    0.219395    0.218836    0.218328    0.217958    0.217512    0.217085    0.216575    0.216169    0.215768    0.21537    0.214871    0.214472    0.213972    
ND144    1.71266e-05    0.0562009    0.245557    0.43157    0.609185    0.778943    0.941329    1.09768    1.39319    1.54019    1.68383    1.82478    1.96405    2.10123    2.23665    2.37163    2.5058    2.6381    2.77101    2.90344    3.03567    3.16677    3.29867    3.42931    3.56013    3.69073    3.82128    3.95176    4.08222    4.21172    4.34208    4.47151    4.60174    4.73085    4.86005    4.9901    
ND145    0.00263525    0.209631    0.267232    0.313425    0.3537    0.389693    0.42264    0.453036    0.507726    0.532857    0.556653    0.579304    0.600878    0.62167    0.641482    0.660622    0.678978    0.696754    0.713921    0.730483    0.746505    0.762074    0.77719    0.791912    0.806143    0.820068    0.833574    0.846827    0.859736    0.872396    0.88468    0.896784    0.90869    0.920309    0.931622    0.942819    
ND146    0.00248973    0.184693    0.260991    0.334171    0.406767    0.479804    0.553568    0.628466    0.781434    0.859928    0.939477    1.02017    1.10208    1.1852    1.26928    1.35455    1.4407    1.52779    1.61583    1.70509    1.79513    1.88579    1.97713    2.06923    2.16203    2.25563    2.34993    2.4449    2.5399    2.63649    2.73291    2.83012    2.92824    3.02616    3.12574    3.22428    
ND147    0.00181868    0.0349835    0.00407055    0.00272793    0.00197256    0.0014893    0.00116465    0.000943406    0.00066738    0.000622022    0.000574358    0.000543683    0.000523745    0.000510945    0.000502685    0.000497469    0.000494443    0.000492422    0.000491317    0.000490761    0.000490514    0.000490376    0.000490334    0.000490295    0.000490182    0.000490029    0.000489833    0.00048939    0.000488896    0.000488072    0.000487097    0.000485904    0.00048445    0.000482835    0.000480981    0.000478936    
PM147    0.000181683    0.0905551    0.104918    0.0924316    0.083337    0.0770105    0.0726878    0.0697543    0.0675203    0.0661542    0.0653157    0.0648152    0.0645313    0.0644077    0.064383    0.0644293    0.0645258    0.0646478    0.0648008    0.0649722    0.0651581    0.0653516    0.0655502    0.0657606    0.0659733    0.0661944    0.0664155    0.0666347    0.0668629    0.0670889    0.0673133    0.0675452    0.0677656    0.0679931    0.0682196    0.0684441    
SM147    1.33787e-07    0.00224806    0.0108858    0.0176813    0.0227938    0.0266797    0.0296752    0.0320206    0.0348667    0.0362493    0.0373863    0.0383364    0.0391366    0.0398336    0.0404419    0.0409734    0.0414548    0.0418925    0.0422893    0.0426509    0.0429801    0.0432907    0.0435873    0.0438563    0.0441113    0.0443606    0.0445958    0.0448275    0.0450413    0.0452545    0.0454553    0.0456597    0.0458479    0.0460376    0.0462269    0.0464142    
ND148    0.00173403    0.124088    0.165637    0.202433    0.236727    0.269412    0.301011    0.331641    0.391286    0.420437    0.449253    0.477741    0.505968    0.533894    0.561708    0.589192    0.616605    0.643802    0.670747    0.697577    0.724279    0.75076    0.777022    0.803146    0.829066    0.854967    0.880537    0.905985    0.931302    0.956414    0.981391    1.00624    1.03086    1.05528    1.07954    1.1037    
PM148    1.86873e-10    0.000933934    0.00086619    0.000527437    0.000336583    0.000228221    0.000165212    0.00012714    8.71823e-05    7.56604e-05    6.66682e-05    5.96187e-05    5.39014e-05    4.91542e-05    4.51685e-05    4.17959e-05    3.89206e-05    3.64771e-05    3.44009e-05    3.26242e-05    3.11172e-05    2.98492e-05    2.87788e-05    2.78726e-05    2.71161e-05    2.64833e-05    2.59658e-05    2.55324e-05    2.51881e-05    2.49064e-05    2.46826e-05    2.45023e-05    2.43762e-05    2.42792e-05    2.42078e-05    2.41762e-05    
SM148    6.1366e-08    0.00827834    0.0395126    0.068703    0.0954246    0.120415    0.144218    0.167201    0.212557    0.23459    0.256272    0.277852    0.299258    0.320674    0.341943    0.36324    0.384575    0.405785    0.426991    0.448217    0.469446    0.490626    0.511753    0.532919    0.554038    0.575118    0.596165    0.61728    0.638359    0.659406    0.680432    0.701423    0.722407    0.743364    0.764289    0.785196    
PM149    5.6535e-07    0.00416496    0.000361216    0.000242986    0.000174265    0.000133195    0.000107429    9.02906e-05    6.9069e-05    6.1841e-05    5.57948e-05    5.07598e-05    4.6489e-05    4.28415e-05    3.96951e-05    3.69803e-05    3.46534e-05    3.26326e-05    3.0885e-05    2.93868e-05    2.80846e-05    2.69535e-05    2.59922e-05    2.51472e-05    2.44339e-05    2.38072e-05    2.32621e-05    2.27915e-05    2.23964e-05    2.20449e-05    2.17379e-05    2.14861e-05    2.12622e-05    2.1066e-05    2.08834e-05    2.07407e-05    
ND150    0.00104593    0.0732633    0.0980441    0.120137    0.140804    0.160541    0.17965    0.19829    0.234485    0.252298    0.269932    0.287406    0.304774    0.321998    0.339154    0.356165    0.373062    0.389933    0.406683    0.423423    0.440041    0.456644    0.473137    0.489521    0.505883    0.522128    0.538274    0.554398    0.570404    0.586388    0.602281    0.61814    0.63389    0.649529    0.665141    0.680644    
SM150    0.000274601    0.0923412    0.138213    0.167191    0.188372    0.204148    0.216116    0.225402    0.239831    0.244676    0.248658    0.252063    0.255002    0.257575    0.260031    0.262215    0.26428    0.266338    0.268236    0.270024    0.271856    0.273583    0.275266    0.276958    0.27864    0.280387    0.28197    0.283571    0.28527    0.286853    0.288407    0.290019    0.291584    0.293093    0.294635    0.2962    
SM151    0.00034124    0.00675542    0.00157579    0.00150618    0.00142676    0.00133157    0.00122822    0.00112327    0.00092678    0.000839976    0.000760187    0.000688434    0.000624635    0.000568092    0.000518334    0.00047458    0.000436367    0.000402942    0.000373848    0.000348479    0.000326476    0.000307333    0.000290746    0.000276333    0.000263858    0.000253089    0.000243722    0.000235595    0.000228566    0.000222409    0.000217062    0.000212348    0.000208234    0.000204593    0.000201317    0.000198429    
SM152    0.000706695    0.0900909    0.107152    0.115158    0.121955    0.127752    0.132642    0.136726    0.142976    0.145472    0.147596    0.149295    0.150715    0.152033    0.153121    0.154145    0.155075    0.155886    0.156636    0.157399    0.158153    0.15877    0.159526    0.160107    0.160793    0.161369    0.162022    0.162645    0.163221    0.163747    0.164314    0.164913    0.165442    0.165996    0.166569    0.167159    
SM153    0.000253286    0.00245902    0.00121397    0.00112029    0.00103119    0.000945468    0.000863345    0.000785469    0.00064285    0.000582375    0.000525829    0.000474629    0.000428637    0.00038775    0.000351271    0.000319093    0.000290673    0.000265777    0.000243931    0.000224849    0.000208162    0.000193616    0.000180977    0.00016994    0.000160366    0.000152033    0.000144789    0.000138507    0.000133023    0.000128252    0.00012408    0.000120417    0.000117209    0.00011437    0.000111852    0.000109616    
EU153    0.000162622    0.0337201    0.0568606    0.070127    0.0788058    0.0849275    0.089527    0.0931208    0.0982994    0.100323    0.10202    0.10344    0.104629    0.10564    0.106502    0.107265    0.107926    0.108526    0.109074    0.109578    0.110052    0.110495    0.110922    0.111337    0.111758    0.112151    0.11251    0.112923    0.113282    0.113582    0.113915    0.114277    0.114661    0.114968    0.115292    0.115629    
SM154    0.000313237    0.0220227    0.0300476    0.0372661    0.0440482    0.0505458    0.0568388    0.0629621    0.0748678    0.0806665    0.0863934    0.0920541    0.0976422    0.103158    0.108624    0.114037    0.119383    0.124677    0.129908    0.135102    0.140199    0.145348    0.150292    0.155322    0.160251    0.165072    0.169978    0.174685    0.179483    0.184075    0.188757    0.193339    0.197815    0.202286    0.206747    0.211106    
EU154    1.18903e-06    0.00524678    0.0161442    0.0226608    0.0267268    0.0294602    0.0314258    0.0329324    0.0349884    0.0358276    0.0365038    0.0370736    0.0375458    0.0379512    0.0382847    0.0385837    0.0388382    0.0390725    0.0392806    0.0394709    0.0396401    0.0398081    0.0399714    0.040122    0.0402666    0.0404103    0.0405483    0.0406883    0.0408162    0.0409497    0.0410767    0.0412054    0.0413334    0.0414497    0.0415718    0.0416911    
GD154    2.12834e-10    3.20369e-05    0.000261589    0.00063674    0.00103825    0.00140806    0.00172159    0.00197214    0.00223068    0.00232119    0.00236864    0.00238027    0.00236196    0.0023207    0.00226134    0.00218806    0.00210465    0.00201487    0.00192102    0.00182565    0.00173018    0.00163631    0.00154476    0.00145656    0.00137237    0.00129249    0.00121702    0.00114626    0.00108009    0.00101862    0.000961524    0.000908878    0.000860225    0.000815451    0.000774436    0.000736846    
EU155    0.000172644    0.00459899    0.00485705    0.00639103    0.0069123    0.00689712    0.00661638    0.00621511    0.00528824    0.00486779    0.00445694    0.00407711    0.00373054    0.00341734    0.00313718    0.00288823    0.00266758    0.00247368    0.00230376    0.00215485    0.00202497    0.00191173    0.00181313    0.00172744    0.00165274    0.00158771    0.00153101    0.0014813    0.00143781    0.00139951    0.0013657    0.00133549    0.00130868    0.00128439    0.00126243    0.00124223    
EU156    0.000117224    0.00610371    0.00501538    0.00674404    0.00738946    0.00741176    0.00712632    0.00670035    0.0056307    0.00524965    0.00480883    0.00439824    0.00402411    0.00368663    0.00338397    0.0031147    0.00287654    0.00266655    0.00248272    0.00232146    0.00218058    0.00205808    0.00195115    0.00185807    0.0017771    0.00170651    0.00164485    0.00159097    0.0015436    0.00150204    0.00146517    0.00143244    0.00140302    0.00137659    0.00135272    0.00133073    
GD156    7.132e-06    0.0124756    0.0378224    0.0719633    0.115586    0.165131    0.218495    0.27452    0.408393    0.469056    0.530043    0.591782    0.653883    0.716275    0.778791    0.841449    0.904022    0.966654    1.02898    1.09122    1.15337    1.21529    1.27693    1.33853    1.39967    1.46046    1.52145    1.582    1.64231    1.70237    1.76122    1.8209    1.88038    1.93866    1.99796    2.05591    
GD158    0.00012308    0.0119518    0.019422    0.0280508    0.0380924    0.0491961    0.0611649    0.0738929    0.105457    0.120292    0.135689    0.151659    0.168182    0.185244    0.202866    0.220928    0.239478    0.258525    0.278075    0.298149    0.318635    0.339549    0.360912    0.382704    0.404953    0.427554    0.450605    0.474108    0.497976    0.522302    0.547002    0.572048    0.597475    0.623358    0.649533    0.676148    
TB159    2.00532e-05    0.00180106    0.002319    0.00266264    0.00293249    0.00316397    0.00337781    0.00358729    0.00404681    0.00429635    0.00455944    0.00483787    0.0051309    0.00543906    0.00575867    0.0060911    0.00643368    0.00678656    0.00714912    0.00751835    0.00789593    0.00827871    0.00866819    0.00906078    0.00945899    0.00986071    0.0102653    0.0106721    0.0110811    0.0114932    0.0119066    0.0123198    0.0127346    0.0131499    0.0135666    0.0139836    
