TIME    3   100   220   340   460   580   700   820   940   1060   1180   1300   1420   1540   1660   1780   1900   2020   2140   2260   2380   2500   2620   2740   2860   2980   3100   3220   3340   3460   3580   3700   3820   3940   4060   4180   
NEUT_PROD    0.744   2.13   3.16   3.91   4.49   4.94   5.3   5.59   5.82   6   6.14   6.25   6.34   6.4   6.45   6.48   6.5   6.52   6.53   6.54   6.54   6.54   6.54   6.54   6.54   6.54   6.54   6.53   6.53   6.53   6.52   6.52   6.52   6.52   6.51   6.51   
NEUT_DEST    2.62   3.48   4.2   4.77   5.25   5.64   5.96   6.23   6.46   6.65   6.81   6.95   7.06   7.16   7.25   7.33   7.4   7.46   7.52   7.57   7.62   7.67   7.71   7.75   7.79   7.82   7.86   7.89   7.92   7.95   7.98   8.01   8.03   8.06   8.08   8.1   
BUd    0.0074    0.495    0.946    1.26    1.49    1.67    1.81    1.92    2.01    2.09    2.14    2.18    2.22    2.24    2.26    2.27    2.28    2.29    2.3    2.3    2.3    2.3    2.3    2.3    2.3    2.3    2.29    2.29    2.29    2.29    2.29    2.29    2.28    2.28    2.28    2.28    
U238    999.9    997.3    994.7    992.1    989.4    986.8    984.2    981.5    978.9    976.3    973.7    971.2    968.6    966    963.4    960.9    958.3    955.8    953.2    950.7    948.2    945.7    943.1    940.6    938.1    935.7    933.2    930.7    928.2    925.7    923.3    920.8    918.4    915.9    913.5    911.1    
NP237    5.6e-05    0.01152    0.0233    0.03412    0.04406    0.0532    0.0616    0.06931    0.07639    0.08289    0.08886    0.09433    0.09935    0.1039    0.1082    0.112    0.1155    0.1188    0.1217    0.1244    0.1269    0.1291    0.1311    0.1329    0.1346    0.1361    0.1375    0.1387    0.1398    0.1408    0.1417    0.1424    0.1431    0.1437    0.1443    0.1447    
NP239    0.04745    0.08127    0.08106    0.08084    0.08063    0.08041    0.0802    0.07999    0.07977    0.07956    0.07935    0.07914    0.07893    0.07872    0.07851    0.0783    0.07809    0.07789    0.07768    0.07747    0.07727    0.07706    0.07686    0.07665    0.07645    0.07625    0.07604    0.07584    0.07564    0.07544    0.07524    0.07504    0.07484    0.07464    0.07444    0.07425    
PU238    1.026e-08    0.0004424    0.001796    0.00396    0.006924    0.01077    0.01561    0.02158    0.02879    0.03727    0.04701    0.05792    0.06987    0.08268    0.09618    0.1102    0.1244    0.1388    0.1531    0.1673    0.1811    0.1945    0.2074    0.2197    0.2315    0.2427    0.2532    0.2632    0.2725    0.2812    0.2893    0.2969    0.304    0.3105    0.3166    0.3222    
PU239    0.02389    1.895    3.199    4.056    4.619    4.986    5.224    5.377    5.474    5.533    5.568    5.586    5.594    5.595    5.592    5.586    5.577    5.568    5.557    5.546    5.535    5.524    5.512    5.5    5.488    5.476    5.464    5.452    5.439    5.427    5.415    5.402    5.389    5.377    5.364    5.351    
PU240    6.709e-05    0.1369    0.4314    0.766    1.083    1.358    1.585    1.764    1.903    2.009    2.087    2.144    2.185    2.214    2.234    2.248    2.256    2.262    2.264    2.265    2.265    2.264    2.262    2.261    2.258    2.256    2.254    2.251    2.249    2.246    2.244    2.241    2.239    2.236    2.234    2.231    
PU241    2.26e-07    0.01663    0.1004    0.2575    0.4661    0.6999    0.9362    1.159    1.36    1.534    1.681    1.801    1.898    1.974    2.034    2.079    2.114    2.139    2.158    2.171    2.18    2.186    2.19    2.192    2.192    2.192    2.191    2.19    2.188    2.186    2.184    2.182    2.18    2.178    2.175    2.173    
PU242    1.457e-10    0.0004023    0.005025    0.02011    0.05047    0.09833    0.1635    0.2442    0.3376    0.4404    0.5495    0.662    0.7754    0.8878    0.9974    1.103    1.204    1.3    1.39    1.475    1.554    1.627    1.695    1.758    1.816    1.869    1.918    1.964    2.005    2.043    2.078    2.11    2.139    2.166    2.19    2.212    
AM241    2.083e-11    5.535e-05    0.000697    0.002773    0.006814    0.01289    0.0207    0.02978    0.03958    0.04959    0.0594    0.06869    0.07724    0.08493    0.09171    0.09759    0.1026    0.1068    0.1104    0.1133    0.1156    0.1175    0.119    0.1202    0.1211    0.1218    0.1224    0.1228    0.123    0.1232    0.1233    0.1234    0.1234    0.1234    0.1234    0.1233    
AM243    6.144e-14    6.781e-06    0.000172    0.001051    0.003578    0.008849    0.0179    0.03156    0.05036    0.07453    0.104    0.1386    0.1777    0.2209    0.2674    0.3166    0.3678    0.4204    0.4738    0.5275    0.5809    0.6337    0.6855    0.7361    0.7851    0.8325    0.8781    0.9217    0.9634    1.003    1.041    1.076    1.11    1.142    1.171    1.199    
CM242    7.319e-15    1.921e-06    4.997e-05    0.0002881    0.0009032    0.002043    0.003769    0.006059    0.008819    0.01192    0.01521    0.01855    0.02183    0.02496    0.02785    0.03048    0.03283    0.03488    0.03665    0.03816    0.03943    0.04048    0.04135    0.04206    0.04263    0.04308    0.04343    0.04371    0.04392    0.04407    0.04419    0.04427    0.04432    0.04435    0.04436    0.04436    
CM244    3.677e-17    1.506e-07    7.807e-06    7.323e-05    0.0003403    0.001077    0.002673    0.00562    0.01047    0.0178    0.02816    0.04206    0.05993    0.08213    0.1089    0.1404    0.1767    0.2178    0.2635    0.3138    0.3684    0.4269    0.4892    0.5549    0.6236    0.6951    0.7688    0.8446    0.922    1.001    1.081    1.161    1.242    1.323    1.404    1.484    
SE82    9.181e-06    0.0004911    0.00128    0.002277    0.003421    0.004674    0.006008    0.007403    0.008843    0.01032    0.01182    0.01334    0.01488    0.01642    0.01798    0.01954    0.0211    0.02266    0.02423    0.02579    0.02736    0.02892    0.03048    0.03205    0.03361    0.03517    0.03672    0.03828    0.03983    0.04139    0.04294    0.04449    0.04604    0.04758    0.04913    0.05068    
KR83    1.28e-05    0.0007319    0.001873    0.003271    0.004826    0.006473    0.008168    0.009879    0.01158    0.01326    0.0149    0.0165    0.01805    0.01954    0.02098    0.02235    0.02367    0.02493    0.02613    0.02728    0.02838    0.02942    0.03042    0.03137    0.03228    0.03314    0.03397    0.03475    0.0355    0.03622    0.0369    0.03755    0.03818    0.03877    0.03934    0.03988    
KR84    2.368e-05    0.001277    0.003349    0.006013    0.009136    0.01263    0.01642    0.02047    0.02474    0.02919    0.0338    0.03855    0.04343    0.04841    0.05349    0.05865    0.06389    0.06921    0.07458    0.08002    0.08551    0.09104    0.09663    0.1023    0.1079    0.1136    0.1194    0.1252    0.131    0.1368    0.1427    0.1486    0.1545    0.1605    0.1665    0.1725    
RB85    1.648e-05    0.001028    0.002751    0.004964    0.007535    0.01038    0.01343    0.01664    0.01998    0.02342    0.02695    0.03054    0.03418    0.03787    0.04159    0.04534    0.04911    0.0529    0.05671    0.06053    0.06437    0.06822    0.07208    0.07595    0.07982    0.08371    0.08761    0.09151    0.09543    0.09935    0.1033    0.1072    0.1112    0.1151    0.1191    0.123    
KR86    3.605e-05    0.00196    0.005146    0.009202    0.0139    0.01907    0.02461    0.03045    0.03651    0.04274    0.04911    0.05558    0.06213    0.06873    0.07538    0.08206    0.08876    0.09547    0.1022    0.1089    0.1156    0.1224    0.1291    0.1358    0.1425    0.1492    0.1559    0.1626    0.1693    0.176    0.1827    0.1893    0.196    0.2027    0.2093    0.216    
RB87    4.393e-05    0.002454    0.00645    0.01154    0.01742    0.0239    0.03084    0.03814    0.04571    0.0535    0.06146    0.06954    0.07771    0.08595    0.09425    0.1026    0.1109    0.1193    0.1277    0.136    0.1444    0.1528    0.1611    0.1695    0.1779    0.1862    0.1945    0.2029    0.2112    0.2195    0.2278    0.2361    0.2443    0.2526    0.2609    0.2691    
SR88    6.089e-05    0.003501    0.009174    0.01637    0.02468    0.03382    0.04359    0.05385    0.06449    0.07541    0.08656    0.09788    0.1093    0.1209    0.1325    0.1441    0.1558    0.1675    0.1793    0.191    0.2027    0.2144    0.2262    0.2379    0.2496    0.2613    0.273    0.2847    0.2964    0.3081    0.3197    0.3314    0.343    0.3547    0.3663    0.3779    
Y89    1.658e-06    0.001836    0.007094    0.01483    0.02434    0.03516    0.04693    0.05945    0.07252    0.08602    0.09986    0.1139    0.1282    0.1426    0.1571    0.1717    0.1863    0.201    0.2157    0.2303    0.245    0.2597    0.2743    0.289    0.3036    0.3182    0.3329    0.3474    0.362    0.3766    0.3911    0.4056    0.4201    0.4346    0.449    0.4635    
SR90    9.19e-05    0.00518    0.01374    0.02465    0.03721    0.05098    0.06562    0.0809    0.09665    0.1127    0.129    0.1454    0.1619    0.1784    0.1949    0.2113    0.2276    0.2438    0.2599    0.2759    0.2918    0.3075    0.3231    0.3386    0.3539    0.3691    0.3842    0.3991    0.4139    0.4285    0.443    0.4574    0.4717    0.4858    0.4998    0.5137    
Y91    8.821e-05    0.003891    0.007139    0.009554    0.01133    0.01265    0.01365    0.01442    0.01501    0.01546    0.01582    0.01609    0.01629    0.01644    0.01655    0.01663    0.01669    0.01673    0.01675    0.01676    0.01677    0.01677    0.01676    0.01676    0.01675    0.01674    0.01673    0.01671    0.0167    0.01669    0.01668    0.01667    0.01666    0.01664    0.01663    0.01662    
ZR91    1.341e-06    0.002296    0.009355    0.02013    0.03364    0.04916    0.06619    0.08436    0.1034    0.1231    0.1434    0.164    0.1849    0.2061    0.2274    0.2488    0.2703    0.2918    0.3134    0.3349    0.3565    0.378    0.3996    0.4211    0.4425    0.464    0.4854    0.5068    0.5282    0.5495    0.5708    0.5921    0.6133    0.6346    0.6557    0.6769    
ZR92    0.0001071    0.007181    0.01944    0.03526    0.0537    0.07409    0.09599    0.119    0.143    0.1677    0.1929    0.2185    0.2444    0.2706    0.297    0.3235    0.35    0.3767    0.4034    0.4301    0.4568    0.4835    0.5102    0.537    0.5637    0.5904    0.6171    0.6438    0.6705    0.6972    0.7238    0.7505    0.7771    0.8038    0.8304    0.857    
ZR93    0.0001147    0.008836    0.0243    0.0444    0.06787    0.09384    0.1217    0.151    0.1815    0.2127    0.2446    0.277    0.3097    0.3426    0.3756    0.4087    0.4418    0.4749    0.508    0.541    0.5739    0.6067    0.6394    0.672    0.7046    0.737    0.7693    0.8014    0.8335    0.8655    0.8973    0.929    0.9607    0.9922    1.024    1.055    
ZR94    0.0001252    0.008791    0.02503    0.04654    0.07193    0.1002    0.1308    0.1631    0.1969    0.2317    0.2674    0.3038    0.3407    0.3781    0.4157    0.4537    0.4918    0.5302    0.5686    0.6072    0.6459    0.6846    0.7235    0.7624    0.8014    0.8404    0.8795    0.9187    0.9579    0.9972    1.037    1.076    1.115    1.155    1.194    1.234    
ZR95    0.0001588    0.007002    0.01388    0.0193    0.02339    0.02648    0.02885    0.03069    0.03212    0.03323    0.0341    0.03476    0.03527    0.03565    0.03593    0.03614    0.03628    0.03638    0.03644    0.03648    0.0365    0.0365    0.0365    0.03648    0.03647    0.03645    0.03642    0.0364    0.03637    0.03635    0.03632    0.03629    0.03627    0.03624    0.03621    0.03619    
NB95    2.52e-06    0.002095    0.005654    0.008784    0.01121    0.01304    0.01444    0.01552    0.01635    0.01701    0.01751    0.0179    0.0182    0.01843    0.0186    0.01873    0.01881    0.01888    0.01892    0.01894    0.01896    0.01896    0.01896    0.01896    0.01895    0.01894    0.01893    0.01891    0.0189    0.01889    0.01887    0.01886    0.01885    0.01883    0.01882    0.01881    
MO95    4.997e-08    0.0015    0.01002    0.02626    0.0487    0.07576    0.1062    0.1391    0.1739    0.21    0.247    0.2846    0.3226    0.3607    0.3989    0.4371    0.475    0.5127    0.5501    0.5871    0.6238    0.6601    0.696    0.7315    0.7666    0.8013    0.8356    0.8694    0.9029    0.936    0.9686    1.001    1.033    1.064    1.095    1.126    
ZR96    0.0001611    0.01087    0.03066    0.0568    0.08761    0.122    0.1591    0.1984    0.2393    0.2816    0.3249    0.369    0.4136    0.4587    0.5041    0.5498    0.5955    0.6414    0.6873    0.7332    0.7792    0.8251    0.8709    0.9167    0.9625    1.008    1.054    1.1    1.145    1.191    1.236    1.281    1.327    1.372    1.417    1.462    
MO96    1.582e-09    1.066e-05    9.581e-05    0.0003425    0.0008259    0.001603    0.002714    0.00419    0.006053    0.008317    0.01099    0.01409    0.01761    0.02155    0.02591    0.0307    0.03591    0.04154    0.04758    0.05402    0.06087    0.06812    0.07576    0.08378    0.09219    0.101    0.1101    0.1197    0.1295    0.1398    0.1504    0.1613    0.1726    0.1842    0.1961    0.2084    
MO97    0.0001134    0.01146    0.03269    0.06081    0.094    0.131    0.171    0.2133    0.2574    0.3029    0.3494    0.3968    0.4447    0.4931    0.5418    0.5907    0.6397    0.6888    0.7379    0.787    0.8361    0.8851    0.934    0.9829    1.032    1.08    1.129    1.178    1.226    1.274    1.323    1.371    1.419    1.467    1.515    1.563    
MO98    0.0001752    0.01226    0.03495    0.0651    0.1008    0.1407    0.184    0.2299    0.2779    0.3276    0.3785    0.4305    0.4832    0.5366    0.5904    0.6446    0.699    0.7536    0.8084    0.8633    0.9182    0.9732    1.028    1.083    1.138    1.194    1.249    1.304    1.359    1.414    1.469    1.525    1.58    1.635    1.69    1.746    
TC99    5.134e-05    0.01234    0.03561    0.06621    0.102    0.1414    0.1836    0.2275    0.2727    0.3187    0.3649    0.4111    0.457    0.5025    0.5474    0.5915    0.6348    0.6772    0.7187    0.7593    0.799    0.8377    0.8755    0.9123    0.9483    0.9833    1.017    1.051    1.083    1.115    1.146    1.176    1.205    1.234    1.262    1.289    
MO100    0.0001893    0.01407    0.04071    0.07632    0.1186    0.1659    0.2171    0.2715    0.3283    0.3869    0.4471    0.5084    0.5706    0.6334    0.6966    0.7602    0.824    0.888    0.952    1.016    1.08    1.144    1.208    1.272    1.336    1.4    1.464    1.527    1.591    1.655    1.718    1.782    1.845    1.908    1.971    2.034    
RU100    1.389e-08    0.0001319    0.0007349    0.002031    0.004173    0.007271    0.0114    0.01662    0.02297    0.03045    0.0391    0.0489    0.05985    0.07195    0.08516    0.09948    0.1149    0.1313    0.1488    0.1673    0.1868    0.2073    0.2286    0.2509    0.2741    0.2981    0.3229    0.3486    0.375    0.4022    0.4302    0.4588    0.4882    0.5183    0.549    0.5803    
RU101    0.000199    0.01344    0.03777    0.06984    0.1076    0.1497    0.1952    0.2432    0.2932    0.3447    0.3972    0.4505    0.5043    0.5583    0.6124    0.6666    0.7206    0.7743    0.8279    0.8811    0.934    0.9866    1.039    1.091    1.142    1.193    1.244    1.294    1.344    1.394    1.443    1.492    1.541    1.589    1.637    1.685    
RU102    0.000205    0.01386    0.03921    0.07296    0.1132    0.1585    0.2079    0.2608    0.3165    0.3744    0.4343    0.4958    0.5586    0.6225    0.6872    0.7528    0.819    0.8857    0.953    1.021    1.089    1.157    1.226    1.295    1.365    1.435    1.505    1.576    1.646    1.718    1.789    1.861    1.933    2.005    2.078    2.151    
RU103    0.0001762    0.007569    0.01426    0.01923    0.02294    0.02577    0.02799    0.02973    0.03111    0.0322    0.03306    0.03372    0.03424    0.03463    0.03493    0.03515    0.03531    0.03543    0.03552    0.03558    0.03562    0.03565    0.03567    0.03568    0.03569    0.03569    0.03569    0.03569    0.03569    0.03569    0.03569    0.03569    0.0357    0.0357    0.0357    0.0357    
RH103    4.597e-06    0.00625    0.02498    0.05225    0.08455    0.1195    0.1555    0.1916    0.2269    0.261    0.2934    0.3241    0.3528    0.3796    0.4043    0.4272    0.4481    0.4672    0.4847    0.5006    0.5151    0.5282    0.54    0.5508    0.5605    0.5693    0.5772    0.5844    0.5908    0.5967    0.602    0.6067    0.611    0.6149    0.6184    0.6216    
RU104    0.0001668    0.01265    0.03683    0.0694    0.1084    0.1524    0.2004    0.2517    0.3056    0.3616    0.4192    0.4781    0.538    0.5987    0.6598    0.7214    0.7833    0.8453    0.9074    0.9696    1.032    1.094    1.156    1.218    1.28    1.342    1.404    1.466    1.527    1.589    1.65    1.712    1.773    1.834    1.896    1.957    
PD104    4.739e-09    0.0002101    0.001811    0.005879    0.01308    0.02377    0.03814    0.05621    0.07794    0.1032    0.1319    0.1637    0.1986    0.2363    0.2765    0.3192    0.364    0.4107    0.4593    0.5095    0.5612    0.6142    0.6684    0.7237    0.7799    0.837    0.8948    0.9533    1.012    1.072    1.132    1.193    1.253    1.315    1.376    1.438    
PD105    5.39e-05    0.009729    0.02911    0.05534    0.08668    0.122    0.1603    0.2011    0.2437    0.2877    0.3328    0.3786    0.4249    0.4715    0.5182    0.5649    0.6116    0.6581    0.7043    0.7504    0.7961    0.8415    0.8867    0.9315    0.976    1.02    1.064    1.108    1.151    1.194    1.236    1.279    1.321    1.362    1.404    1.445    
RU106    8.922e-05    0.007531    0.02119    0.03777    0.05546    0.0732    0.09034    0.1065    0.1214    0.1349    0.147    0.1577    0.1671    0.1751    0.1821    0.1879    0.1929    0.197    0.2004    0.2032    0.2054    0.2073    0.2088    0.2099    0.2109    0.2116    0.2121    0.2125    0.2128    0.213    0.2132    0.2132    0.2133    0.2133    0.2132    0.2131    
PD106    4.361e-06    0.001368    0.00592    0.01456    0.02769    0.0454    0.0676    0.0941    0.1246    0.1589    0.1965    0.2372    0.2806    0.3264    0.3744    0.4243    0.4759    0.5289    0.5831    0.6385    0.6949    0.7522    0.8102    0.869    0.9283    0.9883    1.049    1.11    1.171    1.233    1.295    1.358    1.421    1.485    1.548    1.613    
PD107    5.297e-05    0.005624    0.01757    0.03426    0.05469    0.07819    0.1042    0.1323    0.1622    0.1933    0.2255    0.2585    0.292    0.326    0.3601    0.3944    0.4288    0.4631    0.4973    0.5315    0.5654    0.5992    0.6328    0.6662    0.6994    0.7323    0.7651    0.7976    0.83    0.8621    0.894    0.9257    0.9572    0.9884    1.019    1.05    
PD108    3.524e-05    0.003879    0.01221    0.0239    0.03826    0.05483    0.07323    0.09314    0.1143    0.1364    0.1592    0.1825    0.2063    0.2303    0.2544    0.2786    0.3027    0.3268    0.3508    0.3746    0.3983    0.4218    0.4451    0.4682    0.4911    0.5138    0.5363    0.5586    0.5806    0.6025    0.6242    0.6457    0.667    0.6881    0.709    0.7297    
AG109    2.007e-05    0.002578    0.007771    0.01469    0.0228    0.03171    0.04118    0.05097    0.06091    0.07086    0.08071    0.09038    0.09979    0.1089    0.1177    0.1262    0.1343    0.1421    0.1496    0.1567    0.1636    0.1702    0.1765    0.1826    0.1885    0.1942    0.1997    0.205    0.2101    0.2151    0.22    0.2248    0.2294    0.2339    0.2383    0.2426    
PD110    2.184e-05    0.001504    0.004302    0.008097    0.01271    0.01802    0.02392    0.03033    0.03716    0.04433    0.05179    0.05948    0.06734    0.07534    0.08343    0.09161    0.09984    0.1081    0.1164    0.1247    0.133    0.1413    0.1496    0.158    0.1663    0.1746    0.1828    0.1911    0.1994    0.2076    0.2159    0.2241    0.2323    0.2405    0.2487    0.2569    
CD110    2.592e-08    0.0001092    0.0006439    0.001832    0.003828    0.006737    0.01063    0.01556    0.02154    0.02858    0.03666    0.04578    0.0559    0.06699    0.079    0.0919    0.1056    0.1202    0.1355    0.1516    0.1683    0.1857    0.2037    0.2222    0.2414    0.2611    0.2813    0.3019    0.3231    0.3446    0.3666    0.389    0.4118    0.435    0.4586    0.4825    
CD111    2.568e-06    0.0009253    0.002532    0.004609    0.007079    0.009887    0.01299    0.01636    0.01994    0.02372    0.02767    0.03176    0.03596    0.04028    0.04468    0.04918    0.05374    0.05839    0.0631    0.06788    0.07273    0.07765    0.08264    0.0877    0.09283    0.09803    0.1033    0.1087    0.1141    0.1196    0.1252    0.1309    0.1367    0.1425    0.1485    0.1545    
CD112    1.168e-05    0.0007715    0.001813    0.003068    0.004509    0.006115    0.007871    0.009762    0.01177    0.01389    0.01609    0.01838    0.02074    0.02316    0.02564    0.02816    0.03074    0.03335    0.03601    0.0387    0.04143    0.0442    0.04701    0.04985    0.05273    0.05564    0.05859    0.06158    0.0646    0.06767    0.07077    0.07391    0.07709    0.08032    0.08358    0.08689    
CD114    1.642e-05    0.001166    0.002694    0.00445    0.006394    0.008499    0.01074    0.0131    0.01556    0.01809    0.0207    0.02335    0.02605    0.02877    0.03152    0.03428    0.03706    0.03984    0.04262    0.04541    0.0482    0.05098    0.05377    0.05655    0.05933    0.0621    0.06487    0.06764    0.0704    0.07316    0.07591    0.07866    0.08141    0.08415    0.08689    0.08963    
SN124    1.879e-05    0.0007113    0.001559    0.002502    0.003512    0.004571    0.005667    0.006789    0.007931    0.009089    0.01026    0.01143    0.01261    0.01379    0.01498    0.01616    0.01734    0.01853    0.01971    0.02088    0.02206    0.02323    0.0244    0.02556    0.02673    0.02789    0.02904    0.0302    0.03135    0.0325    0.03364    0.03478    0.03592    0.03705    0.03819    0.03932    
SB125    1.506e-05    0.0008637    0.001986    0.003219    0.004492    0.005762    0.007    0.008191    0.009323    0.01039    0.0114    0.01233    0.0132    0.01401    0.01476    0.01545    0.01609    0.01668    0.01722    0.01771    0.01817    0.01859    0.01897    0.01932    0.01964    0.01994    0.02021    0.02046    0.02068    0.02089    0.02108    0.02125    0.02141    0.02155    0.02168    0.0218    
SN126    2.518e-05    0.001126    0.00271    0.004611    0.006733    0.009014    0.01141    0.01389    0.01644    0.01903    0.02165    0.0243    0.02697    0.02964    0.03233    0.03502    0.03772    0.04041    0.0431    0.04579    0.04848    0.05117    0.05386    0.05654    0.05922    0.06189    0.06456    0.06723    0.06989    0.07256    0.07521    0.07787    0.08052    0.08317    0.08581    0.08845    
I127    4.913e-06    0.00161    0.004409    0.008002    0.01215    0.01669    0.0215    0.02649    0.0316    0.03678    0.042    0.04722    0.05244    0.05763    0.06278    0.06788    0.07293    0.07792    0.08285    0.08772    0.09253    0.09726    0.1019    0.1065    0.1111    0.1156    0.12    0.1243    0.1286    0.1329    0.137    0.1412    0.1452    0.1492    0.1532    0.157    
TE128    5.24e-05    0.003003    0.007948    0.01423    0.02147    0.02938    0.03779    0.04658    0.05563    0.0649    0.07432    0.08385    0.09347    0.1031    0.1129    0.1226    0.1324    0.1421    0.1519    0.1617    0.1715    0.1812    0.191    0.2008    0.2105    0.2203    0.23    0.2397    0.2495    0.2592    0.2689    0.2786    0.2883    0.2979    0.3076    0.3173    
I129    5.362e-05    0.004124    0.01173    0.0217    0.0333    0.04604    0.05957    0.07365    0.08809    0.1028    0.1176    0.1324    0.1473    0.162    0.1767    0.1913    0.2058    0.22    0.2342    0.2481    0.2619    0.2756    0.289    0.3023    0.3154    0.3283    0.3411    0.3537    0.3662    0.3784    0.3905    0.4025    0.4143    0.4259    0.4374    0.4488    
TE130    0.000109    0.00724    0.02028    0.03741    0.05749    0.07977    0.1037    0.1289    0.1552    0.1821    0.2097    0.2377    0.266    0.2946    0.3233    0.3522    0.3812    0.4102    0.4392    0.4682    0.4973    0.5263    0.5554    0.5844    0.6134    0.6423    0.6713    0.7002    0.7291    0.7579    0.7868    0.8156    0.8444    0.8731    0.9019    0.9306    
XE131    1.677e-05    0.009209    0.02721    0.05017    0.07605    0.1035    0.1316    0.1598    0.1875    0.2144    0.2403    0.265    0.2885    0.3106    0.3314    0.3509    0.3691    0.386    0.4017    0.4163    0.4298    0.4423    0.4538    0.4645    0.4744    0.4834    0.4918    0.4995    0.5066    0.5132    0.5192    0.5248    0.5299    0.5346    0.5389    0.5429    
XE132    5.641e-05    0.01461    0.04358    0.08338    0.1319    0.1878    0.2499    0.3173    0.3895    0.4658    0.5457    0.6287    0.7145    0.8028    0.8933    0.9857    1.08    1.175    1.272    1.371    1.47    1.57    1.672    1.774    1.877    1.98    2.084    2.189    2.294    2.4    2.506    2.613    2.719    2.827    2.934    3.042    
CS133    2.268e-05    0.01754    0.05235    0.09825    0.1518    0.2107    0.2732    0.3382    0.4046    0.4716    0.5387    0.6054    0.6713    0.7361    0.7996    0.8617    0.9222    0.9811    1.038    1.094    1.148    1.2    1.251    1.3    1.347    1.393    1.438    1.481    1.522    1.563    1.602    1.64    1.676    1.712    1.746    1.779    
XE134    0.0002928    0.02118    0.06046    0.1129    0.1752    0.2453    0.3217    0.403    0.4883    0.5769    0.6679    0.7609    0.8553    0.951    1.047    1.145    1.242    1.34    1.438    1.536    1.634    1.732    1.831    1.929    2.027    2.125    2.223    2.32    2.418    2.516    2.613    2.711    2.808    2.906    3.003    3.1    
CS134    6.733e-09    0.0002257    0.001258    0.00337    0.006668    0.01116    0.01679    0.02348    0.03112    0.0396    0.04879    0.05859    0.06888    0.07956    0.09053    0.1017    0.113    0.1244    0.1358    0.1471    0.1584    0.1695    0.1804    0.1912    0.2018    0.2122    0.2223    0.2323    0.2419    0.2514    0.2605    0.2695    0.2782    0.2866    0.2948    0.3027    
BA134    4.504e-12    6.273e-06    7.164e-05    0.0002982    0.0008092    0.001735    0.003201    0.00533    0.008228    0.01199    0.01671    0.02245    0.02927    0.03722    0.04632    0.05662    0.06812    0.08083    0.09475    0.1099    0.1262    0.1437    0.1624    0.1822    0.2032    0.2252    0.2483    0.2725    0.2976    0.3238    0.3509    0.3789    0.4078    0.4376    0.4683    0.4997    
CS135    5.59e-05    0.005102    0.01499    0.0283    0.04421    0.06219    0.08186    0.103    0.1253    0.1486    0.1729    0.1981    0.2239    0.2505    0.2776    0.3054    0.3337    0.3624    0.3917    0.4214    0.4516    0.4822    0.5132    0.5446    0.5764    0.6085    0.641    0.6737    0.7068    0.7402    0.7739    0.8079    0.8421    0.8765    0.9111    0.946    
XE136    0.0004321    0.03428    0.09908    0.1859    0.2893    0.4055    0.532    0.6666    0.8078    0.9541    1.104    1.258    1.414    1.572    1.731    1.891    2.052    2.213    2.375    2.537    2.699    2.861    3.023    3.185    3.346    3.508    3.67    3.831    3.993    4.154    4.315    4.476    4.637    4.798    4.959    5.119    
BA136    4.507e-08    0.000144    0.0006085    0.001337    0.002285    0.003425    0.004741    0.006225    0.00787    0.009677    0.01164    0.01377    0.01607    0.01853    0.02116    0.02396    0.02694    0.0301    0.03343    0.03696    0.04067    0.04456    0.04866    0.05295    0.05743    0.06212    0.06701    0.07211    0.07742    0.08294    0.08867    0.09462    0.1008    0.1072    0.1138    0.1206    
CS137    0.0002435    0.01814    0.05247    0.09827    0.1525    0.2131    0.2787    0.348    0.4202    0.4945    0.5704    0.6473    0.7249    0.8028    0.8809    0.9589    1.037    1.114    1.191    1.268    1.344    1.419    1.494    1.568    1.642    1.715    1.787    1.859    1.93    2.001    2.071    2.14    2.209    2.278    2.345    2.412    
BA137    3.22e-08    5.24e-05    0.0003042    0.0008593    0.001792    0.003159    0.005002    0.007352    0.01024    0.01367    0.01767    0.02225    0.0274    0.03314    0.03946    0.04637    0.05385    0.06192    0.07056    0.07978    0.08956    0.09991    0.1108    0.1223    0.1343    0.1468    0.1599    0.1735    0.1876    0.2023    0.2175    0.2332    0.2493    0.266    0.2832    0.3009    
BA138    0.0002427    0.01718    0.04902    0.09147    0.142    0.1988    0.2607    0.3266    0.3957    0.4675    0.5413    0.6167    0.6933    0.7709    0.8492    0.928    1.007    1.087    1.166    1.246    1.326    1.406    1.485    1.565    1.645    1.725    1.804    1.884    1.964    2.043    2.123    2.202    2.282    2.361    2.441    2.52    
LA139    0.0002443    0.01717    0.04864    0.09041    0.14    0.1955    0.2559    0.32    0.3872    0.4567    0.5281    0.6008    0.6745    0.749    0.8239    0.8992    0.9746    1.05    1.126    1.201    1.276    1.351    1.426    1.501    1.575    1.65    1.724    1.797    1.871    1.944    2.017    2.09    2.163    2.235    2.307    2.379    
BA140    0.0002113    0.003916    0.006211    0.007905    0.009199    0.01022    0.01103    0.01167    0.01219    0.0126    0.01292    0.01317    0.01336    0.01351    0.01361    0.01369    0.01374    0.01378    0.0138    0.01382    0.01382    0.01382    0.01382    0.01382    0.01381    0.0138    0.01379    0.01378    0.01377    0.01376    0.01375    0.01374    0.01373    0.01372    0.01371    0.0137    
CE140    5.576e-06    0.01239    0.04108    0.08095    0.1292    0.1841    0.2441    0.3084    0.376    0.4465    0.5191    0.5935    0.6692    0.7461    0.8239    0.9023    0.9813    1.061    1.141    1.221    1.301    1.381    1.462    1.543    1.624    1.705    1.786    1.868    1.949    2.031    2.112    2.194    2.276    2.358    2.44    2.522    
CE141    0.0001937    0.007585    0.01351    0.01782    0.02103    0.02349    0.02541    0.02692    0.02811    0.02905    0.02978    0.03035    0.03078    0.03111    0.03135    0.03152    0.03165    0.03174    0.03179    0.03183    0.03185    0.03186    0.03186    0.03185    0.03184    0.03182    0.03181    0.03179    0.03178    0.03176    0.03174    0.03172    0.0317    0.03169    0.03167    0.03165    
PR141    6.231e-06    0.008141    0.03167    0.06653    0.1096    0.1588    0.2127    0.2702    0.3304    0.3927    0.4566    0.5217    0.5876    0.654    0.7207    0.7877    0.8546    0.9215    0.9882    1.055    1.121    1.187    1.253    1.318    1.383    1.448    1.512    1.577    1.64    1.704    1.767    1.83    1.892    1.954    2.016    2.077    
CE142    0.0002084    0.01516    0.04329    0.08072    0.1251    0.1747    0.2286    0.2857    0.3455    0.4073    0.4707    0.5354    0.601    0.6673    0.7341    0.8013    0.8687    0.9364    1.004    1.072    1.14    1.207    1.275    1.343    1.411    1.478    1.546    1.613    1.68    1.748    1.815    1.882    1.949    2.016    2.083    2.15    
ND142    1.224e-10    1.246e-05    0.0001036    0.0003339    0.0007471    0.001375    0.00224    0.003362    0.004752    0.006422    0.008378    0.01063    0.01317    0.01601    0.01914    0.02257    0.0263    0.03033    0.03464    0.03925    0.04415    0.04933    0.0548    0.06055    0.06657    0.07288    0.07945    0.0863    0.09342    0.1008    0.1084    0.1163    0.1245    0.1329    0.1416    0.1505    
PR143    9.086e-05    0.00343    0.005435    0.006904    0.008017    0.008885    0.009572    0.01012    0.01055    0.0109    0.01117    0.01138    0.01154    0.01166    0.01175    0.01181    0.01186    0.01189    0.01192    0.01193    0.01194    0.01194    0.01194    0.01194    0.01194    0.01193    0.01193    0.01192    0.01192    0.01191    0.01191    0.0119    0.0119    0.01189    0.01189    0.01188    
ND143    5.231e-06    0.009947    0.03216    0.06167    0.09578    0.1327    0.1711    0.2102    0.2493    0.2878    0.3254    0.3618    0.3968    0.4303    0.4622    0.4924    0.521    0.548    0.5734    0.5972    0.6196    0.6407    0.6604    0.6788    0.6961    0.7123    0.7274    0.7416    0.7548    0.7672    0.7788    0.7897    0.7999    0.8094    0.8183    0.8267    
CE144    0.0001897    0.01129    0.02854    0.04781    0.06702    0.08514    0.1017    0.1164    0.1294    0.1406    0.1502    0.1582    0.165    0.1706    0.1752    0.1789    0.1819    0.1843    0.1861    0.1876    0.1887    0.1895    0.1902    0.1906    0.1909    0.1911    0.1912    0.1913    0.1913    0.1912    0.1912    0.1911    0.191    0.1909    0.1907    0.1906    
ND144    7.225e-07    0.001501    0.008278    0.02209    0.0436    0.07287    0.1097    0.1535    0.204    0.2605    0.3224    0.3894    0.4608    0.5362    0.6152    0.6974    0.7824    0.8699    0.9598    1.052    1.145    1.241    1.337    1.435    1.535    1.635    1.736    1.838    1.941    2.045    2.149    2.254    2.36    2.466    2.573    2.68    
ND145    0.0001467    0.01042    0.02866    0.05229    0.07976    0.11    0.1423    0.176    0.2107    0.246    0.2816    0.3173    0.3529    0.3882    0.4231    0.4576    0.4915    0.5249    0.5576    0.5898    0.6213    0.6522    0.6825    0.7121    0.7412    0.7697    0.7976    0.8249    0.8516    0.8779    0.9035    0.9287    0.9534    0.9776    1.001    1.024    
ND146    0.0001473    0.009211    0.02551    0.04719    0.07314    0.1027    0.1352    0.1703    0.2077    0.2471    0.2883    0.3309    0.375    0.4203    0.4667    0.5141    0.5625    0.6117    0.6618    0.7127    0.7643    0.8166    0.8697    0.9234    0.9777    1.033    1.088    1.144    1.201    1.259    1.316    1.375    1.434    1.493    1.553    1.614    
PM147    9.95e-06    0.005046    0.01384    0.02366    0.03334    0.04235    0.05045    0.05757    0.06374    0.06902    0.07348    0.0772    0.08029    0.08282    0.08488    0.08655    0.08788    0.08894    0.08977    0.09043    0.09094    0.09133    0.09164    0.09188    0.09206    0.0922    0.09232    0.0924    0.09248    0.09254    0.09259    0.09264    0.09268    0.09272    0.09275    0.09279    
SM147    7.302e-09    0.0001397    0.0008695    0.002341    0.004546    0.007404    0.01081    0.01465    0.01882    0.02322    0.02775    0.03236    0.03698    0.04155    0.04603    0.0504    0.05463    0.0587    0.0626    0.06633    0.06988    0.07325    0.07645    0.07947    0.08233    0.08502    0.08757    0.08996    0.09222    0.09434    0.09634    0.09822    0.09999    0.1017    0.1032    0.1047    
ND148    9.813e-05    0.006131    0.01688    0.03098    0.04761    0.06622    0.0864    0.1078    0.1303    0.1535    0.1773    0.2016    0.2262    0.2511    0.2761    0.3013    0.3265    0.3517    0.3769    0.4021    0.4273    0.4524    0.4774    0.5024    0.5273    0.5522    0.5769    0.6016    0.6262    0.6508    0.6752    0.6996    0.7239    0.7481    0.7723    0.7964    
SM148    1.626e-09    0.0002843    0.001739    0.004751    0.009431    0.01575    0.02361    0.0329    0.04347    0.0552    0.06795    0.0816    0.09605    0.1112    0.1269    0.1432    0.16    0.1771    0.1946    0.2124    0.2305    0.2488    0.2673    0.286    0.3049    0.3239    0.3431    0.3623    0.3817    0.4011    0.4207    0.4403    0.46    0.4797    0.4995    0.5193    
ND150    5.992e-05    0.003672    0.01008    0.01848    0.02839    0.0395    0.05156    0.0644    0.07785    0.09179    0.1061    0.1207    0.1356    0.1506    0.1657    0.1809    0.1961    0.2114    0.2266    0.2419    0.2571    0.2723    0.2875    0.3027    0.3178    0.3329    0.348    0.363    0.378    0.3929    0.4078    0.4227    0.4375    0.4523    0.467    0.4817    
SM150    4.157e-06    0.004362    0.01301    0.02482    0.03912    0.05536    0.07311    0.09197    0.1116    0.1318    0.1523    0.1729    0.1935    0.2138    0.2339    0.2537    0.273    0.2919    0.3103    0.3282    0.3456    0.3625    0.3789    0.3948    0.4102    0.4252    0.4397    0.4537    0.4673    0.4806    0.4934    0.5058    0.5178    0.5295    0.5409    0.5519    
SM151    2.15e-05    0.001497    0.002918    0.004124    0.005173    0.006118    0.006988    0.0078    0.008563    0.009283    0.009963    0.01061    0.01122    0.0118    0.01236    0.01288    0.01339    0.01388    0.01435    0.0148    0.01523    0.01565    0.01606    0.01645    0.01683    0.01719    0.01755    0.01789    0.01823    0.01855    0.01886    0.01917    0.01946    0.01975    0.02003    0.0203    
SM152    2.787e-05    0.002969    0.009211    0.0174    0.02661    0.03629    0.04607    0.05574    0.06515    0.07421    0.08285    0.09106    0.09882    0.1061    0.113    0.1195    0.1256    0.1313    0.1367    0.1418    0.1466    0.1511    0.1555    0.1596    0.1635    0.1673    0.1709    0.1743    0.1776    0.1808    0.1838    0.1868    0.1896    0.1924    0.195    0.1976    
EU153    7.733e-06    0.001414    0.004499    0.009212    0.01541    0.0229    0.03143    0.04077    0.05069    0.06101    0.07154    0.08212    0.09265    0.103    0.1131    0.123    0.1324    0.1416    0.1503    0.1587    0.1667    0.1743    0.1815    0.1884    0.1949    0.2012    0.2071    0.2128    0.2182    0.2233    0.2283    0.233    0.2375    0.2418    0.2459    0.2499    
SM154    1.186e-05    0.0008901    0.002588    0.004885    0.007647    0.01078    0.01423    0.01792    0.02181    0.02587    0.03005    0.03434    0.0387    0.04311    0.04756    0.05204    0.05653    0.06104    0.06554    0.07004    0.07454    0.07902    0.0835    0.08796    0.09241    0.09684    0.1013    0.1057    0.11    0.1144    0.1188    0.1231    0.1274    0.1317    0.136    0.1403    
EU154    1.463e-08    9.174e-05    0.0005022    0.001384    0.002831    0.004884    0.007538    0.01075    0.01447    0.01861    0.0231    0.02785    0.03279    0.03784    0.04294    0.04803    0.05307    0.05803    0.06286    0.06756    0.07209    0.07647    0.08066    0.08468    0.08853    0.0922    0.09571    0.09905    0.1022    0.1053    0.1082    0.111    0.1136    0.1161    0.1185    0.1209    
EU155    7.095e-06    0.0004003    0.0009487    0.001562    0.002263    0.003089    0.004069    0.005212    0.006517    0.00797    0.00955    0.01123    0.013    0.01482    0.01667    0.01854    0.0204    0.02224    0.02404    0.0258    0.02752    0.02917    0.03077    0.0323    0.03377    0.03517    0.03652    0.0378    0.03903    0.0402    0.04132    0.04238    0.0434    0.04437    0.0453    0.04619    
GD156    2.148e-07    0.0003555    0.001467    0.003327    0.005927    0.009307    0.01354    0.01875    0.02502    0.03249    0.04124    0.05136    0.06291    0.07594    0.09046    0.1065    0.124    0.143    0.1634    0.1852    0.2084    0.2328    0.2585    0.2853    0.3132    0.3421    0.372    0.4028    0.4344    0.4668    0.4999    0.5337    0.5682    0.6032    0.6387    0.6748    
GD158    2.027e-06    0.0003804    0.00117    0.00228    0.003664    0.005292    0.007144    0.009209    0.01148    0.01394    0.0166    0.01946    0.02251    0.02577    0.02924    0.03293    0.03684    0.041    0.0454    0.05005    0.05497    0.06017    0.06565    0.07143    0.0775    0.08388    0.09057    0.09759    0.1049    0.1126    0.1206    0.1289    0.1376    0.1467    0.156    0.1658    
