TIME    3   100   220   340   460   580   700   820   940   1060   1180   1300   1420   1540   1660   1780   1900   2020   2140   2260   2380   2500   2620   2740   2860   2980   3100   3220   3340   3460   3580   3700   3820   3940   4060   4180   
NEUT_PROD    253   223   196   172   151   132   116   102   89.6   78.7   69.2   60.9   53.6   47.3   41.7   36.9   32.7   29   25.8   23   20.6   18.5   16.7   15.1   13.7   12.6   11.5   10.7   9.93   9.29   8.73   8.26   7.86   7.52   7.22   6.97   
NEUT_DEST    134   122   110   99.7   90.1   81.7   74.1   67.5   61.6   56.4   51.8   47.7   44.2   41   38.2   35.7   33.6   31.7   30   28.5   27.1   26   25   24   23.2   22.5   21.9   21.3   20.8   20.3   19.9   19.6   19.2   18.9   18.6   18.4   
BUd    3.05    92.6    83.9    73.6    64.6    56.7    49.8    43.7    38.4    33.7    29.6    26    22.9    20.2    17.8    15.7    13.9    12.3    10.9    9.69    8.64    7.72    6.93    6.24    5.65    5.13    4.68    4.3    3.96    3.68    3.43    3.22    3.04    2.88    2.74    2.63    
U234    0.000197    0.006006    0.011    0.01523    0.01898    0.02251    0.02611    0.03004    0.03451    0.03974    0.0459    0.05314    0.06155    0.07124    0.08224    0.09458    0.1083    0.1233    0.1396    0.1571    0.1758    0.1956    0.2164    0.2381    0.2606    0.2838    0.3075    0.3317    0.3563    0.3812    0.4062    0.4312    0.4563    0.4812    0.5058    0.5302    
U235    996.1    877.3    769.6    675.2    592.3    519.6    455.9    399.9    350.8    307.8    270    236.9    207.8    182.3    159.9    140.3    123.1    108    94.76    83.14    72.94    64    56.16    49.28    43.24    37.95    33.31    29.24    25.67    22.54    19.79    17.39    15.28    13.42    11.8    10.38    
U236    0.7411    22.97    42.66    59.48    73.79    85.92    96.13    104.7    111.8    117.6    122.3    126    128.9    131.1    132.7    133.7    134.2    134.4    134.2    133.6    132.9    131.9    130.7    129.4    127.9    126.3    124.7    122.9    121.1    119.3    117.4    115.5    113.6    111.7    109.7    107.8    
U237    0.0001993    0.04391    0.08163    0.1139    0.1413    0.1645    0.1841    0.2005    0.214    0.2252    0.2342    0.2414    0.247    0.2512    0.2541    0.2561    0.2571    0.2574    0.257    0.256    0.2545    0.2526    0.2503    0.2478    0.245    0.242    0.2388    0.2355    0.232    0.2285    0.2249    0.2213    0.2176    0.2139    0.2102    0.2065    
U238    2.013e-07    0.001997    0.007667    0.01647    0.02792    0.04163    0.05722    0.07438    0.09284    0.1124    0.1327    0.1538    0.1754    0.1973    0.2195    0.2419    0.2644    0.2868    0.3092    0.3315    0.3535    0.3754    0.3971    0.4184    0.4395    0.4602    0.4806    0.5007    0.5204    0.5397    0.5587    0.5773    0.5955    0.6133    0.6308    0.6479    
NP237    2.098e-05    0.2028    0.7934    1.683    2.797    4.073    5.461    6.918    8.408    9.903    11.38    12.82    14.21    15.55    16.81    18    19.11    20.14    21.08    21.95    22.74    23.45    24.08    24.64    25.13    25.55    25.91    26.21    26.46    26.64    26.78    26.88    26.93    26.94    26.91    26.85    
NP238    1.067e-08    0.000493    0.00193    0.004096    0.00681    0.009921    0.0133    0.01685    0.02048    0.02413    0.02773    0.03124    0.03464    0.03788    0.04096    0.04385    0.04656    0.04907    0.05138    0.05349    0.05541    0.05714    0.05868    0.06005    0.06124    0.06227    0.06315    0.06388    0.06447    0.06493    0.06527    0.0655    0.06562    0.06565    0.06558    0.06543    
PU238    2.183e-09    0.005211    0.04218    0.1343    0.2967    0.5383    0.8628    1.27    1.757    2.319    2.949    3.639    4.382    5.167    5.988    6.835    7.701    8.578    9.459    10.34    11.21    12.06    12.9    13.71    14.5    15.26    15.99    16.68    17.34    17.96    18.54    19.08    19.59    20.06    20.48    20.87    
PU239    1.774e-12    0.0001014    0.001505    0.006682    0.01845    0.03942    0.07166    0.1167    0.1753    0.2479    0.3342    0.4337    0.5454    0.6682    0.8008    0.9419    1.09    1.243    1.401    1.561    1.723    1.885    2.046    2.206    2.362    2.514    2.663    2.806    2.943    3.075    3.2    3.319    3.431    3.535    3.633    3.724    
PU240    2.323e-15    2.992e-06    8.428e-05    0.0005404    0.001917    0.004932    0.01037    0.01901    0.03151    0.04841    0.07007    0.09671    0.1284    0.1649    0.2062    0.2518    0.3015    0.3546    0.4108    0.4695    0.5301    0.5923    0.6554    0.719    0.7826    0.8459    0.9084    0.9698    1.03    1.088    1.145    1.199    1.251    1.3    1.347    1.392    
PU241    3.828e-18    1.839e-07    9.846e-06    9.233e-05    0.0004248    0.001328    0.003257    0.006764    0.01245    0.02091    0.03268    0.04822    0.06788    0.09189    0.1203    0.1532    0.1904    0.2317    0.2768    0.3253    0.3769    0.431    0.4873    0.5453    0.6044    0.6644    0.7247    0.7849    0.8448    0.9038    0.9617    1.018    1.073    1.126    1.178    1.226    
SE77    4.237e-05    0.003309    0.00626    0.008815    0.01102    0.01293    0.01456    0.01597    0.01717    0.01819    0.01906    0.01979    0.02041    0.02092    0.02133    0.02167    0.02195    0.02216    0.02232    0.02243    0.02251    0.02255    0.02256    0.02255    0.02252    0.02246    0.0224    0.02231    0.02222    0.02212    0.022    0.02189    0.02176    0.02163    0.0215    0.02137    
SE78    0.0002107    0.007012    0.01321    0.01867    0.02349    0.02775    0.03152    0.03486    0.03782    0.04044    0.04277    0.04485    0.0467    0.04836    0.04984    0.05117    0.05237    0.05346    0.05444    0.05534    0.05616    0.05691    0.05761    0.05825    0.05885    0.0594    0.05993    0.06042    0.06089    0.06133    0.06175    0.06216    0.06255    0.06292    0.06329    0.06364    
SE79    0.0005682    0.01786    0.03353    0.04726    0.05931    0.06987    0.07913    0.08725    0.09437    0.1006    0.1061    0.1109    0.1151    0.1188    0.1221    0.1249    0.1275    0.1297    0.1316    0.1334    0.1349    0.1362    0.1374    0.1385    0.1394    0.1403    0.1411    0.1418    0.1424    0.1429    0.1435    0.1439    0.1444    0.1448    0.1452    0.1455    
SE80    0.001368    0.04284    0.08043    0.1134    0.1424    0.1678    0.1901    0.2097    0.2269    0.242    0.2553    0.2669    0.2772    0.2863    0.2942    0.3012    0.3075    0.3129    0.3178    0.3221    0.3259    0.3294    0.3324    0.3351    0.3376    0.3398    0.3418    0.3436    0.3453    0.3468    0.3482    0.3495    0.3508    0.3519    0.353    0.354    
BR81    0.002326    0.07303    0.1365    0.1917    0.2395    0.2809    0.3167    0.3475    0.3741    0.3968    0.4163    0.4328    0.4469    0.4587    0.4686    0.4768    0.4835    0.489    0.4933    0.4967    0.4992    0.501    0.5021    0.5027    0.5028    0.5025    0.5019    0.5009    0.4997    0.4983    0.4966    0.4948    0.4929    0.4908    0.4887    0.4864    
SE82    0.003692    0.1156    0.217    0.3059    0.384    0.4525    0.5126    0.5653    0.6116    0.6523    0.688    0.7194    0.7469    0.7712    0.7925    0.8112    0.8278    0.8424    0.8553    0.8666    0.8767    0.8857    0.8936    0.9006    0.9069    0.9125    0.9176    0.9221    0.9262    0.9299    0.9333    0.9364    0.9393    0.9419    0.9444    0.9467    
KR82    7.981e-07    0.0003456    0.001236    0.002583    0.00431    0.006351    0.008647    0.01115    0.01381    0.01661    0.01949    0.02244    0.02543    0.02844    0.03146    0.03447    0.03745    0.0404    0.04331    0.04617    0.04897    0.05171    0.05439    0.05701    0.05955    0.06202    0.06442    0.06675    0.069    0.07118    0.07329    0.07532    0.07728    0.07918    0.081    0.08275    
KR83    0.005526    0.1845    0.3378    0.4637    0.566    0.6481    0.7127    0.7625    0.7997    0.826    0.8432    0.8527    0.8557    0.8534    0.8465    0.8361    0.8226    0.8068    0.7891    0.77    0.7498    0.7288    0.7073    0.6854    0.6636    0.6418    0.6202    0.5989    0.5781    0.5577    0.5379    0.5186    0.5    0.4819    0.4645    0.4478    
KR84    0.01161    0.3721    0.7078    1.011    1.285    1.533    1.758    1.963    2.149    2.318    2.473    2.615    2.745    2.864    2.974    3.075    3.168    3.255    3.335    3.409    3.478    3.542    3.602    3.658    3.71    3.759    3.805    3.848    3.889    3.927    3.964    3.998    4.031    4.062    4.091    4.12    
KR85    0.002838    0.09656    0.1796    0.2505    0.311    0.3622    0.4053    0.4415    0.4716    0.4963    0.5165    0.5326    0.5452    0.5548    0.5619    0.5666    0.5694    0.5706    0.5703    0.5689    0.5663    0.5629    0.5587    0.5539    0.5485    0.5427    0.5366    0.5302    0.5235    0.5167    0.5098    0.5028    0.4958    0.4887    0.4816    0.4745    
RB85    0.01052    0.3619    0.6822    0.9649    1.215    1.436    1.631    1.804    1.958    2.094    2.216    2.324    2.42    2.506    2.583    2.652    2.714    2.77    2.821    2.867    2.909    2.947    2.981    3.013    3.042    3.069    3.094    3.117    3.139    3.159    3.178    3.196    3.213    3.229    3.245    3.259    
KR86    0.02342    0.7334    1.377    1.942    2.437    2.872    3.253    3.588    3.882    4.14    4.367    4.566    4.741    4.895    5.03    5.149    5.253    5.346    5.427    5.499    5.563    5.619    5.668    5.712    5.751    5.785    5.816    5.843    5.868    5.89    5.91    5.928    5.945    5.96    5.974    5.987    
SR86    5.432e-08    0.0001057    0.0004603    0.001044    0.001831    0.002796    0.003919    0.005181    0.006565    0.008059    0.009649    0.01132    0.01307    0.01489    0.01677    0.0187    0.02068    0.0227    0.02476    0.02685    0.02897    0.03112    0.0333    0.03549    0.03771    0.03995    0.0422    0.04447    0.04675    0.04904    0.05135    0.05367    0.05599    0.05833    0.06068    0.06303    
RB87    0.02957    0.9493    1.783    2.514    3.155    3.718    4.211    4.644    5.024    5.357    5.65    5.906    6.132    6.329    6.503    6.656    6.79    6.908    7.012    7.104    7.185    7.256    7.319    7.374    7.422    7.465    7.503    7.538    7.568    7.595    7.619    7.641    7.661    7.679    7.695    7.71    
SR88    0.04103    1.368    2.57    3.625    4.551    5.364    6.078    6.704    7.254    7.737    8.162    8.535    8.863    9.151    9.405    9.628    9.825    9.999    10.15    10.29    10.41    10.51    10.61    10.69    10.76    10.83    10.89    10.94    10.99    11.03    11.07    11.1    11.14    11.16    11.19    11.22    
SR89    0.05622    0.9686    1.036    0.9454    0.8364    0.7353    0.6456    0.5666    0.4974    0.4367    0.3834    0.3368    0.2959    0.26    0.2286    0.2011    0.1771    0.156    0.1375    0.1214    0.1073    0.0949    0.08313    0.07346    0.06514    0.05789    0.05156    0.04603    0.0412    0.03699    0.03332    0.03011    0.02731    0.02487    0.02275    0.02089    
Y89    0.001166    0.8384    2.356    3.837    5.166    6.336    7.364    8.266    9.056    9.75    10.36    10.89    11.36    11.77    12.13    12.45    12.73    12.97    13.18    13.37    13.54    13.69    13.81    13.93    14.02    14.11    14.19    14.26    14.32    14.37    14.42    14.46    14.5    14.53    14.56    14.59    
SR90    0.0697    2.177    4.07    5.713    7.138    8.371    9.437    10.36    11.14    11.82    12.4    12.89    13.31    13.66    13.95    14.19    14.39    14.54    14.67    14.76    14.83    14.88    14.91    14.92    14.91    14.9    14.87    14.83    14.78    14.73    14.67    14.61    14.54    14.47    14.39    14.31    
ZR90    0.0001127    0.01061    0.03735    0.07821    0.1313    0.1951    0.2681    0.349    0.4368    0.5304    0.6291    0.732    0.8386    0.9483    1.061    1.175    1.291    1.409    1.527    1.647    1.767    1.888    2.009    2.13    2.252    2.373    2.494    2.615    2.735    2.855    2.975    3.094    3.212    3.33    3.448    3.565    
Y91    0.05752    1.298    1.455    1.353    1.206    1.063    0.9343    0.8206    0.7207    0.6331    0.5563    0.4889    0.4299    0.3782    0.3329    0.2932    0.2585    0.2281    0.2015    0.1782    0.1579    0.1401    0.1234    0.1095    0.09752    0.0871    0.078    0.07007    0.06315    0.05711    0.05184    0.04725    0.04324    0.03976    0.03672    0.03407    
ZR91    0.0008764    0.9455    2.768    4.605    6.274    7.752    9.05    10.19    11.19    12.06    12.83    13.5    14.09    14.61    15.07    15.46    15.81    16.12    16.39    16.62    16.83    17.01    17.17    17.31    17.44    17.54    17.64    17.72    17.8    17.86    17.92    17.97    18.02    18.06    18.1    18.13    
ZR92    0.06536    2.33    4.384    6.188    7.772    9.163    10.38    11.46    12.4    13.23    13.96    14.61    15.17    15.67    16.11    16.5    16.84    17.15    17.42    17.66    17.87    18.06    18.23    18.38    18.52    18.64    18.75    18.85    18.95    19.03    19.11    19.18    19.25    19.31    19.37    19.42    
ZR93    0.06489    2.53    4.758    6.706    8.408    9.896    11.19    12.33    13.32    14.18    14.93    15.58    16.15    16.64    17.07    17.44    17.76    18.03    18.27    18.48    18.65    18.8    18.93    19.03    19.12    19.2    19.26    19.31    19.35    19.39    19.41    19.43    19.45    19.46    19.46    19.46    
ZR94    0.07899    2.492    4.687    6.619    8.321    9.822    11.15    12.31    13.35    14.26    15.07    15.79    16.43    16.99    17.5    17.95    18.36    18.72    19.05    19.35    19.62    19.86    20.09    20.29    20.48    20.66    20.82    20.98    21.12    21.26    21.39    21.51    21.63    21.75    21.86    21.96    
ZR95    0.08077    1.556    1.789    1.686    1.511    1.334    1.174    1.031    0.9052    0.795    0.6984    0.6138    0.5397    0.4749    0.4182    0.3685    0.3252    0.2873    0.2541    0.2252    0.2    0.1781    0.1585    0.1416    0.1271    0.1144    0.1034    0.09386    0.08557    0.07839    0.07216    0.06676    0.06209    0.05805    0.05455    0.05153    
NB95    0.001288    0.5524    0.8751    0.8966    0.824    0.7334    0.6465    0.5683    0.4991    0.4383    0.385    0.3383    0.2974    0.2616    0.2303    0.2029    0.1789    0.158    0.1397    0.1237    0.1097    0.09757    0.08679    0.07743    0.06934    0.06233    0.05623    0.05094    0.04634    0.04236    0.0389    0.0359    0.03331    0.03107    0.02913    0.02745    
MO95    2.559e-05    0.4676    2.157    4.186    6.114    7.829    9.32    10.61    11.71    12.65    13.45    14.13    14.7    15.17    15.57    15.89    16.15    16.36    16.52    16.63    16.72    16.77    16.79    16.79    16.78    16.74    16.69    16.63    16.55    16.47    16.38    16.29    16.19    16.08    15.97    15.86    
ZR96    0.08169    2.559    4.804    6.772    8.498    10.01    11.34    12.5    13.52    14.42    15.2    15.89    16.49    17.02    17.49    17.9    18.26    18.58    18.86    19.1    19.32    19.51    19.68    19.84    19.97    20.09    20.2    20.3    20.39    20.47    20.54    20.61    20.67    20.73    20.78    20.83    
MO96    4.514e-06    0.002304    0.01983    0.05958    0.1215    0.2035    0.303    0.4174    0.5448    0.683    0.8306    0.9859    1.148    1.315    1.487    1.662    1.84    2.02    2.202    2.385    2.569    2.753    2.937    3.121    3.304    3.487    3.669    3.85    4.03    4.208    4.385    4.561    4.736    4.909    5.08    5.25    
MO97    0.05247    2.399    4.524    6.386    8.016    9.444    10.69    11.79    12.75    13.59    14.32    14.96    15.52    16.02    16.45    16.83    17.16    17.45    17.71    17.93    18.13    18.3    18.46    18.6    18.72    18.83    18.93    19.01    19.09    19.17    19.23    19.29    19.35    19.4    19.45    19.5    
MO98    0.07761    2.432    4.568    6.446    8.096    9.547    10.82    11.95    12.94    13.81    14.58    15.25    15.85    16.38    16.85    17.27    17.64    17.98    18.27    18.54    18.78    18.99    19.19    19.37    19.53    19.68    19.82    19.95    20.07    20.19    20.29    20.4    20.49    20.59    20.68    20.76    
MO99    0.05638    0.09349    0.08209    0.0721    0.06333    0.05564    0.0489    0.04299    0.03781    0.03328    0.02931    0.02584    0.0228    0.02014    0.01782    0.0158    0.01403    0.01249    0.01114    0.009974    0.008956    0.008072    0.007336    0.00667    0.006093    0.005594    0.005163    0.00479    0.004469    0.004192    0.003955    0.00375    0.003575    0.003425    0.003296    0.003186    
TC99    0.02213    2.387    4.52    6.333    7.867    9.157    10.23    11.13    11.86    12.45    12.93    13.29    13.57    13.77    13.9    13.98    14    13.99    13.93    13.85    13.74    13.62    13.47    13.31    13.14    12.96    12.77    12.58    12.38    12.18    11.98    11.78    11.58    11.38    11.18    10.98    
MO100    0.08525    2.669    5.009    7.061    8.861    10.44    11.82    13.04    14.1    15.04    15.86    16.58    17.21    17.76    18.25    18.68    19.06    19.4    19.69    19.95    20.19    20.39    20.58    20.75    20.9    21.03    21.16    21.27    21.37    21.47    21.55    21.64    21.71    21.79    21.85    21.92    
RU100    6.265e-06    0.03114    0.1207    0.2599    0.4411    0.6575    0.9034    1.174    1.464    1.77    2.09    2.419    2.756    3.098    3.443    3.791    4.139    4.486    4.832    5.175    5.515    5.852    6.185    6.513    6.836    7.154    7.467    7.774    8.076    8.372    8.663    8.947    9.227    9.5    9.768    10.03    
RU101    0.06886    2.168    4.055    5.696    7.119    8.354    9.422    10.35    11.14    11.83    12.42    12.92    13.35    13.71    14.02    14.28    14.5    14.68    14.83    14.95    15.05    15.13    15.19    15.23    15.27    15.29    15.3    15.3    15.3    15.29    15.28    15.26    15.24    15.22    15.19    15.16    
RU102    0.0585    1.846    3.482    4.933    6.223    7.37    8.392    9.305    10.12    10.85    11.51    12.11    12.64    13.13    13.58    13.98    14.36    14.7    15.02    15.32    15.6    15.86    16.11    16.35    16.58    16.79    17    17.2    17.4    17.59    17.77    17.96    18.13    18.31    18.48    18.65    
RU103    0.04281    0.6337    0.6324    0.5646    0.4972    0.4372    0.3845    0.3383    0.2979    0.2625    0.2317    0.2047    0.1812    0.1607    0.1428    0.1273    0.1139    0.1022    0.09215    0.08345    0.07595    0.0695    0.06545    0.06094    0.05697    0.05358    0.05071    0.04829    0.04626    0.04457    0.04316    0.042    0.04104    0.04027    0.03964    0.03914    
RH103    0.001124    0.7128    1.785    2.676    3.358    3.861    4.214    4.446    4.578    4.63    4.619    4.557    4.456    4.326    4.175    4.008    3.833    3.652    3.469    3.287    3.109    2.936    2.77    2.613    2.463    2.322    2.188    2.063    1.946    1.837    1.737    1.643    1.557    1.477    1.404    1.338    
RU104    0.02647    0.8365    1.572    2.218    2.784    3.281    3.717    4.1    4.436    4.732    4.991    5.22    5.422    5.6    5.758    5.898    6.023    6.135    6.235    6.326    6.408    6.484    6.556    6.624    6.687    6.747    6.804    6.859    6.912    6.963    7.013    7.062    7.11    7.158    7.205    7.252    
PD104    1.162e-06    0.02826    0.1644    0.4019    0.7189    1.095    1.514    1.961    2.426    2.898    3.372    3.84    4.299    4.745    5.175    5.588    5.982    6.357    6.713    7.05    7.367    7.665    7.946    8.209    8.456    8.687    8.904    9.108    9.298    9.477    9.644    9.801    9.949    10.09    10.22    10.34    
PD105    0.006079    0.4201    0.7949    1.121    1.403    1.649    1.862    2.046    2.206    2.345    2.466    2.571    2.662    2.742    2.811    2.873    2.927    2.975    3.018    3.057    3.092    3.125    3.158    3.19    3.22    3.25    3.278    3.306    3.334    3.362    3.389    3.417    3.444    3.472    3.5    3.528    
RU106    0.006014    0.1718    0.2877    0.3617    0.4046    0.4246    0.4283    0.4204    0.4049    0.3844    0.3611    0.3366    0.312    0.288    0.2653    0.2443    0.225    0.2076    0.1922    0.1787    0.167    0.1571    0.1516    0.147    0.1434    0.1407    0.1389    0.1377    0.1372    0.1373    0.1378    0.1388    0.1402    0.1418    0.1436    0.1456    
PD106    0.0004805    0.05152    0.1357    0.2414    0.3604    0.4865    0.6152    0.7435    0.8692    0.9907    1.107    1.218    1.324    1.424    1.519    1.608    1.694    1.775    1.852    1.926    1.998    2.067    2.135    2.201    2.267    2.332    2.397    2.462    2.527    2.592    2.657    2.722    2.789    2.855    2.922    2.99    
PD107    0.002814    0.08858    0.1658    0.233    0.2915    0.3424    0.3867    0.4253    0.459    0.4885    0.5145    0.5374    0.5578    0.5762    0.5929    0.6083    0.6227    0.6364    0.6495    0.6624    0.6751    0.6878    0.7031    0.7187    0.7346    0.751    0.7679    0.7853    0.8032    0.8217    0.8407    0.8603    0.8804    0.9011    0.9222    0.9438    
PD108    0.001369    0.04284    0.08027    0.1129    0.1415    0.1664    0.1882    0.2073    0.224    0.2388    0.252    0.2638    0.2745    0.2843    0.2934    0.3021    0.3104    0.3185    0.3266    0.3347    0.3429    0.3513    0.3616    0.3724    0.3835    0.3949    0.4068    0.4192    0.4319    0.4451    0.4587    0.4727    0.4871    0.5018    0.5169    0.5323    
AG109    0.0005005    0.0204    0.0371    0.05053    0.06122    0.06964    0.07619    0.08122    0.08502    0.08785    0.08993    0.09145    0.09258    0.09344    0.09416    0.09483    0.09552    0.0963    0.09723    0.09833    0.09963    0.1012    0.104    0.1071    0.1103    0.1138    0.1174    0.1212    0.1252    0.1293    0.1336    0.138    0.1425    0.1472    0.1519    0.1566    
PD110    0.0005018    0.01571    0.02949    0.04157    0.05217    0.06148    0.06967    0.07688    0.08326    0.08893    0.09399    0.09856    0.1027    0.1065    0.1101    0.1134    0.1166    0.1197    0.1228    0.1258    0.1288    0.1319    0.1356    0.1393    0.1432    0.1472    0.1513    0.1556    0.16    0.1646    0.1693    0.1741    0.1791    0.1842    0.1895    0.1949    
CD110    6.499e-07    0.001119    0.004219    0.008928    0.01493    0.02195    0.02977    0.03819    0.04707    0.05627    0.06571    0.0753    0.085    0.09475    0.1045    0.1144    0.1242    0.1341    0.144    0.154    0.164    0.1741    0.1844    0.195    0.2059    0.2171    0.2285    0.2404    0.2526    0.2651    0.2781    0.2915    0.3052    0.3194    0.3341    0.3492    
CD111    5.156e-05    0.01142    0.02264    0.03242    0.04094    0.04839    0.0549    0.06061    0.06563    0.07007    0.07401    0.07754    0.08072    0.08362    0.08629    0.08878    0.09114    0.0934    0.0956    0.09776    0.09991    0.1021    0.1045    0.1069    0.1094    0.112    0.1147    0.1175    0.1204    0.1234    0.1264    0.1296    0.133    0.1364    0.1399    0.1436    
CD112    0.0001884    0.009366    0.01778    0.02525    0.0319    0.03781    0.0431    0.04783    0.05207    0.0559    0.05936    0.06251    0.06539    0.06805    0.0705    0.0728    0.07496    0.07701    0.07897    0.08086    0.0827    0.0845    0.08635    0.0882    0.09005    0.0919    0.09377    0.09566    0.09758    0.09952    0.1015    0.1035    0.1056    0.1077    0.1098    0.112    
CD114    0.0003095    0.01677    0.03241    0.04612    0.05814    0.06866    0.07789    0.08598    0.09307    0.0993    0.1048    0.1096    0.1138    0.1176    0.1209    0.1239    0.1265    0.1289    0.1311    0.133    0.1349    0.1365    0.1382    0.1397    0.1412    0.1427    0.1441    0.1454    0.1468    0.1481    0.1494    0.1507    0.1521    0.1534    0.1547    0.156    
CD116    0.0002755    0.008632    0.01621    0.02285    0.02868    0.03379    0.03827    0.04221    0.04566    0.0487    0.05136    0.05371    0.05577    0.05759    0.0592    0.06063    0.06189    0.06302    0.06402    0.06492    0.06574    0.06647    0.06716    0.06779    0.06838    0.06892    0.06943    0.06991    0.07037    0.07081    0.07123    0.07163    0.07203    0.07241    0.07279    0.07316    
SN116    3.57e-07    0.001421    0.004953    0.009568    0.01461    0.01967    0.02454    0.02909    0.03327    0.03708    0.04051    0.04359    0.04636    0.04883    0.05105    0.05304    0.05482    0.05643    0.05789    0.05921    0.06041    0.06152    0.06254    0.0635    0.0644    0.06525    0.06605    0.06683    0.06757    0.06828    0.06898    0.06966    0.07033    0.07099    0.07163    0.07228    
SN117    0.0002451    0.008457    0.01589    0.02241    0.02812    0.03313    0.03752    0.04138    0.04477    0.04775    0.05037    0.05267    0.0547    0.0565    0.05808    0.05949    0.06074    0.06185    0.06285    0.06375    0.06455    0.06529    0.06598    0.06661    0.0672    0.06775    0.06826    0.06875    0.06921    0.06966    0.07008    0.0705    0.0709    0.07129    0.07168    0.07206    
SN118    0.0002955    0.009408    0.01767    0.02493    0.03131    0.03692    0.04184    0.04618    0.04999    0.05334    0.0563    0.05892    0.06123    0.06327    0.06508    0.0667    0.06814    0.06943    0.07058    0.07163    0.07258    0.07344    0.07425    0.07499    0.07569    0.07634    0.07695    0.07753    0.07808    0.0786    0.07911    0.07961    0.08009    0.08055    0.08101    0.08147    
SN119    0.0002825    0.008919    0.01678    0.0237    0.02979    0.03515    0.03987    0.04402    0.04767    0.05089    0.05373    0.05623    0.05844    0.06039    0.06212    0.06366    0.06504    0.06626    0.06736    0.06835    0.06925    0.07007    0.07083    0.07154    0.0722    0.07281    0.07339    0.07394    0.07446    0.07496    0.07544    0.07591    0.07636    0.0768    0.07724    0.07767    
SN120    0.0003016    0.009448    0.01774    0.02503    0.03142    0.03704    0.04198    0.04632    0.05014    0.0535    0.05646    0.05907    0.06138    0.06342    0.06523    0.06684    0.06828    0.06956    0.07071    0.07175    0.07269    0.07355    0.07435    0.0751    0.07579    0.07643    0.07703    0.07761    0.07815    0.07868    0.07918    0.07967    0.08015    0.08061    0.08107    0.08151    
SB121    0.000175    0.009791    0.01839    0.02578    0.03213    0.03756    0.04219    0.04612    0.04944    0.05223    0.05455    0.05647    0.05804    0.0593    0.0603    0.06107    0.06164    0.06205    0.06231    0.06244    0.06247    0.06241    0.0623    0.06212    0.06188    0.0616    0.06129    0.06094    0.06058    0.06019    0.05978    0.05937    0.05895    0.05852    0.05809    0.05765    
SN122    0.0003393    0.01062    0.01995    0.02813    0.03531    0.04161    0.04715    0.05201    0.05629    0.06005    0.06335    0.06627    0.06884    0.07111    0.07311    0.0749    0.07648    0.07789    0.07915    0.08028    0.0813    0.08223    0.08309    0.08389    0.08462    0.0853    0.08593    0.08653    0.0871    0.08764    0.08816    0.08865    0.08914    0.0896    0.09006    0.09051    
SB123    0.0003035    0.01026    0.02027    0.02953    0.03785    0.0452    0.05163    0.05721    0.06202    0.06615    0.06969    0.0727    0.07525    0.07739    0.07919    0.08068    0.08191    0.08291    0.08371    0.08434    0.08482    0.08518    0.08545    0.08562    0.08572    0.08576    0.08573    0.08566    0.08555    0.0854    0.08523    0.08503    0.08481    0.08458    0.08434    0.08408    
SN124    0.000527    0.01649    0.03094    0.04361    0.0547    0.06442    0.07293    0.08039    0.08693    0.09265    0.09767    0.1021    0.1059    0.1093    0.1123    0.1149    0.1172    0.1192    0.1211    0.1227    0.1241    0.1253    0.1265    0.1276    0.1285    0.1294    0.1302    0.131    0.1317    0.1323    0.1329    0.1335    0.1341    0.1346    0.1351    0.1356    
SB125    0.0004501    0.0198    0.0366    0.04981    0.05999    0.06763    0.07314    0.07689    0.07919    0.08029    0.08042    0.07978    0.07852    0.07678    0.07468    0.07231    0.06975    0.06707    0.06433    0.06156    0.05881    0.05611    0.05355    0.05108    0.0487    0.04643    0.04426    0.0422    0.04026    0.03843    0.03672    0.03511    0.03361    0.03222    0.03092    0.02971    
TE125    3.743e-07    0.0005909    0.002632    0.005923    0.01021    0.01526    0.02087    0.02688    0.03315    0.03957    0.04604    0.0525    0.05887    0.06512    0.0712    0.07709    0.08277    0.08823    0.09346    0.09845    0.1032    0.1077    0.112    0.1161    0.12    0.1237    0.1271    0.1304    0.1336    0.1365    0.1394    0.142    0.1446    0.147    0.1493    0.1515    
SN126    0.001263    0.03955    0.07425    0.1047    0.1314    0.1548    0.1754    0.1935    0.2093    0.2233    0.2355    0.2463    0.2559    0.2643    0.2717    0.2783    0.2842    0.2894    0.2942    0.2984    0.3022    0.3057    0.309    0.312    0.3149    0.3175    0.32    0.3224    0.3247    0.3269    0.3289    0.331    0.333    0.3349    0.3368    0.3387    
I127    0.0003796    0.07361    0.1464    0.2114    0.2685    0.3179    0.3605    0.397    0.428    0.4543    0.4765    0.495    0.5104    0.5231    0.5334    0.5417    0.5482    0.5532    0.5569    0.5595    0.5612    0.562    0.5625    0.5624    0.5619    0.5609    0.5597    0.5582    0.5565    0.5546    0.5525    0.5504    0.5482    0.5459    0.5436    0.5413    
TE128    0.006798    0.219    0.4114    0.5802    0.7283    0.8584    0.9726    1.073    1.161    1.238    1.306    1.366    1.419    1.466    1.507    1.543    1.576    1.604    1.63    1.653    1.674    1.693    1.71    1.726    1.741    1.754    1.767    1.779    1.79    1.8    1.811    1.82    1.83    1.839    1.847    1.856    
XE128    2.466e-07    0.0004687    0.001879    0.004142    0.007154    0.01082    0.01504    0.01974    0.02485    0.03031    0.03605    0.04203    0.04821    0.05455    0.06102    0.06759    0.07425    0.08096    0.08771    0.09449    0.1013    0.1081    0.1149    0.1216    0.1284    0.1352    0.1419    0.1486    0.1552    0.1618    0.1684    0.175    0.1815    0.1879    0.1944    0.2008    
I129    0.009677    0.3677    0.7081    1.004    1.259    1.478    1.666    1.827    1.964    2.079    2.177    2.259    2.326    2.382    2.428    2.464    2.493    2.515    2.531    2.542    2.549    2.552    2.552    2.55    2.546    2.54    2.532    2.523    2.513    2.502    2.491    2.479    2.466    2.453    2.44    2.426    
TE130    0.02658    0.8357    1.569    2.212    2.777    3.272    3.706    4.088    4.423    4.717    4.975    5.203    5.403    5.579    5.735    5.872    5.994    6.102    6.198    6.284    6.361    6.43    6.493    6.551    6.603    6.652    6.696    6.738    6.777    6.813    6.847    6.88    6.912    6.942    6.971    6.999    
XE130    4.466e-06    0.00247    0.009529    0.02062    0.03519    0.05273    0.07283    0.09509    0.1192    0.1449    0.1718    0.1999    0.2288    0.2585    0.2887    0.3195    0.3505    0.3819    0.4134    0.445    0.4767    0.5084    0.54    0.5716    0.6031    0.6345    0.6658    0.6969    0.7278    0.7585    0.789    0.8194    0.8495    0.8794    0.9091    0.9386    
I131    0.04185    0.1743    0.1529    0.1342    0.1178    0.1034    0.09078    0.07972    0.07003    0.06155    0.05412    0.04763    0.04196    0.037    0.03267    0.02889    0.0256    0.02274    0.02024    0.01808    0.01619    0.01456    0.0133    0.01208    0.01103    0.01012    0.009331    0.008656    0.008076    0.007578    0.007152    0.006787    0.006476    0.00621    0.005984    0.005791    
XE131    0.00548    1.367    2.631    3.632    4.41    5.001    5.434    5.735    5.927    6.029    6.057    6.024    5.943    5.824    5.675    5.504    5.316    5.116    4.91    4.699    4.488    4.278    4.072    3.871    3.676    3.487    3.306    3.132    2.966    2.808    2.659    2.517    2.384    2.258    2.14    2.029    
TE132    0.05654    0.1057    0.09272    0.08136    0.07139    0.06265    0.05499    0.04828    0.0424    0.03725    0.03274    0.0288    0.02535    0.02234    0.01971    0.01741    0.01541    0.01367    0.01215    0.01083    0.009682    0.008687    0.007897    0.00715    0.006504    0.005946    0.005464    0.005049    0.004692    0.004386    0.004122    0.003897    0.003704    0.003539    0.003398    0.003277    
XE132    0.01965    2.356    4.649    6.769    8.729    10.54    12.22    13.77    15.2    16.53    17.76    18.89    19.94    20.92    21.82    22.65    23.43    24.15    24.82    25.44    26.02    26.56    27.06    27.53    27.97    28.38    28.76    29.12    29.46    29.78    30.08    30.36    30.63    30.88    31.12    31.35    
I133    0.04543    0.04443    0.03898    0.03421    0.03002    0.02634    0.02312    0.0203    0.01783    0.01566    0.01377    0.01211    0.01065    0.009385    0.008276    0.007307    0.006462    0.005725    0.005083    0.004524    0.004038    0.003615    0.003264    0.002945    0.002669    0.00243    0.002223    0.002045    0.00189    0.001758    0.001643    0.001545    0.001461    0.001388    0.001326    0.001272    
XE133    0.0629    0.2679    0.2351    0.2064    0.1811    0.159    0.1397    0.1227    0.1078    0.09476    0.08336    0.07338    0.06465    0.05702    0.05035    0.04453    0.03945    0.03503    0.03117    0.02781    0.02489    0.02236    0.02025    0.01834    0.01669    0.01526    0.01402    0.01295    0.01203    0.01124    0.01055    0.009967    0.009464    0.009033    0.008663    0.008347    
CS133    0.0101    3.407    6.607    9.302    11.56    13.43    14.97    16.23    17.23    18.03    18.63    19.08    19.39    19.58    19.67    19.68    19.61    19.49    19.31    19.1    18.84    18.56    18.26    17.94    17.61    17.27    16.92    16.57    16.21    15.86    15.5    15.15    14.8    14.46    14.12    13.79    
XE134    0.1354    4.377    8.221    11.59    14.55    17.15    19.42    21.42    23.18    24.72    26.07    27.26    28.3    29.22    30.03    30.74    31.37    31.93    32.42    32.86    33.25    33.6    33.91    34.19    34.44    34.67    34.87    35.06    35.23    35.39    35.54    35.68    35.81    35.94    36.05    36.16    
CS134    3.432e-06    0.05355    0.2019    0.4147    0.6682    0.9441    1.228    1.511    1.784    2.041    2.28    2.499    2.695    2.868    3.019    3.149    3.258    3.347    3.419    3.473    3.512    3.537    3.55    3.551    3.543    3.525    3.5    3.469    3.431    3.389    3.342    3.292    3.239    3.184    3.127    3.069    
BA134    3.227e-09    0.001687    0.01382    0.04529    0.1019    0.1873    0.3031    0.4497    0.6263    0.8317    1.064    1.321    1.6    1.899    2.215    2.545    2.888    3.242    3.603    3.97    4.342    4.717    5.093    5.468    5.843    6.215    6.584    6.949    7.309    7.665    8.014    8.357    8.694    9.025    9.348    9.664    
CS135    0.02512    0.9453    1.793    2.541    3.207    3.803    4.341    4.829    5.276    5.688    6.069    6.423    6.756    7.069    7.364    7.644    7.911    8.165    8.408    8.641    8.865    9.079    9.286    9.485    9.676    9.861    10.04    10.21    10.37    10.53    10.69    10.83    10.98    11.11    11.24    11.37    
BA135    9.62e-09    1.475e-06    1.939e-05    9.287e-05    0.000278    0.0006414    0.001255    0.002192    0.003524    0.00532    0.007644    0.01055    0.0141    0.01833    0.02328    0.02899    0.03547    0.04276    0.05086    0.05978    0.06953    0.08011    0.09152    0.1037    0.1168    0.1306    0.1452    0.1606    0.1768    0.1936    0.2112    0.2295    0.2484    0.268    0.2882    0.309    
XE136    0.1925    6.503    12.21    17.22    21.61    25.46    28.85    31.82    34.43    36.72    38.73    40.5    42.06    43.43    44.64    45.7    46.65    47.48    48.22    48.88    49.47    49.99    50.47    50.9    51.28    51.63    51.96    52.25    52.53    52.78    53.02    53.24    53.45    53.65    53.85    54.03    
BA136    1.071e-05    0.005639    0.01715    0.03326    0.05345    0.07728    0.1044    0.1345    0.1673    0.2026    0.2402    0.2801    0.322    0.3658    0.4115    0.459    0.5081    0.5589    0.6113    0.6652    0.7206    0.7775    0.8358    0.8955    0.9565    1.019    1.082    1.147    1.213    1.28    1.349    1.418    1.488    1.56    1.633    1.706    
CS137    0.1132    3.538    6.616    9.291    11.61    13.62    15.36    16.86    18.15    19.26    20.21    21.02    21.71    22.29    22.78    23.19    23.52    23.8    24.02    24.2    24.34    24.44    24.51    24.56    24.58    24.59    24.57    24.55    24.51    24.46    24.41    24.34    24.27    24.2    24.12    24.03    
BA137    2.035e-05    0.01174    0.04878    0.1078    0.1858    0.2802    0.3889    0.5099    0.6413    0.7818    0.93    1.085    1.245    1.41    1.579    1.751    1.926    2.102    2.281    2.461    2.642    2.823    3.005    3.188    3.37    3.552    3.734    3.916    4.097    4.277    4.457    4.637    4.815    4.993    5.17    5.346    
BA138    0.1252    3.979    7.471    10.54    13.22    15.58    17.66    19.47    21.07    22.47    23.7    24.79    25.74    26.58    27.32    27.97    28.55    29.06    29.51    29.91    30.27    30.59    30.87    31.13    31.36    31.57    31.76    31.94    32.1    32.25    32.39    32.51    32.64    32.75    32.86    32.97    
LA139    0.1178    3.796    7.12    10.03    12.57    14.79    16.73    18.43    19.91    21.2    22.32    23.3    24.15    24.89    25.54    26.1    26.58    27    27.37    27.68    27.95    28.19    28.39    28.57    28.72    28.84    28.95    29.05    29.13    29.2    29.26    29.31    29.35    29.38    29.41    29.44    
BA140    0.1085    0.648    0.5695    0.4997    0.4385    0.3848    0.3377    0.2965    0.2603    0.2286    0.2009    0.1766    0.1553    0.1367    0.1205    0.1063    0.09389    0.08306    0.07362    0.0654    0.05824    0.052    0.04659    0.04188    0.03779    0.03424    0.03116    0.0285    0.0262    0.02421    0.02249    0.02101    0.01974    0.01864    0.01769    0.01688    
LA140    0.006277    0.08523    0.07515    0.06617    0.0583    0.05139    0.04534    0.04003    0.03538    0.0313    0.02773    0.0246    0.02187    0.01948    0.01738    0.01556    0.01396    0.01257    0.01135    0.01029    0.009367    0.008564    0.007868    0.00726    0.006733    0.006275    0.005879    0.005535    0.005238    0.004982    0.00476    0.004569    0.004405    0.004263    0.004141    0.004036    
CE140    0.002907    3.038    6.444    9.443    12.08    14.41    16.46    18.27    19.87    21.28    22.53    23.63    24.61    25.49    26.26    26.96    27.58    28.14    28.64    29.09    29.5    29.88    30.22    30.53    30.82    31.09    31.34    31.58    31.8    32.01    32.21    32.4    32.58    32.76    32.93    33.1    
CE141    0.09986    1.42    1.356    1.199    1.053    0.9242    0.8114    0.7125    0.6259    0.55    0.4835    0.4253    0.3743    0.3298    0.2908    0.2568    0.227    0.2011    0.1784    0.1587    0.1415    0.1265    0.1135    0.1022    0.09237    0.08384    0.07645    0.07005    0.06451    0.05973    0.0556    0.05203    0.04896    0.04632    0.04404    0.04208    
PR141    0.00323    2.089    5.223    8.059    10.54    12.7    14.59    16.22    17.64    18.88    19.95    20.87    21.67    22.36    22.95    23.46    23.89    24.26    24.57    24.83    25.05    25.24    25.39    25.52    25.62    25.69    25.76    25.8    25.83    25.85    25.86    25.86    25.86    25.84    25.83    25.8    
CE142    0.1091    3.538    6.648    9.376    11.77    13.87    15.71    17.32    18.74    19.98    21.07    22.03    22.88    23.62    24.27    24.84    25.34    25.79    26.18    26.53    26.84    27.11    27.36    27.58    27.77    27.95    28.11    28.25    28.38    28.5    28.61    28.72    28.81    28.9    28.98    29.06    
ND142    6.432e-08    0.00374    0.02146    0.05299    0.09663    0.1508    0.214    0.2851    0.3628    0.4464    0.5349    0.6277    0.724    0.8233    0.9251    1.029    1.135    1.242    1.35    1.459    1.569    1.679    1.79    1.9    2.011    2.122    2.232    2.343    2.453    2.563    2.672    2.781    2.89    2.998    3.105    3.212    
CE143    0.05862    0.06646    0.05833    0.0512    0.04495    0.03946    0.03466    0.03044    0.02675    0.02351    0.02067    0.01819    0.01602    0.01412    0.01245    0.011    0.009731    0.008622    0.007654    0.00681    0.006074    0.005433    0.004865    0.004379    0.003956    0.003589    0.00327    0.002994    0.002754    0.002546    0.002367    0.002212    0.002078    0.001962    0.001862    0.001776    
PR143    0.05212    0.6516    0.5737    0.5036    0.4421    0.3881    0.3408    0.2994    0.263    0.2312    0.2033    0.1789    0.1575    0.1388    0.1224    0.1081    0.09559    0.08467    0.07515    0.06683    0.05959    0.05328    0.04765    0.04286    0.03869    0.03507    0.03193    0.02921    0.02684    0.0248    0.02303    0.0215    0.02018    0.01903    0.01805    0.0172    
ND143    0.003009    2.77    5.697    8.057    9.934    11.4    12.51    13.33    13.9    14.26    14.44    14.48    14.41    14.23    13.98    13.67    13.31    12.92    12.5    12.06    11.61    11.16    10.7    10.25    9.806    9.371    8.947    8.535    8.138    7.756    7.388    7.037    6.701    6.381    6.077    5.788    
CE144    0.1053    2.928    4.754    5.801    6.305    6.44    6.328    6.058    5.693    5.278    4.843    4.409    3.988    3.591    3.221    2.88    2.57    2.289    2.037    1.811    1.61    1.431    1.272    1.132    1.008    0.8997    0.8045    0.7211    0.6481    0.5844    0.5288    0.4803    0.4381    0.4014    0.3695    0.3418    
ND144    0.0004221    0.4785    1.864    3.843    6.188    8.736    11.37    14.01    16.61    19.11    21.52    23.8    25.95    27.97    29.87    31.64    33.3    34.84    36.27    37.61    38.85    40.01    41.08    42.08    43.01    43.88    44.69    45.44    46.14    46.8    47.41    47.99    48.52    49.02    49.5    49.94    
ND145    0.06746    2.367    4.398    6.128    7.597    8.837    9.88    10.75    11.47    12.06    12.54    12.92    13.21    13.43    13.59    13.7    13.76    13.78    13.76    13.72    13.66    13.57    13.47    13.35    13.22    13.08    12.94    12.79    12.63    12.47    12.31    12.15    11.99    11.83    11.67    11.51    
ND146    0.05815    1.871    3.568    5.111    6.517    7.801    8.979    10.06    11.06    11.98    12.84    13.64    14.38    15.08    15.73    16.35    16.93    17.49    18.01    18.51    18.99    19.45    19.89    20.32    20.73    21.13    21.51    21.88    22.24    22.6    22.94    23.28    23.6    23.92    24.24    24.55    
ND147    0.04118    0.2147    0.1886    0.1657    0.1456    0.128    0.1125    0.09897    0.08712    0.07673    0.06764    0.05969    0.05274    0.04666    0.04135    0.03672    0.03268    0.02915    0.02609    0.02342    0.0211    0.01909    0.01736    0.01584    0.01453    0.0134    0.01243    0.01159    0.01086    0.01024    0.009712    0.009258    0.008871    0.008542    0.008263    0.008027    
PM147    0.003983    1.041    1.815    2.237    2.424    2.457    2.393    2.271    2.116    1.946    1.773    1.604    1.444    1.295    1.159    1.035    0.9235    0.8238    0.7352    0.6566    0.5873    0.5263    0.4727    0.4258    0.3848    0.3491    0.318    0.2909    0.2675    0.2472    0.2296    0.2145    0.2014    0.1902    0.1806    0.1724    
SM147    2.951e-06    0.03429    0.1513    0.3118    0.4885    0.6639    0.8275    0.9732    1.098    1.202    1.286    1.349    1.395    1.426    1.442    1.446    1.441    1.426    1.405    1.378    1.346    1.311    1.273    1.233    1.192    1.15    1.108    1.066    1.024    0.9835    0.9435    0.9046    0.8668    0.8304    0.7953    0.7616    
ND148    0.03389    1.07    2.007    2.826    3.543    4.17    4.717    5.196    5.613    5.977    6.295    6.572    6.814    7.024    7.207    7.366    7.504    7.624    7.729    7.819    7.898    7.966    8.026    8.077    8.122    8.161    8.195    8.224    8.25    8.272    8.292    8.309    8.324    8.337    8.349    8.359    
PM148    6.192e-06    0.01108    0.01949    0.02409    0.02615    0.02653    0.02585    0.02453    0.02287    0.02103    0.01917    0.01735    0.01562    0.01401    0.01253    0.01119    0.009987    0.008909    0.00795    0.007101    0.006351    0.005691    0.005112    0.004604    0.004161    0.003774    0.003437    0.003145    0.002891    0.002671    0.002482    0.002318    0.002177    0.002055    0.001951    0.001862    
PM148M    3.136e-06    0.01029    0.01827    0.02265    0.02462    0.025    0.02437    0.02314    0.02157    0.01985    0.01809    0.01637    0.01474    0.01322    0.01183    0.01056    0.009426    0.008409    0.007504    0.006702    0.005994    0.005372    0.004824    0.004345    0.003926    0.003561    0.003243    0.002967    0.002728    0.00252    0.002341    0.002186    0.002053    0.001939    0.00184    0.001756    
SM148    6.692e-07    0.06997    0.3033    0.64    1.035    1.457    1.887    2.31    2.718    3.107    3.472    3.815    4.133    4.428    4.701    4.953    5.186    5.4    5.598    5.78    5.948    6.103    6.246    6.378    6.5    6.613    6.718    6.815    6.905    6.989    7.066    7.139    7.207    7.27    7.329    7.384    
PM149    0.01367    0.02367    0.02376    0.02302    0.02177    0.02025    0.01862    0.01697    0.01537    0.01387    0.01247    0.01118    0.01002    0.00898    0.008047    0.007218    0.006484    0.005836    0.005266    0.004765    0.004327    0.003944    0.003623    0.003332    0.003079    0.00286    0.00267    0.002506    0.002364    0.002241    0.002136    0.002046    0.001968    0.001902    0.001845    0.001796    
SM149    0.006306    0.04649    0.04672    0.04532    0.04294    0.04004    0.03692    0.03376    0.0307    0.02781    0.02514    0.02268    0.02047    0.01847    0.01669    0.01511    0.01371    0.01248    0.0114    0.01045    0.009624    0.008902    0.008298    0.007752    0.007278    0.006869    0.006516    0.006211    0.00595    0.005725    0.005533    0.00537    0.00523    0.005112    0.005011    0.004927    
ND150    0.01321    0.4133    0.7752    1.092    1.369    1.612    1.824    2.01    2.172    2.314    2.438    2.547    2.642    2.725    2.797    2.861    2.916    2.965    3.008    3.045    3.079    3.108    3.134    3.158    3.179    3.198    3.215    3.23    3.245    3.258    3.27    3.281    3.292    3.302    3.311    3.32    
SM150    0.001218    0.6584    1.374    2.05    2.669    3.221    3.704    4.119    4.469    4.758    4.993    5.178    5.319    5.422    5.492    5.532    5.548    5.542    5.519    5.48    5.429    5.368    5.299    5.224    5.143    5.058    4.971    4.882    4.792    4.701    4.611    4.521    4.433    4.345    4.26    4.176    
SM151    0.004454    0.1343    0.1589    0.1633    0.1645    0.1653    0.1661    0.1666    0.1668    0.1667    0.1661    0.1652    0.164    0.1624    0.1605    0.1585    0.1562    0.1538    0.1512    0.1486    0.1459    0.1432    0.1407    0.138    0.1353    0.1326    0.1299    0.1273    0.1247    0.1222    0.1198    0.1174    0.1151    0.1128    0.1107    0.1086    
SM152    0.005718    0.2943    0.6112    0.8681    1.065    1.213    1.322    1.402    1.458    1.495    1.518    1.53    1.532    1.527    1.517    1.502    1.483    1.462    1.439    1.414    1.388    1.361    1.335    1.308    1.282    1.255    1.229    1.203    1.178    1.153    1.129    1.105    1.082    1.06    1.038    1.017    
EU153    0.001339    0.1226    0.2775    0.4521    0.6327    0.8091    0.9745    1.125    1.259    1.376    1.475    1.559    1.627    1.681    1.722    1.753    1.773    1.785    1.789    1.787    1.779    1.767    1.751    1.732    1.71    1.686    1.661    1.634    1.607    1.579    1.55    1.522    1.493    1.464    1.436    1.408    
SM154    0.001606    0.05083    0.09569    0.1353    0.1703    0.2012    0.2285    0.2527    0.274    0.2928    0.3095    0.3243    0.3374    0.3491    0.3595    0.3688    0.3772    0.3847    0.3915    0.3977    0.4034    0.4086    0.4136    0.4184    0.4228    0.427    0.431    0.4349    0.4386    0.4422    0.4457    0.4491    0.4524    0.4557    0.4589    0.4621    
EU154    2.568e-06    0.009292    0.03691    0.08128    0.1393    0.207    0.2804    0.3558    0.4304    0.5017    0.5681    0.6287    0.6827    0.73    0.7705    0.8045    0.8322    0.8542    0.8709    0.8829    0.8905    0.8945    0.8951    0.8929    0.8883    0.8816    0.8732    0.8634    0.8524    0.8405    0.8279    0.8146    0.801    0.7871    0.773    0.7589    
GD154    4.581e-10    6.84e-05    0.0005776    0.001973    0.004627    0.00881    0.01468    0.02228    0.03158    0.04246    0.05479    0.06836    0.08298    0.09844    0.1145    0.1311    0.1479    0.1648    0.1816    0.1983    0.2146    0.2306    0.2461    0.2611    0.2755    0.2893    0.3024    0.3149    0.3267    0.3378    0.3482    0.3579    0.3669    0.3753    0.3831    0.3902    
EU155    0.0007489    0.01661    0.02583    0.03596    0.04986    0.0679    0.08935    0.1131    0.1379    0.1628    0.1869    0.2097    0.2306    0.2494    0.2659    0.2802    0.2922    0.3021    0.31    0.3161    0.3204    0.3233    0.3249    0.3253    0.3246    0.3231    0.3208    0.3179    0.3145    0.3106    0.3064    0.302    0.2973    0.2925    0.2875    0.2825    
EU156    0.000254    0.004508    0.006053    0.007564    0.009708    0.01262    0.01619    0.02023    0.02453    0.02889    0.03315    0.0372    0.04094    0.04433    0.04732    0.04992    0.05212    0.05394    0.0554    0.05653    0.05735    0.0579    0.05826    0.05836    0.05828    0.05804    0.05766    0.05716    0.05657    0.0559    0.05517    0.05438    0.05356    0.05271    0.05183    0.05095    
GD156    2.038e-05    0.01343    0.03877    0.07087    0.1114    0.1639    0.2317    0.3176    0.4231    0.5488    0.6946    0.8595    1.042    1.241    1.453    1.677    1.912    2.154    2.402    2.655    2.91    3.166    3.423    3.678    3.932    4.183    4.43    4.673    4.911    5.144    5.372    5.594    5.81    6.02    6.224    6.422    
GD158    0.0001139    0.008273    0.0164    0.02418    0.03185    0.03974    0.04819    0.05755    0.06814    0.08023    0.09408    0.1099    0.1279    0.1481    0.1708    0.196    0.2237    0.2539    0.2868    0.3223    0.3603    0.4009    0.4442    0.4899    0.538    0.5885    0.6413    0.6963    0.7535    0.8127    0.874    0.9371    1.002    1.069    1.137    1.208    
