TIME    3   50   100   150   200   250   300   350   400   450   500   550   600   650   700   750   800   850   900   950   1000   1050   1100   1150   1200   1250   1300   1350   1400   1450   1500   1550   1600   
NEUT_PROD    0.939   1.06   1.2   1.33   1.46   1.58   1.69   1.81   1.92   2.02   2.12   2.22   2.31   2.4   2.49   2.57   2.65   2.73   2.8   2.88   2.95   3.02   3.08   3.15   3.21   3.27   3.33   3.38   3.44   3.49   3.54   3.59   3.64   
NEUT_DEST    2.3   2.38   2.46   2.54   2.62   2.69   2.76   2.83   2.9   2.97   3.04   3.1   3.16   3.22   3.28   3.34   3.4   3.45   3.51   3.56   3.62   3.67   3.72   3.77   3.82   3.86   3.91   3.96   4   4.05   4.09   4.13   4.17   
BUd    3.15e-16    0.159    0.192    0.215    0.238    0.26    0.281    0.301    0.32    0.339    0.357    0.375    0.391    0.407    0.423    0.438    0.452    0.466    0.48    0.493    0.506    0.518    0.53    0.541    0.552    0.563    0.573    0.584    0.593    0.603    0.612    0.621    0.63    
U238    1000    998.9    997.7    996.5    995.4    994.2    993    991.9    990.7    989.5    988.4    987.2    986    984.9    983.7    982.6    981.4    980.2    979.1    977.9    976.8    975.6    974.5    973.3    972.2    971.1    969.9    968.8    967.6    966.5    965.4    964.2    963.1    
NP237    2.364e-18    0.006263    0.01446    0.02249    0.03032    0.03798    0.04545    0.05275    0.05988    0.06684    0.07364    0.08028    0.08676    0.09309    0.09928    0.1053    0.1112    0.117    0.1226    0.1281    0.1334    0.1386    0.1437    0.1487    0.1536    0.1583    0.163    0.1675    0.1719    0.1762    0.1804    0.1845    0.1885    
NP239    1.339e-15    0.06833    0.06825    0.06817    0.06809    0.06801    0.06793    0.06785    0.06777    0.06769    0.06761    0.06753    0.06746    0.06738    0.0673    0.06722    0.06714    0.06706    0.06698    0.0669    0.06682    0.06674    0.06667    0.06659    0.06651    0.06643    0.06635    0.06627    0.0662    0.06612    0.06604    0.06596    0.06588    
PU239    6.769e-16    0.8605    1.81    2.721    3.595    4.433    5.237    6.008    6.747    7.456    8.135    8.787    9.411    10.01    10.58    11.13    11.66    12.17    12.65    13.12    13.56    13.99    14.39    14.78    15.16    15.52    15.86    16.19    16.5    16.8    17.09    17.36    17.63    
PU240    0    0.006851    0.02749    0.0609    0.1062    0.1625    0.2291    0.3052    0.39    0.4829    0.5833    0.6906    0.8041    0.9234    1.048    1.177    1.31    1.448    1.588    1.732    1.879    2.027    2.178    2.33    2.484    2.639    2.795    2.952    3.109    3.266    3.423    3.58    3.736    
PU241    0    5.992e-05    0.0004732    0.00156    0.003603    0.006846    0.0115    0.01775    0.02576    0.03564    0.0475    0.06144    0.07751    0.09576    0.1162    0.1389    0.1638    0.191    0.2204    0.2519    0.2856    0.3214    0.3593    0.3991    0.441    0.4846    0.5301    0.5774    0.6263    0.6768    0.7288    0.7822    0.837    
KR86    1.547e-18    0.0007566    0.00163    0.002572    0.003579    0.004649    0.005778    0.006966    0.008209    0.009506    0.01085    0.01225    0.0137    0.01519    0.01672    0.0183    0.01992    0.02158    0.02328    0.02501    0.02678    0.02859    0.03042    0.03229    0.03419    0.03612    0.03808    0.04007    0.04208    0.04412    0.04619    0.04828    0.05039    
RB87    1.934e-18    0.0009448    0.002038    0.003217    0.004478    0.005817    0.007232    0.00872    0.01028    0.0119    0.01359    0.01534    0.01715    0.01902    0.02095    0.02292    0.02495    0.02703    0.02916    0.03133    0.03355    0.03581    0.03811    0.04045    0.04283    0.04525    0.0477    0.05019    0.05271    0.05526    0.05784    0.06046    0.0631    
SR88    2.628e-18    0.001357    0.002927    0.004617    0.006422    0.008338    0.01036    0.01248    0.0147    0.01702    0.01943    0.02192    0.0245    0.02716    0.02989    0.0327    0.03559    0.03854    0.04156    0.04465    0.04779    0.051    0.05427    0.05759    0.06097    0.0644    0.06788    0.07141    0.07498    0.0786    0.08227    0.08598    0.08973    
Y89    7.167e-20    0.0004489    0.001628    0.003252    0.005175    0.007318    0.009641    0.01212    0.01474    0.01749    0.02037    0.02336    0.02647    0.02968    0.033    0.03642    0.03994    0.04355    0.04725    0.05104    0.05491    0.05886    0.06289    0.06699    0.07116    0.07541    0.07972    0.08409    0.08853    0.09303    0.09759    0.1022    0.1069    
SR90    3.943e-18    0.001934    0.004176    0.0066    0.009197    0.01196    0.01488    0.01795    0.02117    0.02453    0.02801    0.03163    0.03536    0.03921    0.04317    0.04723    0.0514    0.05566    0.06001    0.06445    0.06897    0.07357    0.07825    0.083    0.08783    0.09271    0.09766    0.1027    0.1077    0.1129    0.118    0.1233    0.1285    
ZR91    5.755e-20    0.0005281    0.001978    0.004043    0.006545    0.009385    0.0125    0.01586    0.01943    0.02321    0.02717    0.03131    0.03562    0.04009    0.04472    0.0495    0.05442    0.05949    0.06468    0.07001    0.07546    0.08103    0.08671    0.09251    0.09841    0.1044    0.1105    0.1167    0.123    0.1294    0.1359    0.1424    0.1491    
ZR92    4.963e-18    0.002568    0.005603    0.008919    0.0125    0.01634    0.02043    0.02476    0.02932    0.0341    0.03909    0.04428    0.04968    0.05526    0.06102    0.06696    0.07307    0.07935    0.08578    0.09236    0.09909    0.106    0.113    0.1201    0.1274    0.1348    0.1423    0.1499    0.1577    0.1655    0.1735    0.1815    0.1897    
ZR93    4.923e-18    0.003014    0.006628    0.0106    0.01493    0.01958    0.02455    0.02983    0.0354    0.04126    0.04738    0.05377    0.0604    0.06728    0.07438    0.08171    0.08925    0.09699    0.1049    0.1131    0.1214    0.1299    0.1385    0.1473    0.1563    0.1654    0.1747    0.1841    0.1937    0.2033    0.2131    0.2231    0.2331    
ZR94    5.38e-18    0.00271    0.006014    0.009733    0.01385    0.01835    0.02322    0.02845    0.03402    0.03992    0.04614    0.05267    0.05949    0.0666    0.07398    0.08163    0.08954    0.09769    0.1061    0.1147    0.1236    0.1326    0.1419    0.1514    0.1611    0.171    0.181    0.1913    0.2017    0.2123    0.223    0.2339    0.245    
ZR95    6.803e-18    0.002719    0.004797    0.006364    0.007619    0.00868    0.009615    0.01046    0.01125    0.01199    0.0127    0.01337    0.01401    0.01463    0.01522    0.01579    0.01634    0.01687    0.01738    0.01787    0.01835    0.01881    0.01925    0.01968    0.02009    0.02049    0.02087    0.02125    0.02161    0.02196    0.02229    0.02262    0.02294    
MO95    2.152e-21    0.0001869    0.001222    0.003265    0.006203    0.009889    0.0142    0.01905    0.02437    0.03013    0.03628    0.0428    0.04966    0.05686    0.06438    0.07219    0.08029    0.08865    0.09729    0.1062    0.1153    0.1246    0.1342    0.144    0.1539    0.1641    0.1744    0.1849    0.1956    0.2064    0.2174    0.2286    0.2398    
ZR96    6.891e-18    0.003454    0.007627    0.01229    0.01743    0.02302    0.02905    0.03549    0.04234    0.04958    0.05719    0.06515    0.07347    0.08211    0.09108    0.1004    0.1099    0.1198    0.1299    0.1403    0.151    0.1619    0.173    0.1844    0.196    0.2078    0.2199    0.2321    0.2445    0.2572    0.27    0.2829    0.2961    
MO97    4.862e-18    0.003527    0.0079    0.0128    0.01822    0.02412    0.0305    0.03733    0.04459    0.05226    0.06034    0.06881    0.07765    0.08684    0.09638    0.1062    0.1164    0.1269    0.1377    0.1488    0.1602    0.1718    0.1837    0.1958    0.2082    0.2208    0.2336    0.2466    0.2599    0.2733    0.2869    0.3008    0.3148    
MO98    7.487e-18    0.003769    0.008357    0.01352    0.01922    0.02545    0.03219    0.03941    0.0471    0.05524    0.0638    0.07279    0.08217    0.09193    0.1021    0.1126    0.1234    0.1346    0.1461    0.1578    0.1699    0.1823    0.195    0.2079    0.2211    0.2345    0.2482    0.2621    0.2762    0.2906    0.3051    0.3199    0.3348    
TC99    2.203e-18    0.003647    0.008469    0.01386    0.01979    0.02624    0.03317    0.04058    0.04842    0.05669    0.06537    0.07442    0.08384    0.09361    0.1037    0.1141    0.1248    0.1358    0.1471    0.1586    0.1704    0.1824    0.1946    0.207    0.2197    0.2325    0.2455    0.2586    0.272    0.2855    0.2991    0.3129    0.3267    
MO100    8.08e-18    0.004101    0.009167    0.01493    0.02135    0.02841    0.03609    0.04436    0.05319    0.06257    0.07248    0.0829    0.0938    0.1052    0.117    0.1293    0.1419    0.155    0.1685    0.1824    0.1966    0.2112    0.2261    0.2413    0.2569    0.2728    0.2889    0.3054    0.3221    0.3391    0.3564    0.3739    0.3917    
RU101    8.538e-18    0.004289    0.009454    0.01521    0.02152    0.02838    0.03575    0.0436    0.05194    0.06072    0.06993    0.07955    0.08957    0.09996    0.1107    0.1218    0.1333    0.145    0.1571    0.1694    0.1821    0.195    0.2081    0.2215    0.2352    0.249    0.2631    0.2774    0.2919    0.3066    0.3215    0.3365    0.3518    
RU102    8.75e-18    0.004407    0.009749    0.01573    0.02234    0.02955    0.03734    0.0457    0.05459    0.06401    0.07395    0.08437    0.09528    0.1066    0.1185    0.1307    0.1434    0.1565    0.17    0.1839    0.1982    0.2128    0.2278    0.2432    0.2589    0.2749    0.2913    0.308    0.325    0.3423    0.3599    0.3778    0.396    
RU103    7.514e-18    0.002705    0.004417    0.0056    0.006546    0.007377    0.008143    0.008867    0.009558    0.01022    0.01086    0.01147    0.01206    0.01263    0.01318    0.01371    0.01422    0.01472    0.01519    0.01566    0.0161    0.01653    0.01695    0.01735    0.01774    0.01812    0.01849    0.01884    0.01918    0.01952    0.01984    0.02015    0.02046    
RH103    1.973e-19    0.001217    0.004319    0.008527    0.01349    0.01903    0.02505    0.0315    0.03832    0.04547    0.05292    0.06063    0.06858    0.07674    0.08507    0.09357    0.1022    0.111    0.1198    0.1287    0.1377    0.1467    0.1558    0.1649    0.174    0.183    0.1921    0.2012    0.2102    0.2191    0.2281    0.2369    0.2457    
RU104    7.146e-18    0.003638    0.008154    0.0133    0.01906    0.02541    0.03231    0.03975    0.04772    0.05619    0.06513    0.07455    0.08441    0.0947    0.1054    0.1165    0.128    0.1399    0.1522    0.1648    0.1777    0.191    0.2045    0.2184    0.2326    0.2471    0.2619    0.2769    0.2922    0.3078    0.3236    0.3397    0.356    
PD104    0    1.524e-05    0.000116    0.0003572    0.000773    0.001388    0.002223    0.003294    0.004616    0.006202    0.008064    0.01021    0.01266    0.0154    0.01846    0.02184    0.02554    0.02956    0.03392    0.0386    0.04363    0.04899    0.05469    0.06073    0.06711    0.07383    0.08089    0.08828    0.09601    0.1041    0.1125    0.1212    0.1303    
PD105    2.54e-18    0.002622    0.00608    0.01007    0.01456    0.01954    0.02498    0.03086    0.03718    0.0439    0.05101    0.0585    0.06635    0.07455    0.08309    0.09194    0.1011    0.1106    0.1203    0.1303    0.1406    0.1511    0.1619    0.173    0.1842    0.1957    0.2074    0.2192    0.2313    0.2436    0.256    0.2687    0.2815    
RU106    3.793e-18    0.001906    0.004202    0.006731    0.009454    0.01234    0.01535    0.01847    0.02168    0.02494    0.02825    0.03159    0.03494    0.03829    0.04164    0.04497    0.04828    0.05155    0.0548    0.058    0.06115    0.06426    0.06733    0.07033    0.07329    0.07619    0.07904    0.08183    0.08456    0.08724    0.08986    0.09243    0.09494    
PD106    1.075e-20    0.0002122    0.0006799    0.001414    0.002437    0.003764    0.005412    0.00739    0.009709    0.01238    0.0154    0.01878    0.02252    0.02662    0.03108    0.0359    0.04108    0.04662    0.05252    0.05876    0.06536    0.07229    0.07957    0.08718    0.09513    0.1034    0.112    0.1209    0.1301    0.1396    0.1495    0.1596    0.17    
PD107    2.263e-18    0.001213    0.002851    0.004827    0.007129    0.009744    0.01266    0.01586    0.01934    0.02308    0.02708    0.03133    0.03581    0.04052    0.04545    0.05059    0.05594    0.06149    0.06723    0.07315    0.07926    0.08553    0.09198    0.09859    0.1054    0.1123    0.1193    0.1266    0.1339    0.1414    0.149    0.1568    0.1646    
PD108    1.494e-18    0.0008075    0.001909    0.003247    0.004812    0.006595    0.008585    0.01078    0.01316    0.01572    0.01846    0.02137    0.02444    0.02767    0.03104    0.03457    0.03823    0.04202    0.04595    0.04999    0.05416    0.05845    0.06285    0.06735    0.07196    0.07667    0.08148    0.08638    0.09138    0.09646    0.1016    0.1069    0.1122    
AG109    8.598e-19    0.0006001    0.001391    0.002318    0.003372    0.004545    0.005828    0.007215    0.008697    0.01027    0.01192    0.01366    0.01546    0.01734    0.01927    0.02127    0.02332    0.02541    0.02756    0.02975    0.03198    0.03425    0.03655    0.03889    0.04125    0.04365    0.04607    0.04851    0.05098    0.05346    0.05596    0.05849    0.06102    
I127    2.199e-19    0.000586    0.001378    0.002243    0.003176    0.004169    0.00522    0.006323    0.007475    0.008673    0.009914    0.0112    0.01252    0.01387    0.01527    0.01669    0.01814    0.01963    0.02114    0.02267    0.02423    0.02582    0.02742    0.02905    0.03069    0.03236    0.03404    0.03573    0.03744    0.03917    0.04091    0.04266    0.04442    
TE128    2.265e-18    0.001136    0.002457    0.003885    0.005417    0.007049    0.008775    0.01059    0.0125    0.01449    0.01656    0.01871    0.02094    0.02324    0.02561    0.02804    0.03054    0.0331    0.03572    0.0384    0.04113    0.04392    0.04675    0.04964    0.05257    0.05555    0.05858    0.06164    0.06475    0.0679    0.07108    0.0743    0.07756    
I129    2.361e-18    0.00134    0.003032    0.004937    0.007031    0.0093    0.01173    0.01433    0.01707    0.01996    0.02298    0.02613    0.02941    0.03282    0.03633    0.03996    0.04369    0.04752    0.05144    0.05546    0.05956    0.06375    0.06802    0.07237    0.07678    0.08127    0.08583    0.09044    0.09512    0.09986    0.1046    0.1095    0.1144    
TE130    4.675e-18    0.002339    0.005155    0.008291    0.01174    0.01548    0.0195    0.0238    0.02836    0.03318    0.03824    0.04353    0.04905    0.05478    0.06073    0.06687    0.07321    0.07974    0.08644    0.09332    0.1004    0.1076    0.1149    0.1225    0.1301    0.1379    0.1459    0.1539    0.1621    0.1704    0.1789    0.1874    0.1961    
XE131    7.264e-19    0.002463    0.006288    0.01052    0.01513    0.02007    0.02532    0.03086    0.03666    0.04271    0.04897    0.05544    0.06209    0.0689    0.07586    0.08295    0.09016    0.09748    0.1049    0.1124    0.1199    0.1275    0.1352    0.1429    0.1506    0.1584    0.1661    0.1739    0.1817    0.1895    0.1972    0.2049    0.2126    
XE132    2.425e-18    0.004172    0.009868    0.01637    0.02366    0.03172    0.04054    0.0501    0.06038    0.07137    0.08305    0.09541    0.1084    0.1221    0.1364    0.1514    0.1669    0.1831    0.1999    0.2172    0.2351    0.2536    0.2726    0.2921    0.3122    0.3327    0.3538    0.3754    0.3975    0.42    0.443    0.4665    0.4905    
CS133    9.795e-19    0.004718    0.01169    0.01952    0.02815    0.03754    0.04765    0.05844    0.06988    0.08192    0.09453    0.1077    0.1214    0.1355    0.1501    0.1651    0.1805    0.1963    0.2125    0.229    0.2458    0.2629    0.2802    0.2978    0.3157    0.3338    0.3521    0.3705    0.3892    0.408    0.4269    0.446    0.4653    
XE134    1.272e-17    0.006489    0.01441    0.02333    0.03319    0.04397    0.05563    0.06814    0.08146    0.09557    0.1104    0.126    0.1423    0.1593    0.1769    0.1952    0.214    0.2335    0.2535    0.2741    0.2952    0.3168    0.339    0.3616    0.3847    0.4082    0.4322    0.4566    0.4814    0.5066    0.5322    0.5582    0.5846    
CS135    9.127e-18    0.004171    0.00942    0.0154    0.02208    0.02943    0.03743    0.04604    0.05525    0.06503    0.07536    0.08622    0.09759    0.1095    0.1218    0.1346    0.1478    0.1614    0.1755    0.1899    0.2047    0.2199    0.2355    0.2513    0.2675    0.2841    0.3009    0.318    0.3355    0.3532    0.3711    0.3893    0.4078    
XE136    1.138e-17    0.00728    0.01626    0.02643    0.03775    0.05017    0.06365    0.07815    0.09363    0.1101    0.1274    0.1456    0.1647    0.1845    0.2052    0.2266    0.2488    0.2717    0.2952    0.3194    0.3443    0.3698    0.3959    0.4225    0.4498    0.4775    0.5059    0.5347    0.564    0.5938    0.6241    0.6548    0.686    
CS137    1.041e-17    0.005278    0.01179    0.01918    0.0274    0.03644    0.04624    0.05678    0.06803    0.07995    0.09252    0.1057    0.1195    0.1339    0.1488    0.1642    0.1801    0.1965    0.2134    0.2307    0.2485    0.2666    0.2852    0.3041    0.3234    0.343    0.363    0.3832    0.4038    0.4247    0.4459    0.4674    0.4891    
BA138    1.048e-17    0.005295    0.01175    0.01902    0.02705    0.03584    0.04534    0.05553    0.06639    0.07789    0.09    0.1027    0.116    0.1298    0.1442    0.1591    0.1744    0.1903    0.2066    0.2234    0.2406    0.2583    0.2763    0.2947    0.3136    0.3327    0.3523    0.3722    0.3925    0.413    0.4339    0.4551    0.4766    
LA139    1.073e-17    0.005389    0.01192    0.01924    0.02731    0.0361    0.04558    0.05572    0.0665    0.0779    0.08989    0.1024    0.1156    0.1292    0.1433    0.158    0.1731    0.1886    0.2046    0.221    0.2379    0.2551    0.2727    0.2907    0.3091    0.3277    0.3468    0.3661    0.3858    0.4058    0.426    0.4466    0.4674    
CE140    2.394e-19    0.003065    0.008867    0.01562    0.02318    0.0315    0.04054    0.0503    0.06073    0.07182    0.08354    0.09587    0.1088    0.1223    0.1363    0.1509    0.166    0.1815    0.1976    0.2141    0.2311    0.2485    0.2663    0.2846    0.3032    0.3223    0.3417    0.3614    0.3816    0.4021    0.4229    0.444    0.4654    
CE141    8.986e-18    0.002998    0.004623    0.005648    0.006449    0.007155    0.007812    0.008436    0.009034    0.009608    0.01016    0.01069    0.01121    0.0117    0.01218    0.01263    0.01308    0.01351    0.01392    0.01432    0.0147    0.01507    0.01543    0.01578    0.01612    0.01645    0.01676    0.01707    0.01736    0.01765    0.01793    0.01819    0.01845    
PR141    2.905e-19    0.001694    0.005853    0.01137    0.01783    0.02509    0.03306    0.0417    0.05099    0.06089    0.07139    0.08244    0.09405    0.1062    0.1188    0.1319    0.1455    0.1595    0.174    0.1889    0.2042    0.2199    0.2359    0.2523    0.2691    0.2861    0.3036    0.3213    0.3393    0.3576    0.3762    0.3951    0.4142    
CE142    9.205e-18    0.004645    0.01032    0.01671    0.02378    0.03151    0.03987    0.04883    0.05838    0.06849    0.07914    0.09032    0.102    0.1141    0.1268    0.1398    0.1534    0.1673    0.1816    0.1963    0.2114    0.2269    0.2427    0.2589    0.2754    0.2922    0.3093    0.3267    0.3444    0.3624    0.3807    0.3992    0.418    
ND143    2.255e-19    0.002503    0.007283    0.01281    0.01895    0.02564    0.03287    0.04061    0.04883    0.05751    0.06663    0.07616    0.08609    0.09639    0.1071    0.1181    0.1294    0.141    0.1529    0.1651    0.1776    0.1903    0.2032    0.2164    0.2298    0.2434    0.2571    0.2711    0.2852    0.2995    0.3139    0.3285    0.3432    
CE144    8.115e-18    0.003848    0.008008    0.01221    0.01642    0.02062    0.0248    0.02894    0.03303    0.03705    0.04101    0.04489    0.04869    0.05241    0.05604    0.05958    0.06304    0.0664    0.06967    0.07286    0.07595    0.07896    0.08189    0.08472    0.08748    0.09016    0.09276    0.09528    0.09773    0.1001    0.1024    0.1047    0.1068    
ND144    2.959e-20    0.0002378    0.001017    0.002348    0.004237    0.006689    0.009705    0.01328    0.01743    0.02212    0.02738    0.03317    0.03951    0.04638    0.05378    0.06169    0.07011    0.07903    0.08844    0.09832    0.1087    0.1195    0.1308    0.1425    0.1547    0.1672    0.1802    0.1936    0.2075    0.2217    0.2363    0.2512    0.2666    
ND145    7.138e-18    0.003514    0.007703    0.01231    0.0173    0.02267    0.0284    0.03446    0.04085    0.04754    0.05452    0.06178    0.0693    0.07708    0.08509    0.09333    0.1018    0.1104    0.1193    0.1283    0.1376    0.1469    0.1565    0.1662    0.176    0.186    0.1961    0.2063    0.2166    0.2271    0.2376    0.2482    0.259    
ND146    6.359e-18    0.003173    0.006955    0.01114    0.01571    0.02066    0.02598    0.03165    0.03768    0.04404    0.05073    0.05775    0.06508    0.07272    0.08066    0.08889    0.09741    0.1062    0.1153    0.1246    0.1342    0.1441    0.1542    0.1646    0.1752    0.1861    0.1972    0.2085    0.22    0.2318    0.2438    0.256    0.2684    
PM147    4.301e-19    0.00155    0.003957    0.006415    0.008878    0.01133    0.01377    0.01618    0.01856    0.0209    0.0232    0.02546    0.02767    0.02983    0.03194    0.034    0.036    0.03796    0.03986    0.04172    0.04352    0.04527    0.04698    0.04863    0.05024    0.05181    0.05332    0.0548    0.05623    0.05762    0.05898    0.06029    0.06157    
ND148    4.197e-18    0.002092    0.004576    0.007312    0.01029    0.0135    0.01692    0.02057    0.02441    0.02846    0.03269    0.03711    0.0417    0.04646    0.05139    0.05647    0.0617    0.06708    0.0726    0.07825    0.08404    0.08996    0.096    0.1022    0.1084    0.1148    0.1213    0.1279    0.1346    0.1414    0.1483    0.1552    0.1623    
ND150    2.566e-18    0.001271    0.002774    0.004425    0.006219    0.00815    0.01021    0.0124    0.01471    0.01714    0.01968    0.02233    0.02508    0.02793    0.03088    0.03393    0.03706    0.04028    0.04358    0.04697    0.05043    0.05397    0.05759    0.06127    0.06502    0.06884    0.07273    0.07667    0.08068    0.08475    0.08887    0.09304    0.09727    
SM150    1.966e-22    0.0005817    0.002044    0.00396    0.006192    0.008689    0.01143    0.01441    0.01761    0.02102    0.02465    0.02847    0.03249    0.03669    0.04107    0.04563    0.05035    0.05523    0.06027    0.06545    0.07078    0.07624    0.08184    0.08756    0.0934    0.09936    0.1054    0.1116    0.1179    0.1243    0.1308    0.1373    0.144    
SM152    1.176e-18    0.0006355    0.001484    0.00249    0.003639    0.004914    0.006301    0.007786    0.009358    0.01101    0.01272    0.01449    0.0163    0.01816    0.02005    0.02196    0.0239    0.02585    0.02781    0.02978    0.03175    0.03373    0.0357    0.03766    0.03962    0.04157    0.04351    0.04543    0.04734    0.04924    0.05112    0.05299    0.05483    
EU153    3.318e-19    0.0004143    0.0009734    0.001634    0.002402    0.00328    0.004269    0.005372    0.006589    0.007918    0.00936    0.01091    0.01257    0.01433    0.01619    0.01815    0.02021    0.02235    0.02458    0.02689    0.02928    0.03174    0.03427    0.03687    0.03952    0.04223    0.04499    0.0478    0.05065    0.05355    0.05648    0.05944    0.06243    
