TIME    3   50   100   150   200   250   300   350   400   450   500   550   600   650   700   750   800   850   900   950   1000   1050   1100   1150   1200   1250   1300   1350   1400   1450   1500   1550   1600   
NEUT_PROD    71.1   69.8   68.5   67.1   65.8   64.6   63.3   62.1   60.9   59.7   58.5   57.4   56.3   55.2   54.1   53.1   52   51   50.1   49.1   48.1   47.2   46.3   45.4   44.5   43.7   42.8   42   41.2   40.4   39.6   38.9   38.1   
NEUT_DEST    39.2   39.5   39.1   38.7   38.2   37.8   37.4   36.9   36.5   36.1   35.7   35.2   34.8   34.4   34   33.6   33.2   32.8   32.4   32   31.7   31.3   30.9   30.6   30.2   29.9   29.5   29.2   28.9   28.5   28.2   27.9   27.6   
BUd    2.85e-14    13.3    13.9    13.6    13.3    13.1    12.8    12.6    12.3    12.1    11.8    11.6    11.4    11.2    11    10.7    10.5    10.3    10.1    9.93    9.74    9.55    9.37    9.18    9.01    8.83    8.66    8.5    8.33    8.17    8.02    7.86    7.71    
U234    1.334e-17    0.006151    0.01244    0.01848    0.02428    0.02985    0.0352    0.04034    0.04528    0.05003    0.0546    0.05901    0.06327    0.06739    0.07138    0.07525    0.07902    0.0827    0.0863    0.08983    0.09331    0.09675    0.1001    0.1035    0.1069    0.1103    0.1137    0.1171    0.1206    0.1241    0.1276    0.1312    0.1349    
U235    1000    981.5    962.3    943.4    924.9    906.7    888.9    871.5    854.4    837.6    821.2    805.1    789.3    773.8    758.6    743.7    729.1    714.8    700.8    687.1    673.6    660.4    647.4    634.7    622.3    610    598.1    586.3    574.8    563.6    552.5    541.7    531    
U236    9.962e-15    4.62    9.402    14.05    18.57    22.95    27.22    31.35    35.37    39.27    43.06    46.73    50.3    53.76    57.11    60.36    63.51    66.56    69.51    72.37    75.15    77.83    80.42    82.93    85.36    87.7    89.96    92.15    94.26    96.3    98.26    100.2    102    
U237    0    0.005696    0.01312    0.02036    0.02738    0.03421    0.04084    0.04728    0.05354    0.05961    0.0655    0.07122    0.07677    0.08215    0.08737    0.09243    0.09733    0.1021    0.1067    0.1111    0.1155    0.1196    0.1237    0.1276    0.1314    0.135    0.1385    0.1419    0.1452    0.1484    0.1515    0.1544    0.1573    
NP237    0    0.01158    0.05924    0.1431    0.2613    0.412    0.5936    0.8043    1.043    1.307    1.596    1.908    2.241    2.595    2.968    3.359    3.766    4.189    4.626    5.077    5.54    6.014    6.499    6.993    7.495    8.005    8.523    9.046    9.575    10.11    10.65    11.19    11.73    
PU238    0    6.376e-05    0.0007304    0.002779    0.00695    0.01393    0.02437    0.03887    0.05798    0.08222    0.1121    0.148    0.1903    0.2394    0.2957    0.3595    0.431    0.5104    0.598    0.694    0.7986    0.9119    1.034    1.165    1.305    1.454    1.612    1.779    1.955    2.141    2.335    2.539    2.751    
SE78    2.252e-18    0.001076    0.002205    0.003314    0.004402    0.005471    0.00652    0.00755    0.008561    0.009555    0.01053    0.01149    0.01243    0.01335    0.01426    0.01515    0.01602    0.01688    0.01773    0.01856    0.01937    0.02017    0.02096    0.02173    0.02249    0.02323    0.02396    0.02468    0.02539    0.02608    0.02676    0.02743    0.02809    
SE79    5.434e-18    0.002538    0.005187    0.007784    0.01033    0.01283    0.01528    0.01768    0.02003    0.02234    0.0246    0.02682    0.02899    0.03113    0.03322    0.03527    0.03728    0.03925    0.04119    0.04308    0.04494    0.04676    0.04855    0.0503    0.05202    0.05371    0.05536    0.05698    0.05857    0.06013    0.06166    0.06316    0.06463    
SE80    1.297e-17    0.006039    0.01234    0.01852    0.02458    0.03052    0.03635    0.04206    0.04766    0.05315    0.05854    0.06382    0.069    0.07408    0.07906    0.08394    0.08873    0.09342    0.09803    0.1025    0.107    0.1113    0.1156    0.1197    0.1238    0.1279    0.1318    0.1357    0.1394    0.1432    0.1468    0.1504    0.1539    
BR81    2.209e-17    0.01027    0.02095    0.03138    0.04157    0.05151    0.06122    0.0707    0.07995    0.08899    0.0978    0.1064    0.1148    0.123    0.131    0.1388    0.1464    0.1538    0.161    0.1681    0.175    0.1817    0.1882    0.1946    0.2008    0.2068    0.2127    0.2185    0.2241    0.2295    0.2348    0.24    0.245    
SE82    3.444e-17    0.01604    0.03278    0.04919    0.06528    0.08106    0.09653    0.1117    0.1266    0.1412    0.1555    0.1695    0.1832    0.1967    0.2099    0.2229    0.2356    0.2481    0.2603    0.2723    0.2841    0.2956    0.3069    0.318    0.3289    0.3395    0.35    0.3602    0.3703    0.3802    0.3898    0.3993    0.4086    
KR83    5.401e-17    0.02625    0.05356    0.08011    0.1059    0.1309    0.1553    0.1789    0.2018    0.2241    0.2457    0.2667    0.287    0.3067    0.3259    0.3444    0.3624    0.3798    0.3967    0.4131    0.4289    0.4442    0.4591    0.4734    0.4873    0.5007    0.5137    0.5263    0.5384    0.5501    0.5614    0.5723    0.5828    
KR84    1.098e-16    0.05123    0.105    0.1579    0.21    0.2614    0.312    0.3618    0.4109    0.4592    0.5068    0.5538    0.6    0.6455    0.6904    0.7346    0.7782    0.8211    0.8634    0.9051    0.9462    0.9867    1.027    1.066    1.105    1.143    1.181    1.218    1.254    1.29    1.326    1.361    1.395    
KR85    2.911e-17    0.01344    0.02744    0.04104    0.05426    0.0671    0.07958    0.0917    0.1035    0.1149    0.126    0.1367    0.1472    0.1573    0.1671    0.1766    0.1859    0.1948    0.2035    0.2119    0.22    0.2279    0.2355    0.2429    0.25    0.2569    0.2636    0.27    0.2762    0.2822    0.288    0.2936    0.299    
RB85    1.08e-16    0.05011    0.1028    0.1546    0.2055    0.2555    0.3047    0.3529    0.4004    0.447    0.4929    0.5379    0.5822    0.6257    0.6684    0.7105    0.7518    0.7924    0.8323    0.8715    0.91    0.9479    0.9852    1.022    1.058    1.093    1.128    1.162    1.196    1.229    1.261    1.293    1.325    
KR86    2.183e-16    0.1017    0.2078    0.3118    0.4138    0.5138    0.6119    0.7081    0.8024    0.8949    0.9856    1.074    1.162    1.247    1.331    1.413    1.494    1.573    1.65    1.726    1.801    1.874    1.946    2.016    2.085    2.153    2.219    2.284    2.348    2.41    2.472    2.532    2.591    
RB87    2.823e-16    0.1313    0.2685    0.4031    0.535    0.6643    0.7911    0.9154    1.037    1.157    1.274    1.389    1.501    1.612    1.72    1.826    1.93    2.032    2.132    2.23    2.326    2.421    2.513    2.604    2.692    2.78    2.865    2.949    3.031    3.111    3.19    3.268    3.344    
SR88    3.851e-16    0.1893    0.3877    0.5823    0.7731    0.9602    1.144    1.324    1.5    1.673    1.843    2.009    2.172    2.333    2.49    2.643    2.794    2.942    3.088    3.23    3.37    3.507    3.641    3.773    3.902    4.029    4.153    4.275    4.395    4.512    4.627    4.74    4.851    
SR89    5.244e-16    0.1836    0.2806    0.3258    0.345    0.3511    0.3507    0.3471    0.342    0.3362    0.3301    0.3239    0.3177    0.3115    0.3055    0.2996    0.2938    0.2881    0.2825    0.277    0.2717    0.2664    0.2613    0.2562    0.2513    0.2464    0.2416    0.237    0.2324    0.2279    0.2235    0.2192    0.215    
Y89    1.087e-17    0.0658    0.2292    0.4394    0.6706    0.9099    1.151    1.391    1.627    1.86    2.088    2.313    2.533    2.748    2.96    3.168    3.371    3.571    3.766    3.958    4.146    4.331    4.511    4.689    4.863    5.033    5.2    5.364    5.525    5.683    5.838    5.989    6.138    
SR90    6.481e-16    0.3014    0.6149    0.9213    1.221    1.513    1.799    2.078    2.351    2.617    2.877    3.131    3.379    3.622    3.858    4.089    4.315    4.535    4.749    4.959    5.164    5.363    5.558    5.748    5.933    6.114    6.29    6.462    6.63    6.793    6.953    7.108    7.259    
ZR90    1.547e-18    0.001148    0.003365    0.006588    0.0108    0.01597    0.02208    0.02911    0.03704    0.04585    0.05552    0.06602    0.07734    0.08946    0.1024    0.116    0.1304    0.1456    0.1614    0.1779    0.1951    0.213    0.2315    0.2506    0.2703    0.2907    0.3116    0.3331    0.3551    0.3777    0.4008    0.4244    0.4485    
Y91    5.344e-16    0.2358    0.3749    0.4471    0.4824    0.4973    0.5011    0.4988    0.4933    0.486    0.4778    0.4693    0.4605    0.4518    0.4432    0.4347    0.4263    0.4181    0.4101    0.4022    0.3944    0.3868    0.3793    0.372    0.3649    0.3578    0.351    0.3442    0.3376    0.3311    0.3248    0.3185    0.3124    
ZR91    8.139e-18    0.07197    0.2582    0.505    0.7825    1.074    1.371    1.668    1.962    2.252    2.538    2.818    3.094    3.364    3.629    3.888    4.143    4.392    4.637    4.877    5.112    5.342    5.568    5.789    6.006    6.219    6.428    6.632    6.832    7.029    7.221    7.41    7.595    
ZR92    6.573e-16    0.3211    0.6589    0.9903    1.315    1.634    1.947    2.253    2.554    2.849    3.138    3.422    3.7    3.973    4.241    4.504    4.762    5.015    5.263    5.506    5.744    5.979    6.208    6.434    6.655    6.871    7.084    7.293    7.498    7.699    7.896    8.089    8.279    
ZR93    6.056e-16    0.3482    0.716    1.076    1.429    1.775    2.113    2.444    2.769    3.086    3.398    3.702    4.001    4.293    4.579    4.859    5.133    5.402    5.665    5.922    6.174    6.421    6.662    6.898    7.13    7.356    7.578    7.795    8.008    8.216    8.419    8.619    8.814    
ZR94    7.382e-16    0.3439    0.7034    1.056    1.403    1.743    2.077    2.405    2.727    3.044    3.354    3.659    3.959    4.253    4.541    4.825    5.104    5.377    5.646    5.91    6.169    6.424    6.674    6.92    7.162    7.399    7.632    7.861    8.086    8.307    8.525    8.738    8.948    
ZR95    7.564e-16    0.2802    0.4512    0.545    0.5941    0.6173    0.6255    0.625    0.6197    0.6117    0.6021    0.5917    0.581    0.5702    0.5594    0.5487    0.5382    0.5278    0.5176    0.5076    0.4978    0.4882    0.4788    0.4696    0.4605    0.4516    0.4429    0.4344    0.426    0.4178    0.4098    0.4019    0.3942    
NB95    1.205e-17    0.05757    0.1549    0.2334    0.2854    0.316    0.3322    0.3392    0.3406    0.3387    0.3349    0.33    0.3246    0.3188    0.313    0.3071    0.3012    0.2955    0.2898    0.2842    0.2787    0.2733    0.268    0.2629    0.2578    0.2528    0.2479    0.2432    0.2385    0.2339    0.2294    0.225    0.2207    
MO95    2.394e-19    0.02001    0.125    0.3179    0.5741    0.8695    1.186    1.513    1.842    2.17    2.493    2.811    3.123    3.428    3.726    4.017    4.301    4.579    4.85    5.114    5.372    5.623    5.868    6.108    6.341    6.568    6.79    7.006    7.217    7.422    7.622    7.817    8.007    
ZR96    7.61e-16    0.3543    0.7241    1.087    1.442    1.791    2.132    2.467    2.795    3.117    3.432    3.741    4.044    4.341    4.633    4.918    5.198    5.472    5.741    6.005    6.263    6.516    6.765    7.008    7.247    7.481    7.71    7.935    8.155    8.371    8.583    8.791    8.994    
MO96    4.207e-20    7.433e-05    0.0004765    0.001556    0.003575    0.006697    0.01101    0.01657    0.02338    0.03143    0.04072    0.05121    0.06289    0.07573    0.0897    0.1048    0.1209    0.1381    0.1563    0.1756    0.1957    0.2169    0.2389    0.2619    0.2857    0.3104    0.3359    0.3622    0.3893    0.4171    0.4457    0.4751    0.5051    
MO97    4.896e-16    0.3286    0.6795    1.023    1.36    1.691    2.014    2.331    2.642    2.946    3.245    3.537    3.824    4.104    4.38    4.649    4.913    5.172    5.426    5.674    5.918    6.157    6.391    6.62    6.844    7.064    7.28    7.491    7.698    7.901    8.1    8.295    8.486    
MO98    7.238e-16    0.337    0.6885    1.033    1.371    1.702    2.026    2.343    2.655    2.96    3.259    3.552    3.839    4.121    4.396    4.667    4.931    5.191    5.445    5.694    5.938    6.178    6.412    6.642    6.867    7.088    7.304    7.515    7.723    7.926    8.126    8.321    8.512    
MO99    5.236e-16    0.02909    0.02857    0.02805    0.02754    0.02705    0.02656    0.02608    0.02561    0.02516    0.02471    0.02426    0.02383    0.02341    0.02299    0.02259    0.02219    0.0218    0.02141    0.02104    0.02067    0.02031    0.01995    0.01961    0.01927    0.01894    0.01861    0.01829    0.01798    0.01767    0.01737    0.01707    0.01678    
TC99    2.054e-16    0.315    0.6748    1.025    1.366    1.698    2.021    2.336    2.642    2.939    3.229    3.511    3.785    4.051    4.31    4.561    4.806    5.043    5.274    5.498    5.716    5.927    6.133    6.332    6.525    6.712    6.894    7.07    7.241    7.406    7.567    7.722    7.872    
MO100    7.943e-16    0.3699    0.7559    1.134    1.505    1.869    2.225    2.575    2.917    3.253    3.583    3.905    4.222    4.532    4.836    5.134    5.427    5.713    5.994    6.269    6.539    6.804    7.063    7.318    7.567    7.812    8.051    8.286    8.517    8.743    8.964    9.181    9.394    
RU100    2.832e-21    0.001218    0.005404    0.01249    0.0224    0.03505    0.05037    0.06829    0.08873    0.1116    0.1369    0.1645    0.1944    0.2264    0.2605    0.2968    0.335    0.3752    0.4172    0.4611    0.5068    0.5542    0.6032    0.6539    0.7061    0.7599    0.8151    0.8717    0.9298    0.9891    1.05    1.112    1.175    
RU101    6.501e-16    0.3035    0.6193    0.9278    1.229    1.523    1.811    2.091    2.365    2.633    2.894    3.149    3.398    3.641    3.878    4.109    4.335    4.556    4.771    4.98    5.185    5.384    5.579    5.769    5.954    6.135    6.311    6.482    6.65    6.813    6.972    7.126    7.277    
RU102    5.492e-16    0.2572    0.5268    0.7924    1.054    1.312    1.566    1.816    2.062    2.305    2.544    2.78    3.013    3.242    3.467    3.69    3.909    4.125    4.338    4.549    4.756    4.96    5.162    5.36    5.556    5.749    5.94    6.128    6.314    6.497    6.677    6.855    7.031    
RU103    4.019e-16    0.1304    0.1868    0.2076    0.2137    0.2137    0.2114    0.2081    0.2044    0.2006    0.1969    0.1932    0.1895    0.1859    0.1824    0.179    0.1756    0.1723    0.169    0.1659    0.1628    0.1597    0.1567    0.1538    0.1509    0.1481    0.1454    0.1427    0.14    0.1374    0.1349    0.1324    0.13    
RH103    1.055e-17    0.06089    0.1999    0.365    0.5345    0.7    0.8583    1.008    1.149    1.282    1.407    1.523    1.633    1.735    1.83    1.918    2.001    2.077    2.148    2.213    2.273    2.329    2.379    2.426    2.468    2.506    2.54    2.57    2.597    2.621    2.642    2.659    2.674    
RU104    2.523e-16    0.1177    0.2407    0.3615    0.4799    0.5961    0.71    0.8216    0.9311    1.038    1.144    1.247    1.348    1.447    1.544    1.64    1.733    1.825    1.914    2.003    2.089    2.173    2.256    2.338    2.417    2.496    2.572    2.647    2.721    2.793    2.864    2.934    3.002    
PD104    1.083e-23    0.000776    0.005593    0.01628    0.03336    0.05679    0.08637    0.1218    0.1627    0.2087    0.2596    0.315    0.3747    0.4384    0.5057    0.5764    0.6503    0.7272    0.8068    0.8889    0.9733    1.06    1.148    1.239    1.33    1.424    1.518    1.614    1.71    1.808    1.906    2.005    2.105    
PD105    6.309e-17    0.05905    0.1237    0.1869    0.2487    0.3091    0.3681    0.4259    0.4823    0.5375    0.5915    0.6443    0.696    0.7465    0.7959    0.8442    0.8915    0.9377    0.983    1.027    1.071    1.113    1.154    1.195    1.235    1.274    1.312    1.349    1.386    1.421    1.456    1.491    1.524    
RU106    5.826e-17    0.02603    0.05078    0.07278    0.09229    0.1095    0.1247    0.1381    0.1497    0.1599    0.1686    0.1762    0.1826    0.188    0.1925    0.1962    0.1991    0.2014    0.2031    0.2042    0.2049    0.2052    0.205    0.2046    0.2038    0.2028    0.2015    0.2    0.1984    0.1966    0.1946    0.1925    0.1904    
PD106    1.648e-19    0.004093    0.01117    0.02062    0.03219    0.04565    0.06079    0.07743    0.09539    0.1145    0.1347    0.1558    0.1776    0.2002    0.2233    0.2469    0.271    0.2955    0.3202    0.3452    0.3703    0.3957    0.4211    0.4466    0.4721    0.4977    0.5232    0.5487    0.5741    0.5995    0.6248    0.6499    0.675    
PD107    2.892e-17    0.01346    0.02748    0.04119    0.05459    0.06769    0.0805    0.09302    0.1053    0.1172    0.1289    0.1404    0.1516    0.1625    0.1732    0.1837    0.1939    0.2039    0.2137    0.2232    0.2326    0.2417    0.2506    0.2594    0.2679    0.2763    0.2844    0.2924    0.3003    0.3079    0.3154    0.3227    0.3299    
PD108    1.455e-17    0.006776    0.01383    0.02072    0.02747    0.03405    0.0405    0.04679    0.05294    0.05896    0.06483    0.07057    0.07619    0.08167    0.08703    0.09226    0.09737    0.1024    0.1073    0.112    0.1167    0.1212    0.1257    0.13    0.1343    0.1384    0.1425    0.1464    0.1503    0.1541    0.1578    0.1614    0.1649    
AG109    5.704e-18    0.003509    0.007157    0.01066    0.01401    0.01722    0.02031    0.02326    0.02609    0.02881    0.0314    0.0339    0.03628    0.03857    0.04076    0.04285    0.04486    0.04678    0.04862    0.05039    0.05207    0.05369    0.05523    0.05671    0.05813    0.05948    0.06078    0.06202    0.06321    0.06434    0.06543    0.06647    0.06747    
PD110    5.713e-18    0.00266    0.005436    0.008156    0.01082    0.01344    0.016    0.01851    0.02098    0.02339    0.02576    0.02808    0.03035    0.03258    0.03476    0.03691    0.03901    0.04106    0.04308    0.04506    0.047    0.0489    0.05077    0.0526    0.05439    0.05615    0.05787    0.05957    0.06122    0.06285    0.06445    0.06602    0.06755    
CD111    5.805e-19    0.001655    0.003882    0.006065    0.008201    0.01029    0.01234    0.01434    0.01629    0.01821    0.02009    0.02192    0.02372    0.02549    0.02721    0.0289    0.03056    0.03218    0.03378    0.03534    0.03687    0.03837    0.03984    0.04129    0.04271    0.0441    0.04547    0.04681    0.04813    0.04943    0.0507    0.05196    0.05319    
CD112    2.234e-18    0.001612    0.003351    0.005062    0.006745    0.008402    0.01003    0.01163    0.01321    0.01476    0.01629    0.0178    0.01928    0.02073    0.02217    0.02358    0.02497    0.02634    0.02768    0.02901    0.03031    0.0316    0.03287    0.03412    0.03535    0.03656    0.03775    0.03892    0.04008    0.04123    0.04235    0.04346    0.04455    
CD114    3.333e-18    0.001954    0.004588    0.007496    0.01052    0.01356    0.0166    0.0196    0.02255    0.02544    0.02829    0.03107    0.03381    0.03649    0.03911    0.04168    0.0442    0.04667    0.04909    0.05146    0.05378    0.05606    0.05829    0.06048    0.06262    0.06472    0.06678    0.06879    0.07077    0.0727    0.0746    0.07646    0.07828    
CD116    3.326e-18    0.001549    0.003167    0.004752    0.006307    0.007832    0.009327    0.01079    0.01223    0.01364    0.01502    0.01637    0.0177    0.019    0.02028    0.02153    0.02275    0.02395    0.02513    0.02629    0.02742    0.02853    0.02962    0.03069    0.03174    0.03276    0.03377    0.03476    0.03573    0.03667    0.0376    0.03852    0.03941    
SN117    3.032e-18    0.001511    0.003098    0.004652    0.006176    0.007669    0.009133    0.01057    0.01197    0.01335    0.01471    0.01603    0.01733    0.01861    0.01986    0.02108    0.02228    0.02346    0.02462    0.02575    0.02686    0.02795    0.02902    0.03007    0.0311    0.03211    0.0331    0.03407    0.03502    0.03595    0.03687    0.03777    0.03865    
SN118    3.524e-18    0.001667    0.00341    0.005119    0.006796    0.00844    0.01005    0.01164    0.01319    0.01471    0.0162    0.01767    0.0191    0.02051    0.0219    0.02325    0.02458    0.02589    0.02717    0.02843    0.02966    0.03087    0.03205    0.03322    0.03436    0.03548    0.03658    0.03766    0.03872    0.03976    0.04078    0.04178    0.04276    
SN119    3.408e-18    0.001592    0.003257    0.004893    0.0065    0.008079    0.009629    0.01115    0.01265    0.01411    0.01555    0.01697    0.01835    0.01972    0.02105    0.02237    0.02365    0.02492    0.02616    0.02738    0.02857    0.02974    0.0309    0.03203    0.03314    0.03422    0.03529    0.03634    0.03737    0.03838    0.03937    0.04035    0.0413    
SN120    3.603e-18    0.001678    0.00343    0.005148    0.006833    0.008484    0.0101    0.01169    0.01325    0.01478    0.01627    0.01774    0.01918    0.02059    0.02198    0.02334    0.02467    0.02597    0.02725    0.02851    0.02974    0.03095    0.03213    0.0333    0.03444    0.03555    0.03665    0.03772    0.03878    0.03981    0.04083    0.04182    0.0428    
SB121    2.054e-18    0.001684    0.003491    0.00525    0.006961    0.008625    0.01024    0.01182    0.01335    0.01483    0.01628    0.01768    0.01905    0.02037    0.02166    0.02291    0.02412    0.0253    0.02644    0.02755    0.02862    0.02967    0.03068    0.03166    0.0326    0.03352    0.03441    0.03527    0.03611    0.03691    0.03769    0.03844    0.03917    
SN122    4.017e-18    0.00187    0.003823    0.005738    0.007615    0.009457    0.01126    0.01303    0.01477    0.01647    0.01814    0.01978    0.02139    0.02296    0.02451    0.02602    0.02751    0.02897    0.0304    0.0318    0.03317    0.03452    0.03584    0.03714    0.03841    0.03966    0.04089    0.04209    0.04327    0.04442    0.04556    0.04667    0.04776    
SB123    3.613e-18    0.001732    0.003641    0.005589    0.007556    0.009525    0.01148    0.01342    0.01534    0.01722    0.01907    0.02089    0.02266    0.0244    0.0261    0.02776    0.02938    0.03096    0.0325    0.034    0.03547    0.03689    0.03828    0.03964    0.04095    0.04224    0.04349    0.0447    0.04588    0.04703    0.04815    0.04924    0.0503    
SN124    5.992e-18    0.00279    0.0057    0.008552    0.01135    0.01409    0.01677    0.0194    0.02198    0.0245    0.02698    0.02941    0.03178    0.03411    0.0364    0.03863    0.04083    0.04297    0.04508    0.04714    0.04916    0.05114    0.05308    0.05499    0.05685    0.05868    0.06047    0.06222    0.06394    0.06562    0.06727    0.06889    0.07047    
SB125    5.175e-18    0.003157    0.00671    0.01008    0.01327    0.01628    0.01912    0.02179    0.02431    0.02668    0.02891    0.031    0.03296    0.0348    0.03651    0.03811    0.0396    0.04099    0.04228    0.04347    0.04457    0.04558    0.04651    0.04737    0.04814    0.04885    0.04948    0.05005    0.05056    0.05101    0.05141    0.05175    0.05204    
SN126    1.355e-17    0.006309    0.01289    0.01935    0.02568    0.03189    0.03797    0.04394    0.04979    0.05553    0.06116    0.06667    0.07208    0.07738    0.08258    0.08768    0.09268    0.09759    0.1024    0.1071    0.1117    0.1163    0.1207    0.1251    0.1293    0.1335    0.1377    0.1417    0.1456    0.1495    0.1533    0.1571    0.1607    
I127    4.071e-18    0.01037    0.02322    0.03611    0.04892    0.0616    0.07409    0.08635    0.09837    0.1101    0.1216    0.1328    0.1438    0.1545    0.1648    0.175    0.1848    0.1944    0.2038    0.2128    0.2217    0.2303    0.2386    0.2467    0.2546    0.2623    0.2697    0.277    0.284    0.2908    0.2974    0.3039    0.3101    
TE128    6.829e-17    0.03259    0.06668    0.1001    0.1329    0.165    0.1965    0.2274    0.2577    0.2874    0.3166    0.3451    0.3732    0.4006    0.4276    0.454    0.4799    0.5053    0.5302    0.5546    0.5785    0.602    0.625    0.6476    0.6698    0.6915    0.7128    0.7337    0.7541    0.7742    0.7939    0.8133    0.8322    
I129    9.696e-17    0.05161    0.1092    0.1667    0.2235    0.2791    0.3335    0.3867    0.4387    0.4895    0.5391    0.5876    0.635    0.6812    0.7264    0.7705    0.8136    0.8557    0.8968    0.9369    0.9761    1.014    1.052    1.088    1.124    1.158    1.192    1.225    1.257    1.289    1.319    1.349    1.379    
TE130    2.554e-16    0.119    0.2432    0.365    0.4845    0.6016    0.7164    0.829    0.9394    1.048    1.154    1.258    1.36    1.46    1.558    1.654    1.749    1.841    1.932    2.021    2.108    2.193    2.277    2.36    2.44    2.519    2.597    2.673    2.748    2.821    2.892    2.963    3.032    
XE130    3.182e-20    9.469e-05    0.0003724    0.0008354    0.001482    0.002309    0.003312    0.004487    0.00583    0.007338    0.009006    0.01083    0.01281    0.01493    0.0172    0.01962    0.02217    0.02486    0.02768    0.03062    0.0337    0.03689    0.04021    0.04364    0.04718    0.05084    0.0546    0.05847    0.06244    0.06651    0.07067    0.07493    0.07929    
I131    3.981e-16    0.05402    0.05395    0.05292    0.05189    0.05088    0.04989    0.04892    0.04797    0.04704    0.04612    0.04523    0.04435    0.04349    0.04265    0.04182    0.04101    0.04022    0.03944    0.03868    0.03793    0.0372    0.03648    0.03578    0.03509    0.03441    0.03375    0.0331    0.03246    0.03184    0.03123    0.03063    0.03004    
XE131    5.213e-17    0.1674    0.3952    0.6137    0.8221    1.021    1.21    1.39    1.562    1.725    1.88    2.026    2.166    2.298    2.423    2.541    2.653    2.758    2.857    2.951    3.039    3.121    3.198    3.27    3.337    3.4    3.458    3.512    3.561    3.607    3.649    3.687    3.722    
TE132    5.314e-16    0.03319    0.03254    0.03191    0.03129    0.03068    0.03008    0.0295    0.02892    0.02836    0.02781    0.02727    0.02674    0.02622    0.02571    0.02521    0.02472    0.02424    0.02378    0.02331    0.02286    0.02242    0.02199    0.02156    0.02115    0.02074    0.02034    0.01995    0.01956    0.01919    0.01882    0.01846    0.0181    
XE132    1.851e-16    0.3041    0.6635    1.022    1.379    1.735    2.09    2.443    2.794    3.144    3.492    3.838    4.182    4.524    4.864    5.202    5.537    5.87    6.2    6.528    6.854    7.177    7.497    7.815    8.13    8.442    8.752    9.058    9.362    9.663    9.961    10.26    10.55    
I133    4.273e-16    0.01386    0.01359    0.01332    0.01306    0.01281    0.01256    0.01232    0.01208    0.01184    0.01161    0.01139    0.01116    0.01095    0.01074    0.01053    0.01032    0.01012    0.009927    0.009735    0.009546    0.009362    0.009181    0.009003    0.008829    0.008659    0.008492    0.008328    0.008168    0.008011    0.007857    0.007706    0.007558    
XE133    5.915e-16    0.08132    0.08007    0.07851    0.07699    0.0755    0.07404    0.0726    0.0712    0.06982    0.06847    0.06714    0.06585    0.06458    0.06333    0.06211    0.06091    0.05974    0.05859    0.05746    0.05635    0.05527    0.05421    0.05317    0.05215    0.05115    0.05017    0.04922    0.04828    0.04735    0.04645    0.04557    0.0447    
CS133    9.49e-17    0.4262    0.9711    1.499    2.011    2.507    2.988    3.453    3.903    4.339    4.76    5.168    5.562    5.943    6.311    6.667    7.01    7.342    7.662    7.97    8.267    8.554    8.83    9.096    9.352    9.598    9.835    10.06    10.28    10.49    10.69    10.88    11.07    
XE134    1.283e-15    0.6052    1.238    1.859    2.468    3.065    3.65    4.224    4.786    5.338    5.879    6.409    6.929    7.439    7.939    8.429    8.91    9.381    9.843    10.3    10.74    11.18    11.6    12.02    12.43    12.84    13.23    13.62    14    14.37    14.74    15.1    15.45    
CS134    8.045e-21    0.001967    0.009732    0.02304    0.04142    0.06443    0.09165    0.1227    0.1572    0.1948    0.2351    0.278    0.323    0.37    0.4187    0.4689    0.5203    0.5727    0.626    0.6801    0.7346    0.7895    0.8447    0.9    0.9552    1.01    1.065    1.12    1.174    1.228    1.281    1.334    1.386    
BA134    0    2.534e-05    0.0002725    0.001006    0.002469    0.004884    0.008453    0.01336    0.01977    0.02783    0.03767    0.04942    0.06317    0.07903    0.09707    0.1174    0.14    0.1649    0.1923    0.2221    0.2544    0.2891    0.3264    0.3661    0.4084    0.4531    0.5003    0.55    0.6021    0.6566    0.7136    0.7729    0.8345    
CS135    8.942e-16    0.374    0.7702    1.158    1.537    1.909    2.272    2.628    2.977    3.318    3.652    3.979    4.299    4.613    4.92    5.221    5.516    5.804    6.087    6.364    6.635    6.901    7.161    7.416    7.666    7.911    8.151    8.386    8.616    8.842    9.063    9.28    9.492    
XE136    1.105e-15    0.6514    1.334    2.003    2.659    3.302    3.933    4.551    5.158    5.752    6.336    6.907    7.468    8.018    8.557    9.086    9.604    10.11    10.61    11.1    11.58    12.05    12.51    12.96    13.41    13.84    14.27    14.69    15.1    15.5    15.89    16.28    16.66    
BA136    1.181e-19    0.0006387    0.002287    0.004778    0.008082    0.01218    0.01706    0.0227    0.02908    0.0362    0.04403    0.05256    0.06177    0.07166    0.0822    0.09338    0.1052    0.1176    0.1307    0.1443    0.1585    0.1733    0.1886    0.2045    0.2209    0.2379    0.2553    0.2733    0.2917    0.3106    0.3301    0.3499    0.3703    
CS137    1.056e-15    0.4912    1.002    1.502    1.99    2.467    2.933    3.388    3.833    4.268    4.692    5.107    5.512    5.908    6.294    6.671    7.04    7.399    7.75    8.093    8.427    8.754    9.072    9.383    9.687    9.983    10.27    10.55    10.83    11.1    11.36    11.61    11.86    
BA137    1.94e-19    0.0007771    0.003189    0.007199    0.01277    0.01986    0.02845    0.03849    0.04995    0.06279    0.07699    0.09251    0.1093    0.1274    0.1467    0.1672    0.1889    0.2117    0.2356    0.2607    0.2868    0.3139    0.342    0.3711    0.4012    0.4322    0.4641    0.497    0.5307    0.5652    0.6005    0.6367    0.6737    
BA138    1.176e-15    0.5494    1.123    1.686    2.238    2.779    3.31    3.83    4.341    4.841    5.331    5.812    6.284    6.747    7.2    7.645    8.081    8.509    8.929    9.34    9.743    10.14    10.53    10.91    11.28    11.65    12.01    12.36    12.7    13.04    13.37    13.7    14.02    
LA139    1.127e-15    0.5253    1.074    1.612    2.139    2.655    3.16    3.655    4.141    4.616    5.081    5.537    5.984    6.422    6.85    7.27    7.681    8.084    8.478    8.865    9.243    9.614    9.977    10.33    10.68    11.02    11.36    11.68    12    12.32    12.62    12.93    13.22    
BA140    1.01e-15    0.1837    0.1947    0.1919    0.1882    0.1845    0.181    0.1774    0.174    0.1706    0.1673    0.164    0.1608    0.1577    0.1547    0.1517    0.1487    0.1458    0.143    0.1402    0.1375    0.1349    0.1323    0.1297    0.1272    0.1247    0.1223    0.12    0.1177    0.1154    0.1132    0.111    0.1089    
LA140    5.842e-17    0.02412    0.02582    0.02549    0.02503    0.02456    0.02411    0.02366    0.02322    0.0228    0.02238    0.02197    0.02156    0.02117    0.02078    0.0204    0.02003    0.01966    0.0193    0.01895    0.01861    0.01827    0.01794    0.01762    0.0173    0.01699    0.01668    0.01638    0.01609    0.01581    0.01552    0.01525    0.01498    
CE140    2.705e-17    0.3224    0.8629    1.409    1.946    2.473    2.99    3.497    3.995    4.484    4.964    5.435    5.897    6.351    6.796    7.234    7.663    8.084    8.498    8.904    9.302    9.694    10.08    10.46    10.83    11.19    11.55    11.9    12.24    12.58    12.91    13.24    13.56    
CE141    1.012e-15    0.3069    0.4184    0.4506    0.4557    0.4516    0.4445    0.4365    0.4282    0.42    0.4118    0.4039    0.3961    0.3884    0.3809    0.3735    0.3663    0.3592    0.3523    0.3455    0.3388    0.3323    0.3259    0.3196    0.3135    0.3074    0.3015    0.2958    0.2901    0.2845    0.2791    0.2737    0.2685    
PR141    3.271e-17    0.1797    0.5783    1.046    1.53    2.013    2.489    2.957    3.415    3.864    4.303    4.734    5.156    5.569    5.973    6.369    6.757    7.136    7.508    7.872    8.228    8.577    8.919    9.253    9.581    9.901    10.22    10.52    10.82    11.12    11.41    11.69    11.96    
CE142    1.044e-15    0.4872    0.9971    1.497    1.988    2.469    2.94    3.402    3.856    4.3    4.736    5.163    5.582    5.992    6.395    6.79    7.177    7.556    7.929    8.293    8.651    9.002    9.346    9.683    10.01    10.34    10.66    10.97    11.27    11.57    11.87    12.16    12.44    
ND142    0    6.953e-05    0.0004958    0.001432    0.002921    0.004971    0.007576    0.01073    0.01441    0.01861    0.02333    0.02854    0.03425    0.04043    0.04708    0.05418    0.06173    0.06972    0.07813    0.08696    0.0962    0.1058    0.1159    0.1263    0.137    0.1482    0.1597    0.1715    0.1837    0.1962    0.209    0.2222    0.2357    
CE143    5.488e-16    0.02073    0.02033    0.01993    0.01955    0.01917    0.0188    0.01843    0.01808    0.01773    0.01738    0.01705    0.01672    0.0164    0.01608    0.01577    0.01547    0.01517    0.01488    0.01459    0.01431    0.01403    0.01376    0.0135    0.01324    0.01299    0.01274    0.01249    0.01225    0.01202    0.01179    0.01157    0.01135    
PR143    4.876e-16    0.1786    0.1936    0.1913    0.1877    0.1841    0.1805    0.177    0.1736    0.1702    0.1669    0.1637    0.1605    0.1574    0.1544    0.1514    0.1485    0.1456    0.1428    0.1401    0.1374    0.1347    0.1321    0.1296    0.1271    0.1247    0.1223    0.12    0.1177    0.1154    0.1132    0.111    0.1089    
ND143    2.816e-17    0.2942    0.7932    1.296    1.786    2.263    2.727    3.179    3.618    4.045    4.46    4.863    5.255    5.636    6.006    6.365    6.714    7.053    7.381    7.701    8.01    8.31    8.602    8.884    9.158    9.423    9.68    9.928    10.17    10.4    10.63    10.85    11.06    
CE144    9.802e-16    0.4328    0.8331    1.179    1.476    1.731    1.948    2.132    2.287    2.416    2.523    2.61    2.68    2.735    2.776    2.806    2.825    2.836    2.839    2.835    2.826    2.811    2.792    2.769    2.744    2.715    2.684    2.652    2.618    2.582    2.546    2.508    2.47    
ND144    3.741e-18    0.02752    0.1116    0.2448    0.4206    0.6336    0.8785    1.151    1.448    1.764    2.098    2.447    2.808    3.179    3.559    3.945    4.337    4.733    5.132    5.534    5.936    6.339    6.742    7.145    7.546    7.946    8.344    8.74    9.133    9.523    9.911    10.3    10.68    
ND145    7.12e-16    0.3283    0.6712    1.005    1.33    1.646    1.954    2.253    2.544    2.827    3.102    3.37    3.631    3.884    4.13    4.369    4.601    4.827    5.046    5.259    5.466    5.666    5.861    6.05    6.234    6.411    6.584    6.751    6.913    7.07    7.222    7.37    7.512    
ND146    5.447e-16    0.2558    0.5254    0.7923    1.056    1.318    1.577    1.833    2.087    2.338    2.587    2.833    3.077    3.318    3.557    3.794    4.028    4.26    4.49    4.718    4.943    5.166    5.387    5.606    5.823    6.038    6.251    6.462    6.671    6.878    7.083    7.286    7.487    
ND147    3.879e-16    0.06317    0.06525    0.06415    0.06293    0.06172    0.06054    0.05939    0.05826    0.05715    0.05606    0.05499    0.05395    0.05293    0.05192    0.05094    0.04998    0.04903    0.04811    0.0472    0.04631    0.04544    0.04459    0.04375    0.04293    0.04213    0.04134    0.04057    0.03982    0.03908    0.03835    0.03764    0.03694    
PM147    3.758e-17    0.1284    0.306    0.4629    0.5987    0.7157    0.816    0.9016    0.9742    1.035    1.086    1.129    1.163    1.19    1.212    1.228    1.239    1.246    1.25    1.25    1.248    1.244    1.237    1.229    1.219    1.208    1.196    1.182    1.169    1.154    1.139    1.123    1.107    
SM147    2.802e-20    0.001752    0.009525    0.02309    0.04153    0.064    0.08976    0.1182    0.1487    0.1808    0.2141    0.2482    0.2829    0.3177    0.3525    0.3871    0.4212    0.4549    0.4879    0.5201    0.5514    0.5819    0.6113    0.6398    0.6672    0.6935    0.7188    0.7429    0.7659    0.7879    0.8087    0.8285    0.8472    
ND148    3.163e-16    0.1481    0.3029    0.4546    0.6031    0.7487    0.8912    1.031    1.168    1.302    1.433    1.561    1.687    1.811    1.931    2.05    2.165    2.279    2.39    2.499    2.605    2.71    2.812    2.912    3.01    3.106    3.2    3.292    3.382    3.47    3.556    3.641    3.724    
PM148M    1.396e-22    0.0009771    0.003309    0.005592    0.007596    0.009327    0.01081    0.01209    0.01317    0.01408    0.01485    0.01548    0.01601    0.01642    0.01675    0.01701    0.01719    0.01731    0.01738    0.01741    0.01739    0.01734    0.01726    0.01716    0.01703    0.01688    0.01672    0.01654    0.01635    0.01615    0.01594    0.01573    0.01551    
SM148    1.513e-22    0.001746    0.01252    0.03311    0.06237    0.09928    0.1429    0.1925    0.2473    0.3065    0.3698    0.4365    0.5062    0.5784    0.6529    0.7292    0.8071    0.8863    0.9666    1.048    1.13    1.212    1.295    1.378    1.461    1.544    1.627    1.709    1.792    1.874    1.956    2.037    2.118    
SM149    7.193e-17    0.05443    0.07736    0.08643    0.09087    0.09353    0.09535    0.09665    0.09757    0.09818    0.09853    0.09865    0.09857    0.09831    0.09791    0.09737    0.09673    0.09599    0.09517    0.09429    0.09334    0.09235    0.09132    0.09026    0.08917    0.08807    0.08695    0.08582    0.08468    0.08355    0.08241    0.08128    0.08015    
ND150    1.237e-16    0.05759    0.1176    0.1765    0.2341    0.2906    0.3459    0.4001    0.4532    0.5052    0.5561    0.606    0.6549    0.7027    0.7496    0.7956    0.8405    0.8846    0.9278    0.9701    1.011    1.052    1.092    1.131    1.169    1.206    1.243    1.278    1.313    1.348    1.381    1.414    1.447    
SM150    9.144e-20    0.03515    0.1173    0.2162    0.3221    0.4314    0.5428    0.6554    0.7686    0.8822    0.9957    1.109    1.221    1.333    1.444    1.553    1.661    1.768    1.873    1.976    2.078    2.178    2.276    2.372    2.466    2.559    2.65    2.738    2.825    2.91    2.993    3.075    3.154    
SM151    4.276e-17    0.03365    0.06528    0.0921    0.1149    0.1343    0.1508    0.1648    0.1769    0.1871    0.1959    0.2035    0.21    0.2156    0.2205    0.2247    0.2284    0.2316    0.2345    0.237    0.2392    0.2412    0.243    0.2446    0.246    0.2473    0.2485    0.2496    0.2506    0.2516    0.2525    0.2533    0.254    
SM152    5.287e-17    0.02645    0.05716    0.08952    0.1227    0.1562    0.1894    0.222    0.2537    0.2843    0.3136    0.3416    0.368    0.3931    0.4166    0.4387    0.4593    0.4786    0.4965    0.5131    0.5284    0.5426    0.5557    0.5677    0.5787    0.5888    0.598    0.6064    0.614    0.6209    0.6272    0.6328    0.6378    
EU153    1.267e-17    0.01489    0.03285    0.0521    0.07271    0.09464    0.1179    0.1423    0.1678    0.1942    0.2215    0.2495    0.2781    0.307    0.3363    0.3658    0.3954    0.4249    0.4542    0.4833    0.5122    0.5406    0.5685    0.596    0.6229    0.6491    0.6748    0.6997    0.724    0.7475    0.7702    0.7922    0.8135    
SM154    1.511e-17    0.007122    0.01456    0.02186    0.02902    0.03604    0.04293    0.04969    0.05632    0.06282    0.06921    0.07547    0.08161    0.08763    0.09354    0.09934    0.105    0.1106    0.1161    0.1214    0.1267    0.1318    0.1369    0.1418    0.1467    0.1514    0.1561    0.1607    0.1651    0.1695    0.1738    0.178    0.1822    
EU154    3.601e-22    0.0003196    0.001404    0.003255    0.005874    0.009265    0.01343    0.01836    0.02406    0.03051    0.03769    0.04559    0.05418    0.06343    0.0733    0.08376    0.09478    0.1063    0.1183    0.1307    0.1435    0.1566    0.17    0.1836    0.1975    0.2115    0.2256    0.2398    0.2541    0.2683    0.2825    0.2967    0.3108    
EU155    7.468e-18    0.002777    0.004581    0.005703    0.006457    0.00703    0.007537    0.008046    0.008599    0.009219    0.009921    0.01071    0.01159    0.01257    0.01363    0.01478    0.01602    0.01734    0.01873    0.02019    0.02171    0.02329    0.02493    0.0266    0.02832    0.03008    0.03186    0.03367    0.03549    0.03733    0.03917    0.04101    0.04286    
GD156    2.175e-19    0.001195    0.004032    0.00773    0.01194    0.01648    0.02126    0.02624    0.03144    0.03686    0.04254    0.04851    0.05482    0.06152    0.06865    0.07624    0.08435    0.09301    0.1023    0.1122    0.1227    0.1339    0.1459    0.1586    0.172    0.1862    0.2013    0.2171    0.2337    0.2512    0.2695    0.2886    0.3086    
GD158    8.737e-19    0.0007813    0.001999    0.00333    0.004697    0.00608    0.007471    0.008871    0.01028    0.0117    0.01313    0.01458    0.01604    0.01753    0.01905    0.02059    0.02217    0.02378    0.02545    0.02715    0.02891    0.03073    0.03261    0.03456    0.03658    0.03868    0.04085    0.04312    0.04548    0.04793    0.05049    0.05315    0.05593    
