TIME    3   50   100   150   200   250   300   350   400   450   500   550   600   650   700   750   800   850   900   950   1000   1050   1100   1150   1200   1250   1300   1350   1400   1450   1500   1550   1600   
NEUT_PROD    0.876   3.23   3.26   3.26   3.27   3.27   3.28   3.28   3.29   3.3   3.3   3.31   3.31   3.32   3.32   3.33   3.34   3.34   3.35   3.35   3.36   3.36   3.37   3.37   3.38   3.38   3.39   3.39   3.4   3.4   3.41   3.41   3.42   
NEUT_DEST    2.92   3.98   3.99   3.98   3.98   3.98   3.98   3.98   3.98   3.97   3.97   3.97   3.97   3.97   3.97   3.96   3.96   3.96   3.96   3.96   3.96   3.96   3.95   3.95   3.95   3.95   3.95   3.94   3.94   3.94   3.94   3.94   3.94   
BUd    1.49e-15    0.92    0.541    0.538    0.539    0.54    0.542    0.543    0.544    0.545    0.546    0.547    0.548    0.549    0.55    0.551    0.553    0.554    0.555    0.556    0.557    0.558    0.559    0.56    0.561    0.562    0.563    0.564    0.565    0.566    0.567    0.568    0.569    
U234    1.886e-21    0.0004948    0.002505    0.006079    0.01121    0.01788    0.02609    0.03582    0.04706    0.05981    0.07405    0.08978    0.107    0.1256    0.1458    0.1673    0.1903    0.2147    0.2406    0.2678    0.2965    0.3265    0.3579    0.3907    0.4248    0.4603    0.4972    0.5353    0.5748    0.6156    0.6577    0.7011    0.7458    
U238    8.201e-16    0.06761    0.06812    0.0681    0.06807    0.06804    0.06801    0.06799    0.06796    0.06793    0.0679    0.06787    0.06785    0.06782    0.06779    0.06776    0.06773    0.0677    0.06768    0.06765    0.06762    0.06759    0.06756    0.06754    0.06751    0.06748    0.06745    0.06742    0.06739    0.06737    0.06734    0.06731    0.06728    
NP237    265.1    992.3    996.1    994.1    992.1    990.1    988.1    986.1    984.1    982.1    980.1    978.1    976.1    974.1    972.1    970.2    968.2    966.2    964.3    962.3    960.4    958.4    956.5    954.5    952.6    950.6    948.7    946.8    944.8    942.9    941    939.1    937.2    
NP238    3.045e-16    0.09024    0.0906    0.09042    0.09023    0.09005    0.08987    0.08968    0.0895    0.08932    0.08914    0.08896    0.08878    0.0886    0.08842    0.08824    0.08806    0.08788    0.0877    0.08752    0.08734    0.08717    0.08699    0.08681    0.08664    0.08646    0.08628    0.08611    0.08593    0.08576    0.08559    0.08541    0.08524    
PU238    1.105e-16    1.108    2.585    4.055    5.518    6.972    8.419    9.858    11.29    12.71    14.13    15.54    16.94    18.33    19.71    21.09    22.46    23.82    25.18    26.53    27.87    29.2    30.52    31.84    33.15    34.45    35.75    37.04    38.32    39.6    40.86    42.12    43.38    
PU239    0    0.0003702    0.001819    0.004369    0.008012    0.01274    0.01854    0.02541    0.03334    0.04231    0.05233    0.06338    0.07545    0.08853    0.1026    0.1177    0.1338    0.1508    0.1689    0.1879    0.2078    0.2287    0.2505    0.2733    0.297    0.3216    0.3471    0.3735    0.4008    0.429    0.4581    0.488    0.5188    
