TIME    3   50   100   150   200   250   300   350   400   450   500   550   600   650   700   750   800   850   900   950   1000   1050   1100   1150   1200   1250   1300   1350   1400   1450   1500   1550   1600   
NEUT_PROD    5.38   9.79   14.1   18.1   21.8   25.2   28.3   31.1   33.7   36   38.1   40.1   41.8   43.4   44.7   46   47   48   48.8   49.5   50.1   50.6   50.9   51.2   51.4   51.6   51.6   51.6   51.5   51.4   51.2   51   50.7   
NEUT_DEST    52.3   53.1   53.9   54.6   55.2   55.7   56.2   56.5   56.9   57.1   57.3   57.4   57.5   57.6   57.6   57.5   57.4   57.3   57.1   56.9   56.7   56.5   56.2   55.9   55.6   55.2   54.9   54.5   54.1   53.7   53.3   52.9   52.5   
BUd    1.74e-15    1.18    2.02    2.74    3.41    4.02    4.58    5.09    5.56    5.99    6.38    6.73    7.05    7.33    7.59    7.82    8.02    8.19    8.35    8.48    8.59    8.68    8.75    8.81    8.86    8.89    8.9    8.91    8.9    8.88    8.86    8.82    8.78    
U236    0.0008564    0.01404    0.0276    0.04068    0.05329    0.06545    0.07718    0.08848    0.09936    0.1098    0.1199    0.1297    0.139    0.148    0.1567    0.165    0.173    0.1807    0.188    0.1951    0.2019    0.2084    0.2146    0.2206    0.2263    0.2318    0.237    0.242    0.2468    0.2513    0.2557    0.2598    0.2637    
NP237    7.152e-22    4.433e-05    0.000229    0.000582    0.001123    0.001867    0.002828    0.004014    0.005432    0.007086    0.008978    0.01111    0.01347    0.01607    0.0189    0.02195    0.02521    0.02868    0.03235    0.03621    0.04025    0.04446    0.04883    0.05335    0.05801    0.06279    0.06769    0.07269    0.07779    0.08297    0.08822    0.09354    0.09891    
PU238    1.16e-20    3.684e-05    0.0005511    0.002685    0.008078    0.01867    0.03656    0.06387    0.1027    0.155    0.2226    0.3072    0.4102    0.5328    0.6762    0.8412    1.028    1.238    1.471    1.727    2.007    2.309    2.633    2.98    3.349    3.739    4.149    4.578    5.027    5.493    5.977    6.476    6.991    
PU239    2.974e-18    0.001354    0.002705    0.003977    0.005198    0.006411    0.007676    0.009072    0.0107    0.01266    0.01508    0.01811    0.02188    0.02655    0.03227    0.03922    0.04754    0.0574    0.06896    0.08237    0.09777    0.1153    0.1351    0.1573    0.1821    0.2094    0.2394    0.2723    0.308    0.3466    0.3882    0.4328    0.4805    
PU240    1000    974.9    948.9    923.6    899    875.1    851.7    829    806.9    785.4    764.5    744.1    724.3    705    686.2    667.9    650.1    632.8    615.9    599.5    583.5    568    552.9    538.1    523.8    509.9    496.3    483.1    470.2    457.7    445.5    433.6    422.1    
PU241    5.244e-14    23.77    47.18    68.78    88.67    107    123.7    139.1    153.1    165.9    177.5    188    197.4    205.9    213.5    220.2    226.2    231.4    235.9    239.7    243    245.7    247.8    249.5    250.7    251.5    251.9    252    251.7    251.1    250.2    249    247.6    
PU242    0    0.1185    0.4902    1.094    1.908    2.915    4.095    5.431    6.908    8.511    10.22    12.04    13.94    15.91    17.95    20.04    22.18    24.35    26.55    28.77    31.01    33.25    35.5    37.74    39.97    42.19    44.39    46.57    48.72    50.85    52.95    55.01    57.03    
AM241    1.037e-17    0.07356    0.3012    0.6651    1.148    1.736    2.413    3.166    3.985    4.858    5.774    6.725    7.703    8.7    9.709    10.72    11.74    12.75    13.75    14.74    15.72    16.67    17.6    18.51    19.39    20.24    21.06    21.85    22.61    23.33    24.02    24.68    25.3    
AM242M    0    9.68e-05    0.0007902    0.002556    0.005721    0.01049    0.01699    0.02525    0.03527    0.04698    0.06029    0.0751    0.09127    0.1087    0.1272    0.1466    0.1668    0.1877    0.2091    0.2309    0.2529    0.2751    0.2973    0.3195    0.3415    0.3633    0.3848    0.4059    0.4266    0.4467    0.4663    0.4853    0.5037    
AM243    0    0.0004618    0.003952    0.01337    0.03128    0.05989    0.1011    0.1566    0.2278    0.3157    0.4213    0.5453    0.6883    0.8506    1.032    1.234    1.455    1.695    1.955    2.233    2.529    2.844    3.175    3.524    3.888    4.267    4.661    5.069    5.49    5.923    6.368    6.823    7.288    
CM242    0    0.0006281    0.005125    0.01651    0.03675    0.06703    0.1079    0.1594    0.2214    0.2934    0.3746    0.4643    0.5616    0.6657    0.7756    0.8904    1.009    1.131    1.256    1.382    1.509    1.636    1.763    1.889    2.014    2.137    2.258    2.376    2.491    2.604    2.712    2.817    2.918    
CM244    0    3.797e-06    6.739e-05    0.0003463    0.001088    0.002617    0.005324    0.009654    0.0161    0.02517    0.03744    0.05345    0.07379    0.09904    0.1298    0.1666    0.21    0.2607    0.319    0.3855    0.4608    0.5452    0.6393    0.7433    0.8577    0.9829    1.119    1.267    1.426    1.597    1.779    1.974    2.182    
BR81    0    8.85e-05    0.001074    0.002092    0.003216    0.004456    0.005809    0.007267    0.008825    0.01047    0.0122    0.014    0.01587    0.01779    0.01976    0.02178    0.02383    0.02591    0.02801    0.03014    0.03227    0.03442    0.03657    0.03873    0.04088    0.04303    0.04518    0.04731    0.04943    0.05154    0.05363    0.05571    0.05776    
SE82    0    0.0001577    0.001543    0.003066    0.004814    0.006791    0.008987    0.01139    0.01398    0.01675    0.01968    0.02276    0.02597    0.02929    0.03272    0.03624    0.03984    0.04351    0.04724    0.05102    0.05485    0.05871    0.0626    0.06651    0.07043    0.07437    0.0783    0.08224    0.08618    0.0901    0.09401    0.09791    0.1018    
KR83    0    0.0002815    0.002533    0.005066    0.007994    0.01132    0.01501    0.01904    0.02339    0.02802    0.0329    0.03799    0.04329    0.04875    0.05435    0.06007    0.06589    0.07178    0.07774    0.08374    0.08977    0.09581    0.1018    0.1079    0.1139    0.1199    0.1258    0.1317    0.1375    0.1433    0.149    0.1546    0.1601    
KR84    0    0.0004994    0.004333    0.008735    0.01391    0.01986    0.02656    0.03395    0.04199    0.05063    0.05982    0.06953    0.07969    0.09029    0.1013    0.1126    0.1242    0.1361    0.1482    0.1606    0.1732    0.1859    0.1988    0.2117    0.2248    0.238    0.2513    0.2645    0.2779    0.2912    0.3046    0.3179    0.3313    
KR85    0    0.0001074    0.001022    0.002033    0.00319    0.004495    0.00594    0.007515    0.009207    0.01101    0.0129    0.01488    0.01693    0.01905    0.02121    0.02343    0.02568    0.02796    0.03026    0.03258    0.03491    0.03725    0.03958    0.04192    0.04424    0.04655    0.04884    0.05112    0.05337    0.0556    0.0578    0.05997    0.06211    
RB85    0    0.0003999    0.003725    0.007464    0.01179    0.01673    0.02224    0.02829    0.03484    0.04186    0.0493    0.05713    0.06531    0.07381    0.08259    0.09163    0.1009    0.1103    0.12    0.1298    0.1397    0.1497    0.1598    0.17    0.1802    0.1905    0.2008    0.2111    0.2215    0.2318    0.2421    0.2524    0.2627    
KR86    0    0.0008712    0.00731    0.01475    0.02352    0.0336    0.04493    0.05743    0.071    0.08556    0.101    0.1173    0.1343    0.152    0.1702    0.189    0.2082    0.2279    0.2478    0.2681    0.2886    0.3093    0.3302    0.3512    0.3723    0.3934    0.4146    0.4358    0.457    0.4781    0.4991    0.5201    0.541    
RB87    0    0.001062    0.009059    0.01826    0.02907    0.04148    0.05541    0.07075    0.0874    0.1053    0.1242    0.1442    0.165    0.1866    0.209    0.232    0.2555    0.2795    0.3039    0.3287    0.3538    0.3791    0.4046    0.4303    0.4561    0.4819    0.5078    0.5337    0.5595    0.5853    0.611    0.6366    0.662    
SR88    0    0.001384    0.01224    0.02461    0.03904    0.05556    0.07405    0.09438    0.1164    0.14    0.1651    0.1914    0.2189    0.2475    0.277    0.3073    0.3384    0.37    0.4023    0.4349    0.468    0.5014    0.5351    0.5689    0.603    0.6371    0.6712    0.7054    0.7395    0.7735    0.8075    0.8413    0.8749    
SR89    0    0.001386    0.01094    0.01687    0.02164    0.02584    0.02968    0.03323    0.03652    0.03955    0.04233    0.04487    0.04718    0.04926    0.05112    0.05278    0.05425    0.05554    0.05666    0.05763    0.05845    0.05914    0.05971    0.06016    0.06051    0.06077    0.06093    0.06101    0.06101    0.06094    0.0608    0.0606    0.06035    
Y89    0    0.0003155    0.004406    0.01386    0.027    0.04323    0.06223    0.08378    0.1077    0.1337    0.1618    0.1917    0.2232    0.2562    0.2906    0.3262    0.3629    0.4005    0.439    0.4781    0.5179    0.5582    0.5989    0.64    0.6814    0.7229    0.7646    0.8064    0.8482    0.89    0.9317    0.9733    1.015    
SR90    0    0.002158    0.01922    0.03848    0.06088    0.08642    0.1149    0.1462    0.18    0.2162    0.2544    0.2945    0.3363    0.3796    0.4241    0.4698    0.5165    0.564    0.6122    0.6609    0.7101    0.7595    0.8093    0.8591    0.9091    0.959    1.009    1.058    1.108    1.157    1.206    1.254    1.302    
Y91    0    0.002171    0.01707    0.02735    0.03591    0.04355    0.05056    0.05705    0.06305    0.06858    0.07367    0.07833    0.08256    0.08638    0.08981    0.09287    0.09558    0.09798    0.1001    0.1019    0.1034    0.1047    0.1058    0.1067    0.1074    0.1079    0.1082    0.1084    0.1084    0.1084    0.1082    0.1078    0.1074    
ZR91    0    0.0004238    0.005919    0.01904    0.03777    0.06132    0.08923    0.1211    0.1568    0.1958    0.238    0.283    0.3307    0.3807    0.4329    0.487    0.5428    0.6001    0.6587    0.7184    0.7791    0.8407    0.9029    0.9657    1.029    1.093    1.156    1.22    1.284    1.348    1.412    1.476    1.539    
ZR92    0    0.003311    0.02883    0.05816    0.09248    0.1318    0.1759    0.2244    0.2771    0.3335    0.3933    0.4563    0.5222    0.5905    0.6611    0.7337    0.808    0.8839    0.9611    1.039    1.119    1.199    1.279    1.361    1.442    1.524    1.606    1.688    1.77    1.851    1.933    2.014    2.095    
ZR93    0    0.00439    0.03792    0.0767    0.1221    0.1741    0.2324    0.2965    0.366    0.4405    0.5195    0.6025    0.6892    0.7792    0.872    0.9674    1.065    1.164    1.266    1.368    1.472    1.576    1.682    1.787    1.893    2    2.106    2.212    2.318    2.424    2.529    2.633    2.737    
ZR94    0    0.004887    0.0425    0.08549    0.1359    0.1937    0.2585    0.3298    0.4073    0.4903    0.5785    0.6714    0.7684    0.8693    0.9735    1.081    1.191    1.303    1.417    1.533    1.651    1.769    1.889    2.01    2.131    2.253    2.375    2.497    2.619    2.741    2.862    2.984    3.105    
ZR95    0    0.005067    0.03791    0.06198    0.08289    0.102    0.1196    0.136    0.1512    0.1652    0.1781    0.1899    0.2006    0.2104    0.2191    0.2269    0.2339    0.24    0.2454    0.25    0.254    0.2574    0.2602    0.2625    0.2643    0.2657    0.2666    0.2672    0.2673    0.2672    0.2668    0.266    0.265    
NB95    0    0.0007208    0.008271    0.02078    0.03315    0.04462    0.05519    0.06496    0.07401    0.08238    0.0901    0.09719    0.1037    0.1096    0.115    0.1198    0.1241    0.1279    0.1313    0.1343    0.1369    0.1391    0.141    0.1425    0.1438    0.1448    0.1456    0.1461    0.1464    0.1465    0.1465    0.1462    0.1459    
MO95    0    0.0001795    0.003759    0.01799    0.04454    0.08274    0.1316    0.1903    0.2581    0.3342    0.4178    0.5085    0.6055    0.7083    0.8162    0.9287    1.045    1.165    1.289    1.415    1.543    1.673    1.804    1.937    2.071    2.205    2.34    2.474    2.609    2.743    2.877    3.011    3.143    
ZR96    0    0.006696    0.05445    0.1102    0.1764    0.2527    0.3386    0.4335    0.5366    0.6474    0.765    0.8889    1.018    1.153    1.292    1.435    1.582    1.731    1.883    2.038    2.194    2.352    2.511    2.671    2.832    2.993    3.154    3.315    3.476    3.637    3.797    3.956    4.115    
MO97    0    0.007041    0.05785    0.1182    0.1894    0.2715    0.364    0.466    0.5769    0.6959    0.8223    0.9554    1.095    1.239    1.388    1.542    1.699    1.86    2.023    2.188    2.356    2.525    2.695    2.867    3.039    3.211    3.384    3.556    3.728    3.9    4.071    4.241    4.411    
MO98    0    0.008119    0.06469    0.1312    0.2103    0.3018    0.405    0.519    0.643    0.7762    0.9177    1.067    1.223    1.384    1.552    1.724    1.9    2.08    2.263    2.449    2.637    2.826    3.017    3.209    3.402    3.596    3.789    3.983    4.176    4.368    4.56    4.751    4.941    
MO99    0    0.001582    0.006574    0.007048    0.008052    0.009109    0.01013    0.0111    0.01201    0.01284    0.0136    0.0143    0.01492    0.01548    0.01598    0.01642    0.01681    0.01715    0.01744    0.01769    0.01791    0.01808    0.01822    0.01834    0.01842    0.01847    0.01851    0.01852    0.0185    0.01847    0.01843    0.01836    0.01828    
TC99    0    0.008614    0.06724    0.1421    0.2307    0.3331    0.4486    0.576    0.7144    0.8626    1.02    1.185    1.357    1.535    1.718    1.906    2.098    2.292    2.49    2.689    2.889    3.09    3.292    3.494    3.696    3.897    4.097    4.295    4.492    4.688    4.881    5.072    5.26    
MO100    0    0.00976    0.07801    0.1582    0.2536    0.3638    0.4882    0.6256    0.7751    0.9356    1.106    1.286    1.474    1.669    1.871    2.079    2.292    2.509    2.73    2.955    3.182    3.411    3.643    3.875    4.109    4.343    4.578    4.812    5.046    5.28    5.513    5.745    5.975    
RU100    0    2.226e-05    0.0003159    0.001186    0.002729    0.005059    0.008286    0.01251    0.01782    0.02431    0.03204    0.0411    0.05153    0.06338    0.07672    0.09156    0.1079    0.1259    0.1455    0.1666    0.1894    0.2138    0.2399    0.2675    0.2969    0.3278    0.3604    0.3945    0.4303    0.4676    0.5065    0.547    0.589    
RU101    0    0.009669    0.07298    0.1488    0.2396    0.3451    0.4643    0.5961    0.7394    0.8933    1.057    1.229    1.408    1.594    1.786    1.984    2.185    2.391    2.599    2.81    3.023    3.238    3.453    3.67    3.886    4.103    4.319    4.534    4.749    4.962    5.173    5.383    5.591    
RU102    0    0.0104    0.07707    0.158    0.2558    0.37    0.4999    0.6443    0.8022    0.9725    1.154    1.346    1.548    1.758    1.976    2.201    2.433    2.67    2.912    3.158    3.408    3.661    3.917    4.175    4.435    4.697    4.96    5.224    5.489    5.753    6.018    6.282    6.546    
RU103    0    0.007851    0.05257    0.07862    0.09963    0.1185    0.136    0.1522    0.1672    0.1811    0.1938    0.2054    0.216    0.2254    0.2339    0.2415    0.2482    0.254    0.2592    0.2636    0.2673    0.2705    0.2731    0.2752    0.2768    0.278    0.2787    0.2791    0.2791    0.2788    0.2782    0.2773    0.2761    
RH103    0    0.002305    0.02797    0.08323    0.1569    0.2452    0.346    0.4578    0.5789    0.7081    0.844    0.9854    1.131    1.28    1.431    1.584    1.737    1.89    2.042    2.192    2.34    2.486    2.629    2.769    2.905    3.038    3.166    3.29    3.409    3.524    3.635    3.74    3.841    
RU104    0    0.01148    0.08179    0.1683    0.2733    0.3964    0.5363    0.6919    0.8618    1.045    1.24    1.446    1.662    1.886    2.119    2.358    2.604    2.854    3.11    3.369    3.631    3.897    4.164    4.433    4.704    4.975    5.246    5.518    5.789    6.059    6.329    6.597    6.864    
PD104    0    2.15e-05    0.0004746    0.00252    0.007029    0.01462    0.0258    0.04101    0.06064    0.085    0.1144    0.149    0.1891    0.2347    0.2859    0.343    0.4057    0.4742    0.5484    0.6284    0.7139    0.8049    0.9013    1.003    1.11    1.222    1.338    1.46    1.586    1.716    1.85    1.989    2.131    
PD105    0    0.009227    0.06706    0.1403    0.2286    0.3317    0.4486    0.5784    0.7199    0.8721    1.034    1.205    1.383    1.568    1.76    1.957    2.158    2.363    2.572    2.783    2.997    3.212    3.429    3.647    3.865    4.083    4.301    4.518    4.734    4.95    5.164    5.377    5.588    
RU106    0    0.01005    0.06425    0.1284    0.2032    0.287    0.3779    0.4741    0.5741    0.6766    0.7802    0.8839    0.9868    1.088    1.187    1.283    1.376    1.465    1.55    1.631    1.708    1.78    1.847    1.91    1.969    2.023    2.072    2.117    2.158    2.195    2.228    2.257    2.282    
PD106    0    0.0007515    0.006893    0.01969    0.04009    0.06905    0.1073    0.1555    0.214    0.283    0.3628    0.4534    0.5547    0.6666    0.7889    0.9213    1.064    1.215    1.376    1.545    1.723    1.909    2.102    2.301    2.508    2.72    2.938    3.161    3.389    3.621    3.857    4.097    4.339    
PD107    0    0.009127    0.05641    0.118    0.1948    0.2861    0.3906    0.5074    0.6355    0.7737    0.9212    1.077    1.24    1.41    1.586    1.766    1.951    2.14    2.333    2.527    2.724    2.923    3.123    3.324    3.525    3.727    3.928    4.129    4.329    4.528    4.726    4.923    5.118    
PD108    0    0.006911    0.04169    0.08744    0.1447    0.2127    0.2908    0.378    0.4735    0.5766    0.6865    0.8024    0.9237    1.05    1.18    1.314    1.451    1.59    1.732    1.875    2.02    2.166    2.312    2.459    2.606    2.753    2.899    3.045    3.19    3.334    3.476    3.617    3.757    
AG109    0    0.004055    0.02519    0.05251    0.08606    0.1254    0.1699    0.2191    0.2724    0.3292    0.3891    0.4516    0.5163    0.5827    0.6505    0.7194    0.7891    0.8593    0.9297    1    1.07    1.14    1.209    1.278    1.346    1.412    1.478    1.542    1.606    1.668    1.728    1.787    1.845    
PD110    0    0.002167    0.01275    0.02689    0.04473    0.06607    0.09066    0.1182    0.1486    0.1814    0.2166    0.2538    0.2929    0.3336    0.3759    0.4195    0.4642    0.51    0.5567    0.6041    0.6522    0.7008    0.7498    0.7992    0.8488    0.8985    0.9484    0.9983    1.048    1.098    1.147    1.197    1.246    
CD110    0    4.914e-05    0.0005703    0.002043    0.004699    0.008772    0.01448    0.022    0.03153    0.0432    0.05714    0.07348    0.09229    0.1137    0.1377    0.1643    0.1937    0.2258    0.2606    0.2981    0.3384    0.3814    0.4272    0.4755    0.5265    0.5801    0.6363    0.6949    0.756    0.8194    0.8852    0.9533    1.024    
CD111    0    0.0007243    0.005034    0.0118    0.02045    0.03091    0.04307    0.05679    0.07195    0.08843    0.1061    0.1249    0.1447    0.1653    0.1868    0.209    0.2319    0.2553    0.2792    0.3036    0.3283    0.3535    0.3789    0.4045    0.4304    0.4564    0.4825    0.5088    0.5352    0.5615    0.588    0.6144    0.6408    
CD112    0    0.0005223    0.002929    0.006308    0.01064    0.01587    0.02195    0.02881    0.03641    0.04467    0.05356    0.06302    0.073    0.08346    0.09436    0.1057    0.1173    0.1293    0.1415    0.1541    0.1668    0.1798    0.1929    0.2063    0.2197    0.2333    0.2469    0.2607    0.2745    0.2883    0.3022    0.3161    0.33    
CD114    0    0.0002675    0.001785    0.004352    0.007931    0.01247    0.01792    0.02421    0.03129    0.03908    0.04753    0.05658    0.06618    0.07626    0.08679    0.09772    0.109    0.1206    0.1324    0.1445    0.1568    0.1693    0.1819    0.1946    0.2074    0.2203    0.2332    0.2461    0.2591    0.272    0.285    0.2978    0.3106    
CD116    0    0.0001014    0.0006641    0.00138    0.002265    0.003311    0.004507    0.005843    0.007306    0.008887    0.01057    0.01236    0.01423    0.01618    0.0182    0.02028    0.02241    0.02459    0.02682    0.02908    0.03136    0.03368    0.03601    0.03836    0.04072    0.04309    0.04546    0.04783    0.0502    0.05256    0.05492    0.05727    0.0596    
SN117    0    7.99e-05    0.0005764    0.001186    0.001925    0.002789    0.00377    0.004861    0.006052    0.007336    0.008704    0.01015    0.01166    0.01324    0.01487    0.01655    0.01827    0.02004    0.02183    0.02366    0.02551    0.02738    0.02927    0.03117    0.03308    0.035    0.03692    0.03884    0.04077    0.04269    0.04461    0.04652    0.04843    
SN118    0    9.153e-05    0.0006257    0.001294    0.002112    0.003076    0.004175    0.005399    0.006739    0.008184    0.009727    0.01136    0.01307    0.01485    0.01669    0.01859    0.02054    0.02253    0.02456    0.02663    0.02872    0.03083    0.03296    0.03511    0.03727    0.03943    0.0416    0.04378    0.04595    0.04811    0.05027    0.05243    0.05457    
SN119    0    9.167e-05    0.0006303    0.001303    0.002127    0.003098    0.004205    0.005439    0.00679    0.008248    0.009805    0.01145    0.01318    0.01498    0.01684    0.01876    0.02073    0.02275    0.02481    0.0269    0.02902    0.03116    0.03332    0.0355    0.03769    0.03989    0.0421    0.0443    0.04651    0.04871    0.0509    0.05309    0.05527    
SN120    0    8.935e-05    0.0006256    0.001289    0.002098    0.003047    0.004127    0.00533    0.006644    0.008062    0.009573    0.01117    0.01284    0.01458    0.01638    0.01824    0.02015    0.02209    0.02408    0.02609    0.02813    0.03019    0.03227    0.03436    0.03647    0.03858    0.04069    0.04281    0.04492    0.04703    0.04913    0.05122    0.05331    
SB121    0    8.127e-05    0.000603    0.001248    0.00202    0.002917    0.00393    0.005049    0.006265    0.007568    0.008949    0.0104    0.01191    0.01348    0.01509    0.01674    0.01842    0.02013    0.02186    0.02361    0.02537    0.02713    0.0289    0.03067    0.03243    0.03419    0.03594    0.03767    0.03939    0.0411    0.04278    0.04445    0.04609    
SN122    0    7.928e-05    0.0006132    0.001249    0.002009    0.002891    0.003889    0.004993    0.006196    0.00749    0.008866    0.01032    0.01184    0.01342    0.01505    0.01673    0.01845    0.02022    0.02201    0.02383    0.02567    0.02753    0.02941    0.0313    0.0332    0.0351    0.03701    0.03891    0.04082    0.04272    0.04462    0.04651    0.04838    
SB123    0    7.021e-05    0.0005639    0.001169    0.001906    0.002769    0.003752    0.004847    0.006046    0.007339    0.008718    0.01017    0.0117    0.01329    0.01493    0.01662    0.01835    0.02012    0.02192    0.02374    0.02558    0.02743    0.0293    0.03117    0.03305    0.03492    0.03679    0.03866    0.04052    0.04237    0.0442    0.04602    0.04782    
SN124    0    9.415e-05    0.0008197    0.001647    0.002615    0.003724    0.004967    0.006334    0.007816    0.009403    0.01109    0.01286    0.01471    0.01662    0.01861    0.02064    0.02273    0.02485    0.02701    0.0292    0.03142    0.03366    0.03591    0.03818    0.04045    0.04273    0.04501    0.04729    0.04957    0.05184    0.0541    0.05635    0.05858    
SB125    0    0.0001096    0.001269    0.002583    0.003994    0.00552    0.007154    0.008886    0.0107    0.01259    0.01453    0.01652    0.01853    0.02057    0.02262    0.02466    0.0267    0.02872    0.03071    0.03268    0.0346    0.03649    0.03834    0.04014    0.04188    0.04358    0.04522    0.0468    0.04833    0.04979    0.0512    0.05255    0.05383    
SN126    0    0.0002143    0.002296    0.004525    0.007045    0.009867    0.01298    0.01638    0.02002    0.02391    0.02801    0.03231    0.03678    0.04141    0.04618    0.05107    0.05607    0.06117    0.06634    0.07158    0.07688    0.08223    0.08761    0.09302    0.09845    0.1039    0.1093    0.1148    0.1202    0.1256    0.131    0.1364    0.1418    
I127    0    0.0004362    0.004632    0.009951    0.01598    0.02281    0.0304    0.03871    0.0477    0.05729    0.06744    0.07808    0.08916    0.1006    0.1124    0.1245    0.1369    0.1494    0.1621    0.175    0.1879    0.2009    0.214    0.227    0.2401    0.2531    0.2661    0.279    0.2918    0.3046    0.3172    0.3297    0.342    
TE128    0    0.0008943    0.009556    0.01886    0.02938    0.04117    0.05418    0.06835    0.0836    0.09984    0.117    0.1349    0.1536    0.173    0.193    0.2134    0.2344    0.2557    0.2773    0.2993    0.3214    0.3438    0.3663    0.389    0.4117    0.4345    0.4573    0.4801    0.5029    0.5256    0.5482    0.5708    0.5932    
I129    0    0.001621    0.01628    0.03332    0.05303    0.07535    0.1001    0.1272    0.1564    0.1876    0.2205    0.255    0.2909    0.3281    0.3664    0.4056    0.4456    0.4864    0.5277    0.5695    0.6117    0.6541    0.6968    0.7396    0.7824    0.8252    0.868    0.9106    0.953    0.9952    1.037    1.079    1.12    
TE130    0    0.003658    0.03258    0.06532    0.1035    0.1472    0.196    0.2497    0.3078    0.3701    0.4361    0.5056    0.5781    0.6534    0.7311    0.8109    0.8927    0.9761    1.061    1.147    1.234    1.322    1.41    1.5    1.589    1.679    1.769    1.858    1.948    2.037    2.127    2.215    2.304    
I131    0    0.002474    0.01296    0.01424    0.01636    0.01856    0.02068    0.02268    0.02454    0.02624    0.02781    0.02922    0.0305    0.03163    0.03264    0.03353    0.03431    0.03499    0.03556    0.03606    0.03646    0.0368    0.03706    0.03726    0.03741    0.03749    0.03753    0.03751    0.03746    0.03736    0.03723    0.03706    0.03686    
XE131    0    0.004128    0.04074    0.09371    0.1546    0.2239    0.301    0.3851    0.4753    0.5709    0.6709    0.7748    0.8817    0.9909    1.102    1.214    1.327    1.44    1.553    1.666    1.777    1.887    1.996    2.103    2.208    2.31    2.411    2.508    2.604    2.696    2.785    2.872    2.956    
TE132    0    0.001931    0.008432    0.008891    0.01007    0.01133    0.01256    0.01372    0.0148    0.0158    0.01672    0.01754    0.01829    0.01895    0.01953    0.02005    0.02049    0.02088    0.02121    0.02149    0.02172    0.02191    0.02205    0.02216    0.02223    0.02228    0.02229    0.02227    0.02223    0.02216    0.02208    0.02197    0.02185    
XE132    0    0.008913    0.07384    0.1577    0.2574    0.3738    0.5063    0.6541    0.8166    0.9927    1.182    1.383    1.595    1.818    2.05    2.291    2.54    2.797    3.061    3.331    3.607    3.888    4.174    4.464    4.758    5.055    5.355    5.658    5.963    6.271    6.579    6.889    7.2    
XE133    0    0.003644    0.01698    0.01861    0.02146    0.0244    0.02724    0.0299    0.03236    0.03464    0.03672    0.0386    0.04029    0.04181    0.04315    0.04433    0.04537    0.04626    0.04703    0.04769    0.04824    0.04868    0.04904    0.0493    0.04949    0.04961    0.04965    0.04964    0.04957    0.04944    0.04926    0.04904    0.04878    
CS133    0    0.009911    0.08845    0.1983    0.3272    0.476    0.6436    0.8284    1.029    1.243    1.47    1.707    1.954    2.209    2.471    2.739    3.011    3.287    3.565    3.845    4.126    4.408    4.689    4.969    5.248    5.525    5.799    6.07    6.338    6.602    6.863    7.119    7.37    
XE134    0    0.01716    0.1248    0.2562    0.4152    0.601    0.812    1.046    1.302    1.578    1.871    2.181    2.505    2.843    3.192    3.552    3.921    4.298    4.682    5.072    5.467    5.865    6.268    6.672    7.079    7.487    7.895    8.304    8.712    9.12    9.526    9.93    10.33    
CS134    0    3.13e-05    0.0005149    0.002084    0.004894    0.009103    0.01485    0.02226    0.03142    0.0424    0.05526    0.07002    0.08671    0.1053    0.1258    0.1482    0.1723    0.1983    0.226    0.2553    0.2862    0.3186    0.3525    0.3876    0.4241    0.4617    0.5004    0.5401    0.5807    0.6221    0.6643    0.7072    0.7506    
CS135    0    0.01089    0.085    0.174    0.28    0.4028    0.5415    0.6949    0.8618    1.041    1.232    1.432    1.642    1.86    2.085    2.317    2.554    2.796    3.042    3.291    3.544    3.798    4.055    4.313    4.572    4.832    5.091    5.351    5.61    5.868    6.125    6.381    6.635    
XE136    0    0.02002    0.1475    0.3025    0.4896    0.7079    0.9556    1.23    1.53    1.853    2.197    2.56    2.941    3.336    3.745    4.167    4.599    5.04    5.49    5.946    6.408    6.875    7.346    7.82    8.297    8.774    9.253    9.731    10.21    10.69    11.16    11.64    12.11    
BA136    0    2.154e-05    0.0006639    0.001752    0.003023    0.004543    0.006361    0.008515    0.01104    0.01395    0.01729    0.02106    0.02529    0.03    0.03519    0.04089    0.0471    0.05382    0.06108    0.06887    0.0772    0.08607    0.0955    0.1055    0.116    0.1271    0.1387    0.1509    0.1636    0.1769    0.1908    0.2051    0.2201    
CS137    0    0.01405    0.1069    0.2177    0.3504    0.5044    0.6783    0.8706    1.08    1.304    1.543    1.794    2.056    2.328    2.609    2.897    3.192    3.492    3.797    4.106    4.418    4.733    5.049    5.366    5.683    6.001    6.318    6.634    6.949    7.262    7.573    7.882    8.188    
BA137    0    1.482e-05    0.0002152    0.0007402    0.001652    0.003019    0.004906    0.007373    0.01048    0.01427    0.01879    0.02408    0.03019    0.03714    0.04497    0.05369    0.06333    0.07391    0.08545    0.09795    0.1114    0.1259    0.1414    0.1578    0.1753    0.1937    0.2132    0.2336    0.2551    0.2775    0.3009    0.3253    0.3507    
BA138    0    0.01391    0.1014    0.2079    0.3368    0.4874    0.6584    0.8482    1.055    1.279    1.516    1.767    2.03    2.304    2.587    2.878    3.177    3.482    3.793    4.109    4.429    4.752    5.078    5.406    5.736    6.066    6.397    6.729    7.059    7.39    7.719    8.047    8.373    
LA139    0    0.01354    0.09876    0.2026    0.3281    0.4746    0.6408    0.8253    1.027    1.243    1.474    1.717    1.972    2.237    2.511    2.793    3.082    3.377    3.677    3.982    4.29    4.601    4.915    5.231    5.547    5.865    6.183    6.5    6.817    7.133    7.448    7.761    8.072    
BA140    0    0.006359    0.03238    0.03881    0.04579    0.0528    0.05948    0.06572    0.0715    0.07681    0.08166    0.08606    0.09002    0.09357    0.09672    0.09951    0.102    0.1041    0.1059    0.1075    0.1088    0.1099    0.1108    0.1114    0.1119    0.1122    0.1124    0.1124    0.1122    0.112    0.1116    0.1111    0.1105    
LA140    0    0.0008351    0.004268    0.005147    0.006075    0.00701    0.007902    0.008737    0.009512    0.01023    0.01088    0.01147    0.01201    0.01249    0.01292    0.0133    0.01364    0.01393    0.01419    0.01441    0.0146    0.01475    0.01488    0.01498    0.01506    0.01511    0.01515    0.01516    0.01515    0.01513    0.0151    0.01505    0.01498    
CE140    0    0.00632    0.06265    0.1587    0.2754    0.4126    0.5696    0.7452    0.9379    1.147    1.37    1.606    1.854    2.113    2.382    2.659    2.945    3.236    3.534    3.837    4.144    4.455    4.768    5.085    5.403    5.723    6.043    6.364    6.685    7.006    7.327    7.646    7.964    
CE141    0    0.007905    0.05152    0.07394    0.09164    0.1077    0.1227    0.1367    0.1496    0.1616    0.1726    0.1825    0.1916    0.1997    0.2069    0.2134    0.219    0.224    0.2283    0.232    0.2351    0.2378    0.2399    0.2416    0.2428    0.2437    0.2443    0.2444    0.2443    0.2439    0.2433    0.2424    0.2413    
PR141    0    0.002865    0.03432    0.1005    0.1882    0.2939    0.4161    0.5538    0.7057    0.8708    1.048    1.236    1.434    1.641    1.856    2.078    2.306    2.539    2.778    3.02    3.266    3.514    3.765    4.017    4.271    4.526    4.781    5.036    5.291    5.546    5.8    6.052    6.303    
CE142    0    0.0106    0.08242    0.1679    0.2701    0.3887    0.5226    0.6709    0.8325    1.006    1.191    1.386    1.589    1.801    2.02    2.246    2.477    2.712    2.953    3.196    3.443    3.692    3.944    4.197    4.451    4.705    4.96    5.215    5.47    5.725    5.978    6.23    6.481    
PR143    0    0.004944    0.02644    0.03187    0.03743    0.04305    0.04843    0.05346    0.05813    0.06242    0.06634    0.06989    0.0731    0.07597    0.07852    0.08078    0.08277    0.08449    0.08598    0.08725    0.08832    0.0892    0.08991    0.09045    0.09085    0.0911    0.09123    0.09124    0.09113    0.09093    0.09063    0.09025    0.08979    
ND143    0    0.004644    0.04781    0.1219    0.2108    0.3143    0.4318    0.5622    0.7046    0.8578    1.021    1.192    1.371    1.557    1.749    1.945    2.146    2.35    2.557    2.767    2.977    3.189    3.402    3.614    3.826    4.038    4.248    4.457    4.665    4.871    5.074    5.275    5.474    
CE144    0    0.009012    0.06406    0.1246    0.1924    0.266    0.344    0.425    0.5077    0.591    0.6739    0.7556    0.8355    0.9129    0.9874    1.059    1.126    1.191    1.251    1.307    1.36    1.408    1.453    1.494    1.531    1.564    1.594    1.621    1.644    1.664    1.682    1.696    1.708    
ND144    0    0.000379    0.004859    0.01711    0.03791    0.06813    0.1085    0.1595    0.2216    0.2949    0.3796    0.4755    0.5826    0.7006    0.8293    0.9682    1.117    1.275    1.443    1.619    1.803    1.995    2.194    2.4    2.611    2.829    3.052    3.28    3.513    3.749    3.989    4.233    4.479    
ND145    0    0.007178    0.05369    0.1097    0.1768    0.2547    0.3425    0.4394    0.5447    0.6575    0.7771    0.9027    1.034    1.169    1.309    1.451    1.597    1.745    1.895    2.047    2.199    2.352    2.506    2.66    2.813    2.966    3.118    3.269    3.419    3.567    3.715    3.86    4.003    
ND146    0    0.00629    0.04629    0.09519    0.1546    0.2243    0.3038    0.3924    0.4896    0.5948    0.7074    0.8269    0.9525    1.084    1.221    1.362    1.508    1.658    1.812    1.968    2.128    2.29    2.455    2.621    2.79    2.96    3.131    3.303    3.476    3.651    3.825    4    4.176    
ND147    0    0.002406    0.01165    0.01377    0.01626    0.01875    0.02113    0.02335    0.02541    0.02729    0.02902    0.03059    0.032    0.03326    0.03439    0.03539    0.03626    0.03703    0.03769    0.03825    0.03873    0.03913    0.03944    0.03969    0.03987    0.03999    0.04006    0.04007    0.04003    0.03995    0.03983    0.03967    0.03947    
PM147    0    0.002757    0.02505    0.05811    0.09506    0.1356    0.1789    0.2242    0.2707    0.3179    0.3651    0.4119    0.4578    0.5025    0.5457    0.5872    0.6268    0.6644    0.6999    0.7333    0.7645    0.7934    0.8202    0.8448    0.8673    0.8878    0.9062    0.9227    0.9373    0.9501    0.9611    0.9706    0.9784    
SM147    0    2.628e-05    0.0004484    0.001913    0.004589    0.008582    0.01397    0.02081    0.02912    0.03889    0.05009    0.06269    0.07663    0.09183    0.1082    0.1257    0.1442    0.1636    0.1838    0.2047    0.2262    0.2483    0.2707    0.2936    0.3167    0.3399    0.3633    0.3867    0.4101    0.4333    0.4564    0.4793    0.5018    
ND148    0    0.00456    0.03263    0.0671    0.1089    0.1579    0.2135    0.2752    0.3427    0.4153    0.4927    0.5743    0.6597    0.7486    0.8406    0.9352    1.032    1.131    1.232    1.334    1.438    1.542    1.648    1.753    1.86    1.966    2.073    2.18    2.286    2.392    2.498    2.603    2.707    
SM148    0    2.313e-05    0.0005572    0.002636    0.006671    0.01291    0.02157    0.03283    0.04681    0.06361    0.08328    0.1058    0.1313    0.1596    0.1908    0.2247    0.2613    0.3005    0.3422    0.3863    0.4327    0.4813    0.532    0.5846    0.6391    0.6953    0.7531    0.8125    0.8732    0.9352    0.9984    1.063    1.128    
SM149    0    0.002299    0.01345    0.02031    0.02611    0.03164    0.03698    0.04211    0.04701    0.05165    0.05602    0.06013    0.06396    0.06752    0.07081    0.07384    0.07662    0.07916    0.08146    0.08355    0.08542    0.0871    0.08859    0.08989    0.09103    0.092    0.09283    0.09351    0.09406    0.09448    0.09478    0.09497    0.09505    
ND150    0    0.00283    0.01987    0.0409    0.06652    0.09655    0.1307    0.1687    0.2102    0.255    0.3026    0.3529    0.4056    0.4604    0.5171    0.5755    0.6353    0.6964    0.7586    0.8217    0.8856    0.9502    1.015    1.081    1.146    1.212    1.278    1.344    1.41    1.475    1.54    1.605    1.67    
SM150    0    0.0009198    0.0103    0.03066    0.05839    0.09281    0.1336    0.1805    0.2331    0.2912    0.3543    0.4222    0.4945    0.5708    0.6508    0.7342    0.8205    0.9096    1.001    1.095    1.19    1.287    1.385    1.485    1.585    1.686    1.788    1.89    1.992    2.094    2.196    2.297    2.398    
SM151    0    0.001992    0.0138    0.02703    0.04164    0.05741    0.07402    0.09116    0.1086    0.1261    0.1435    0.1606    0.1773    0.1936    0.2093    0.2243    0.2388    0.2526    0.2656    0.278    0.2898    0.3008    0.3112    0.321    0.3301    0.3386    0.3466    0.354    0.3608    0.3672    0.3731    0.3785    0.3835    
SM152    0    0.001795    0.01296    0.02762    0.04604    0.06803    0.09332    0.1216    0.1524    0.1856    0.2207    0.2573    0.2953    0.3342    0.3737    0.4136    0.4537    0.4937    0.5334    0.5727    0.6113    0.6492    0.6862    0.7222    0.7571    0.7908    0.8234    0.8546    0.8846    0.9132    0.9405    0.9664    0.991    
EU153    0    0.001231    0.008451    0.01848    0.03135    0.04715    0.0659    0.08756    0.1121    0.1394    0.1694    0.202    0.237    0.2743    0.3139    0.3554    0.3988    0.4439    0.4905    0.5384    0.5875    0.6377    0.6886    0.7403    0.7924    0.8449    0.8976    0.9504    1.003    1.055    1.108    1.159    1.21    
SM154    0    0.0009363    0.006271    0.01299    0.02125    0.03099    0.04211    0.0545    0.06806    0.0827    0.0983    0.1148    0.1321    0.1501    0.1687    0.1879    0.2075    0.2276    0.2481    0.2688    0.2899    0.3111    0.3325    0.354    0.3756    0.3973    0.419    0.4406    0.4622    0.4838    0.5052    0.5266    0.5478    
EU154    0    1.794e-05    0.0002238    0.0008208    0.001898    0.003551    0.00587    0.008937    0.01283    0.01761    0.02333    0.03005    0.0378    0.04662    0.05652    0.06751    0.07961    0.09281    0.1071    0.1225    0.1389    0.1563    0.1747    0.194    0.2143    0.2353    0.2572    0.2798    0.3031    0.3271    0.3516    0.3766    0.402    
EU155    0    0.0004966    0.002987    0.005166    0.007274    0.009342    0.01138    0.01338    0.01537    0.01734    0.0193    0.02128    0.02327    0.02528    0.02734    0.02944    0.0316    0.03382    0.03611    0.03847    0.04091    0.04343    0.04602    0.0487    0.05146    0.05429    0.0572    0.06018    0.06323    0.06634    0.06951    0.07273    0.076    
GD156    0    0.0002238    0.002215    0.006391    0.01233    0.01995    0.02919    0.03999    0.05227    0.06598    0.08105    0.09744    0.1151    0.134    0.1541    0.1754    0.1979    0.2215    0.2463    0.2723    0.2994    0.3277    0.3573    0.388    0.42    0.4532    0.4877    0.5235    0.5606    0.599    0.6388    0.6799    0.7224    
GD158    0    0.0003388    0.002394    0.005806    0.01031    0.01582    0.02228    0.02963    0.03782    0.04678    0.05646    0.06682    0.07779    0.08934    0.1014    0.114    0.127    0.1404    0.1543    0.1684    0.183    0.1978    0.2129    0.2283    0.2439    0.2598    0.2759    0.2922    0.3087    0.3254    0.3422    0.3593    0.3765    
TB159    0    0.0001322    0.0007566    0.001609    0.002685    0.00397    0.005446    0.007097    0.008904    0.01085    0.01293    0.01511    0.0174    0.01977    0.02221    0.02472    0.02728    0.02989    0.03253    0.0352    0.03789    0.04059    0.0433    0.04601    0.04873    0.05143    0.05412    0.0568    0.05946    0.0621    0.06471    0.0673    0.06986    
