TIME    3   50   100   150   200   250   300   350   400   450   500   550   600   650   700   750   800   850   900   950   1000   1050   1100   1150   1200   1250   1300   1350   1400   1450   1500   1550   1600   
NEUT_PROD    191   182   173   165   157   149   142   135   129   122   116   111   106   101   95.8   91.3   87   82.9   79   75.3   71.8   68.4   65.2   62.2   59.4   56.7   54.1   51.6   49.3   47.1   45   43   41.1   
NEUT_DEST    85.2   84.7   82.3   79.9   77.4   75.1   72.8   70.7   68.6   66.5   64.6   62.7   60.9   59.2   57.6   56   54.4   53   51.6   50.2   48.9   47.7   46.5   45.3   44.2   43.2   42.2   41.2   40.3   39.4   38.5   37.7   36.9   
BUd    6.61e-14    30.4    30.8    29.3    27.8    26.5    25.2    24    22.8    21.7    20.7    19.7    18.7    17.8    17    16.2    15.4    14.7    14    13.3    12.7    12.1    11.5    11    10.5    10    9.56    9.12    8.71    8.31    7.94    7.58    7.25    
HE4    2.04e-07    0.000115    0.0008157    0.002517    0.005506    0.00997    0.01602    0.0237    0.03302    0.04394    0.05643    0.07039    0.08576    0.1024    0.1203    0.1393    0.1593    0.1802    0.2019    0.2244    0.2475    0.2711    0.2953    0.3198    0.3447    0.3698    0.3952    0.4206    0.4462    0.4719    0.4976    0.5232    0.5488    
U234    0    1.592e-06    2.454e-05    0.000117    0.0003471    0.0007955    0.001549    0.002696    0.004324    0.006517    0.009351    0.0129    0.01722    0.02237    0.0284    0.03535    0.04325    0.05212    0.06198    0.07283    0.08469    0.09755    0.1114    0.1262    0.142    0.1587    0.1764    0.1949    0.2143    0.2346    0.2556    0.2773    0.2998    
NP237    3.888e-06    0.0008108    0.002913    0.006131    0.01033    0.0154    0.02121    0.02767    0.03468    0.04215    0.05    0.05816    0.06657    0.07515    0.08387    0.09265    0.1015    0.1103    0.119    0.1277    0.1363    0.1447    0.1529    0.161    0.1689    0.1766    0.184    0.1912    0.1981    0.2048    0.2112    0.2173    0.2232    
PU238    2.227e-20    0.005976    0.04522    0.1419    0.3122    0.5662    0.9092    1.343    1.866    2.476    3.168    3.937    4.777    5.68    6.641    7.652    8.708    9.8    10.92    12.07    13.24    14.43    15.62    16.81    18.01    19.21    20.39    21.57    22.73    23.88    25.01    26.12    27.2    
PU239    4.784e-20    3.626e-05    0.0002671    0.001125    0.003217    0.00725    0.01397    0.02414    0.03847    0.05765    0.08229    0.1129    0.15    0.194    0.245    0.3035    0.3695    0.4431    0.5244    0.6133    0.7097    0.8135    0.9245    1.042    1.167    1.298    1.436    1.579    1.727    1.881    2.039    2.202    2.369    
PU240    2.347e-17    0.01063    0.02113    0.03085    0.03993    0.04849    0.05668    0.06467    0.07264    0.0808    0.08936    0.09853    0.1085    0.1196    0.132    0.1459    0.1615    0.1791    0.1988    0.221    0.2457    0.2732    0.3036    0.3371    0.3738    0.4139    0.4576    0.5049    0.5559    0.6107    0.6694    0.732    0.7986    
PU241    999.6    953    905.8    861    818.3    777.8    739.3    702.7    667.9    634.8    603.4    573.5    545.1    518.1    492.5    468.1    444.9    422.9    401.9    382    363.1    345.2    328.1    311.8    296.4    281.7    267.8    254.5    242    230    218.6    207.8    197.5    
PU242    2.101e-14    9.601    19.23    28.29    36.8    44.79    52.29    59.33    65.92    72.08    77.85    83.23    88.25    92.92    97.27    101.3    105.1    108.5    111.7    114.7    117.4    119.9    122.1    124.2    126.1    127.8    129.3    130.6    131.8    132.9    133.8    134.6    135.2    
AM241    0.3953    6.312    12.06    17.28    22.02    26.29    30.14    33.6    36.69    39.44    41.86    44    45.86    47.47    48.84    50    50.96    51.74    52.34    52.79    53.1    53.27    53.33    53.28    53.12    52.88    52.55    52.14    51.67    51.14    50.56    49.92    49.25    
AM242M    1.716e-18    0.01306    0.04787    0.0986    0.1606    0.2301    0.3041    0.3803    0.4567    0.532    0.6049    0.6748    0.7409    0.8028    0.8603    0.9133    0.9616    1.005    1.044    1.079    1.11    1.136    1.158    1.177    1.192    1.204    1.212    1.218    1.221    1.222    1.22    1.216    1.21    
AM242    6.18e-18    0.00426    0.008143    0.01167    0.01487    0.01776    0.02036    0.02269    0.02478    0.02664    0.02828    0.02972    0.03098    0.03207    0.03299    0.03378    0.03443    0.03495    0.03536    0.03566    0.03587    0.03599    0.03603    0.03599    0.03589    0.03572    0.0355    0.03523    0.03491    0.03455    0.03416    0.03373    0.03327    
AM243    0    0.05617    0.233    0.5197    0.906    1.382    1.939    2.568    3.261    4.01    4.809    5.65    6.528    7.437    8.371    9.325    10.3    11.28    12.27    13.26    14.26    15.25    16.24    17.22    18.19    19.15    20.1    21.03    21.94    22.84    23.72    24.57    25.41    
CM242    6.35e-18    0.08444    0.3094    0.6331    1.023    1.454    1.906    2.365    2.82    3.262    3.684    4.084    4.458    4.803    5.12    5.409    5.668    5.899    6.104    6.282    6.435    6.564    6.671    6.758    6.824    6.873    6.904    6.92    6.922    6.91    6.885    6.85    6.805    
CM243    0    0.0001112    0.0008292    0.002564    0.005558    0.009927    0.0157    0.02283    0.03122    0.04077    0.05133    0.06276    0.07489    0.08758    0.1007    0.1141    0.1276    0.1412    0.1546    0.168    0.181    0.1937    0.206    0.2179    0.2292    0.2401    0.2503    0.2599    0.269    0.2774    0.2851    0.2923    0.2988    
CM244    0    0.0006163    0.005301    0.01798    0.04212    0.0808    0.1367    0.2122    0.3091    0.4293    0.5741    0.7446    0.9417    1.166    1.418    1.698    2.007    2.343    2.707    3.098    3.517    3.962    4.433    4.929    5.45    5.994    6.561    7.15    7.759    8.388    9.036    9.702    10.38    
CM245    0    1.855e-06    3.28e-05    0.0001678    0.0005249    0.001258    0.002548    0.004602    0.007642    0.0119    0.01763    0.02507    0.03448    0.04609    0.06016    0.07692    0.0966    0.1194    0.1456    0.1753    0.2087    0.2459    0.2872    0.3327    0.3825    0.4366    0.4952    0.5583    0.6261    0.6985    0.7755    0.8573    0.9437    
SE79    5.133e-18    0.002365    0.004769    0.007059    0.009239    0.01131    0.01329    0.01518    0.01697    0.01868    0.02031    0.02187    0.02335    0.02476    0.02611    0.0274    0.02863    0.02981    0.03093    0.032    0.03302    0.034    0.03493    0.03583    0.03668    0.0375    0.03828    0.03903    0.03975    0.04044    0.0411    0.04173    0.04234    
SE80    1.053e-17    0.004833    0.009746    0.01443    0.01888    0.02313    0.02718    0.03103    0.03471    0.03821    0.04156    0.04474    0.04779    0.05069    0.05347    0.05611    0.05864    0.06106    0.06337    0.06557    0.06769    0.0697    0.07164    0.07348    0.07526    0.07695    0.07858    0.08013    0.08163    0.08306    0.08444    0.08576    0.08703    
BR81    1.557e-17    0.007176    0.01445    0.02134    0.02788    0.03408    0.03996    0.04554    0.05082    0.05583    0.06059    0.06509    0.06936    0.07341    0.07725    0.08088    0.08433    0.0876    0.09069    0.09362    0.0964    0.09903    0.1015    0.1039    0.1061    0.1082    0.1102    0.1121    0.1139    0.1156    0.1172    0.1187    0.1201    
SE82    2.788e-17    0.01279    0.02579    0.03816    0.04993    0.06114    0.07181    0.08198    0.09166    0.1009    0.1097    0.118    0.126    0.1336    0.1409    0.1478    0.1544    0.1607    0.1667    0.1725    0.1779    0.1832    0.1882    0.1929    0.1975    0.2019    0.206    0.21    0.2138    0.2175    0.221    0.2243    0.2276    
KR83    4.578e-17    0.02281    0.04589    0.06766    0.08816    0.1075    0.1256    0.1428    0.1588    0.174    0.1882    0.2015    0.2141    0.2258    0.2368    0.2472    0.2568    0.2659    0.2743    0.2822    0.2895    0.2963    0.3027    0.3086    0.3141    0.3192    0.3239    0.3282    0.3322    0.3358    0.3392    0.3422    0.345    
KR84    8.723e-17    0.04056    0.08195    0.1216    0.1594    0.1957    0.2304    0.2637    0.2955    0.326    0.3553    0.3834    0.4103    0.4361    0.4609    0.4848    0.5076    0.5296    0.5508    0.5712    0.5907    0.6096    0.6278    0.6453    0.6622    0.6784    0.6942    0.7093    0.724    0.7381    0.7518    0.7651    0.7779    
KR85    1.741e-17    0.008701    0.01751    0.02583    0.03366    0.04104    0.048    0.05454    0.06071    0.06651    0.07196    0.07708    0.0819    0.08641    0.09065    0.09463    0.09835    0.1018    0.1051    0.1081    0.111    0.1136    0.1161    0.1184    0.1205    0.1225    0.1243    0.126    0.1276    0.129    0.1304    0.1316    0.1327    
RB85    6.462e-17    0.03246    0.06569    0.09739    0.1276    0.1565    0.184    0.2103    0.2354    0.2594    0.2823    0.3042    0.3251    0.3451    0.3643    0.3826    0.4001    0.4169    0.4329    0.4483    0.4631    0.4772    0.4907    0.5037    0.5162    0.5282    0.5397    0.5507    0.5613    0.5715    0.5813    0.5908    0.5999    
KR86    1.54e-16    0.07069    0.1424    0.2107    0.2757    0.3375    0.3963    0.4524    0.5057    0.5565    0.6048    0.6509    0.6947    0.7365    0.7763    0.8143    0.8504    0.8849    0.9178    0.9491    0.979    1.008    1.035    1.061    1.085    1.109    1.132    1.153    1.174    1.194    1.212    1.23    1.248    
RB87    1.833e-16    0.0862    0.1738    0.2572    0.3365    0.412    0.4838    0.5522    0.6173    0.6792    0.7382    0.7944    0.8479    0.8989    0.9474    0.9937    1.038    1.08    1.12    1.158    1.194    1.229    1.262    1.294    1.324    1.353    1.38    1.406    1.431    1.455    1.478    1.5    1.521    
SR88    2.304e-16    0.1123    0.2268    0.3358    0.4396    0.5383    0.6323    0.7218    0.8071    0.8883    0.9656    1.039    1.11    1.176    1.24    1.301    1.359    1.414    1.467    1.517    1.565    1.611    1.655    1.697    1.737    1.775    1.811    1.846    1.879    1.911    1.942    1.971    1.999    
SR89    2.931e-16    0.1015    0.1523    0.173    0.1787    0.1772    0.1723    0.1658    0.1588    0.1516    0.1447    0.1379    0.1314    0.1253    0.1194    0.1138    0.1085    0.1034    0.09864    0.09408    0.08975    0.08564    0.08173    0.07802    0.07449    0.07114    0.06796    0.06494    0.06207    0.05935    0.05676    0.05431    0.05198    
Y89    6.078e-18    0.03659    0.126    0.2388    0.3601    0.4825    0.6025    0.7185    0.8298    0.9363    1.038    1.135    1.227    1.315    1.399    1.479    1.555    1.628    1.697    1.763    1.826    1.886    1.943    1.998    2.05    2.1    2.148    2.193    2.237    2.278    2.318    2.356    2.392    
SR90    3.816e-16    0.175    0.3521    0.52    0.6792    0.8301    0.9731    1.109    1.237    1.359    1.474    1.584    1.687    1.785    1.878    1.966    2.05    2.128    2.203    2.274    2.34    2.404    2.463    2.52    2.573    2.624    2.671    2.716    2.759    2.799    2.837    2.872    2.906    
ZR90    8.37e-21    0.0002492    0.001092    0.002504    0.004455    0.006919    0.009869    0.01328    0.01713    0.02139    0.02604    0.03107    0.03645    0.04216    0.04819    0.05451    0.06112    0.068    0.07514    0.08251    0.09011    0.09793    0.1059    0.1142    0.1226    0.1311    0.1398    0.1487    0.1578    0.1669    0.1762    0.1856    0.1952    
Y91    3.709e-16    0.1611    0.2516    0.2939    0.3097    0.3114    0.3056    0.296    0.2846    0.2726    0.2605    0.2486    0.2371    0.226    0.2155    0.2054    0.1958    0.1867    0.178    0.1698    0.162    0.1545    0.1475    0.1407    0.1344    0.1283    0.1226    0.1171    0.1119    0.107    0.1023    0.09787    0.09366    
ZR91    5.653e-18    0.04946    0.1755    0.3394    0.5196    0.7044    0.8877    1.066    1.238    1.404    1.561    1.712    1.856    1.993    2.123    2.247    2.366    2.478    2.586    2.688    2.786    2.879    2.968    3.052    3.133    3.21    3.283    3.354    3.42    3.484    3.545    3.604    3.659    
ZR92    5.163e-16    0.2687    0.5437    0.8054    1.055    1.292    1.518    1.732    1.937    2.132    2.318    2.495    2.664    2.825    2.978    3.124    3.264    3.397    3.523    3.644    3.76    3.87    3.975    4.076    4.172    4.264    4.351    4.435    4.515    4.592    4.666    4.736    4.803    
ZR93    6.271e-16    0.3562    0.7222    1.07    1.401    1.715    2.014    2.297    2.567    2.824    3.067    3.299    3.52    3.729    3.929    4.118    4.298    4.47    4.633    4.788    4.935    5.075    5.209    5.336    5.456    5.571    5.68    5.784    5.883    5.978    6.067    6.153    6.234    
ZR94    8.585e-16    0.3966    0.7999    1.184    1.55    1.899    2.231    2.548    2.851    3.139    3.414    3.676    3.927    4.166    4.394    4.612    4.82    5.019    5.209    5.391    5.565    5.732    5.891    6.043    6.189    6.329    6.463    6.591    6.714    6.832    6.945    7.054    7.159    
ZR95    1.035e-15    0.3787    0.599    0.7088    0.7552    0.7656    0.7559    0.7353    0.7092    0.6805    0.6511    0.6218    0.5932    0.5657    0.5392    0.514    0.4899    0.4669    0.4451    0.4244    0.4046    0.3859    0.3681    0.3512    0.3351    0.3198    0.3053    0.2915    0.2784    0.266    0.2542    0.243    0.2324    
NB95    1.649e-17    0.07817    0.2075    0.3077    0.3692    0.4003    0.4112    0.4095    0.4006    0.3877    0.3728    0.3572    0.3414    0.3259    0.3108    0.2963    0.2825    0.2693    0.2567    0.2447    0.2333    0.2224    0.2121    0.2023    0.193    0.1842    0.1758    0.1678    0.1602    0.153    0.1462    0.1397    0.1336    
MO95    3.275e-19    0.02725    0.1687    0.425    0.7595    1.138    1.534    1.933    2.325    2.704    3.069    3.416    3.747    4.062    4.36    4.642    4.909    5.162    5.402    5.628    5.842    6.044    6.235    6.416    6.586    6.747    6.899    7.042    7.177    7.304    7.424    7.536    7.642    
ZR96    1.183e-15    0.5434    1.095    1.619    2.118    2.593    3.044    3.474    3.883    4.272    4.643    4.995    5.331    5.65    5.955    6.244    6.52    6.783    7.034    7.272    7.5    7.716    7.923    8.12    8.307    8.486    8.657    8.82    8.976    9.124    9.266    9.401    9.53    
MO96    2.019e-18    0.001588    0.003684    0.006602    0.01068    0.0161    0.02295    0.03126    0.04101    0.05215    0.06462    0.07838    0.09334    0.1095    0.1267    0.1449    0.1641    0.1843    0.2053    0.2271    0.2497    0.273    0.297    0.3217    0.3469    0.3728    0.3991    0.426    0.4534    0.4812    0.5094    0.538    0.567    
MO97    8.619e-16    0.5713    1.165    1.729    2.265    2.776    3.261    3.722    4.161    4.579    4.976    5.354    5.713    6.055    6.381    6.691    6.985    7.266    7.533    7.788    8.03    8.261    8.481    8.69    8.889    9.079    9.261    9.433    9.598    9.755    9.904    10.05    10.18    
MO98    1.436e-15    0.6587    1.327    1.962    2.566    3.14    3.686    4.205    4.699    5.168    5.615    6.04    6.444    6.829    7.195    7.543    7.875    8.19    8.49    8.776    9.048    9.307    9.553    9.788    10.01    10.22    10.43    10.62    10.8    10.98    11.15    11.31    11.46    
MO99    1.176e-15    0.06347    0.06064    0.05778    0.05504    0.05244    0.04997    0.04763    0.04541    0.04331    0.0413    0.0394    0.0376    0.03588    0.03425    0.0327    0.03123    0.02983    0.0285    0.02724    0.02604    0.0249    0.02382    0.02279    0.02181    0.02088    0.02    0.01916    0.01837    0.01761    0.0169    0.01621    0.01557    
TC99    4.614e-16    0.6983    1.474    2.207    2.898    3.55    4.166    4.746    5.292    5.808    6.293    6.749    7.179    7.583    7.963    8.319    8.654    8.968    9.262    9.538    9.796    10.04    10.26    10.47    10.67    10.85    11.02    11.18    11.32    11.46    11.58    11.7    11.8    
MO100    1.726e-15    0.7919    1.595    2.36    3.087    3.778    4.436    5.062    5.658    6.225    6.765    7.278    7.767    8.233    8.676    9.099    9.501    9.884    10.25    10.6    10.93    11.24    11.54    11.83    12.11    12.37    12.62    12.85    13.08    13.3    13.5    13.7    13.89    
RU100    2.994e-21    0.002712    0.01191    0.02726    0.04841    0.07503    0.1068    0.1434    0.1846    0.2302    0.2797    0.3331    0.39    0.4503    0.5138    0.5802    0.6494    0.7212    0.7955    0.872    0.9506    1.031    1.114    1.198    1.284    1.371    1.459    1.549    1.64    1.733    1.826    1.92    2.015    
RU101    1.696e-15    0.7842    1.577    2.328    3.04    3.714    4.352    4.957    5.529    6.071    6.583    7.068    7.527    7.961    8.372    8.76    9.127    9.473    9.801    10.11    10.4    10.68    10.94    11.18    11.41    11.63    11.84    12.03    12.21    12.38    12.54    12.69    12.84    
RU102    1.83e-15    0.8441    1.703    2.524    3.308    4.056    4.772    5.455    6.109    6.734    7.332    7.904    8.451    8.976    9.478    9.959    10.42    10.86    11.29    11.69    12.08    12.46    12.82    13.17    13.5    13.82    14.13    14.42    14.71    14.98    15.25    15.51    15.75    
RU103    1.753e-15    0.5594    0.7857    0.8525    0.8545    0.8311    0.7985    0.7633    0.728    0.6938    0.6611    0.6298    0.6001    0.5718    0.545    0.5194    0.4952    0.4721    0.4503    0.4295    0.4097    0.3909    0.3731    0.3562    0.3401    0.3248    0.3103    0.2965    0.2834    0.2709    0.2591    0.2479    0.2373    
RH103    4.606e-17    0.2629    0.8532    1.538    2.223    2.871    3.471    4.018    4.514    4.962    5.365    5.724    6.044    6.327    6.576    6.793    6.98    7.14    7.274    7.385    7.474    7.543    7.594    7.628    7.646    7.651    7.642    7.621    7.589    7.547    7.497    7.438    7.372    
RU104    2.016e-15    0.9316    1.878    2.778    3.634    4.449    5.223    5.96    6.661    7.328    7.962    8.566    9.14    9.687    10.21    10.7    11.17    11.62    12.05    12.45    12.84    13.21    13.56    13.9    14.21    14.52    14.81    15.08    15.34    15.59    15.83    16.06    16.28    
PD104    2.292e-23    0.00336    0.02401    0.06932    0.1408    0.2375    0.3579    0.5    0.6617    0.8413    1.037    1.247    1.469    1.703    1.946    2.199    2.458    2.724    2.996    3.271    3.551    3.833    4.117    4.402    4.688    4.974    5.26    5.546    5.829    6.112    6.392    6.67    6.945    
RH105    8.742e-16    0.03478    0.03318    0.03159    0.03005    0.0286    0.02723    0.02592    0.02468    0.0235    0.02239    0.02132    0.02031    0.01936    0.01844    0.01758    0.01676    0.01597    0.01523    0.01453    0.01385    0.01322    0.01261    0.01204    0.01149    0.01097    0.01048    0.01001    0.009565    0.009142    0.008741    0.00836    0.007998    
PD105    7.574e-16    0.7484    1.545    2.3    3.015    3.694    4.336    4.945    5.522    6.068    6.586    7.077    7.541    7.981    8.397    8.792    9.165    9.518    9.852    10.17    10.47    10.75    11.02    11.27    11.51    11.74    11.95    12.15    12.34    12.52    12.69    12.85    13    
RU106    1.826e-15    0.8039    1.544    2.178    2.718    3.173    3.552    3.866    4.12    4.322    4.478    4.594    4.674    4.724    4.746    4.744    4.723    4.684    4.63    4.563    4.485    4.399    4.306    4.206    4.102    3.994    3.884    3.772    3.659    3.546    3.433    3.32    3.209    
PD106    5.19e-18    0.07341    0.2273    0.4466    0.722    1.045    1.407    1.803    2.226    2.671    3.134    3.609    4.094    4.586    5.081    5.577    6.072    6.565    7.053    7.536    8.012    8.481    8.941    9.392    9.833    10.26    10.69    11.1    11.5    11.89    12.27    12.63    12.99    
PD107    1.602e-15    0.7403    1.489    2.198    2.87    3.507    4.111    4.682    5.224    5.737    6.222    6.682    7.118    7.53    7.92    8.289    8.638    8.968    9.28    9.576    9.855    10.12    10.37    10.6    10.82    11.03    11.23    11.42    11.59    11.76    11.92    12.06    12.2    
PD108    1.222e-15    0.5604    1.126    1.66    2.165    2.643    3.094    3.52    3.922    4.302    4.661    4.999    5.318    5.619    5.902    6.169    6.42    6.657    6.879    7.088    7.284    7.469    7.641    7.803    7.955    8.097    8.229    8.353    8.469    8.576    8.676    8.769    8.856    
AG109    5.408e-16    0.3278    0.658    0.964    1.247    1.509    1.751    1.974    2.179    2.368    2.541    2.7    2.845    2.978    3.099    3.208    3.308    3.398    3.478    3.551    3.615    3.672    3.723    3.767    3.805    3.838    3.866    3.889    3.907    3.922    3.933    3.94    3.944    
PD110    3.832e-16    0.1758    0.354    0.5235    0.6845    0.8376    0.9832    1.122    1.253    1.378    1.497    1.611    1.718    1.82    1.918    2.01    2.098    2.182    2.262    2.337    2.409    2.478    2.543    2.605    2.664    2.72    2.774    2.824    2.873    2.919    2.963    3.004    3.044    
AG110M    6.034e-22    0.0003478    0.001389    0.002977    0.004985    0.007307    0.009856    0.01256    0.01535    0.01819    0.02103    0.02384    0.02659    0.02927    0.03185    0.03433    0.03669    0.03893    0.04105    0.04305    0.04492    0.04666    0.04828    0.04978    0.05116    0.05243    0.05359    0.05465    0.05561    0.05647    0.05723    0.05792    0.05852    
CD110    5.402e-22    0.005983    0.02513    0.05659    0.09948    0.153    0.2163    0.2888    0.3696    0.4581    0.5538    0.656    0.7641    0.8776    0.9961    1.119    1.246    1.377    1.511    1.647    1.787    1.928    2.072    2.217    2.363    2.511    2.66    2.809    2.959    3.11    3.261    3.411    3.562    
AG111    1.711e-16    0.02022    0.01952    0.01858    0.01769    0.01684    0.01604    0.01528    0.01455    0.01386    0.01321    0.01259    0.012    0.01144    0.01091    0.0104    0.009923    0.009467    0.009033    0.00862    0.008228    0.007856    0.007502    0.007165    0.006845    0.006541    0.006252    0.005978    0.005717    0.005469    0.005233    0.005009    0.004796    
CD111    2.499e-17    0.07046    0.1629    0.2509    0.3345    0.4139    0.4893    0.5609    0.6291    0.694    0.7558    0.8146    0.8707    0.9242    0.9753    1.024    1.071    1.115    1.158    1.199    1.238    1.276    1.312    1.347    1.381    1.413    1.444    1.474    1.504    1.532    1.559    1.586    1.612    
CD112    5.887e-17    0.04243    0.08703    0.1297    0.1706    0.2097    0.2472    0.2831    0.3175    0.3505    0.3822    0.4125    0.4417    0.4697    0.4966    0.5225    0.5474    0.5713    0.5944    0.6166    0.638    0.6586    0.6785    0.6977    0.7163    0.7343    0.7516    0.7684    0.7847    0.8005    0.8158    0.8307    0.8451    
CD113    5.737e-17    0.02165    0.03302    0.03793    0.03951    0.0394    0.03845    0.0371    0.03559    0.03404    0.0325    0.03101    0.02957    0.02819    0.02688    0.02563    0.02445    0.02332    0.02225    0.02123    0.02026    0.01934    0.01846    0.01763    0.01685    0.0161    0.01539    0.01471    0.01407    0.01346    0.01288    0.01233    0.01181    
CD114    3.605e-17    0.02393    0.05905    0.09839    0.1389    0.179    0.2181    0.2556    0.2915    0.3258    0.3584    0.3895    0.4191    0.4472    0.474    0.4994    0.5236    0.5466    0.5685    0.5893    0.6091    0.6279    0.6458    0.6629    0.6791    0.6945    0.7092    0.7232    0.7365    0.7491    0.7612    0.7726    0.7836    
IN115    7.986e-18    0.009721    0.01898    0.02631    0.03198    0.03623    0.03933    0.04148    0.04286    0.04362    0.0439    0.04378    0.04337    0.04271    0.04188    0.04092    0.03986    0.03873    0.03757    0.03637    0.03517    0.03398    0.0328    0.03164    0.0305    0.0294    0.02833    0.0273    0.0263    0.02534    0.02442    0.02354    0.02269    
CD116    1.791e-17    0.008227    0.01657    0.02451    0.03206    0.03925    0.04608    0.05257    0.05875    0.06463    0.07022    0.07554    0.0806    0.08542    0.09    0.09436    0.09851    0.1025    0.1062    0.1098    0.1132    0.1164    0.1195    0.1225    0.1253    0.1279    0.1305    0.1329    0.1352    0.1374    0.1395    0.1415    0.1434    
SN116    2.85e-23    0.0009052    0.003778    0.008241    0.01395    0.0206    0.02794    0.03579    0.04396    0.05232    0.06078    0.06924    0.07764    0.08593    0.09407    0.102    0.1098    0.1173    0.1246    0.1317    0.1385    0.1451    0.1515    0.1576    0.1635    0.1692    0.1746    0.1799    0.185    0.1898    0.1945    0.199    0.2033    
SN117    1.285e-17    0.006483    0.0131    0.01938    0.02537    0.03106    0.03647    0.04163    0.04654    0.05121    0.05567    0.05991    0.06396    0.06781    0.07149    0.07499    0.07834    0.08153    0.08458    0.08749    0.09026    0.09291    0.09545    0.09787    0.1002    0.1024    0.1045    0.1065    0.1085    0.1103    0.1121    0.1138    0.1155    
SN118    1.593e-17    0.007428    0.01497    0.02215    0.02898    0.03547    0.04166    0.04754    0.05314    0.05847    0.06355    0.06838    0.07298    0.07737    0.08154    0.08552    0.08931    0.09292    0.09636    0.09963    0.1028    0.1057    0.1086    0.1113    0.1139    0.1163    0.1187    0.1209    0.1231    0.1251    0.1271    0.129    0.1307    
SN119    1.609e-17    0.007441    0.01501    0.02222    0.02909    0.03564    0.04188    0.04782    0.05349    0.05889    0.06404    0.06894    0.07362    0.07807    0.08232    0.08637    0.09023    0.09392    0.09743    0.1008    0.104    0.107    0.1099    0.1127    0.1153    0.1179    0.1203    0.1226    0.1248    0.1269    0.1289    0.1308    0.1327    
SN120    1.579e-17    0.007251    0.0146    0.0216    0.02825    0.03458    0.04061    0.04634    0.05179    0.05698    0.06192    0.06662    0.07109    0.07535    0.07941    0.08327    0.08695    0.09045    0.09379    0.09697    0.1    0.1029    0.1056    0.1083    0.1108    0.1131    0.1154    0.1176    0.1196    0.1216    0.1235    0.1253    0.127    
SB121    8.141e-18    0.006587    0.01346    0.01995    0.02606    0.03183    0.03726    0.04238    0.0472    0.05174    0.05601    0.06002    0.06379    0.06734    0.07066    0.07378    0.0767    0.07943    0.08199    0.08438    0.08661    0.08869    0.09063    0.09244    0.09411    0.09567    0.0971    0.09843    0.09966    0.1008    0.1018    0.1028    0.1036    
SN122    1.402e-17    0.006433    0.01296    0.01917    0.02508    0.03071    0.03606    0.04116    0.04601    0.05063    0.05502    0.05921    0.0632    0.067    0.07062    0.07407    0.07735    0.08049    0.08347    0.08632    0.08903    0.09162    0.09409    0.09644    0.09869    0.1008    0.1029    0.1048    0.1067    0.1085    0.1102    0.1118    0.1134    
SB123    1.208e-17    0.00574    0.01181    0.01778    0.02359    0.02921    0.03462    0.03982    0.04479    0.04953    0.05405    0.05834    0.06241    0.06628    0.06994    0.07341    0.07668    0.07978    0.0827    0.08546    0.08806    0.09052    0.09283    0.095    0.09704    0.09897    0.1008    0.1025    0.1041    0.1056    0.1069    0.1083    0.1095    
SN124    1.665e-17    0.007639    0.01539    0.02276    0.02977    0.03644    0.04278    0.04882    0.05456    0.06002    0.06522    0.07017    0.07488    0.07936    0.08363    0.0877    0.09157    0.09525    0.09876    0.1021    0.1053    0.1083    0.1112    0.114    0.1166    0.1191    0.1215    0.1238    0.126    0.128    0.13    0.1319    0.1337    
SB125    1.709e-17    0.009164    0.01881    0.02769    0.0358    0.04321    0.04996    0.05609    0.06164    0.06666    0.07117    0.07522    0.07883    0.08204    0.08487    0.08735    0.0895    0.09136    0.09293    0.09424    0.09531    0.09616    0.0968    0.09725    0.09753    0.09765    0.09762    0.09746    0.09717    0.09677    0.09627    0.09567    0.095    
TE125    1.345e-20    0.0001164    0.0005238    0.001226    0.002211    0.003461    0.004956    0.006675    0.008599    0.01071    0.01299    0.01541    0.01798    0.02066    0.02345    0.02633    0.02929    0.03233    0.03542    0.03856    0.04174    0.04496    0.0482    0.05145    0.05472    0.058    0.06127    0.06455    0.06781    0.07105    0.07428    0.07749    0.08068    
SN126    3.789e-17    0.01739    0.03505    0.05187    0.06788    0.08313    0.09766    0.1115    0.1247    0.1372    0.1492    0.1606    0.1715    0.1819    0.1918    0.2013    0.2103    0.2189    0.2271    0.235    0.2425    0.2496    0.2565    0.263    0.2693    0.2753    0.281    0.2865    0.2918    0.2968    0.3016    0.3063    0.3107    
TE127M    3.083e-18    0.00493    0.009155    0.01196    0.01374    0.01479    0.01532    0.01549    0.01541    0.01515    0.01478    0.01433    0.01384    0.01332    0.01279    0.01227    0.01175    0.01124    0.01075    0.01028    0.009822    0.009386    0.008969    0.008571    0.008191    0.00783    0.007486    0.007159    0.006848    0.006552    0.006271    0.006004    0.005751    
I127    1.365e-17    0.03561    0.07865    0.1206    0.1612    0.2002    0.2375    0.2732    0.3071    0.3393    0.3699    0.3989    0.4263    0.4522    0.4767    0.4999    0.5217    0.5423    0.5617    0.58    0.5972    0.6134    0.6286    0.6429    0.6564    0.669    0.6808    0.6919    0.7023    0.712    0.7211    0.7295    0.7375    
TE128    1.543e-16    0.07257    0.1464    0.2168    0.2838    0.3476    0.4084    0.4663    0.5215    0.5741    0.6242    0.672    0.7176    0.7611    0.8026    0.8422    0.88    0.9161    0.9506    0.9835    1.015    1.045    1.074    1.101    1.127    1.153    1.177    1.2    1.222    1.243    1.263    1.283    1.301    
XE128    0    9.122e-05    0.0004165    0.0009726    0.001752    0.002747    0.003949    0.005348    0.006934    0.008699    0.01063    0.01273    0.01497    0.01736    0.01989    0.02254    0.02531    0.02819    0.03118    0.03427    0.03746    0.04073    0.04409    0.04752    0.05103    0.0546    0.05824    0.06194    0.06569    0.06949    0.07335    0.07724    0.08118    
TE129M    3.737e-17    0.01228    0.01658    0.01753    0.01731    0.0167    0.01599    0.01526    0.01454    0.01386    0.01321    0.0126    0.01201    0.01145    0.01093    0.01042    0.009947    0.009494    0.009064    0.008655    0.008267    0.007898    0.007547    0.007215    0.006899    0.006599    0.006314    0.006043    0.005786    0.005543    0.005311    0.005092    0.004884    
I129    2.483e-16    0.1335    0.2778    0.4179    0.5519    0.6794    0.8005    0.9154    1.024    1.128    1.226    1.319    1.407    1.49    1.57    1.645    1.716    1.784    1.848    1.908    1.966    2.02    2.072    2.12    2.167    2.21    2.252    2.291    2.328    2.363    2.396    2.428    2.457    
TE130    6.441e-16    0.2968    0.5981    0.885    1.158    1.418    1.665    1.9    2.124    2.338    2.541    2.735    2.919    3.095    3.263    3.422    3.575    3.72    3.858    3.99    4.116    4.236    4.351    4.461    4.565    4.665    4.76    4.852    4.939    5.022    5.102    5.178    5.251    
XE130    1.853e-20    0.0002078    0.0008803    0.002011    0.003583    0.005575    0.007966    0.01073    0.01386    0.01733    0.02112    0.02521    0.0296    0.03425    0.03917    0.04433    0.04972    0.05534    0.06116    0.06718    0.07338    0.07976    0.08631    0.09301    0.09987    0.1069    0.114    0.1212    0.1286    0.1361    0.1437    0.1514    0.1592    
I131    9.729e-16    0.1293    0.1256    0.1196    0.1138    0.1083    0.103    0.09807    0.09337    0.0889    0.08465    0.08062    0.07679    0.07316    0.0697    0.06642    0.0633    0.06033    0.05751    0.05484    0.0523    0.04988    0.04758    0.0454    0.04333    0.04137    0.0395    0.03772    0.03604    0.03444    0.03292    0.03148    0.03011    
XE131    1.277e-16    0.4048    0.9418    1.441    1.903    2.328    2.719    3.078    3.408    3.709    3.984    4.235    4.462    4.667    4.851    5.017    5.165    5.295    5.41    5.511    5.597    5.671    5.733    5.784    5.824    5.854    5.876    5.889    5.895    5.893    5.885    5.871    5.851    
TE132    1.277e-15    0.07756    0.07403    0.07046    0.06703    0.06377    0.06068    0.05776    0.05498    0.05234    0.04984    0.04746    0.0452    0.04305    0.04101    0.03908    0.03724    0.03549    0.03382    0.03224    0.03074    0.02932    0.02796    0.02668    0.02545    0.02429    0.02319    0.02214    0.02115    0.0202    0.0193    0.01845    0.01764    
XE132    4.516e-16    0.7251    1.559    2.368    3.151    3.91    4.645    5.358    6.05    6.72    7.371    8.002    8.614    9.208    9.785    10.34    10.89    11.42    11.93    12.43    12.91    13.38    13.84    14.28    14.71    15.13    15.54    15.94    16.33    16.7    17.07    17.43    17.77    
I133    9.307e-16    0.02953    0.02818    0.02682    0.02551    0.02427    0.0231    0.02198    0.02092    0.01992    0.01896    0.01805    0.01719    0.01637    0.0156    0.01486    0.01416    0.01349    0.01285    0.01225    0.01168    0.01114    0.01062    0.01013    0.009662    0.009219    0.008798    0.008399    0.008019    0.007659    0.007317    0.006992    0.006683    
XE133    1.288e-15    0.1741    0.1667    0.1587    0.151    0.1437    0.1367    0.1301    0.1239    0.1179    0.1123    0.1069    0.1019    0.09702    0.09243    0.08806    0.08392    0.07998    0.07624    0.07268    0.0693    0.06609    0.06304    0.06014    0.05739    0.05478    0.05229    0.04993    0.04769    0.04557    0.04355    0.04163    0.03981    
CS133    2.066e-16    0.9236    2.074    3.156    4.173    5.127    6.021    6.86    7.646    8.381    9.069    9.712    10.31    10.87    11.39    11.88    12.33    12.75    13.13    13.49    13.82    14.13    14.41    14.66    14.9    15.11    15.3    15.48    15.64    15.78    15.9    16.01    16.11    
XE134    2.945e-15    1.393    2.809    4.156    5.437    6.656    7.815    8.919    9.969    10.97    11.92    12.82    13.68    14.51    15.29    16.03    16.74    17.41    18.05    18.67    19.25    19.81    20.33    20.84    21.32    21.78    22.22    22.63    23.03    23.41    23.77    24.12    24.45    
CS134    1.28e-20    0.004277    0.02096    0.04913    0.08746    0.1347    0.1897    0.2514    0.3189    0.3913    0.4678    0.5477    0.6302    0.7149    0.8011    0.8884    0.9763    1.064    1.152    1.24    1.326    1.412    1.497    1.58    1.661    1.74    1.818    1.894    1.967    2.039    2.108    2.174    2.239    
BA134    1.769e-23    5.52e-05    0.0005894    0.00216    0.005263    0.01034    0.01776    0.02786    0.04092    0.05719    0.07687    0.1001    0.1271    0.1579    0.1925    0.2312    0.2738    0.3204    0.371    0.4256    0.4841    0.5465    0.6128    0.6828    0.7565    0.8339    0.9147    0.999    1.087    1.178    1.271    1.368    1.468    
CS135    1.905e-15    0.8838    1.794    2.659    3.479    4.259    4.999    5.702    6.369    7.003    7.606    8.178    8.722    9.24    9.731    10.2    10.64    11.06    11.47    11.85    12.21    12.56    12.89    13.2    13.5    13.78    14.05    14.31    14.55    14.79    15.01    15.22    15.42    
XE136    2.835e-15    1.625    3.278    4.852    6.348    7.772    9.127    10.42    11.64    12.81    13.92    14.98    15.99    16.95    17.86    18.73    19.56    20.35    21.1    21.81    22.5    23.15    23.77    24.36    24.92    25.46    25.97    26.46    26.93    27.37    27.8    28.21    28.59    
BA136    5.055e-19    0.002373    0.007592    0.01469    0.02349    0.03391    0.04587    0.05928    0.07408    0.0902    0.1076    0.1261    0.1458    0.1666    0.1884    0.2111    0.2348    0.2594    0.2848    0.311    0.3379    0.3656    0.3939    0.4229    0.4525    0.4827    0.5135    0.5448    0.5767    0.609    0.6417    0.675    0.7086    
CS137    2.484e-15    1.14    2.292    3.385    4.421    5.403    6.333    7.214    8.05    8.841    9.59    10.3    10.97    11.61    12.21    12.78    13.32    13.83    14.31    14.77    15.2    15.61    15.99    16.36    16.7    17.03    17.33    17.62    17.89    18.15    18.39    18.62    18.83    
BA137    3.758e-19    0.001774    0.007287    0.01635    0.02877    0.04438    0.063    0.08448    0.1087    0.1354    0.1646    0.1961    0.2297    0.2654    0.3031    0.3426    0.3838    0.4267    0.4711    0.517    0.5643    0.6129    0.6627    0.7137    0.7658    0.8189    0.873    0.9281    0.984    1.041    1.098    1.156    1.215    
BA138    2.424e-15    1.129    2.274    3.364    4.401    5.388    6.326    7.219    8.069    8.878    9.648    10.38    11.08    11.74    12.38    12.98    13.55    14.1    14.62    15.12    15.59    16.04    16.47    16.88    17.27    17.64    18    18.34    18.66    18.97    19.26    19.55    19.81    
LA139    2.326e-15    1.099    2.215    3.275    4.283    5.241    6.152    7.017    7.839    8.621    9.364    10.07    10.74    11.38    11.99    12.56    13.11    13.63    14.13    14.6    15.05    15.48    15.88    16.27    16.63    16.98    17.31    17.63    17.93    18.22    18.49    18.75    18.99    
BA140    2.08e-15    0.3708    0.3826    0.366    0.3483    0.3313    0.3153    0.3    0.2855    0.2717    0.2587    0.2463    0.2345    0.2233    0.2126    0.2025    0.1929    0.1837    0.1751    0.1668    0.159    0.1515    0.1444    0.1377    0.1313    0.1253    0.1195    0.114    0.1088    0.1039    0.09921    0.09476    0.09053    
LA140    1.203e-16    0.04868    0.05075    0.04864    0.04634    0.04413    0.04204    0.04005    0.03817    0.03638    0.03468    0.03306    0.03152    0.03007    0.02868    0.02736    0.02611    0.02492    0.02379    0.02272    0.0217    0.02073    0.01981    0.01894    0.0181    0.01731    0.01656    0.01585    0.01518    0.01453    0.01392    0.01334    0.01279    
CE140    5.569e-17    0.6563    1.733    2.791    3.8    4.761    5.676    6.548    7.379    8.17    8.925    9.644    10.33    10.98    11.61    12.2    12.77    13.31    13.83    14.32    14.79    15.24    15.67    16.08    16.47    16.85    17.21    17.55    17.88    18.19    18.49    18.78    19.06    
CE141    1.698e-15    0.5497    0.7338    0.7707    0.7583    0.7301    0.6977    0.6651    0.6334    0.6032    0.5743    0.5469    0.5209    0.4961    0.4726    0.4503    0.4291    0.4089    0.3898    0.3716    0.3543    0.3378    0.3222    0.3074    0.2933    0.2799    0.2672    0.2552    0.2437    0.2328    0.2225    0.2126    0.2033    
PR141    5.488e-17    0.324    1.03    1.839    2.656    3.448    4.206    4.929    5.616    6.269    6.89    7.481    8.042    8.576    9.083    9.565    10.02    10.46    10.87    11.27    11.64    12    12.34    12.66    12.96    13.26    13.53    13.8    14.05    14.28    14.51    14.73    14.93    
CE142    1.813e-15    0.8604    1.736    2.569    3.362    4.116    4.834    5.517    6.167    6.786    7.374    7.935    8.469    8.977    9.461    9.922    10.36    10.78    11.18    11.56    11.92    12.26    12.59    12.91    13.21    13.49    13.76    14.02    14.27    14.51    14.73    14.95    15.16    
ND142    0    0.0001255    0.0008875    0.002541    0.005141    0.008671    0.0131    0.01838    0.02446    0.03132    0.03892    0.0472    0.05614    0.06571    0.07586    0.08658    0.09783    0.1096    0.1218    0.1345    0.1476    0.1612    0.1751    0.1894    0.204    0.2189    0.2342    0.2498    0.2656    0.2817    0.2981    0.3147    0.3315    
CE143    9.104e-16    0.03355    0.03202    0.03048    0.02899    0.02758    0.02625    0.02499    0.02378    0.02264    0.02156    0.02053    0.01956    0.01863    0.01775    0.01691    0.01611    0.01535    0.01463    0.01395    0.0133    0.01269    0.0121    0.01154    0.01101    0.01051    0.01003    0.009581    0.009151    0.008742    0.008354    0.007985    0.007635    
PR143    8.09e-16    0.292    0.3083    0.2958    0.2816    0.2679    0.255    0.2427    0.231    0.2199    0.2094    0.1994    0.1899    0.1809    0.1723    0.1641    0.1564    0.149    0.142    0.1354    0.1291    0.1231    0.1174    0.112    0.1068    0.102    0.09732    0.09292    0.08873    0.08476    0.08098    0.0774    0.074    
ND143    4.671e-17    0.485    1.29    2.078    2.824    3.527    4.19    4.815    5.404    5.959    6.481    6.972    7.434    7.869    8.276    8.659    9.018    9.355    9.67    9.965    10.24    10.5    10.74    10.96    11.17    11.36    11.54    11.71    11.86    12.01    12.14    12.26    12.37    
CE144    1.649e-15    0.7174    1.36    1.894    2.332    2.688    2.973    3.197    3.367    3.492    3.578    3.631    3.655    3.655    3.636    3.599    3.549    3.487    3.415    3.337    3.253    3.164    3.072    2.978    2.883    2.787    2.692    2.597    2.503    2.411    2.32    2.231    2.145    
ND144    6.016e-18    0.04569    0.1836    0.3989    0.6787    1.012    1.389    1.801    2.242    2.704    3.183    3.673    4.172    4.674    5.179    5.682    6.183    6.679    7.169    7.652    8.127    8.593    9.049    9.496    9.932    10.36    10.77    11.18    11.57    11.96    12.33    12.69    13.05    
ND145    1.127e-15    0.5818    1.172    1.73    2.256    2.752    3.22    3.661    4.077    4.468    4.837    5.184    5.51    5.817    6.106    6.377    6.631    6.869    7.093    7.302    7.498    7.681    7.852    8.012    8.16    8.299    8.427    8.547    8.657    8.76    8.854    8.941    9.021    
ND146    1.096e-15    0.5111    1.034    1.536    2.018    2.481    2.926    3.354    3.765    4.161    4.541    4.908    5.261    5.601    5.929    6.246    6.551    6.846    7.131    7.407    7.673    7.93    8.18    8.421    8.655    8.882    9.102    9.315    9.523    9.724    9.92    10.11    10.3    
ND147    8.456e-16    0.1354    0.1361    0.1298    0.1235    0.1176    0.1119    0.1065    0.1014    0.09658    0.09197    0.0876    0.08344    0.0795    0.07575    0.07218    0.0688    0.06558    0.06252    0.05962    0.05686    0.05424    0.05175    0.04939    0.04714    0.04501    0.04298    0.04105    0.03923    0.03749    0.03584    0.03428    0.03279    
PM147    8.192e-17    0.2777    0.6524    0.9718    1.237    1.454    1.629    1.769    1.877    1.959    2.017    2.056    2.077    2.085    2.08    2.065    2.041    2.01    1.974    1.933    1.888    1.84    1.79    1.738    1.685    1.632    1.579    1.526    1.473    1.421    1.37    1.319    1.27    
SM147    6.019e-20    0.003803    0.02048    0.04915    0.08749    0.1334    0.1852    0.2413    0.3003    0.3612    0.423    0.485    0.5465    0.6069    0.6658    0.7229    0.7778    0.8303    0.8803    0.9276    0.9722    1.014    1.053    1.089    1.122    1.153    1.181    1.206    1.229    1.249    1.267    1.283    1.297    
ND148    8.029e-16    0.3704    0.7465    1.104    1.444    1.766    2.073    2.365    2.642    2.905    3.155    3.393    3.619    3.833    4.038    4.232    4.416    4.591    4.758    4.916    5.067    5.21    5.346    5.475    5.598    5.715    5.826    5.931    6.032    6.127    6.218    6.304    6.386    
PM148    1.819e-22    0.001524    0.004477    0.006702    0.008548    0.01006    0.01129    0.01226    0.01302    0.01359    0.014    0.01427    0.01442    0.01447    0.01444    0.01434    0.01418    0.01396    0.01371    0.01342    0.01311    0.01278    0.01243    0.01208    0.01171    0.01134    0.01097    0.0106    0.01024    0.009873    0.009517    0.009168    0.008827    
PM148M    2.253e-22    0.002119    0.007083    0.0118    0.01578    0.01906    0.02173    0.02387    0.02555    0.02683    0.02777    0.02842    0.02881    0.02899    0.02899    0.02884    0.02855    0.02816    0.02769    0.02714    0.02653    0.02588    0.02519    0.02448    0.02376    0.02302    0.02228    0.02154    0.0208    0.02007    0.01935    0.01865    0.01796    
SM148    4.902e-23    0.003793    0.02694    0.07054    0.1316    0.2074    0.2956    0.3941    0.501    0.6149    0.7342    0.8578    0.9847    1.114    1.245    1.376    1.508    1.639    1.77    1.9    2.028    2.155    2.28    2.403    2.524    2.642    2.758    2.872    2.983    3.092    3.198    3.302    3.403    
PM149    3.803e-16    0.01877    0.01861    0.01839    0.01812    0.01779    0.01742    0.01701    0.01658    0.01614    0.01568    0.0152    0.01473    0.01425    0.01377    0.0133    0.01283    0.01237    0.01192    0.01148    0.01105    0.01063    0.01023    0.009832    0.009451    0.009083    0.008728    0.008386    0.008057    0.00774    0.007436    0.007145    0.006865    
SM149    2.064e-16    0.1588    0.2191    0.2365    0.2398    0.2382    0.2347    0.2302    0.2251    0.2197    0.214    0.2081    0.202    0.1959    0.1898    0.1837    0.1776    0.1716    0.1657    0.16    0.1543    0.1488    0.1434    0.1382    0.1332    0.1283    0.1236    0.119    0.1146    0.1104    0.1064    0.1025    0.09876    
ND150    5.005e-16    0.2296    0.4622    0.6833    0.8934    1.093    1.283    1.463    1.634    1.797    1.952    2.099    2.239    2.372    2.498    2.618    2.733    2.841    2.944    3.042    3.136    3.224    3.308    3.389    3.465    3.537    3.606    3.671    3.734    3.793    3.849    3.903    3.954    
SM150    1.562e-19    0.1033    0.3392    0.6141    0.898    1.181    1.459    1.73    1.994    2.25    2.498    2.738    2.969    3.191    3.405    3.61    3.807    3.995    4.176    4.347    4.512    4.668    4.817    4.959    5.093    5.221    5.342    5.458    5.567    5.67    5.768    5.86    5.947    
SM151    2.028e-16    0.1578    0.3008    0.4163    0.5088    0.5822    0.6395    0.6835    0.7163    0.74    0.756    0.7658    0.7705    0.771    0.7681    0.7626    0.7549    0.7455    0.7349    0.7233    0.711    0.6983    0.6853    0.6722    0.6591    0.6461    0.6332    0.6206    0.6082    0.5962    0.5845    0.5732    0.5622    
SM152    3.047e-16    0.1478    0.3104    0.4736    0.634    0.7888    0.9361    1.075    1.203    1.321    1.429    1.526    1.613    1.689    1.756    1.813    1.862    1.902    1.934    1.96    1.978    1.991    1.999    2.001    1.999    1.993    1.983    1.97    1.954    1.936    1.916    1.894    1.87    
SM153    1.398e-16    0.006719    0.007153    0.007594    0.008034    0.008463    0.008873    0.009255    0.009606    0.009922    0.0102    0.01044    0.01065    0.01082    0.01095    0.01105    0.01112    0.01116    0.01117    0.01116    0.01113    0.01107    0.011    0.01091    0.0108    0.01068    0.01055    0.01041    0.01026    0.01011    0.009946    0.009781    0.009612    
EU153    8.78e-17    0.1009    0.2167    0.3348    0.4551    0.5774    0.7015    0.8267    0.9526    1.079    1.204    1.328    1.451    1.571    1.688    1.802    1.912    2.018    2.12    2.217    2.309    2.397    2.479    2.556    2.627    2.694    2.755    2.811    2.862    2.908    2.949    2.986    3.018    
SM154    1.642e-16    0.07597    0.153    0.2262    0.2957    0.3618    0.4247    0.4844    0.5411    0.5951    0.6463    0.6951    0.7414    0.7854    0.8272    0.867    0.9047    0.9406    0.9747    1.007    1.038    1.067    1.095    1.121    1.146    1.17    1.192    1.214    1.234    1.253    1.271    1.289    1.305    
EU154    2.409e-21    0.002184    0.009416    0.02142    0.03795    0.05875    0.08358    0.1122    0.1444    0.1798    0.2183    0.2596    0.3033    0.3493    0.3971    0.4466    0.4974    0.5493    0.602    0.6552    0.7086    0.7621    0.8154    0.8682    0.9204    0.9718    1.022    1.071    1.119    1.166    1.211    1.254    1.296    
GD154    0    7.569e-06    6.694e-05    0.0002313    0.0005501    0.001069    0.001832    0.002878    0.004243    0.005961    0.008061    0.01057    0.01351    0.01691    0.02077    0.02512    0.02995    0.03529    0.04113    0.04747    0.05431    0.06164    0.06946    0.07776    0.08652    0.09574    0.1054    0.1155    0.1259    0.1368    0.148    0.1595    0.1713    
EU155    1.015e-16    0.03735    0.06023    0.07283    0.07957    0.08308    0.08496    0.08614    0.08716    0.08833    0.08983    0.09174    0.09409    0.09689    0.1001    0.1038    0.1077    0.1121    0.1167    0.1216    0.1266    0.1319    0.1372    0.1427    0.1482    0.1537    0.1593    0.1648    0.1702    0.1756    0.1808    0.1859    0.1909    
EU156    5.946e-17    0.01898    0.02564    0.02853    0.02975    0.03009    0.02999    0.02969    0.02934    0.02902    0.02879    0.02866    0.02864    0.02874    0.02896    0.02928    0.0297    0.03021    0.0308    0.03147    0.0322    0.03298    0.03381    0.03468    0.03557    0.03649    0.03741    0.03835    0.03928    0.04021    0.04113    0.04203    0.04291    
GD156    3.543e-18    0.02479    0.07711    0.1396    0.2064    0.2748    0.3432    0.4108    0.4775    0.543    0.6077    0.6716    0.7351    0.7984    0.8618    0.9256    0.9899    1.055    1.121    1.189    1.258    1.328    1.4    1.473    1.549    1.626    1.705    1.786    1.869    1.954    2.041    2.13    2.22    
GD157    4.226e-17    0.01514    0.01905    0.01957    0.01927    0.01878    0.01826    0.01774    0.01725    0.01679    0.01637    0.01597    0.01562    0.01529    0.015    0.01474    0.01451    0.01432    0.01415    0.01401    0.01391    0.01383    0.01377    0.01375    0.01374    0.01377    0.01381    0.01388    0.01397    0.01408    0.01421    0.01435    0.01452    
GD158    3.861e-17    0.03091    0.07535    0.1215    0.1666    0.2102    0.2522    0.2926    0.3314    0.3688    0.4049    0.4396    0.4731    0.5055    0.5369    0.5673    0.5968    0.6254    0.6534    0.6806    0.7072    0.7332    0.7588    0.7839    0.8086    0.833    0.8571    0.8809    0.9046    0.9281    0.9515    0.9748    0.9981    
TB159    1.56e-17    0.01071    0.02171    0.03205    0.04178    0.05092    0.05951    0.06758    0.07517    0.08228    0.08896    0.09523    0.1011    0.1066    0.1118    0.1166    0.1211    0.1253    0.1293    0.133    0.1365    0.1397    0.1427    0.1455    0.1481    0.1506    0.1529    0.155    0.157    0.1589    0.1606    0.1622    0.1638    
GD160    1.043e-17    0.00479    0.009643    0.01426    0.01864    0.02281    0.02677    0.03053    0.03411    0.03751    0.04074    0.04381    0.04673    0.04951    0.05215    0.05465    0.05704    0.05931    0.06146    0.06351    0.06546    0.06731    0.06907    0.07075    0.07234    0.07385    0.07529    0.07666    0.07796    0.0792    0.08037    0.08149    0.08256    
DY161    6.714e-19    0.001748    0.003884    0.005799    0.00752    0.009073    0.01048    0.01177    0.01295    0.01405    0.01507    0.01603    0.01693    0.0178    0.01862    0.01942    0.02019    0.02095    0.02169    0.02241    0.02312    0.02383    0.02453    0.02522    0.02591    0.02659    0.02726    0.02794    0.0286    0.02927    0.02993    0.03058    0.03123    
