TIME    3   50   100   150   200   250   300   350   400   450   500   550   600   650   700   750   800   850   900   950   1000   1050   1100   1150   1200   1250   1300   1350   1400   1450   1500   1550   1600   
NEUT_PROD    4.36   4.37   4.38   4.39   4.41   4.44   4.47   4.51   4.56   4.62   4.69   4.77   4.86   4.96   5.07   5.19   5.32   5.47   5.62   5.78   5.96   6.14   6.34   6.54   6.76   6.98   7.21   7.45   7.7   7.96   8.22   8.49   8.76   
NEUT_DEST    25.3   25.7   26.2   26.8   27.2   27.7   28.1   28.5   28.9   29.2   29.6   29.9   30.2   30.5   30.8   31.1   31.3   31.6   31.8   32.1   32.3   32.5   32.7   32.9   33.1   33.3   33.5   33.6   33.8   33.9   34.1   34.2   34.4   
BUd    1.35e-15    0.639    0.682    0.683    0.684    0.686    0.689    0.694    0.699    0.706    0.714    0.723    0.734    0.746    0.76    0.776    0.793    0.811    0.831    0.853    0.876    0.9    0.926    0.954    0.982    1.01    1.04    1.08    1.11    1.14    1.18    1.22    1.26    
PU240    8.763e-20    0.0003437    0.002694    0.009011    0.02107    0.04046    0.06861    0.1068    0.1561    0.2176    0.292    0.3802    0.4827    0.6001    0.7327    0.8809    1.045    1.225    1.421    1.634    1.862    2.106    2.366    2.642    2.934    3.24    3.561    3.897    4.247    4.61    4.987    5.377    5.779    
PU241    7.644e-18    0.00349    0.007007    0.01041    0.01383    0.01743    0.02142    0.02601    0.03144    0.03798    0.0459    0.05545    0.06694    0.08062    0.09679    0.1157    0.1376    0.1629    0.1916    0.2241    0.2606    0.3013    0.3465    0.3962    0.4506    0.51    0.5745    0.6441    0.719    0.7993    0.8851    0.9764    1.073    
PU242    1000    987.7    974.8    962.1    949.5    937.1    924.8    912.7    900.8    889    877.4    865.9    854.6    843.4    832.4    821.5    810.8    800.2    789.7    779.4    769.2    759.2    749.3    739.5    729.8    720.3    710.9    701.6    692.4    683.4    674.4    665.6    656.9    
PU243    2.486e-15    0.07365    0.07269    0.07174    0.0708    0.06987    0.06896    0.06806    0.06717    0.06629    0.06542    0.06457    0.06372    0.06289    0.06207    0.06126    0.06046    0.05967    0.05889    0.05812    0.05736    0.05661    0.05587    0.05514    0.05442    0.05371    0.053    0.05231    0.05163    0.05095    0.05029    0.04963    0.04898    
PU244    0    0.0006495    0.001493    0.002483    0.003611    0.004869    0.006252    0.007751    0.009361    0.01107    0.01289    0.01479    0.01678    0.01886    0.02101    0.02323    0.02552    0.02787    0.03028    0.03274    0.03526    0.03782    0.04042    0.04306    0.04574    0.04845    0.05119    0.05396    0.05675    0.05956    0.0624    0.06525    0.06811    
AM243    2.503e-14    11.43    23.09    34.19    44.74    54.78    64.31    73.36    81.95    90.09    97.8    105.1    112    118.5    124.7    130.5    136    141.1    146    150.5    154.8    158.8    162.5    166    169.2    172.2    175    177.6    179.9    182.1    184.1    185.9    187.6    
CM244    0    0.1878    0.785    1.765    3.1    4.767    6.74    8.997    11.52    14.28    17.26    20.44    23.81    27.35    31.04    34.87    38.82    42.87    47.03    51.26    55.57    59.94    64.36    68.81    73.3    77.81    82.34    86.87    91.4    95.92    100.4    104.9    109.4    
CM245    0    0.0007519    0.006443    0.02181    0.05105    0.09782    0.1653    0.2562    0.373    0.5175    0.6914    0.896    1.132    1.401    1.703    2.038    2.406    2.807    3.242    3.709    4.208    4.738    5.299    5.89    6.51    7.157    7.831    8.531    9.256    10    10.77    11.56    12.37    
CM246    0    1.03e-06    1.829e-05    9.434e-05    0.0002974    0.0007181    0.001466    0.002669    0.004468    0.007015    0.01047    0.01501    0.02081    0.02805    0.03691    0.04757    0.06023    0.07507    0.09227    0.112    0.1345    0.1598    0.1882    0.2199    0.2549    0.2934    0.3356    0.3817    0.4316    0.4856    0.5439    0.6063    0.6732    
KR84    0    7.409e-08    3.146e-07    0.001948    0.00362    0.005172    0.006662    0.008119    0.009559    0.01099    0.01243    0.01387    0.01533    0.0168    0.0183    0.01982    0.02138    0.02296    0.02459    0.02625    0.02796    0.02971    0.03151    0.03337    0.03528    0.03724    0.03927    0.04136    0.04351    0.04574    0.04803    0.05039    0.05283    
RB85    0    5.943e-08    2.532e-07    0.001778    0.00331    0.004726    0.00608    0.007399    0.008698    0.009987    0.01127    0.01257    0.01386    0.01518    0.01651    0.01786    0.01923    0.02063    0.02206    0.02352    0.02502    0.02656    0.02814    0.02976    0.03142    0.03314    0.03491    0.03672    0.0386    0.04053    0.04251    0.04456    0.04667    
KR86    0    1.291e-07    5.467e-07    0.00319    0.005908    0.008417    0.01081    0.01314    0.01543    0.0177    0.01996    0.02222    0.02449    0.02678    0.0291    0.03145    0.03384    0.03627    0.03875    0.04129    0.04388    0.04654    0.04927    0.05207    0.05495    0.05791    0.06096    0.0641    0.06733    0.07065    0.07408    0.0776    0.08124    
RB87    0    1.575e-07    6.678e-07    0.004012    0.007438    0.0106    0.01361    0.01655    0.01943    0.02228    0.02512    0.02797    0.03083    0.03371    0.03662    0.03958    0.04258    0.04564    0.04876    0.05194    0.0552    0.05854    0.06197    0.06549    0.06911    0.07282    0.07665    0.08059    0.08464    0.08881    0.09311    0.09754    0.1021    
SR88    0    2.055e-07    8.729e-07    0.005598    0.0104    0.01482    0.01905    0.02315    0.02719    0.03118    0.03517    0.03915    0.04316    0.0472    0.05129    0.05543    0.05964    0.06393    0.0683    0.07277    0.07735    0.08203    0.08684    0.09178    0.09685    0.1021    0.1074    0.113    0.1186    0.1245    0.1305    0.1367    0.1431    
Y89    0    4.667e-08    3.525e-07    0.001762    0.005995    0.01106    0.01635    0.02165    0.0269    0.03208    0.03721    0.04231    0.0474    0.05251    0.05765    0.06283    0.06808    0.07341    0.07882    0.08434    0.08997    0.09573    0.1016    0.1077    0.1139    0.1202    0.1268    0.1335    0.1405    0.1476    0.1549    0.1625    0.1703    
SR90    0    3.203e-07    1.357e-06    0.008872    0.0164    0.02332    0.02991    0.03628    0.04253    0.04869    0.05481    0.06092    0.06704    0.07318    0.07939    0.08565    0.09201    0.09846    0.105    0.1117    0.1186    0.1256    0.1327    0.1401    0.1476    0.1553    0.1633    0.1714    0.1798    0.1885    0.1973    0.2065    0.2159    
Y91    0    3.225e-07    1.158e-06    0.00819    0.01153    0.01279    0.01317    0.01319    0.01309    0.01297    0.01287    0.01282    0.01282    0.01286    0.01294    0.01306    0.01323    0.01342    0.01365    0.01391    0.01421    0.01453    0.01487    0.01525    0.01565    0.01607    0.01652    0.01699    0.01748    0.01799    0.01852    0.01906    0.01963    
ZR91    0    6.265e-08    4.86e-07    0.002294    0.008059    0.01518    0.02279    0.03052    0.03824    0.0459    0.0535    0.06107    0.06862    0.07619    0.08379    0.09146    0.09922    0.1071    0.1151    0.1232    0.1315    0.14    0.1487    0.1576    0.1667    0.176    0.1857    0.1956    0.2057    0.2162    0.227    0.2381    0.2495    
ZR92    0    4.912e-07    2.09e-06    0.01298    0.02417    0.03449    0.04433    0.0539    0.0633    0.07261    0.08189    0.09118    0.1005    0.1099    0.1195    0.1291    0.1389    0.1489    0.1591    0.1695    0.1802    0.1911    0.2023    0.2138    0.2257    0.2378    0.2504    0.2632    0.2765    0.2902    0.3042    0.3187    0.3337    
ZR93    0    6.511e-07    2.776e-06    0.01691    0.03159    0.04508    0.05792    0.07038    0.0826    0.09469    0.1067    0.1187    0.1308    0.143    0.1553    0.1677    0.1803    0.1932    0.2063    0.2196    0.2333    0.2473    0.2616    0.2764    0.2915    0.307    0.323    0.3395    0.3564    0.3738    0.3917    0.4102    0.4292    
ZR94    0    7.249e-07    3.074e-06    0.01918    0.03555    0.05068    0.06514    0.07921    0.09306    0.1068    0.1205    0.1342    0.148    0.162    0.1761    0.1904    0.2049    0.2198    0.2349    0.2504    0.2663    0.2825    0.2992    0.3164    0.334    0.3521    0.3708    0.39    0.4098    0.4302    0.4512    0.4728    0.4951    
ZR95    0    7.514e-07    2.713e-06    0.01734    0.02472    0.02781    0.02896    0.02924    0.02917    0.029    0.02885    0.02876    0.02877    0.02886    0.02904    0.02932    0.02967    0.03011    0.03062    0.0312    0.03185    0.03256    0.03334    0.03417    0.03507    0.03602    0.03702    0.03807    0.03917    0.04031    0.04151    0.04274    0.04401    
NB95    0    1.065e-07    6.656e-07    0.003287    0.008519    0.01217    0.01422    0.01522    0.01563    0.01575    0.01575    0.01572    0.01571    0.01573    0.01579    0.0159    0.01606    0.01626    0.0165    0.01678    0.0171    0.01746    0.01786    0.01828    0.01875    0.01924    0.01976    0.02031    0.02089    0.02149    0.02212    0.02278    0.02346    
MO95    0    2.644e-08    3.644e-07    0.00112    0.00702    0.01733    0.03036    0.0448    0.05984    0.07508    0.0903    0.1055    0.1205    0.1355    0.1505    0.1656    0.1807    0.1959    0.2113    0.2268    0.2427    0.2588    0.2752    0.2919    0.309    0.3266    0.3445    0.363    0.3819    0.4013    0.4212    0.4418    0.4628    
ZR96    0    9.917e-07    4.195e-06    0.02302    0.04264    0.06075    0.07802    0.09482    0.1113    0.1277    0.1439    0.1602    0.1766    0.1931    0.2098    0.2267    0.2439    0.2614    0.2793    0.2975    0.3162    0.3353    0.3549    0.3751    0.3958    0.4171    0.439    0.4615    0.4847    0.5086    0.5332    0.5586    0.5847    
MO97    0    1.043e-06    4.465e-06    0.02442    0.04594    0.06569    0.08449    0.1027    0.1206    0.1383    0.1559    0.1736    0.1913    0.2091    0.2271    0.2454    0.2639    0.2828    0.3021    0.3217    0.3419    0.3625    0.3836    0.4053    0.4276    0.4505    0.4741    0.4983    0.5233    0.549    0.5755    0.6028    0.6309    
MO98    0    1.202e-06    5.08e-06    0.02677    0.04956    0.07059    0.09064    0.1101    0.1293    0.1482    0.1671    0.186    0.205    0.2241    0.2434    0.263    0.2829    0.3031    0.3238    0.3449    0.3665    0.3886    0.4113    0.4346    0.4585    0.4831    0.5084    0.5345    0.5613    0.589    0.6174    0.6467    0.6769    
TC99    0    1.274e-06    5.644e-06    0.02566    0.05066    0.07307    0.09409    0.1143    0.1339    0.1531    0.1721    0.191    0.2098    0.2286    0.2476    0.2666    0.2859    0.3054    0.3253    0.3454    0.366    0.387    0.4084    0.4303    0.4528    0.4759    0.4996    0.5239    0.5488    0.5745    0.6008    0.6279    0.6558    
MO100    0    1.445e-06    6.108e-06    0.03239    0.05998    0.08544    0.1097    0.1334    0.1566    0.1796    0.2025    0.2254    0.2484    0.2716    0.2951    0.3189    0.3431    0.3677    0.3929    0.4186    0.4448    0.4718    0.4994    0.5278    0.5569    0.5869    0.6177    0.6495    0.6822    0.7159    0.7505    0.7863    0.8231    
RU101    0    1.43e-06    6.031e-06    0.0284    0.05252    0.07468    0.09575    0.1161    0.1361    0.1558    0.1754    0.1949    0.2144    0.234    0.2538    0.2738    0.2941    0.3147    0.3357    0.3571    0.3789    0.4013    0.4242    0.4476    0.4717    0.4964    0.5219    0.548    0.5749    0.6025    0.631    0.6602    0.6904    
RU102    0    1.537e-06    6.493e-06    0.02924    0.05428    0.07748    0.09972    0.1214    0.1429    0.1642    0.1855    0.2068    0.2284    0.2502    0.2724    0.2949    0.3178    0.3412    0.3652    0.3897    0.4148    0.4407    0.4672    0.4946    0.5227    0.5517    0.5815    0.6123    0.6441    0.6768    0.7106    0.7455    0.7814    
RU103    0    1.163e-06    3.871e-06    0.02344    0.02935    0.03012    0.02954    0.02876    0.02812    0.02767    0.02741    0.0273    0.02732    0.02745    0.02768    0.02799    0.02839    0.02885    0.02939    0.02999    0.03066    0.03138    0.03217    0.03301    0.0339    0.03484    0.03584    0.03688    0.03796    0.03909    0.04026    0.04147    0.04272    
RH103    0    3.401e-07    2.448e-06    0.009936    0.03177    0.05566    0.07884    0.1007    0.1211    0.1404    0.1588    0.1763    0.1932    0.2096    0.2255    0.2411    0.2564    0.2716    0.2866    0.3016    0.3166    0.3316    0.3468    0.3621    0.3776    0.3933    0.4092    0.4255    0.4421    0.4591    0.4764    0.4941    0.5122    
RU104    0    1.695e-06    7.152e-06    0.02947    0.05463    0.07786    0.1    0.1216    0.1428    0.1638    0.1847    0.2056    0.2266    0.2479    0.2693    0.291    0.3131    0.3356    0.3586    0.3821    0.4061    0.4307    0.456    0.482    0.5086    0.5361    0.5643    0.5934    0.6234    0.6543    0.6861    0.7189    0.7527    
PD104    0    3.165e-09    4.879e-08    0.0001249    0.0009032    0.002564    0.00512    0.008529    0.01274    0.0177    0.02337    0.02971    0.03671    0.04432    0.05255    0.06136    0.07075    0.08072    0.09124    0.1023    0.114    0.1262    0.139    0.1523    0.1662    0.1807    0.1958    0.2114    0.2277    0.2446    0.2622    0.2804    0.2992    
PD105    0    1.363e-06    5.893e-06    0.02399    0.04596    0.06592    0.08481    0.1031    0.1209    0.1385    0.156    0.1734    0.1908    0.2084    0.2261    0.244    0.2621    0.2805    0.2993    0.3185    0.3381    0.3581    0.3786    0.3997    0.4213    0.4436    0.4664    0.49    0.5142    0.5391    0.5647    0.5912    0.6184    
RU106    0    1.482e-06    6.05e-06    0.02057    0.03622    0.0491    0.06008    0.06964    0.07808    0.08563    0.09244    0.09866    0.1044    0.1097    0.1148    0.1196    0.1242    0.1287    0.1331    0.1374    0.1418    0.1462    0.1507    0.1552    0.1599    0.1647    0.1696    0.1747    0.1799    0.1853    0.1909    0.1967    0.2027    
PD106    0    1.108e-07    6.719e-07    0.002053    0.005852    0.011    0.0173    0.02461    0.03281    0.04183    0.05158    0.06201    0.07306    0.0847    0.09691    0.1096    0.1229    0.1367    0.1509    0.1657    0.1809    0.1967    0.213    0.2298    0.2471    0.265    0.2834    0.3024    0.3221    0.3423    0.3632    0.3848    0.407    
PD107    0    1.344e-06    5.648e-06    0.01603    0.02965    0.04217    0.05409    0.06563    0.07695    0.08813    0.09923    0.1103    0.1214    0.1326    0.1439    0.1554    0.167    0.1788    0.1908    0.2031    0.2157    0.2285    0.2417    0.2553    0.2692    0.2835    0.2983    0.3134    0.3291    0.3452    0.3618    0.3789    0.3965    
PD108    0    1.017e-06    4.269e-06    0.01127    0.02083    0.0296    0.03792    0.04598    0.05385    0.06162    0.06932    0.077    0.08468    0.0924    0.1002    0.108    0.116    0.1241    0.1324    0.1408    0.1493    0.1581    0.1671    0.1764    0.1859    0.1956    0.2056    0.216    0.2266    0.2375    0.2488    0.2604    0.2724    
AG109    0    5.973e-07    2.514e-06    0.007211    0.01334    0.0188    0.02385    0.02863    0.0332    0.03761    0.0419    0.0461    0.05023    0.05432    0.05838    0.06243    0.06648    0.07055    0.07466    0.07881    0.08301    0.08729    0.09165    0.09609    0.1006    0.1053    0.1101    0.1149    0.12    0.1251    0.1304    0.1359    0.1415    
PD110    0    3.189e-07    1.34e-06    0.003242    0.006003    0.008552    0.01099    0.01335    0.01568    0.01798    0.02028    0.02258    0.02489    0.02722    0.02958    0.03197    0.0344    0.03688    0.03942    0.04201    0.04466    0.04738    0.05018    0.05306    0.05602    0.05907    0.06221    0.06545    0.06879    0.07224    0.0758    0.07947    0.08325    
CD111    0    1.064e-07    5.553e-07    0.001111    0.002459    0.003669    0.00481    0.005911    0.006991    0.008059    0.009124    0.01019    0.01126    0.01235    0.01345    0.01457    0.01571    0.01687    0.01807    0.01929    0.02056    0.02185    0.02319    0.02457    0.026    0.02747    0.029    0.03057    0.03221    0.0339    0.03565    0.03746    0.03934    
I127    0    6.498e-08    3.019e-07    0.002291    0.004774    0.007055    0.009235    0.01135    0.01343    0.01548    0.01751    0.01953    0.02155    0.02357    0.0256    0.02764    0.02971    0.0318    0.03392    0.03607    0.03827    0.0405    0.04279    0.04512    0.04752    0.04997    0.05248    0.05506    0.0577    0.06042    0.06321    0.06608    0.06902    
TE128    0    1.334e-07    5.693e-07    0.005043    0.009358    0.01334    0.01714    0.02083    0.02446    0.02806    0.03164    0.03522    0.03883    0.04246    0.04613    0.04986    0.05364    0.05749    0.06142    0.06543    0.06954    0.07375    0.07806    0.08249    0.08704    0.09171    0.09652    0.1015    0.1066    0.1118    0.1172    0.1228    0.1285    
I129    0    2.412e-07    1.055e-06    0.008076    0.01558    0.02262    0.02935    0.03587    0.04224    0.04852    0.05475    0.06097    0.06719    0.07344    0.07974    0.0861    0.09255    0.0991    0.1058    0.1126    0.1195    0.1266    0.1339    0.1413    0.1489    0.1568    0.1648    0.1731    0.1816    0.1903    0.1993    0.2085    0.218    
TE130    0    5.428e-07    2.302e-06    0.01502    0.02782    0.03964    0.05092    0.06188    0.07266    0.08333    0.09397    0.1046    0.1153    0.1261    0.137    0.1481    0.1593    0.1707    0.1824    0.1943    0.2066    0.2191    0.2319    0.2451    0.2586    0.2725    0.2868    0.3016    0.3167    0.3323    0.3484    0.365    0.382    
XE131    0    6.1e-07    3.247e-06    0.01642    0.03676    0.05445    0.0706    0.08572    0.1001    0.1139    0.1273    0.1403    0.153    0.1655    0.1779    0.1901    0.2023    0.2145    0.2268    0.2391    0.2515    0.264    0.2767    0.2896    0.3027    0.3161    0.3297    0.3436    0.3578    0.3723    0.3872    0.4024    0.418    
XE132    0    1.319e-06    5.937e-06    0.02975    0.05993    0.08771    0.1145    0.1408    0.167    0.1933    0.2198    0.2467    0.2739    0.3017    0.33    0.359    0.3887    0.4191    0.4503    0.4825    0.5155    0.5495    0.5845    0.6207    0.6579    0.6963    0.736    0.7769    0.8192    0.8628    0.9078    0.9542    1.002    
CS133    0    1.464e-06    7.383e-06    0.03374    0.07246    0.1067    0.1385    0.1689    0.1982    0.2269    0.255    0.2829    0.3105    0.3381    0.3656    0.3933    0.4212    0.4493    0.4778    0.5067    0.536    0.5659    0.5964    0.6275    0.6594    0.6919    0.7253    0.7595    0.7946    0.8306    0.8676    0.9055    0.9444    
XE134    0    2.535e-06    1.071e-05    0.04619    0.08567    0.1221    0.1569    0.1907    0.2239    0.2568    0.2896    0.3224    0.3554    0.3886    0.4223    0.4564    0.4911    0.5264    0.5624    0.5993    0.637    0.6756    0.7153    0.7561    0.798    0.8411    0.8854    0.9311    0.9782    1.027    1.077    1.128    1.181    
CS134    0    4.609e-09    5.03e-08    0.0001513    0.0007452    0.001709    0.002987    0.004543    0.006348    0.00838    0.01062    0.01305    0.01567    0.01845    0.0214    0.02449    0.02773    0.03112    0.03464    0.03829    0.04208    0.046    0.05004    0.05422    0.05853    0.06297    0.06754    0.07225    0.0771    0.08208    0.08721    0.09249    0.09792    
CS135    0    1.612e-06    6.865e-06    0.03403    0.06367    0.09087    0.1167    0.1418    0.1664    0.1907    0.2149    0.239    0.2633    0.2877    0.3124    0.3374    0.3628    0.3886    0.415    0.4419    0.4694    0.4976    0.5266    0.5563    0.5868    0.6182    0.6504    0.6837    0.7179    0.7531    0.7894    0.8267    0.8652    
XE136    0    2.959e-06    1.251e-05    0.0555    0.1031    0.1469    0.1888    0.2294    0.2694    0.309    0.3485    0.388    0.4277    0.4678    0.5083    0.5493    0.5911    0.6336    0.677    0.7213    0.7668    0.8133    0.8611    0.9101    0.9605    1.012    1.066    1.121    1.177    1.236    1.296    1.358    1.422    
CS137    0    2.078e-06    8.767e-06    0.04199    0.07763    0.1104    0.1416    0.1718    0.2014    0.2306    0.2596    0.2885    0.3175    0.3467    0.3761    0.4059    0.436    0.4667    0.4979    0.5297    0.5622    0.5955    0.6296    0.6645    0.7004    0.7373    0.7751    0.8141    0.8541    0.8953    0.9377    0.9814    1.026    
BA138    0    2.055e-06    8.673e-06    0.03767    0.06982    0.09949    0.1278    0.1553    0.1824    0.2092    0.2359    0.2627    0.2896    0.3167    0.3441    0.3719    0.4002    0.429    0.4584    0.4884    0.5192    0.5507    0.5831    0.6163    0.6505    0.6856    0.7218    0.7591    0.7975    0.837    0.8778    0.9198    0.9631    
LA139    0    2.001e-06    8.449e-06    0.03671    0.06805    0.09694    0.1245    0.1512    0.1775    0.2035    0.2294    0.2553    0.2813    0.3075    0.334    0.3608    0.3881    0.4158    0.4441    0.4731    0.5026    0.533    0.5641    0.596    0.6288    0.6625    0.6973    0.733    0.7698    0.8077    0.8468    0.887    0.9284    
CE140    0    9.319e-07    5.585e-06    0.02169    0.05571    0.08683    0.116    0.1441    0.1715    0.1986    0.2255    0.2524    0.2794    0.3066    0.334    0.3619    0.3902    0.419    0.4484    0.4784    0.5092    0.5407    0.573    0.6062    0.6403    0.6755    0.7116    0.7488    0.7872    0.8267    0.8674    0.9094    0.9526    
CE141    0    1.171e-06    3.763e-06    0.02318    0.02746    0.02723    0.02623    0.02534    0.0247    0.0243    0.02407    0.02398    0.02401    0.02413    0.02434    0.02462    0.02497    0.02539    0.02586    0.0264    0.02698    0.02762    0.02831    0.02905    0.02984    0.03067    0.03154    0.03246    0.03341    0.0344    0.03543    0.03649    0.03758    
PR141    0    4.227e-07    2.993e-06    0.01225    0.03838    0.06658    0.09424    0.121    0.147    0.1726    0.1978    0.2229    0.248    0.2732    0.2985    0.3241    0.3501    0.3764    0.4032    0.4305    0.4584    0.4869    0.5161    0.5461    0.5769    0.6084    0.6409    0.6743    0.7087    0.744    0.7805    0.8179    0.8565    
CE142    0    1.568e-06    6.637e-06    0.03312    0.06146    0.08762    0.1126    0.1368    0.1607    0.1843    0.2078    0.2314    0.2551    0.2789    0.3031    0.3275    0.3524    0.3777    0.4036    0.43    0.457    0.4847    0.5131    0.5423    0.5723    0.6031    0.6349    0.6676    0.7012    0.7359    0.7716    0.8084    0.8463    
ND143    0    6.85e-07    4.185e-06    0.01702    0.04442    0.06929    0.09233    0.1143    0.1355    0.1562    0.1766    0.1969    0.217    0.2372    0.2574    0.2777    0.2983    0.319    0.3401    0.3615    0.3833    0.4055    0.4283    0.4515    0.4753    0.4997    0.5247    0.5503    0.5767    0.6037    0.6316    0.6602    0.6896    
CE144    0    1.332e-06    5.401e-06    0.02431    0.04218    0.05639    0.06808    0.07792    0.08632    0.09359    0.09996    0.1056    0.1107    0.1154    0.1197    0.1237    0.1276    0.1314    0.1351    0.1388    0.1425    0.1463    0.1502    0.1542    0.1584    0.1627    0.1671    0.1718    0.1766    0.1816    0.1868    0.1922    0.1978    
ND144    0    5.583e-08    4.722e-07    0.001445    0.005759    0.01224    0.02048    0.0302    0.04119    0.05329    0.06637    0.08033    0.09509    0.1106    0.1268    0.1436    0.1611    0.1792    0.1979    0.2172    0.2371    0.2576    0.2788    0.3006    0.3231    0.3462    0.3701    0.3947    0.4201    0.4462    0.4732    0.501    0.5297    
ND145    0    1.061e-06    4.487e-06    0.0206    0.03821    0.0543    0.06952    0.08419    0.09849    0.1126    0.1265    0.1403    0.1541    0.168    0.1819    0.1959    0.2101    0.2245    0.2391    0.2539    0.2691    0.2846    0.3004    0.3166    0.3332    0.3502    0.3677    0.3856    0.4041    0.423    0.4425    0.4625    0.4831    
ND146    0    9.296e-07    3.935e-06    0.01735    0.03231    0.04625    0.05969    0.07287    0.08594    0.099    0.1121    0.1253    0.1387    0.1523    0.1662    0.1803    0.1947    0.2095    0.2246    0.2402    0.2561    0.2726    0.2895    0.307    0.325    0.3435    0.3627    0.3825    0.4029    0.424    0.4458    0.4683    0.4915    
PM147    0    4.065e-07    2.222e-06    0.00875    0.01981    0.0285    0.03557    0.04147    0.0465    0.05084    0.05465    0.05802    0.06105    0.06382    0.06637    0.06877    0.07106    0.07327    0.07544    0.07759    0.07975    0.08194    0.08417    0.08646    0.08882    0.09127    0.0938    0.09643    0.09916    0.102    0.1049    0.108    0.1112    
SM147    0    3.866e-09    4.646e-08    0.0001158    0.0006309    0.001483    0.002593    0.003904    0.005377    0.00698    0.008686    0.01048    0.01234    0.01425    0.01621    0.01821    0.02025    0.02231    0.02439    0.0265    0.02864    0.03079    0.03297    0.03518    0.03741    0.03967    0.04197    0.04429    0.04666    0.04906    0.0515    0.05399    0.05653    
ND148    0    6.736e-07    2.844e-06    0.01182    0.02191    0.03122    0.04009    0.0487    0.05716    0.06553    0.07387    0.08221    0.09058    0.09902    0.1075    0.1162    0.125    0.1339    0.143    0.1523    0.1618    0.1716    0.1816    0.1919    0.2024    0.2133    0.2245    0.236    0.2478    0.26    0.2726    0.2856    0.2989    
SM148    0    3.398e-09    5.863e-08    0.0001385    0.0008651    0.002168    0.003943    0.006116    0.008633    0.01145    0.01454    0.01787    0.02143    0.02519    0.02914    0.03328    0.0376    0.04209    0.04675    0.05158    0.05658    0.06174    0.06708    0.07259    0.07827    0.08415    0.09021    0.09646    0.1029    0.1096    0.1164    0.1235    0.1309    
ND150    0    4.178e-07    1.761e-06    0.007017    0.01299    0.0185    0.02375    0.02885    0.03387    0.03883    0.04377    0.04871    0.05367    0.05867    0.06372    0.06885    0.07405    0.07935    0.08475    0.09027    0.09592    0.1017    0.1077    0.1137    0.12    0.1265    0.1331    0.1399    0.147    0.1542    0.1617    0.1694    0.1773    
SM150    0    1.355e-07    9.976e-07    0.00309    0.01014    0.01785    0.02557    0.03323    0.04087    0.04851    0.05619    0.06393    0.07176    0.07968    0.0877    0.09585    0.1041    0.1126    0.1211    0.1299    0.1388    0.148    0.1574    0.1669    0.1768    0.1868    0.1972    0.2078    0.2187    0.23    0.2415    0.2534    0.2656    
SM151    0    2.942e-07    1.203e-06    0.004997    0.008769    0.01165    0.01395    0.01584    0.01742    0.01878    0.01997    0.02103    0.02199    0.02289    0.02375    0.02457    0.02539    0.0262    0.02703    0.02787    0.02874    0.02963    0.03057    0.03153    0.03254    0.0336    0.0347    0.03584    0.03703    0.03827    0.03956    0.0409    0.04228    
SM152    0    2.65e-07    1.153e-06    0.004547    0.008834    0.01303    0.01716    0.02121    0.02516    0.02902    0.03277    0.03641    0.03995    0.04339    0.04674    0.05001    0.05321    0.05635    0.05944    0.06251    0.06555    0.06859    0.07162    0.07468    0.07776    0.08087    0.08403    0.08725    0.09052    0.09387    0.09729    0.1008    0.1044    
EU153    0    1.815e-07    8.056e-07    0.002644    0.005344    0.008042    0.01083    0.01374    0.01679    0.01998    0.02331    0.02678    0.03037    0.03407    0.0379    0.04183    0.04586    0.04998    0.0542    0.05851    0.06291    0.06739    0.07196    0.07662    0.08136    0.0862    0.09113    0.09616    0.1013    0.1065    0.1118    0.1173    0.1229    
SM154    0    1.381e-07    5.816e-07    0.00206    0.003815    0.005433    0.006978    0.008478    0.009952    0.01141    0.01287    0.01432    0.01578    0.01726    0.01875    0.02026    0.02179    0.02335    0.02494    0.02657    0.02824    0.02995    0.0317    0.0335    0.03534    0.03725    0.0392    0.04122    0.04329    0.04543    0.04763    0.0499    0.05224    
GD156    0    3.292e-08    2.251e-07    0.0006009    0.001853    0.003281    0.004782    0.006317    0.007871    0.009444    0.01104    0.01267    0.01434    0.01607    0.01785    0.01971    0.02166    0.0237    0.02584    0.02809    0.03046    0.03297    0.03561    0.0384    0.04135    0.04445    0.04773    0.05118    0.05481    0.05863    0.06265    0.06688    0.07131    
