TIME    0   3   100   200   300   400   500   600   700   800   900   1000   1100   1200   1300   1400   1500   1600   1700   1800   1900   2000   2100   2200   2300   2400   2500   2600   2700   2800   2900   3000   3100   3200   3300   3400   3500   3600   3700   3800   3900   4000   4100   4200   4300   4400   4500   4600   4700   4800   4900   5000   5100   5200   5300   5400   5500   5600   5700   5800   5900   6000   6100   6200   6300   6400   6500   6600   6700   6800   6900   7000   
NEUT_PROD    0   6.57   13.3   17.5   20.2   21.9   22.9   23.5   23.8   23.9   23.9   23.8   23.7   23.7   23.6   23.5   23.5   23.5   23.4   23.4   23.5   23.5   23.5   23.6   23.7   23.7   23.8   23.8   23.9   24   24   24.1   24.1   24.1   24.2   24.2   24.2   24.2   24.2   24.2   24.2   24.1   24.1   24   24   23.9   23.8   23.8   23.7   23.6   23.5   23.3   23.2   23.1   22.9   22.8   22.6   22.5   22.3   22.1   22   21.8   21.6   21.4   21.2   21   20.8   20.6   20.4   20.2   20   19.8   
NEUT_DEST    0   77.8   75.4   73.7   70.7   67.8   65.1   62.5   60   57.7   55.6   53.6   51.8   50.1   48.5   47.1   45.8   44.6   43.5   42.5   41.6   40.7   39.9   39.2   38.5   37.9   37.3   36.8   36.3   35.8   35.4   35   34.6   34.2   33.8   33.5   33.2   32.9   32.6   32.3   32   31.7   31.5   31.2   31   30.7   30.5   30.2   30   29.7   29.5   29.3   29   28.8   28.6   28.3   28.1   27.9   27.6   27.4   27.2   26.9   26.7   26.5   26.2   26   25.8   25.5   25.3   25.1   24.8   24.6   
BUd    0    2.07e-15    2.87    4.81    5.97    6.71    7.18    7.47    7.64    7.73    7.78    7.81    7.81    7.82    7.82    7.82    7.83    7.84    7.86    7.88    7.91    7.93    7.96    7.99    8.03    8.06    8.09    8.12    8.15    8.17    8.2    8.22    8.24    8.26    8.27    8.28    8.29    8.29    8.29    8.29    8.28    8.27    8.26    8.24    8.22    8.2    8.17    8.14    8.11    8.07    8.03    7.99    7.94    7.9    7.85    7.8    7.74    7.68    7.63    7.56    7.5    7.44    7.37    7.3    7.24    7.17    7.09    7.02    6.95    6.87    6.8    6.72    
HE4    0    0.0002186    0.1683    0.5844    1.138    1.759    2.405    3.048    3.672    4.269    4.834    5.365    5.861    6.324    6.755    7.155    7.527    7.872    8.193    8.49    8.767    9.023    9.261    9.483    9.689    9.88    10.06    10.22    10.38    10.52    10.66    10.78    10.9    11.01    11.11    11.21    11.3    11.38    11.46    11.54    11.61    11.68    11.74    11.8    11.85    11.91    11.96    12.01    12.05    12.1    12.14    12.18    12.21    12.25    12.29    12.32    12.35    12.38    12.41    12.44    12.47    12.5    12.52    12.55    12.57    12.6    12.62    12.64    12.66    12.68    12.7    12.73    
U234    0    3.603e-21    0.006759    0.04955    0.149    0.3134    0.5438    0.8367    1.186    1.585    2.027    2.503    3.008    3.533    4.074    4.625    5.181    5.738    6.292    6.839    7.377    7.903    8.415    8.911    9.391    9.851    10.29    10.71    11.11    11.49    11.85    12.19    12.5    12.79    13.07    13.32    13.55    13.76    13.95    14.12    14.27    14.4    14.52    14.62    14.7    14.77    14.82    14.86    14.88    14.89    14.88    14.87    14.84    14.81    14.76    14.7    14.63    14.56    14.47    14.38    14.28    14.18    14.06    13.95    13.82    13.7    13.56    13.43    13.28    13.14    12.99    12.84    
U235    0    0    6.57e-05    0.0009955    0.004593    0.01313    0.02895    0.05427    0.091    0.1408    0.2048    0.2841    0.3792    0.4904    0.6179    0.7615    0.9209    1.095    1.285    1.488    1.704    1.932    2.171    2.421    2.679    2.946    3.219    3.499    3.783    4.072    4.363    4.656    4.951    5.246    5.54    5.833    6.123    6.411    6.695    6.976    7.251    7.521    7.786    8.044    8.296    8.541    8.779    9.009    9.232    9.446    9.652    9.85    10.04    10.22    10.39    10.55    10.71    10.85    10.99    11.12    11.24    11.35    11.45    11.55    11.63    11.71    11.78    11.84    11.9    11.94    11.98    12.01    
NP237    0    0.01295    0.4064    0.7634    1.076    1.347    1.583    1.785    1.957    2.103    2.224    2.323    2.403    2.466    2.513    2.546    2.567    2.577    2.577    2.569    2.554    2.532    2.505    2.473    2.437    2.397    2.355    2.311    2.264    2.217    2.169    2.12    2.071    2.022    1.973    1.925    1.877    1.831    1.785    1.74    1.697    1.655    1.615    1.576    1.539    1.503    1.469    1.437    1.406    1.377    1.349    1.324    1.3    1.277    1.257    1.238    1.22    1.204    1.19    1.177    1.165    1.155    1.146    1.139    1.132    1.127    1.123    1.121    1.119    1.119    1.119    1.12    
PU238    0    2.014e-16    9.515    33.33    64.58    98.95    133.8    167.6    199.3    228.6    255.1    279    300.2    318.8    335    349.1    361    371.1    379.4    386.1    391.4    395.4    398.2    399.9    400.6    400.5    399.6    398    395.8    393    389.7    385.9    381.8    377.4    372.6    367.6    362.4    357    351.4    345.7    339.9    334    328.1    322.1    316    310    304    298    292    286.1    280.2    274.3    268.5    262.8    257.1    251.5    246    240.6    235.3    230    224.9    219.8    214.8    209.9    205.1    200.4    195.8    191.3    186.9    182.5    178.3    174.1    
PU239    0    5.01e-21    0.06123    0.444    1.321    2.747    4.712    7.167    10.04    13.26    16.75    20.44    24.26    28.16    32.07    35.96    39.79    43.53    47.14    50.62    53.93    57.07    60.04    62.81    65.38    67.77    69.96    71.95    73.75    75.37    76.8    78.05    79.14    80.06    80.82    81.43    81.9    82.23    82.44    82.52    82.49    82.35    82.12    81.79    81.37    80.88    80.31    79.67    78.97    78.22    77.41    76.55    75.66    74.72    73.76    72.76    71.74    70.69    69.63    68.55    67.46    66.35    65.24    64.12    63    61.88    60.76    59.64    58.53    57.42    56.31    55.22    
PU240    0    6.957e-20    0.0006323    0.007257    0.0321    0.09005    0.1959    0.3628    0.6014    0.9199    1.324    1.816    2.397    3.066    3.82    4.656    5.568    6.551    7.597    8.701    9.855    11.05    12.28    13.54    14.83    16.12    17.43    18.74    20.04    21.34    22.62    23.88    25.12    26.33    27.51    28.66    29.78    30.85    31.89    32.88    33.82    34.73    35.58    36.39    37.15    37.87    38.53    39.15    39.73    40.25    40.73    41.16    41.55    41.9    42.2    42.46    42.68    42.86    43.01    43.11    43.18    43.22    43.22    43.19    43.13    43.04    42.93    42.78    42.62    42.42    42.21    41.97    
PU241    0    0    4.937e-05    0.0003171    0.001363    0.004387    0.01122    0.02422    0.04612    0.07983    0.1284    0.1946    0.2812    0.3908    0.5253    0.6865    0.8759    1.094    1.342    1.62    1.927    2.263    2.627    3.019    3.436    3.877    4.34    4.824    5.326    5.845    6.378    6.922    7.477    8.039    8.607    9.177    9.75    10.32    10.89    11.45    12.01    12.56    13.1    13.63    14.15    14.66    15.15    15.62    16.08    16.52    16.95    17.35    17.74    18.11    18.46    18.79    19.1    19.39    19.66    19.91    20.14    20.35    20.54    20.71    20.86    21    21.11    21.21    21.29    21.36    21.4    21.44    
PU242    0    8.425e-15    11.06    21.4    30.65    38.89    46.22    52.7    58.42    63.44    67.82    71.62    74.89    77.67    80.02    81.97    83.57    84.83    85.8    86.51    86.98    87.23    87.3    87.19    86.93    86.53    86.02    85.4    84.69    83.9    83.04    82.13    81.16    80.15    79.11    78.04    76.95    75.84    74.73    73.6    72.47    71.35    70.22    69.11    68    66.9    65.81    64.74    63.68    62.64    61.62    60.61    59.63    58.66    57.71    56.78    55.87    54.98    54.1    53.25    52.42    51.6    50.81    50.03    49.27    48.53    47.8    47.09    46.4    45.72    45.06    44.41    
AM241    1000    1000    924.3    852.3    785.9    724.6    668.2    616.1    568.1    523.8    483    445.4    410.7    378.7    349.2    322    296.9    273.8    252.5    232.8    214.7    198    182.6    168.4    155.3    143.3    132.2    121.9    112.5    103.8    95.78    88.4    81.61    75.35    69.58    64.27    59.38    54.88    50.74    46.93    43.42    40.19    37.22    34.49    31.98    29.67    27.55    25.6    23.8    22.15    20.64    19.25    17.97    16.8    15.72    14.73    13.82    12.99    12.23    11.52    10.88    10.29    9.744    9.246    8.789    8.369    7.984    7.629    7.304    7.005    6.73    6.477    
AM242M    0    8.683e-15    6.807    11.17    13.7    15    15.47    15.4    14.99    14.37    13.64    12.84    12.02    11.21    10.43    9.678    8.967    8.298    7.672    7.089    6.547    6.044    5.579    5.148    4.75    4.382    4.043    3.73    3.441    3.174    2.929    2.702    2.494    2.301    2.124    1.961    1.81    1.672    1.544    1.427    1.319    1.219    1.128    1.043    0.9659    0.8946    0.8289    0.7686    0.7131    0.662    0.6151    0.572    0.5323    0.4959    0.4625    0.4317    0.4035    0.3776    0.3538    0.3319    0.3119    0.2935    0.2766    0.261    0.2468    0.2337    0.2217    0.2107    0.2006    0.1913    0.1828    0.1749    
AM242    0    2.155e-14    0.6243    0.5757    0.5309    0.4896    0.4514    0.4163    0.3839    0.3539    0.3264    0.3009    0.2775    0.2559    0.236    0.2176    0.2006    0.185    0.1706    0.1573    0.1451    0.1338    0.1234    0.1138    0.105    0.09681    0.0893    0.08238    0.07601    0.07013    0.06472    0.05973    0.05514    0.05091    0.04702    0.04343    0.04013    0.03709    0.03429    0.03171    0.02934    0.02716    0.02515    0.02331    0.02161    0.02005    0.01861    0.0173    0.01608    0.01497    0.01395    0.01301    0.01214    0.01135    0.01062    0.009954    0.009341    0.008777    0.00826    0.007786    0.007351    0.006951    0.006584    0.006248    0.005939    0.005655    0.005394    0.005155    0.004935    0.004733    0.004547    0.004376    
AM243    0    0    0.3499    1.254    2.52    4.013    5.639    7.329    9.035    10.72    12.37    13.96    15.48    16.92    18.27    19.55    20.74    21.84    22.85    23.78    24.63    25.41    26.1    26.72    27.27    27.75    28.17    28.53    28.83    29.08    29.27    29.42    29.52    29.58    29.6    29.58    29.53    29.45    29.34    29.2    29.04    28.85    28.65    28.43    28.19    27.94    27.67    27.4    27.11    26.81    26.51    26.2    25.89    25.57    25.25    24.92    24.6    24.27    23.94    23.62    23.29    22.97    22.64    22.32    22    21.69    21.38    21.07    20.76    20.46    20.17    19.87    
CM242    0    4.007e-14    43.59    69.83    83.6    89.53    90.63    88.8    85.27    80.82    75.95    70.96    66.03    61.27    56.75    52.49    48.51    44.8    41.35    38.16    35.21    32.48    29.96    27.63    25.49    23.51    21.68    20    18.45    17.02    15.7    14.49    13.37    12.34    11.39    10.52    9.71    8.968    8.285    7.656    7.077    6.544    6.054    5.603    5.187    4.806    4.454    4.131    3.834    3.561    3.31    3.079    2.868    2.673    2.494    2.33    2.179    2.04    1.913    1.796    1.689    1.591    1.5    1.417    1.341    1.271    1.207    1.148    1.094    1.045    0.9991    0.9572    
CM243    0    0    0.1729    0.5817    1.08    1.584    2.046    2.444    2.77    3.024    3.211    3.336    3.409    3.437    3.426    3.385    3.319    3.233    3.131    3.019    2.898    2.772    2.643    2.513    2.383    2.255    2.13    2.008    1.889    1.775    1.666    1.562    1.462    1.368    1.278    1.193    1.113    1.038    0.9673    0.9009    0.8386    0.7804    0.7259    0.6749    0.6274    0.5831    0.5419    0.5035    0.4678    0.4346    0.4038    0.3752    0.3487    0.3241    0.3014    0.2803    0.2608    0.2427    0.226    0.2106    0.1964    0.1832    0.171    0.1598    0.1495    0.1399    0.1311    0.123    0.1155    0.1086    0.1023    0.0964    
CM244    0    0    0.009118    0.0668    0.2045    0.4397    0.7806    1.229    1.782    2.435    3.181    4.013    4.92    5.896    6.93    8.016    9.144    10.31    11.5    12.71    13.93    15.16    16.39    17.62    18.84    20.05    21.24    22.41    23.56    24.68    25.77    26.83    27.86    28.86    29.81    30.73    31.61    32.45    33.26    34.02    34.74    35.42    36.06    36.67    37.23    37.75    38.24    38.69    39.1    39.48    39.82    40.12    40.4    40.64    40.85    41.02    41.17    41.29    41.39    41.46    41.5    41.52    41.51    41.48    41.44    41.37    41.28    41.18    41.05    40.92    40.76    40.59    
CM245    0    0    5.806e-05    0.0008574    0.003948    0.01132    0.02511    0.04735    0.07988    0.1243    0.1819    0.2537    0.3403    0.4422    0.5596    0.6924    0.8404    1.003    1.18    1.37    1.573    1.788    2.014    2.249    2.493    2.745    3.003    3.268    3.536    3.809    4.084    4.36    4.637    4.914    5.189    5.463    5.734    6.002    6.266    6.525    6.779    7.027    7.269    7.504    7.732    7.953    8.167    8.373    8.57    8.76    8.941    9.113    9.278    9.433    9.58    9.719    9.849    9.97    10.08    10.19    10.29    10.37    10.46    10.53    10.59    10.65    10.7    10.75    10.79    10.82    10.84    10.86    
SE79    0    0    1.221e-07    0.002354    0.004022    0.005564    0.007059    0.008523    0.00996    0.01137    0.01276    0.01413    0.01547    0.0168    0.01812    0.01942    0.02072    0.022    0.02328    0.02456    0.02583    0.0271    0.02837    0.02964    0.03091    0.03217    0.03344    0.03471    0.03597    0.03724    0.03851    0.03977    0.04104    0.0423    0.04356    0.04482    0.04608    0.04733    0.04858    0.04983    0.05107    0.0523    0.05354    0.05476    0.05598    0.05719    0.0584    0.0596    0.06079    0.06197    0.06314    0.06431    0.06546    0.06661    0.06775    0.06887    0.06999    0.07109    0.07219    0.07327    0.07435    0.07541    0.07646    0.0775    0.07853    0.07954    0.08055    0.08154    0.08252    0.08349    0.08444    0.08539    
SE80    0    0    2.836e-07    0.005467    0.009337    0.01292    0.01639    0.01979    0.02313    0.02641    0.02963    0.03281    0.03593    0.03902    0.04208    0.04511    0.04812    0.05111    0.05408    0.05705    0.06    0.06296    0.0659    0.06885    0.07179    0.07473    0.07768    0.08062    0.08356    0.0865    0.08944    0.09237    0.09531    0.09824    0.1012    0.1041    0.107    0.1099    0.1128    0.1157    0.1186    0.1214    0.1243    0.1271    0.1299    0.1327    0.1355    0.1383    0.141    0.1438    0.1465    0.1492    0.1519    0.1545    0.1571    0.1597    0.1623    0.1649    0.1674    0.1699    0.1724    0.1748    0.1772    0.1796    0.182    0.1844    0.1867    0.189    0.1912    0.1935    0.1957    0.1978    
BR81    0    0    4.332e-07    0.008341    0.01418    0.01953    0.02468    0.02967    0.03453    0.03926    0.04387    0.04837    0.05276    0.05707    0.06128    0.06543    0.06951    0.07352    0.07749    0.08141    0.08529    0.08913    0.09293    0.0967    0.1004    0.1042    0.1078    0.1115    0.1151    0.1187    0.1223    0.1258    0.1293    0.1328    0.1362    0.1396    0.143    0.1463    0.1496    0.1529    0.1561    0.1592    0.1624    0.1654    0.1685    0.1715    0.1744    0.1773    0.1801    0.1829    0.1856    0.1883    0.1909    0.1935    0.196    0.1985    0.2009    0.2033    0.2056    0.2078    0.21    0.2121    0.2142    0.2162    0.2181    0.22    0.2219    0.2237    0.2254    0.2271    0.2287    0.2303    
SE82    0    0    5.446e-07    0.0105    0.01792    0.0248    0.03146    0.03799    0.0444    0.0507    0.05689    0.06298    0.069    0.07493    0.08081    0.08664    0.09242    0.09818    0.1039    0.1096    0.1153    0.121    0.1267    0.1324    0.1381    0.1438    0.1495    0.1552    0.1609    0.1667    0.1724    0.1781    0.1839    0.1896    0.1953    0.201    0.2068    0.2125    0.2182    0.2239    0.2295    0.2352    0.2408    0.2464    0.252    0.2576    0.2632    0.2687    0.2742    0.2796    0.2851    0.2904    0.2958    0.3011    0.3064    0.3116    0.3168    0.322    0.3271    0.3321    0.3371    0.3421    0.347    0.3519    0.3567    0.3614    0.3662    0.3708    0.3754    0.38    0.3845    0.3889    
KR83    0    0    8.389e-07    0.01612    0.02733    0.03746    0.04709    0.05634    0.06525    0.07384    0.08213    0.09014    0.09789    0.1054    0.1127    0.1198    0.1268    0.1336    0.1402    0.1467    0.1531    0.1594    0.1656    0.1718    0.1778    0.1838    0.1897    0.1955    0.2012    0.2069    0.2125    0.218    0.2235    0.2289    0.2342    0.2394    0.2446    0.2497    0.2547    0.2596    0.2645    0.2692    0.2739    0.2785    0.283    0.2874    0.2917    0.2959    0.3001    0.3041    0.308    0.3119    0.3156    0.3192    0.3228    0.3262    0.3295    0.3328    0.3359    0.3389    0.3419    0.3447    0.3474    0.35    0.3526    0.355    0.3573    0.3595    0.3616    0.3637    0.3656    0.3674    
KR84    0    0    1.383e-06    0.02667    0.04586    0.06383    0.08143    0.09884    0.1161    0.1333    0.1503    0.1672    0.184    0.2008    0.2176    0.2344    0.2512    0.268    0.2849    0.3019    0.3189    0.3361    0.3534    0.3708    0.3883    0.4059    0.4237    0.4416    0.4596    0.4777    0.496    0.5143    0.5328    0.5514    0.5701    0.5889    0.6078    0.6267    0.6457    0.6648    0.684    0.7032    0.7225    0.7418    0.7611    0.7804    0.7998    0.8192    0.8386    0.858    0.8773    0.8967    0.916    0.9354    0.9546    0.9739    0.9931    1.012    1.031    1.05    1.069    1.088    1.107    1.126    1.144    1.163    1.182    1.2    1.218    1.236    1.255    1.273    
KR85    0    0    3.541e-07    0.006804    0.01154    0.01581    0.01988    0.02378    0.02754    0.03117    0.03467    0.03804    0.04131    0.04448    0.04755    0.05055    0.05347    0.05632    0.05911    0.06184    0.06453    0.06717    0.06977    0.07233    0.07485    0.07734    0.07979    0.08221    0.08459    0.08694    0.08927    0.09155    0.09381    0.09603    0.09822    0.1004    0.1025    0.1046    0.1066    0.1086    0.1106    0.1125    0.1144    0.1163    0.1181    0.1199    0.1216    0.1233    0.125    0.1266    0.1281    0.1296    0.1311    0.1325    0.1339    0.1353    0.1366    0.1378    0.139    0.1402    0.1413    0.1424    0.1434    0.1444    0.1453    0.1462    0.1471    0.1479    0.1486    0.1493    0.15    0.1507    
RB85    0    0    1.265e-06    0.02438    0.04189    0.05812    0.07392    0.08945    0.1048    0.1199    0.1348    0.1495    0.1641    0.1786    0.193    0.2074    0.2216    0.2359    0.2502    0.2644    0.2787    0.293    0.3074    0.3218    0.3362    0.3507    0.3653    0.3799    0.3946    0.4093    0.4241    0.439    0.4538    0.4688    0.4837    0.4987    0.5138    0.5288    0.5439    0.5589    0.574    0.5891    0.6042    0.6192    0.6343    0.6493    0.6643    0.6793    0.6942    0.709    0.7239    0.7386    0.7533    0.768    0.7826    0.7971    0.8115    0.8258    0.8401    0.8543    0.8683    0.8823    0.8962    0.91    0.9237    0.9373    0.9507    0.9641    0.9774    0.9905    1.004    1.016    
KR86    0    0    2.265e-06    0.04361    0.07448    0.1031    0.1307    0.1579    0.1845    0.2107    0.2364    0.2618    0.2868    0.3116    0.3361    0.3604    0.3845    0.4086    0.4325    0.4564    0.4803    0.5042    0.5282    0.5521    0.5762    0.6002    0.6243    0.6485    0.6728    0.6971    0.7215    0.7459    0.7704    0.7949    0.8194    0.844    0.8686    0.8932    0.9178    0.9424    0.967    0.9916    1.016    1.041    1.065    1.089    1.114    1.138    1.162    1.186    1.21    1.234    1.258    1.281    1.305    1.328    1.351    1.374    1.397    1.419    1.442    1.464    1.486    1.508    1.53    1.552    1.573    1.594    1.615    1.636    1.656    1.676    
RB87    0    0    2.85e-06    0.05488    0.0938    0.1298    0.1646    0.1988    0.2323    0.2652    0.2975    0.3294    0.3608    0.3919    0.4226    0.4531    0.4834    0.5135    0.5436    0.5735    0.6035    0.6334    0.6634    0.6934    0.7234    0.7536    0.7837    0.814    0.8443    0.8747    0.9051    0.9356    0.9662    0.9968    1.027    1.058    1.089    1.119    1.15    1.181    1.211    1.242    1.273    1.303    1.333    1.364    1.394    1.424    1.454    1.484    1.514    1.543    1.573    1.602    1.631    1.66    1.688    1.717    1.745    1.773    1.801    1.829    1.856    1.883    1.91    1.936    1.963    1.989    2.014    2.04    2.065    2.09    
SR88    0    0    3.981e-06    0.07667    0.1312    0.1817    0.2305    0.2784    0.3253    0.3715    0.417    0.4617    0.5059    0.5495    0.5928    0.6357    0.6783    0.7208    0.7631    0.8054    0.8476    0.8899    0.9321    0.9745    1.017    1.059    1.102    1.145    1.188    1.231    1.274    1.317    1.36    1.404    1.447    1.49    1.534    1.577    1.621    1.664    1.708    1.751    1.795    1.838    1.881    1.924    1.967    2.01    2.053    2.095    2.138    2.18    2.222    2.263    2.305    2.346    2.387    2.428    2.468    2.508    2.548    2.587    2.626    2.665    2.704    2.742    2.78    2.817    2.854    2.891    2.927    2.963    
SR89    0    0    3.956e-06    0.06379    0.05823    0.05239    0.04905    0.04704    0.04561    0.04445    0.04347    0.04262    0.04189    0.04126    0.04074    0.04032    0.03999    0.03973    0.03954    0.03941    0.03933    0.03929    0.03928    0.0393    0.03935    0.03941    0.03948    0.03956    0.03964    0.03972    0.03979    0.03987    0.03993    0.03999    0.04003    0.04007    0.04009    0.0401    0.04009    0.04007    0.04004    0.03999    0.03992    0.03985    0.03975    0.03964    0.03952    0.03938    0.03923    0.03906    0.03888    0.03869    0.03849    0.03827    0.03804    0.03781    0.03756    0.0373    0.03703    0.03675    0.03646    0.03616    0.03586    0.03555    0.03523    0.03491    0.03458    0.03424    0.0339    0.03356    0.03321    0.03286    
Y89    0    0    1.119e-06    0.03395    0.1087    0.1786    0.244    0.3068    0.3679    0.4277    0.4864    0.544    0.6008    0.6568    0.7121    0.7669    0.8213    0.8754    0.9292    0.9828    1.036    1.09    1.143    1.197    1.25    1.304    1.358    1.412    1.466    1.52    1.574    1.629    1.683    1.738    1.793    1.847    1.902    1.957    2.012    2.066    2.121    2.176    2.23    2.285    2.339    2.393    2.448    2.501    2.555    2.609    2.662    2.715    2.768    2.82    2.872    2.924    2.975    3.026    3.077    3.127    3.177    3.227    3.276    3.325    3.373    3.421    3.468    3.515    3.561    3.607    3.653    3.698    
SR90    0    0    6.299e-06    0.1212    0.2061    0.2841    0.3592    0.4321    0.5032    0.5725    0.6403    0.7064    0.7712    0.8348    0.8972    0.9587    1.019    1.079    1.139    1.198    1.256    1.314    1.372    1.429    1.486    1.543    1.6    1.656    1.712    1.768    1.824    1.88    1.935    1.99    2.045    2.099    2.154    2.207    2.261    2.314    2.367    2.419    2.471    2.522    2.573    2.623    2.673    2.722    2.77    2.818    2.866    2.912    2.958    3.004    3.048    3.092    3.136    3.178    3.22    3.261    3.301    3.341    3.379    3.417    3.454    3.491    3.526    3.561    3.595    3.628    3.66    3.692    
ZR90    0    0    8.485e-09    0.0002821    0.001308    0.00289    0.004985    0.007575    0.01064    0.01418    0.01817    0.0226    0.02747    0.03276    0.03847    0.04458    0.05111    0.05803    0.06534    0.07305    0.08115    0.08962    0.09849    0.1077    0.1174    0.1273    0.1377    0.1485    0.1596    0.1711    0.1829    0.1952    0.2078    0.2207    0.2341    0.2477    0.2618    0.2762    0.291    0.3061    0.3215    0.3373    0.3535    0.37    0.3868    0.404    0.4215    0.4393    0.4574    0.4759    0.4947    0.5138    0.5332    0.5529    0.5729    0.5932    0.6137    0.6346    0.6557    0.6772    0.6989    0.7208    0.743    0.7655    0.7882    0.8111    0.8343    0.8578    0.8814    0.9053    0.9294    0.9537    
Y91    0    0    6.019e-06    0.09907    0.09673    0.08907    0.0839    0.08054    0.0781    0.07614    0.07448    0.07303    0.07178    0.07072    0.06982    0.06909    0.06851    0.06805    0.06772    0.06748    0.06733    0.06724    0.06722    0.06725    0.06731    0.06739    0.0675    0.06762    0.06774    0.06786    0.06798    0.06809    0.06819    0.06827    0.06834    0.06838    0.06841    0.06841    0.06839    0.06834    0.06827    0.06818    0.06806    0.06791    0.06774    0.06754    0.06732    0.06708    0.06681    0.06652    0.0662    0.06587    0.06551    0.06513    0.06473    0.06432    0.06389    0.06344    0.06297    0.06249    0.06199    0.06148    0.06096    0.06042    0.05988    0.05932    0.05875    0.05818    0.0576    0.05701    0.05641    0.0558    
ZR91    0    0    1.466e-06    0.0451    0.1512    0.2542    0.3516    0.4451    0.536    0.6248    0.7118    0.7972    0.8812    0.964    1.046    1.127    1.207    1.286    1.366    1.445    1.523    1.602    1.68    1.759    1.837    1.916    1.994    2.073    2.152    2.231    2.31    2.389    2.468    2.548    2.627    2.707    2.786    2.866    2.945    3.024    3.103    3.182    3.261    3.34    3.418    3.496    3.574    3.652    3.729    3.806    3.882    3.958    4.034    4.109    4.183    4.257    4.331    4.403    4.476    4.547    4.618    4.689    4.758    4.828    4.896    4.964    5.031    5.097    5.162    5.227    5.291    5.354    
ZR92    0    0    9.244e-06    0.1781    0.3056    0.4231    0.537    0.6485    0.758    0.8656    0.9715    1.076    1.179    1.281    1.381    1.481    1.581    1.68    1.778    1.877    1.975    2.073    2.171    2.27    2.369    2.467    2.566    2.666    2.765    2.865    2.965    3.065    3.165    3.265    3.366    3.466    3.567    3.667    3.768    3.868    3.969    4.069    4.169    4.269    4.368    4.467    4.566    4.665    4.763    4.861    4.958    5.055    5.151    5.247    5.342    5.437    5.531    5.624    5.717    5.809    5.9    5.991    6.08    6.169    6.257    6.345    6.431    6.517    6.602    6.686    6.769    6.851    
ZR93    0    0    1.207e-05    0.2325    0.3995    0.5525    0.7002    0.8443    0.9854    1.124    1.259    1.392    1.523    1.652    1.78    1.906    2.03    2.154    2.277    2.4    2.522    2.643    2.765    2.886    3.007    3.128    3.248    3.369    3.49    3.61    3.73    3.851    3.971    4.091    4.21    4.33    4.449    4.568    4.686    4.804    4.922    5.039    5.155    5.271    5.386    5.5    5.613    5.726    5.838    5.949    6.059    6.168    6.276    6.384    6.49    6.594    6.698    6.801    6.902    7.003    7.102    7.199    7.296    7.391    7.485    7.578    7.669    7.759    7.848    7.935    8.021    8.105    
ZR94    0    0    1.361e-05    0.2623    0.4486    0.6215    0.7895    0.9543    1.117    1.276    1.434    1.589    1.743    1.895    2.046    2.196    2.345    2.494    2.642    2.791    2.939    3.088    3.237    3.386    3.535    3.685    3.836    3.987    4.138    4.29    4.442    4.595    4.748    4.901    5.055    5.209    5.363    5.517    5.672    5.826    5.981    6.135    6.289    6.443    6.597    6.751    6.904    7.057    7.209    7.361    7.513    7.664    7.814    7.963    8.112    8.26    8.408    8.554    8.7    8.845    8.989    9.132    9.274    9.415    9.555    9.694    9.832    9.969    10.1    10.24    10.37    10.51    
ZR95    0    0    1.263e-05    0.2103    0.2117    0.1981    0.1878    0.1806    0.1752    0.1709    0.1671    0.1639    0.161    0.1586    0.1565    0.1548    0.1534    0.1523    0.1515    0.1509    0.1504    0.1502    0.15    0.1499    0.15    0.1501    0.1502    0.1503    0.1505    0.1507    0.1508    0.151    0.1511    0.1511    0.1512    0.1512    0.1511    0.151    0.1508    0.1506    0.1504    0.1501    0.1497    0.1493    0.1488    0.1483    0.1477    0.147    0.1463    0.1456    0.1448    0.144    0.1431    0.1422    0.1413    0.1403    0.1392    0.1382    0.137    0.1359    0.1348    0.1336    0.1323    0.1311    0.1298    0.1286    0.1272    0.1259    0.1246    0.1232    0.1219    0.1205    
NB95    0    0    2.082e-06    0.0537    0.09938    0.1041    0.1009    0.09755    0.09489    0.09275    0.09091    0.08928    0.08785    0.08659    0.08551    0.08461    0.08386    0.08327    0.08282    0.08248    0.08224    0.08209    0.08202    0.082    0.08203    0.08209    0.08217    0.08227    0.08238    0.08249    0.08259    0.08269    0.08277    0.08283    0.08287    0.08289    0.08288    0.08284    0.08278    0.08269    0.08257    0.08241    0.08223    0.08202    0.08177    0.0815    0.0812    0.08086    0.0805    0.08012    0.0797    0.07926    0.0788    0.07831    0.07779    0.07726    0.0767    0.07613    0.07553    0.07492    0.07429    0.07365    0.07298    0.07231    0.07162    0.07092    0.07021    0.0695    0.06877    0.06803    0.06728    0.06653    
MO95    0    0    7.183e-07    0.03318    0.1956    0.3967    0.5952    0.7852    0.968    1.145    1.316    1.483    1.646    1.805    1.96    2.112    2.262    2.409    2.554    2.697    2.838    2.978    3.117    3.255    3.391    3.527    3.662    3.796    3.929    4.061    4.193    4.324    4.454    4.583    4.711    4.839    4.965    5.091    5.215    5.338    5.461    5.582    5.701    5.82    5.937    6.053    6.167    6.28    6.391    6.501    6.609    6.716    6.82    6.923    7.025    7.124    7.222    7.318    7.412    7.504    7.594    7.682    7.768    7.853    7.935    8.015    8.094    8.17    8.244    8.317    8.387    8.456    
ZR96    0    0    1.633e-05    0.3147    0.5375    0.7435    0.943    1.138    1.33    1.518    1.703    1.885    2.065    2.242    2.417    2.591    2.763    2.934    3.105    3.275    3.444    3.614    3.783    3.952    4.122    4.291    4.461    4.631    4.801    4.971    5.141    5.312    5.482    5.653    5.823    5.993    6.164    6.334    6.503    6.673    6.842    7.011    7.179    7.346    7.513    7.679    7.845    8.009    8.173    8.336    8.498    8.658    8.818    8.977    9.134    9.29    9.445    9.598    9.751    9.901    10.05    10.2    10.35    10.49    10.63    10.78    10.92    11.05    11.19    11.33    11.46    11.59    
MO96    0    0    1.47e-08    0.0003508    0.001549    0.00421    0.008391    0.01403    0.02107    0.02946    0.03916    0.05012    0.06231    0.0757    0.09026    0.106    0.1228    0.1407    0.1597    0.1797    0.2009    0.223    0.2462    0.2703    0.2955    0.3217    0.3488    0.377    0.4061    0.4361    0.4671    0.4991    0.532    0.5658    0.6005    0.6362    0.6727    0.7102    0.7485    0.7877    0.8278    0.8687    0.9105    0.9531    0.9965    1.041    1.086    1.132    1.178    1.226    1.274    1.322    1.372    1.422    1.473    1.525    1.577    1.63    1.683    1.737    1.792    1.847    1.903    1.96    2.016    2.074    2.132    2.19    2.249    2.308    2.368    2.428    
MO97    0    0    1.75e-05    0.3373    0.5832    0.8076    1.024    1.236    1.443    1.646    1.846    2.042    2.235    2.425    2.614    2.8    2.985    3.169    3.351    3.533    3.715    3.896    4.077    4.258    4.439    4.619    4.8    4.981    5.162    5.343    5.524    5.705    5.886    6.067    6.248    6.429    6.609    6.789    6.969    7.148    7.327    7.505    7.683    7.86    8.036    8.211    8.386    8.559    8.732    8.903    9.073    9.243    9.41    9.577    9.742    9.906    10.07    10.23    10.39    10.55    10.7    10.86    11.01    11.16    11.31    11.46    11.61    11.75    11.9    12.04    12.18    12.31    
MO98    0    0    1.899e-05    0.3658    0.6244    0.8634    1.095    1.321    1.543    1.76    1.974    2.185    2.392    2.596    2.798    2.998    3.196    3.393    3.589    3.784    3.978    4.173    4.367    4.56    4.754    4.948    5.142    5.335    5.529    5.723    5.917    6.111    6.305    6.499    6.692    6.886    7.079    7.272    7.464    7.656    7.847    8.038    8.227    8.416    8.605    8.792    8.978    9.163    9.347    9.53    9.712    9.892    10.07    10.25    10.42    10.6    10.77    10.94    11.11    11.28    11.45    11.61    11.77    11.93    12.09    12.25    12.4    12.56    12.71    12.85    13    13.15    
TC99    0    0    1.904e-05    0.3665    0.6541    0.9031    1.138    1.363    1.581    1.791    1.994    2.19    2.381    2.566    2.747    2.923    3.096    3.265    3.431    3.594    3.755    3.914    4.071    4.225    4.378    4.53    4.68    4.828    4.975    5.12    5.264    5.406    5.547    5.686    5.824    5.96    6.094    6.227    6.358    6.487    6.615    6.74    6.864    6.985    7.105    7.223    7.338    7.451    7.562    7.671    7.777    7.881    7.983    8.083    8.18    8.274    8.366    8.456    8.543    8.628    8.71    8.789    8.867    8.941    9.013    9.083    9.15    9.215    9.277    9.337    9.394    9.448    
MO100    0    0    2.297e-05    0.4427    0.7559    1.046    1.326    1.601    1.871    2.136    2.396    2.652    2.904    3.154    3.4    3.645    3.887    4.128    4.368    4.607    4.846    5.085    5.323    5.561    5.799    6.038    6.276    6.515    6.754    6.993    7.233    7.472    7.712    7.952    8.191    8.431    8.67    8.909    9.147    9.385    9.623    9.86    10.1    10.33    10.57    10.8    11.03    11.26    11.49    11.72    11.95    12.17    12.4    12.62    12.84    13.06    13.28    13.49    13.71    13.92    14.13    14.34    14.54    14.74    14.95    15.15    15.34    15.54    15.73    15.92    16.11    16.29    
RU100    0    0    6.274e-08    0.002144    0.01041    0.02307    0.03971    0.06012    0.08414    0.1116    0.1425    0.1765    0.2137    0.254    0.2972    0.3432    0.392    0.4436    0.4978    0.5546    0.614    0.676    0.7404    0.8073    0.8767    0.9484    1.022    1.099    1.178    1.259    1.342    1.427    1.515    1.605    1.697    1.791    1.887    1.985    2.085    2.188    2.292    2.398    2.506    2.616    2.727    2.841    2.956    3.073    3.192    3.312    3.434    3.557    3.682    3.808    3.936    4.065    4.195    4.327    4.46    4.594    4.73    4.866    5.004    5.143    5.282    5.423    5.564    5.707    5.85    5.994    6.139    6.284    
RU101    0    0    2.016e-05    0.388    0.6599    0.9091    1.149    1.381    1.608    1.829    2.044    2.255    2.46    2.662    2.86    3.054    3.246    3.435    3.622    3.808    3.991    4.174    4.355    4.534    4.713    4.891    5.068    5.245    5.42    5.595    5.769    5.941    6.113    6.284    6.455    6.624    6.791    6.958    7.124    7.288    7.451    7.612    7.772    7.931    8.088    8.243    8.396    8.548    8.697    8.845    8.991    9.135    9.277    9.416    9.554    9.689    9.822    9.953    10.08    10.21    10.33    10.45    10.57    10.69    10.8    10.91    11.02    11.13    11.24    11.34    11.44    11.53    
RU102    0    0    2.074e-05    0.4001    0.6865    0.9537    1.215    1.472    1.727    1.979    2.229    2.476    2.722    2.967    3.211    3.454    3.697    3.941    4.185    4.429    4.675    4.922    5.17    5.42    5.671    5.923    6.178    6.434    6.691    6.95    7.211    7.473    7.737    8.002    8.269    8.537    8.806    9.076    9.347    9.619    9.892    10.17    10.44    10.72    10.99    11.27    11.54    11.82    12.1    12.37    12.65    12.92    13.2    13.48    13.75    14.03    14.3    14.57    14.85    15.12    15.39    15.66    15.93    16.2    16.46    16.73    16.99    17.26    17.52    17.78    18.04    18.3    
RU103    0    0    1.738e-05    0.2696    0.2209    0.1929    0.1799    0.1725    0.1672    0.1629    0.1592    0.156    0.1532    0.1509    0.1489    0.1473    0.146    0.145    0.1442    0.1436    0.1432    0.143    0.1428    0.1428    0.1428    0.1429    0.143    0.1431    0.1432    0.1434    0.1435    0.1436    0.1437    0.1437    0.1437    0.1437    0.1437    0.1435    0.1434    0.1432    0.1429    0.1426    0.1423    0.1419    0.1414    0.1409    0.1404    0.1398    0.1391    0.1384    0.1377    0.137    0.1361    0.1353    0.1344    0.1335    0.1326    0.1316    0.1306    0.1296    0.1285    0.1274    0.1263    0.1252    0.124    0.1229    0.1217    0.1205    0.1193    0.1181    0.1169    0.1156    
RH103    0    0    6.302e-06    0.1841    0.529    0.806    1.04    1.246    1.43    1.595    1.743    1.876    1.996    2.103    2.2    2.287    2.366    2.438    2.503    2.563    2.618    2.668    2.715    2.759    2.799    2.837    2.872    2.905    2.936    2.965    2.992    3.018    3.041    3.064    3.085    3.104    3.122    3.138    3.153    3.167    3.179    3.19    3.2    3.208    3.215    3.221    3.226    3.229    3.231    3.231    3.231    3.229    3.226    3.222    3.216    3.21    3.202    3.194    3.184    3.173    3.162    3.149    3.135    3.121    3.106    3.089    3.072    3.055    3.036    3.017    2.997    2.976    
RU104    0    0    2.09e-05    0.403    0.689    0.9534    1.21    1.46    1.706    1.948    2.185    2.419    2.649    2.877    3.101    3.324    3.545    3.765    3.984    4.202    4.419    4.636    4.853    5.07    5.287    5.505    5.722    5.94    6.158    6.376    6.594    6.813    7.032    7.25    7.469    7.688    7.907    8.125    8.343    8.561    8.778    8.995    9.211    9.427    9.641    9.855    10.07    10.28    10.49    10.7    10.91    11.12    11.32    11.53    11.73    11.93    12.13    12.33    12.52    12.72    12.91    13.1    13.29    13.48    13.66    13.84    14.03    14.2    14.38    14.55    14.73    14.9    
PD104    0    0    8.16e-08    0.004126    0.03181    0.08282    0.153    0.2396    0.3409    0.4552    0.5812    0.7176    0.8634    1.017    1.179    1.347    1.521    1.701    1.886    2.075    2.267    2.464    2.664    2.867    3.073    3.281    3.492    3.705    3.92    4.137    4.355    4.576    4.797    5.02    5.245    5.47    5.697    5.924    6.152    6.381    6.61    6.84    7.07    7.301    7.531    7.762    7.992    8.223    8.453    8.683    8.913    9.142    9.37    9.598    9.825    10.05    10.28    10.5    10.72    10.95    11.17    11.39    11.6    11.82    12.03    12.25    12.46    12.67    12.88    13.08    13.29    13.49    
PD105    0    0    1.742e-05    0.3355    0.587    0.8117    1.027    1.235    1.438    1.636    1.83    2.019    2.204    2.386    2.565    2.741    2.915    3.088    3.258    3.428    3.596    3.763    3.93    4.096    4.261    4.426    4.591    4.755    4.919    5.082    5.245    5.408    5.57    5.731    5.893    6.053    6.213    6.372    6.531    6.688    6.845    7.001    7.156    7.31    7.462    7.614    7.764    7.913    8.061    8.207    8.352    8.495    8.637    8.777    8.915    9.052    9.187    9.32    9.452    9.582    9.709    9.835    9.959    10.08    10.2    10.32    10.44    10.55    10.66    10.77    10.88    10.99    
RU106    0    0    1.465e-05    0.2743    0.4193    0.5241    0.605    0.6682    0.7172    0.7548    0.7832    0.8042    0.8193    0.83    0.8372    0.8419    0.8448    0.8464    0.8471    0.8474    0.8475    0.8475    0.8476    0.8478    0.8483    0.8489    0.8498    0.8509    0.8521    0.8535    0.8551    0.8567    0.8583    0.86    0.8616    0.8631    0.8646    0.8659    0.867    0.868    0.8687    0.8693    0.8695    0.8695    0.8693    0.8687    0.8679    0.8667    0.8653    0.8635    0.8614    0.8591    0.8564    0.8534    0.8502    0.8466    0.8428    0.8386    0.8342    0.8296    0.8247    0.8195    0.8141    0.8085    0.8026    0.7966    0.7903    0.7839    0.7773    0.7705    0.7635    0.7564    
PD106    0    0    1.412e-06    0.03555    0.1133    0.2163    0.3384    0.4755    0.6246    0.7832    0.9492    1.121    1.297    1.477    1.66    1.845    2.032    2.22    2.409    2.6    2.792    2.985    3.179    3.374    3.57    3.767    3.965    4.165    4.366    4.568    4.772    4.976    5.183    5.39    5.599    5.809    6.02    6.233    6.447    6.661    6.878    7.095    7.313    7.532    7.751    7.972    8.193    8.416    8.638    8.861    9.085    9.309    9.533    9.758    9.983    10.21    10.43    10.66    10.88    11.11    11.33    11.55    11.78    12    12.22    12.45    12.67    12.89    13.11    13.33    13.55    13.76    
PD107    0    0    1.138e-05    0.2189    0.3726    0.5137    0.6497    0.7819    0.911    1.037    1.16    1.281    1.399    1.515    1.629    1.742    1.853    1.964    2.073    2.182    2.29    2.397    2.504    2.611    2.718    2.824    2.931    3.037    3.143    3.249    3.355    3.461    3.567    3.673    3.778    3.883    3.989    4.093    4.198    4.302    4.406    4.51    4.613    4.715    4.817    4.918    5.019    5.119    5.218    5.316    5.414    5.511    5.607    5.702    5.795    5.888    5.98    6.071    6.161    6.249    6.336    6.422    6.507    6.591    6.673    6.754    6.834    6.913    6.99    7.066    7.14    7.213    
PD108    0    0    8.003e-06    0.1539    0.2613    0.3595    0.4538    0.5451    0.6338    0.7201    0.804    0.8858    0.9656    1.044    1.12    1.195    1.269    1.342    1.414    1.485    1.556    1.626    1.695    1.764    1.833    1.902    1.97    2.038    2.105    2.173    2.24    2.307    2.374    2.44    2.507    2.573    2.638    2.703    2.768    2.833    2.897    2.961    3.024    3.087    3.149    3.21    3.272    3.332    3.392    3.451    3.509    3.567    3.624    3.68    3.735    3.79    3.843    3.896    3.948    3.999    4.049    4.098    4.146    4.193    4.24    4.285    4.329    4.372    4.414    4.456    4.496    4.535    
AG109    0    0    5.163e-06    0.09869    0.1651    0.2223    0.2748    0.3235    0.3689    0.4114    0.4512    0.4885    0.5236    0.5568    0.5883    0.6183    0.647    0.6746    0.7012    0.727    0.752    0.7765    0.8004    0.8238    0.8468    0.8695    0.8918    0.9138    0.9356    0.9571    0.9784    0.9994    1.02    1.041    1.061    1.081    1.101    1.121    1.14    1.16    1.179    1.197    1.216    1.234    1.252    1.269    1.286    1.303    1.32    1.336    1.352    1.367    1.382    1.397    1.411    1.426    1.439    1.452    1.465    1.478    1.49    1.502    1.513    1.524    1.534    1.544    1.554    1.563    1.572    1.581    1.589    1.597    
PD110    0    0    2.301e-06    0.04429    0.07562    0.1046    0.1327    0.1602    0.1872    0.2137    0.2397    0.2654    0.2906    0.3156    0.3403    0.3648    0.3892    0.4134    0.4376    0.4617    0.4858    0.5099    0.5341    0.5583    0.5826    0.6069    0.6314    0.6559    0.6806    0.7053    0.7302    0.7551    0.7801    0.8053    0.8305    0.8558    0.8811    0.9066    0.932    0.9576    0.9831    1.009    1.034    1.06    1.086    1.111    1.137    1.162    1.188    1.213    1.238    1.264    1.289    1.314    1.339    1.364    1.388    1.413    1.437    1.461    1.485    1.509    1.533    1.557    1.58    1.603    1.626    1.649    1.671    1.693    1.715    1.737    
CD110    0    0    7.861e-08    0.002693    0.01248    0.02724    0.04638    0.06953    0.09639    0.1267    0.1602    0.1968    0.2361    0.278    0.3223    0.369    0.4178    0.4687    0.5216    0.5763    0.6329    0.6912    0.7512    0.8128    0.876    0.9408    1.007    1.075    1.144    1.215    1.287    1.36    1.435    1.511    1.588    1.667    1.747    1.828    1.91    1.994    2.078    2.164    2.251    2.339    2.427    2.517    2.608    2.7    2.793    2.886    2.981    3.076    3.172    3.269    3.366    3.465    3.563    3.663    3.763    3.863    3.965    4.066    4.168    4.271    4.373    4.477    4.58    4.684    4.788    4.892    4.996    5.101    
CD111    0    0    9.504e-07    0.01835    0.03579    0.05018    0.06377    0.07696    0.08988    0.1026    0.1152    0.1277    0.1401    0.1526    0.165    0.1775    0.1902    0.2029    0.2159    0.229    0.2423    0.2559    0.2697    0.2838    0.2981    0.3128    0.3277    0.343    0.3586    0.3745    0.3907    0.4073    0.4242    0.4415    0.4591    0.477    0.4953    0.5139    0.5329    0.5522    0.5719    0.5919    0.6122    0.6329    0.6539    0.6752    0.6969    0.7189    0.7412    0.7638    0.7868    0.81    0.8336    0.8575    0.8816    0.9061    0.9309    0.9559    0.9813    1.007    1.033    1.059    1.085    1.112    1.139    1.166    1.194    1.222    1.25    1.278    1.306    1.335    
CD112    0    0    4.495e-07    0.008667    0.0152    0.02124    0.02717    0.03305    0.0389    0.04473    0.05055    0.05635    0.06216    0.06799    0.07384    0.07972    0.08565    0.09163    0.09769    0.1038    0.11    0.1163    0.1227    0.1292    0.1358    0.1425    0.1493    0.1563    0.1633    0.1705    0.1779    0.1853    0.1929    0.2006    0.2084    0.2164    0.2245    0.2327    0.2411    0.2496    0.2582    0.267    0.2759    0.285    0.2942    0.3035    0.3129    0.3225    0.3322    0.342    0.352    0.3621    0.3723    0.3827    0.3931    0.4038    0.4145    0.4254    0.4363    0.4475    0.4587    0.47    0.4815    0.4931    0.5049    0.5167    0.5287    0.5408    0.553    0.5654    0.5778    0.5904    
CD114    0    0    2.748e-07    0.006049    0.01354    0.02058    0.02727    0.03373    0.04004    0.04621    0.05227    0.05823    0.0641    0.06989    0.07561    0.08129    0.08692    0.09253    0.09812    0.1037    0.1093    0.1149    0.1205    0.1261    0.1317    0.1374    0.1431    0.1488    0.1546    0.1604    0.1662    0.172    0.1779    0.1838    0.1898    0.1958    0.2018    0.2078    0.2139    0.22    0.2261    0.2323    0.2384    0.2446    0.2508    0.257    0.2632    0.2694    0.2756    0.2818    0.288    0.2942    0.3004    0.3066    0.3127    0.3189    0.325    0.3312    0.3373    0.3433    0.3494    0.3554    0.3614    0.3674    0.3733    0.3792    0.3851    0.3909    0.3967    0.4025    0.4082    0.4139    
CD116    0    0    1.491e-07    0.002871    0.004905    0.006786    0.008609    0.01039    0.01215    0.01387    0.01556    0.01722    0.01886    0.02049    0.02209    0.02368    0.02526    0.02683    0.0284    0.02996    0.03153    0.03309    0.03465    0.03622    0.03778    0.03935    0.04093    0.04251    0.04409    0.04568    0.04727    0.04887    0.05047    0.05207    0.05368    0.05529    0.0569    0.05851    0.06013    0.06174    0.06336    0.06497    0.06658    0.06819    0.0698    0.07141    0.07301    0.0746    0.07619    0.07778    0.07935    0.08092    0.08249    0.08404    0.08559    0.08713    0.08866    0.09017    0.09168    0.09318    0.09466    0.09613    0.09759    0.09904    0.1005    0.1019    0.1033    0.1047    0.1061    0.1074    0.1088    0.1101    
SN116    0    0    1.035e-08    0.0003465    0.001525    0.003054    0.004771    0.006596    0.00848    0.0104    0.01232    0.01425    0.01617    0.01809    0.01999    0.02189    0.02377    0.02565    0.02753    0.02941    0.03129    0.03317    0.03506    0.03696    0.03886    0.04078    0.04272    0.04466    0.04662    0.0486    0.05059    0.0526    0.05463    0.05667    0.05872    0.0608    0.06289    0.065    0.06712    0.06925    0.0714    0.07357    0.07575    0.07794    0.08014    0.08235    0.08458    0.08681    0.08905    0.0913    0.09356    0.09582    0.09809    0.1004    0.1026    0.1049    0.1072    0.1095    0.1118    0.1141    0.1164    0.1187    0.1209    0.1232    0.1255    0.1278    0.1301    0.1323    0.1346    0.1368    0.1391    0.1413    
SN117    0    0    1.498e-07    0.002886    0.004943    0.006839    0.008674    0.01047    0.01224    0.01397    0.01567    0.01735    0.01901    0.02065    0.02227    0.02388    0.02547    0.02706    0.02865    0.03023    0.03181    0.03339    0.03497    0.03655    0.03814    0.03972    0.04132    0.04291    0.04451    0.04611    0.04772    0.04933    0.05094    0.05256    0.05417    0.05579    0.05741    0.05904    0.06066    0.06228    0.0639    0.06552    0.06714    0.06876    0.07037    0.07198    0.07358    0.07518    0.07678    0.07837    0.07995    0.08153    0.08309    0.08466    0.08621    0.08775    0.08929    0.09081    0.09233    0.09383    0.09533    0.09681    0.09829    0.09975    0.1012    0.1026    0.1041    0.1055    0.1069    0.1083    0.1096    0.111    
SN118    0    0    1.505e-07    0.0029    0.004959    0.006865    0.008713    0.01053    0.01231    0.01406    0.01578    0.01748    0.01915    0.02081    0.02245    0.02408    0.0257    0.02732    0.02893    0.03053    0.03214    0.03375    0.03536    0.03697    0.03859    0.04021    0.04183    0.04346    0.0451    0.04674    0.04839    0.05004    0.0517    0.05336    0.05502    0.05669    0.05836    0.06003    0.0617    0.06338    0.06505    0.06673    0.0684    0.07007    0.07174    0.07341    0.07508    0.07674    0.0784    0.08005    0.08169    0.08333    0.08497    0.08659    0.08821    0.08982    0.09142    0.09301    0.0946    0.09617    0.09773    0.09928    0.1008    0.1023    0.1039    0.1054    0.1069    0.1083    0.1098    0.1113    0.1127    0.1141    
SN119    0    0    1.529e-07    0.002947    0.005047    0.006996    0.008889    0.01075    0.01258    0.01437    0.01615    0.01789    0.01962    0.02132    0.02301    0.02469    0.02636    0.02802    0.02967    0.03133    0.03298    0.03463    0.03629    0.03795    0.03961    0.04128    0.04295    0.04463    0.04632    0.048    0.0497    0.0514    0.0531    0.05481    0.05652    0.05823    0.05995    0.06167    0.06339    0.06512    0.06684    0.06856    0.07029    0.07201    0.07373    0.07545    0.07716    0.07887    0.08057    0.08227    0.08397    0.08566    0.08734    0.08901    0.09068    0.09233    0.09398    0.09562    0.09725    0.09887    0.1005    0.1021    0.1037    0.1052    0.1068    0.1084    0.1099    0.1114    0.1129    0.1144    0.1159    0.1174    
SN120    0    0    1.561e-07    0.003006    0.005135    0.007105    0.009015    0.01089    0.01272    0.01453    0.0163    0.01805    0.01977    0.02147    0.02316    0.02483    0.02649    0.02814    0.02979    0.03143    0.03307    0.03471    0.03635    0.03799    0.03964    0.04129    0.04294    0.04459    0.04625    0.04791    0.04958    0.05125    0.05292    0.05459    0.05627    0.05795    0.05963    0.06131    0.06299    0.06467    0.06635    0.06802    0.0697    0.07137    0.07303    0.0747    0.07635    0.07801    0.07965    0.08129    0.08292    0.08455    0.08616    0.08777    0.08937    0.09095    0.09253    0.09409    0.09565    0.09719    0.09872    0.1002    0.1017    0.1032    0.1047    0.1062    0.1076    0.1091    0.1105    0.1119    0.1133    0.1147    
SB121    0    0    1.621e-07    0.003117    0.00538    0.007397    0.00931    0.01115    0.01292    0.01463    0.01629    0.01789    0.01944    0.02094    0.02241    0.02383    0.02523    0.02659    0.02793    0.02924    0.03053    0.03179    0.03304    0.03428    0.03549    0.03669    0.03788    0.03905    0.04021    0.04135    0.04248    0.04359    0.04469    0.04577    0.04684    0.0479    0.04894    0.04996    0.05097    0.05196    0.05293    0.05389    0.05483    0.05575    0.05665    0.05753    0.0584    0.05924    0.06006    0.06087    0.06165    0.06242    0.06316    0.06388    0.06458    0.06526    0.06591    0.06655    0.06716    0.06775    0.06832    0.06887    0.0694    0.0699    0.07038    0.07084    0.07128    0.0717    0.0721    0.07247    0.07282    0.07315    
SN122    0    0    1.741e-07    0.003355    0.00573    0.007929    0.01006    0.01215    0.0142    0.01622    0.0182    0.02015    0.02208    0.02398    0.02586    0.02773    0.02958    0.03143    0.03326    0.0351    0.03692    0.03875    0.04058    0.04241    0.04423    0.04607    0.0479    0.04973    0.05157    0.05341    0.05526    0.0571    0.05895    0.06079    0.06264    0.06449    0.06633    0.06818    0.07002    0.07186    0.0737    0.07553    0.07736    0.07919    0.081    0.08281    0.08462    0.08641    0.0882    0.08997    0.09174    0.0935    0.09525    0.09698    0.0987    0.1004    0.1021    0.1038    0.1055    0.1071    0.1088    0.1104    0.112    0.1136    0.1152    0.1167    0.1183    0.1198    0.1213    0.1228    0.1243    0.1258    
SB123    0    0    1.636e-07    0.003211    0.005788    0.008263    0.01068    0.01305    0.01536    0.01762    0.01981    0.02195    0.02404    0.02607    0.02807    0.03002    0.03194    0.03382    0.03568    0.03751    0.03932    0.04111    0.04288    0.04464    0.04637    0.0481    0.0498    0.0515    0.05318    0.05484    0.05649    0.05813    0.05975    0.06136    0.06295    0.06453    0.06609    0.06763    0.06916    0.07066    0.07215    0.07362    0.07507    0.0765    0.07791    0.07929    0.08066    0.082    0.08332    0.08461    0.08588    0.08712    0.08835    0.08954    0.09071    0.09185    0.09297    0.09406    0.09513    0.09616    0.09717    0.09816    0.09911    0.1    0.1009    0.1018    0.1027    0.1035    0.1043    0.105    0.1058    0.1065    
SN124    0    0    2.627e-07    0.005064    0.008643    0.01195    0.01515    0.01829    0.02136    0.02438    0.02734    0.03025    0.03311    0.03594    0.03874    0.0415    0.04425    0.04697    0.04968    0.05237    0.05506    0.05774    0.06042    0.06309    0.06575    0.06842    0.07108    0.07375    0.07641    0.07907    0.08172    0.08438    0.08703    0.08967    0.09231    0.09495    0.09758    0.1002    0.1028    0.1054    0.108    0.1106    0.1132    0.1157    0.1182    0.1208    0.1233    0.1258    0.1282    0.1307    0.1331    0.1356    0.1379    0.1403    0.1427    0.145    0.1473    0.1496    0.1518    0.1541    0.1563    0.1585    0.1606    0.1627    0.1648    0.1669    0.169    0.171    0.173    0.1749    0.1769    0.1788    
SB125    0    0    5.272e-07    0.01008    0.01763    0.02362    0.02888    0.03359    0.03784    0.04168    0.04513    0.04825    0.05106    0.0536    0.0559    0.05799    0.05988    0.06162    0.0632    0.06465    0.06599    0.06722    0.06836    0.06941    0.07039    0.07129    0.07214    0.07292    0.07364    0.07431    0.07493    0.0755    0.07602    0.0765    0.07694    0.07733    0.07768    0.07799    0.07826    0.07849    0.07868    0.07883    0.07895    0.07903    0.07907    0.07908    0.07906    0.079    0.07891    0.07878    0.07863    0.07844    0.07823    0.07798    0.07771    0.07741    0.07709    0.07674    0.07636    0.07596    0.07554    0.0751    0.07464    0.07416    0.07366    0.07314    0.0726    0.07205    0.07149    0.07091    0.07032    0.06971    
TE125    0    0    5.796e-09    0.0002035    0.001048    0.002362    0.004074    0.006135    0.008508    0.01116    0.01406    0.01719    0.02051    0.02402    0.02769    0.0315    0.03544    0.0395    0.04367    0.04793    0.05229    0.05672    0.06122    0.06579    0.07042    0.07511    0.07984    0.08463    0.08945    0.09431    0.09921    0.1041    0.1091    0.1141    0.1191    0.1241    0.1291    0.1342    0.1392    0.1443    0.1493    0.1544    0.1595    0.1645    0.1696    0.1746    0.1796    0.1847    0.1897    0.1947    0.1996    0.2046    0.2095    0.2144    0.2193    0.2241    0.2289    0.2337    0.2384    0.2431    0.2478    0.2524    0.257    0.2616    0.2661    0.2705    0.2749    0.2793    0.2836    0.2879    0.2921    0.2963    
SN126    0    0    8.614e-07    0.01661    0.02837    0.03925    0.0498    0.06012    0.07026    0.08021    0.09    0.09964    0.1091    0.1185    0.1278    0.137    0.1461    0.1551    0.1641    0.1731    0.182    0.191    0.1999    0.2088    0.2176    0.2265    0.2354    0.2443    0.2531    0.262    0.2708    0.2796    0.2884    0.2972    0.306    0.3148    0.3235    0.3322    0.3409    0.3495    0.3581    0.3667    0.3752    0.3837    0.3921    0.4005    0.4088    0.417    0.4252    0.4334    0.4414    0.4494    0.4574    0.4652    0.473    0.4807    0.4884    0.4959    0.5034    0.5108    0.5182    0.5254    0.5326    0.5396    0.5466    0.5535    0.5604    0.5671    0.5738    0.5803    0.5868    0.5932    
I127    0    0    1.732e-06    0.03382    0.06421    0.09095    0.1163    0.1408    0.1644    0.1873    0.2094    0.2308    0.2516    0.2719    0.2916    0.3109    0.3298    0.3483    0.3664    0.3843    0.4018    0.4191    0.4362    0.453    0.4696    0.486    0.5022    0.5182    0.5341    0.5497    0.5651    0.5803    0.5953    0.6101    0.6247    0.6391    0.6533    0.6672    0.681    0.6945    0.7077    0.7207    0.7335    0.746    0.7582    0.7702    0.7819    0.7934    0.8046    0.8155    0.8262    0.8365    0.8466    0.8564    0.8659    0.8752    0.8841    0.8928    0.9012    0.9093    0.9171    0.9246    0.9319    0.9388    0.9455    0.9519    0.958    0.9639    0.9695    0.9748    0.9798    0.9846    
TE128    0    0    3.58e-06    0.06903    0.1181    0.1634    0.2074    0.2504    0.2927    0.3342    0.375    0.4151    0.4547    0.4938    0.5325    0.5708    0.6088    0.6466    0.6842    0.7217    0.759    0.7963    0.8335    0.8706    0.9077    0.9448    0.9819    1.019    1.056    1.093    1.13    1.167    1.204    1.241    1.277    1.314    1.351    1.387    1.423    1.46    1.496    1.531    1.567    1.603    1.638    1.673    1.708    1.742    1.777    1.811    1.845    1.878    1.912    1.945    1.977    2.01    2.042    2.074    2.105    2.136    2.167    2.197    2.227    2.257    2.287    2.316    2.344    2.373    2.401    2.428    2.455    2.482    
XE128    0    0    4.139e-09    0.0001375    0.0006784    0.001526    0.002658    0.00406    0.005723    0.007637    0.009792    0.01218    0.0148    0.01763    0.02068    0.02394    0.0274    0.03106    0.03491    0.03896    0.04319    0.0476    0.05219    0.05696    0.06191    0.06703    0.07232    0.07777    0.08339    0.08918    0.09512    0.1012    0.1075    0.1139    0.1205    0.1272    0.134    0.141    0.1482    0.1554    0.1628    0.1704    0.178    0.1858    0.1938    0.2018    0.21    0.2182    0.2266    0.2351    0.2437    0.2524    0.2612    0.2701    0.2791    0.2881    0.2973    0.3065    0.3159    0.3253    0.3347    0.3443    0.3539    0.3635    0.3732    0.383    0.3929    0.4028    0.4127    0.4227    0.4327    0.4427    
I129    0    0    5.712e-06    0.1127    0.2018    0.2822    0.359    0.4335    0.506    0.5768    0.6458    0.7133    0.7793    0.844    0.9075    0.97    1.032    1.092    1.152    1.212    1.271    1.329    1.387    1.445    1.502    1.559    1.615    1.671    1.727    1.782    1.837    1.891    1.946    1.999    2.052    2.105    2.158    2.21    2.261    2.312    2.362    2.412    2.461    2.509    2.557    2.604    2.651    2.697    2.742    2.786    2.83    2.873    2.916    2.957    2.998    3.038    3.077    3.115    3.153    3.19    3.226    3.261    3.296    3.329    3.362    3.394    3.425    3.455    3.485    3.514    3.542    3.569    
TE130    0    0    1.065e-05    0.2053    0.3508    0.4853    0.6157    0.7434    0.8687    0.9919    1.113    1.232    1.35    1.466    1.58    1.694    1.807    1.919    2.031    2.142    2.253    2.364    2.475    2.585    2.696    2.807    2.917    3.028    3.139    3.249    3.36    3.471    3.582    3.692    3.803    3.913    4.023    4.133    4.243    4.352    4.461    4.57    4.678    4.786    4.893    5    5.106    5.212    5.317    5.421    5.525    5.628    5.73    5.831    5.931    6.031    6.13    6.228    6.325    6.421    6.516    6.61    6.703    6.795    6.887    6.977    7.066    7.154    7.241    7.327    7.412    7.496    
XE130    0    0    3.084e-08    0.0007083    0.002009    0.003837    0.006164    0.008971    0.01224    0.01597    0.02014    0.02473    0.02975    0.03517    0.041    0.04722    0.05383    0.06083    0.0682    0.07595    0.08407    0.09256    0.1014    0.1106    0.1202    0.1301    0.1404    0.151    0.162    0.1733    0.1849    0.1969    0.2093    0.2219    0.2349    0.2482    0.2619    0.2758    0.2901    0.3047    0.3196    0.3348    0.3503    0.3662    0.3823    0.3986    0.4153    0.4323    0.4495    0.467    0.4848    0.5028    0.5211    0.5396    0.5584    0.5775    0.5967    0.6162    0.6359    0.6559    0.676    0.6964    0.717    0.7378    0.7587    0.7799    0.8013    0.8228    0.8445    0.8664    0.8884    0.9106    
I131    0    0    7.64e-06    0.07548    0.04109    0.03332    0.02988    0.0278    0.02633    0.02519    0.02427    0.02352    0.0229    0.02238    0.02195    0.0216    0.02132    0.02108    0.0209    0.02075    0.02063    0.02055    0.02048    0.02043    0.02039    0.02037    0.02035    0.02033    0.02032    0.02031    0.0203    0.02029    0.02028    0.02026    0.02024    0.02021    0.02018    0.02014    0.0201    0.02005    0.01999    0.01993    0.01986    0.01978    0.0197    0.01961    0.01952    0.01941    0.01931    0.01919    0.01907    0.01895    0.01882    0.01868    0.01854    0.0184    0.01825    0.0181    0.01794    0.01778    0.01761    0.01745    0.01728    0.0171    0.01693    0.01675    0.01657    0.01639    0.01621    0.01602    0.01583    0.01565    
XE131    0    0    1.427e-05    0.2745    0.5309    0.7247    0.8952    1.05    1.191    1.321    1.441    1.55    1.652    1.745    1.832    1.912    1.987    2.057    2.123    2.184    2.242    2.297    2.349    2.398    2.445    2.489    2.531    2.572    2.61    2.647    2.681    2.714    2.746    2.776    2.804    2.831    2.856    2.88    2.903    2.924    2.943    2.961    2.978    2.993    3.007    3.02    3.031    3.041    3.05    3.057    3.063    3.067    3.071    3.073    3.074    3.074    3.072    3.069    3.066    3.061    3.055    3.048    3.04    3.031    3.021    3.01    2.998    2.985    2.971    2.957    2.941    2.925    
TE132    0    0    4.238e-06    0.04187    0.02279    0.01849    0.01658    0.01543    0.01461    0.01398    0.01348    0.01306    0.01271    0.01243    0.01219    0.012    0.01184    0.01171    0.01161    0.01153    0.01147    0.01142    0.01138    0.01136    0.01134    0.01133    0.01132    0.01131    0.01131    0.01131    0.01131    0.0113    0.0113    0.01129    0.01128    0.01127    0.01126    0.01124    0.01122    0.01119    0.01117    0.01113    0.0111    0.01106    0.01102    0.01097    0.01092    0.01087    0.01081    0.01075    0.01068    0.01062    0.01055    0.01047    0.0104    0.01032    0.01024    0.01015    0.01007    0.009979    0.009889    0.009797    0.009703    0.009608    0.009511    0.009413    0.009313    0.009213    0.009111    0.009009    0.008905    0.008801    
XE132    0    0    2.219e-05    0.4306    0.7973    1.133    1.465    1.798    2.133    2.47    2.808    3.148    3.489    3.832    4.177    4.524    4.873    5.225    5.579    5.935    6.294    6.656    7.02    7.386    7.756    8.128    8.502    8.879    9.257    9.639    10.02    10.41    10.79    11.18    11.57    11.96    12.36    12.75    13.14    13.54    13.93    14.33    14.72    15.12    15.52    15.91    16.31    16.7    17.09    17.49    17.88    18.27    18.66    19.04    19.43    19.81    20.2    20.58    20.96    21.33    21.7    22.08    22.44    22.81    23.17    23.54    23.89    24.25    24.6    24.95    25.29    25.64    
XE133    0    0    9.242e-06    0.09129    0.04968    0.04031    0.03614    0.03364    0.03186    0.03049    0.02939    0.02849    0.02774    0.02713    0.02662    0.0262    0.02587    0.0256    0.02539    0.02522    0.0251    0.02501    0.02494    0.0249    0.02487    0.02486    0.02486    0.02486    0.02487    0.02488    0.02489    0.0249    0.0249    0.0249    0.0249    0.02489    0.02487    0.02485    0.02482    0.02478    0.02473    0.02468    0.02462    0.02454    0.02446    0.02438    0.02428    0.02418    0.02407    0.02395    0.02382    0.02369    0.02355    0.0234    0.02325    0.02309    0.02292    0.02275    0.02257    0.02239    0.0222    0.02201    0.02182    0.02162    0.02142    0.02121    0.021    0.02079    0.02058    0.02036    0.02014    0.01992    
CS133    0    0    2.768e-05    0.533    1.003    1.387    1.74    2.074    2.392    2.694    2.983    3.26    3.525    3.779    4.024    4.261    4.49    4.712    4.927    5.137    5.342    5.541    5.736    5.927    6.114    6.297    6.477    6.653    6.826    6.995    7.161    7.324    7.484    7.64    7.793    7.943    8.089    8.232    8.372    8.508    8.641    8.771    8.896    9.019    9.137    9.252    9.363    9.471    9.575    9.675    9.771    9.863    9.952    10.04    10.12    10.2    10.27    10.34    10.4    10.47    10.52    10.58    10.63    10.68    10.72    10.76    10.79    10.83    10.86    10.88    10.9    10.92    
XE134    0    0    3.281e-05    0.632    1.081    1.495    1.897    2.29    2.677    3.056    3.429    3.796    4.159    4.516    4.871    5.222    5.57    5.917    6.263    6.608    6.953    7.297    7.641    7.986    8.331    8.677    9.024    9.371    9.719    10.07    10.42    10.77    11.12    11.47    11.82    12.17    12.52    12.88    13.23    13.58    13.93    14.28    14.63    14.98    15.33    15.68    16.03    16.37    16.72    17.06    17.4    17.74    18.08    18.41    18.75    19.08    19.41    19.73    20.06    20.38    20.7    21.01    21.33    21.64    21.95    22.25    22.55    22.85    23.15    23.44    23.73    24.02    
CS134    0    0    1.246e-07    0.004216    0.02094    0.04491    0.07439    0.1083    0.1458    0.1862    0.2289    0.2733    0.3191    0.3658    0.4132    0.4609    0.5088    0.5566    0.6044    0.6518    0.6989    0.7455    0.7917    0.8373    0.8824    0.9268    0.9707    1.014    1.056    1.098    1.14    1.18    1.22    1.26    1.298    1.336    1.374    1.41    1.446    1.481    1.516    1.55    1.583    1.615    1.647    1.678    1.709    1.738    1.767    1.795    1.823    1.849    1.875    1.9    1.924    1.948    1.971    1.993    2.014    2.034    2.054    2.073    2.091    2.108    2.125    2.14    2.155    2.169    2.183    2.195    2.207    2.218    
BA134    0    0    1.893e-09    0.0001066    0.001214    0.004201    0.009647    0.018    0.02962    0.04481    0.06377    0.08671    0.1137    0.145    0.1804    0.2202    0.2642    0.3126    0.3652    0.4221    0.4832    0.5485    0.6179    0.6914    0.7688    0.8502    0.9354    1.024    1.117    1.214    1.314    1.417    1.524    1.635    1.749    1.866    1.986    2.109    2.236    2.365    2.497    2.632    2.77    2.911    3.054    3.2    3.348    3.498    3.651    3.807    3.964    4.123    4.285    4.449    4.614    4.781    4.95    5.121    5.293    5.467    5.642    5.818    5.996    6.175    6.355    6.537    6.719    6.902    7.086    7.27    7.456    7.642    
CS135    0    0    2.432e-05    0.4684    0.8054    1.113    1.41    1.7    1.983    2.261    2.533    2.801    3.064    3.324    3.581    3.835    4.086    4.336    4.585    4.833    5.08    5.327    5.573    5.819    6.065    6.311    6.557    6.803    7.048    7.294    7.54    7.786    8.032    8.277    8.523    8.767    9.012    9.255    9.498    9.74    9.982    10.22    10.46    10.7    10.94    11.17    11.41    11.64    11.87    12.1    12.32    12.55    12.77    12.99    13.21    13.43    13.64    13.85    14.06    14.27    14.47    14.67    14.87    15.07    15.26    15.45    15.64    15.83    16.01    16.19    16.37    16.54    
XE136    0    0    3.944e-05    0.7599    1.301    1.8    2.284    2.757    3.222    3.679    4.128    4.571    5.007    5.438    5.864    6.287    6.707    7.125    7.542    7.957    8.372    8.787    9.201    9.616    10.03    10.45    10.87    11.28    11.7    12.12    12.54    12.96    13.38    13.81    14.23    14.65    15.07    15.5    15.92    16.34    16.77    17.19    17.61    18.03    18.45    18.86    19.28    19.69    20.11    20.52    20.93    21.33    21.74    22.14    22.54    22.94    23.33    23.72    24.11    24.5    24.88    25.26    25.63    26.01    26.38    26.74    27.1    27.46    27.82    28.17    28.51    28.86    
BA136    0    0    2.836e-07    0.007275    0.01766    0.0281    0.03952    0.05204    0.06566    0.08038    0.09617    0.113    0.1309    0.1499    0.1699    0.1909    0.213    0.2361    0.2602    0.2854    0.3116    0.3389    0.3672    0.3965    0.4269    0.4584    0.4909    0.5244    0.559    0.5947    0.6314    0.6691    0.708    0.7478    0.7887    0.8307    0.8737    0.9178    0.9629    1.009    1.056    1.104    1.154    1.204    1.255    1.308    1.361    1.415    1.471    1.527    1.584    1.643    1.702    1.762    1.823    1.886    1.949    2.013    2.078    2.144    2.21    2.278    2.347    2.416    2.487    2.558    2.63    2.703    2.777    2.852    2.927    3.003    
CS137    0    0    2.979e-05    0.5734    0.9756    1.345    1.7    2.046    2.383    2.712    3.032    3.346    3.653    3.954    4.25    4.541    4.829    5.112    5.393    5.671    5.947    6.221    6.493    6.764    7.033    7.301    7.568    7.834    8.098    8.362    8.624    8.885    9.144    9.402    9.659    9.915    10.17    10.42    10.67    10.92    11.16    11.41    11.65    11.89    12.13    12.36    12.59    12.82    13.05    13.27    13.49    13.71    13.92    14.14    14.34    14.55    14.75    14.95    15.14    15.33    15.52    15.7    15.88    16.06    16.23    16.4    16.56    16.72    16.88    17.03    17.18    17.32    
BA137    0    0    5.116e-08    0.001551    0.00642    0.0138    0.0235    0.03543    0.04953    0.06573    0.08399    0.1042    0.1265    0.1506    0.1766    0.2044    0.2341    0.2655    0.2987    0.3336    0.3703    0.4087    0.4488    0.4906    0.5341    0.5792    0.626    0.6745    0.7246    0.7763    0.8297    0.8846    0.9412    0.9994    1.059    1.121    1.183    1.248    1.314    1.382    1.451    1.521    1.593    1.667    1.742    1.818    1.896    1.975    2.056    2.138    2.221    2.306    2.392    2.479    2.568    2.658    2.749    2.841    2.934    3.029    3.124    3.221    3.319    3.418    3.518    3.619    3.721    3.823    3.927    4.032    4.138    4.244    
BA138    0    0    2.674e-05    0.5151    0.8803    1.218    1.545    1.866    2.181    2.49    2.794    3.094    3.39    3.682    3.971    4.258    4.542    4.826    5.108    5.39    5.672    5.954    6.236    6.518    6.8    7.084    7.368    7.652    7.938    8.224    8.51    8.797    9.085    9.374    9.662    9.952    10.24    10.53    10.82    11.11    11.4    11.69    11.98    12.27    12.55    12.84    13.13    13.41    13.7    13.98    14.26    14.54    14.82    15.1    15.38    15.65    15.92    16.19    16.46    16.73    17    17.26    17.52    17.78    18.04    18.29    18.54    18.79    19.04    19.29    19.53    19.77    
LA139    0    0    2.607e-05    0.5021    0.8576    1.186    1.503    1.813    2.117    2.415    2.707    2.995    3.278    3.557    3.832    4.105    4.376    4.644    4.912    5.178    5.443    5.708    5.973    6.238    6.502    6.767    7.031    7.296    7.561    7.827    8.092    8.358    8.623    8.889    9.154    9.419    9.685    9.949    10.21    10.48    10.74    11    11.26    11.52    11.78    12.04    12.3    12.55    12.81    13.06    13.31    13.56    13.81    14.05    14.3    14.54    14.78    15.01    15.25    15.48    15.71    15.94    16.16    16.38    16.6    16.82    17.03    17.24    17.45    17.66    17.86    18.06    
BA140    0    0    1.161e-05    0.1457    0.08709    0.07365    0.06775    0.06414    0.0615    0.05938    0.05763    0.05616    0.05492    0.05389    0.05304    0.05235    0.05179    0.05135    0.05101    0.05075    0.05057    0.05045    0.05038    0.05034    0.05034    0.05036    0.0504    0.05045    0.0505    0.05056    0.05061    0.05067    0.05071    0.05075    0.05077    0.05078    0.05078    0.05076    0.05072    0.05067    0.0506    0.05051    0.05041    0.05029    0.05014    0.04998    0.04981    0.04961    0.0494    0.04917    0.04893    0.04867    0.04839    0.0481    0.0478    0.04748    0.04715    0.0468    0.04645    0.04608    0.0457    0.04531    0.04491    0.04451    0.04409    0.04367    0.04324    0.0428    0.04236    0.04191    0.04146    0.041    
CE140    0    0    1.405e-05    0.3487    0.7773    1.127    1.459    1.781    2.097    2.408    2.713    3.014    3.31    3.604    3.895    4.183    4.47    4.756    5.042    5.327    5.611    5.897    6.182    6.468    6.755    7.043    7.332    7.622    7.913    8.204    8.497    8.791    9.085    9.381    9.677    9.973    10.27    10.57    10.87    11.17    11.46    11.76    12.06    12.36    12.66    12.96    13.25    13.55    13.85    14.14    14.44    14.73    15.02    15.31    15.6    15.89    16.18    16.46    16.75    17.03    17.31    17.59    17.87    18.14    18.42    18.69    18.96    19.22    19.49    19.75    20.01    20.27    
CE141    0    0    1.741e-05    0.2614    0.1984    0.1709    0.1592    0.1524    0.1476    0.1436    0.1401    0.1372    0.1346    0.1325    0.1307    0.1292    0.1281    0.1271    0.1264    0.1259    0.1255    0.1253    0.1252    0.1251    0.1251    0.1252    0.1253    0.1254    0.1256    0.1257    0.1258    0.1259    0.126    0.1261    0.1261    0.1261    0.1261    0.126    0.1258    0.1257    0.1255    0.1252    0.1249    0.1245    0.1241    0.1237    0.1232    0.1227    0.1221    0.1215    0.1209    0.1202    0.1195    0.1187    0.1179    0.1171    0.1162    0.1154    0.1144    0.1135    0.1125    0.1116    0.1106    0.1095    0.1085    0.1074    0.1063    0.1052    0.1041    0.103    0.1019    0.1008    
PR141    0    0    7.791e-06    0.224    0.6319    0.9768    1.295    1.602    1.9    2.191    2.477    2.756    3.031    3.302    3.569    3.832    4.093    4.352    4.608    4.864    5.118    5.371    5.624    5.876    6.128    6.379    6.63    6.881    7.132    7.383    7.634    7.884    8.134    8.384    8.633    8.882    9.13    9.378    9.625    9.871    10.12    10.36    10.6    10.84    11.08    11.32    11.56    11.8    12.03    12.26    12.49    12.72    12.95    13.17    13.4    13.62    13.84    14.05    14.26    14.47    14.68    14.89    15.09    15.29    15.49    15.68    15.88    16.07    16.25    16.44    16.62    16.8    
CE142    0    0    2.352e-05    0.4533    0.7755    1.073    1.362    1.644    1.921    2.194    2.461    2.725    2.985    3.241    3.495    3.747    3.997    4.246    4.494    4.741    4.987    5.234    5.48    5.727    5.974    6.221    6.468    6.716    6.964    7.213    7.462    7.711    7.961    8.211    8.461    8.711    8.961    9.21    9.46    9.709    9.958    10.21    10.45    10.7    10.95    11.19    11.44    11.68    11.92    12.17    12.41    12.64    12.88    13.12    13.35    13.58    13.81    14.04    14.27    14.5    14.72    14.94    15.16    15.38    15.59    15.81    16.02    16.22    16.43    16.63    16.84    17.04    
ND142    0    0    3.077e-09    0.0001534    0.001163    0.003029    0.005654    0.008994    0.01302    0.01773    0.02309    0.02909    0.03572    0.04297    0.05082    0.05927    0.0683    0.07791    0.0881    0.09886    0.1102    0.1221    0.1345    0.1475    0.161    0.1751    0.1898    0.205    0.2207    0.237    0.2538    0.2712    0.2891    0.3075    0.3265    0.346    0.3661    0.3866    0.4077    0.4293    0.4514    0.4741    0.4972    0.5209    0.5451    0.5697    0.5949    0.6205    0.6467    0.6733    0.7004    0.7279    0.7559    0.7844    0.8133    0.8427    0.8725    0.9027    0.9334    0.9645    0.996    1.028    1.06    1.093    1.126    1.159    1.193    1.227    1.262    1.297    1.332    1.368    
PR143    0    0    9.872e-06    0.1252    0.07547    0.06389    0.05885    0.05577    0.05351    0.0517    0.05021    0.04895    0.04789    0.04701    0.04629    0.0457    0.04522    0.04485    0.04457    0.04436    0.04421    0.04411    0.04405    0.04403    0.04404    0.04406    0.0441    0.04415    0.0442    0.04426    0.04431    0.04436    0.04441    0.04444    0.04447    0.04448    0.04448    0.04447    0.04444    0.0444    0.04434    0.04427    0.04418    0.04408    0.04396    0.04382    0.04367    0.0435    0.04332    0.04313    0.04292    0.0427    0.04246    0.04221    0.04195    0.04168    0.04139    0.0411    0.04079    0.04048    0.04015    0.03982    0.03948    0.03913    0.03877    0.03841    0.03804    0.03767    0.03729    0.0369    0.03652    0.03612    
ND143    0    0    1.111e-05    0.2782    0.626    0.9014    1.156    1.4    1.634    1.859    2.077    2.288    2.492    2.69    2.882    3.07    3.253    3.433    3.609    3.781    3.951    4.119    4.284    4.447    4.608    4.766    4.923    5.079    5.232    5.384    5.534    5.682    5.829    5.974    6.117    6.258    6.397    6.535    6.67    6.803    6.935    7.064    7.191    7.315    7.438    7.558    7.675    7.79    7.903    8.013    8.121    8.226    8.328    8.428    8.525    8.619    8.71    8.799    8.885    8.968    9.049    9.126    9.201    9.273    9.342    9.409    9.473    9.533    9.591    9.647    9.699    9.749    
CE144    0    0    1.735e-05    0.322    0.477    0.5803    0.6542    0.7074    0.7453    0.7715    0.7887    0.7992    0.8049    0.8072    0.8071    0.8056    0.8033    0.8006    0.7978    0.7953    0.7931    0.7914    0.7902    0.7894    0.7891    0.7892    0.7897    0.7905    0.7915    0.7927    0.7941    0.7955    0.797    0.7985    0.7999    0.8012    0.8024    0.8034    0.8042    0.8048    0.8052    0.8053    0.8052    0.8048    0.8042    0.8032    0.802    0.8005    0.7987    0.7965    0.7942    0.7915    0.7885    0.7853    0.7818    0.778    0.774    0.7698    0.7653    0.7605    0.7556    0.7504    0.7451    0.7395    0.7338    0.7279    0.7218    0.7156    0.7092    0.7027    0.6961    0.6894    
ND144    0    0    9.233e-07    0.03086    0.1322    0.2707    0.4354    0.6195    0.8183    1.028    1.247    1.472    1.702    1.936    2.173    2.412    2.654    2.897    3.142    3.389    3.638    3.888    4.141    4.395    4.652    4.91    5.171    5.434    5.7    5.967    6.237    6.51    6.784    7.061    7.341    7.622    7.906    8.191    8.479    8.769    9.06    9.353    9.648    9.945    10.24    10.54    10.84    11.14    11.45    11.75    12.05    12.36    12.66    12.97    13.28    13.58    13.89    14.2    14.5    14.81    15.12    15.42    15.73    16.03    16.34    16.64    16.95    17.25    17.55    17.85    18.15    18.45    
ND145    0    0    1.467e-05    0.282    0.4796    0.6586    0.8291    0.9935    1.152    1.306    1.455    1.599    1.739    1.876    2.009    2.138    2.266    2.39    2.513    2.633    2.752    2.869    2.985    3.099    3.212    3.325    3.435    3.545    3.654    3.762    3.869    3.974    4.079    4.183    4.285    4.386    4.487    4.586    4.683    4.78    4.875    4.969    5.061    5.152    5.242    5.33    5.417    5.501    5.585    5.667    5.747    5.825    5.902    5.977    6.05    6.121    6.191    6.259    6.325    6.389    6.451    6.512    6.571    6.628    6.683    6.736    6.787    6.836    6.884    6.93    6.974    7.016    
ND146    0    0    1.231e-05    0.2378    0.4106    0.5736    0.7344    0.8945    1.054    1.214    1.373    1.532    1.692    1.852    2.012    2.173    2.335    2.498    2.663    2.829    2.996    3.165    3.336    3.509    3.683    3.859    4.038    4.217    4.399    4.583    4.768    4.955    5.144    5.334    5.526    5.719    5.914    6.111    6.309    6.508    6.708    6.909    7.112    7.315    7.52    7.725    7.931    8.138    8.345    8.553    8.762    8.971    9.18    9.389    9.599    9.809    10.02    10.23    10.44    10.65    10.86    11.07    11.28    11.49    11.7    11.91    12.11    12.32    12.53    12.73    12.94    13.15    
ND147    0    0    4.191e-06    0.05122    0.03017    0.02542    0.02333    0.02206    0.02113    0.02039    0.01979    0.01929    0.01887    0.01852    0.01824    0.01801    0.01783    0.01769    0.01758    0.01751    0.01746    0.01743    0.01742    0.01742    0.01743    0.01745    0.01748    0.01751    0.01755    0.01759    0.01762    0.01766    0.01769    0.01772    0.01774    0.01776    0.01778    0.01779    0.0178    0.0178    0.0178    0.01778    0.01777    0.01774    0.01771    0.01768    0.01764    0.01759    0.01754    0.01748    0.01741    0.01734    0.01727    0.01719    0.0171    0.01701    0.01692    0.01682    0.01672    0.01661    0.0165    0.01638    0.01627    0.01615    0.01602    0.0159    0.01577    0.01563    0.0155    0.01536    0.01523    0.01509    
PM147    0    0    5.636e-06    0.1323    0.2443    0.31    0.3561    0.3895    0.4135    0.4305    0.4422    0.4498    0.4544    0.4568    0.4577    0.4577    0.457    0.4561    0.455    0.454    0.4532    0.4525    0.4521    0.452    0.4521    0.4524    0.4529    0.4536    0.4544    0.4554    0.4564    0.4575    0.4586    0.4597    0.4608    0.4618    0.4628    0.4636    0.4644    0.4651    0.4656    0.466    0.4663    0.4664    0.4664    0.4662    0.4659    0.4654    0.4647    0.4639    0.4629    0.4617    0.4605    0.459    0.4574    0.4557    0.4538    0.4518    0.4496    0.4474    0.445    0.4425    0.4398    0.4371    0.4343    0.4313    0.4283    0.4252    0.422    0.4188    0.4154    0.412    
SM147    0    0    7.315e-08    0.003088    0.01662    0.03536    0.05705    0.08045    0.1047    0.1291    0.1534    0.1771    0.2    0.2221    0.2431    0.2631    0.2821    0.3001    0.3171    0.3331    0.3483    0.3627    0.3764    0.3893    0.4015    0.4132    0.4243    0.4349    0.445    0.4547    0.464    0.4728    0.4813    0.4895    0.4973    0.5048    0.512    0.5189    0.5255    0.5318    0.5378    0.5436    0.5491    0.5544    0.5594    0.5641    0.5686    0.5728    0.5767    0.5805    0.5839    0.5871    0.5901    0.5928    0.5953    0.5975    0.5995    0.6013    0.6028    0.6041    0.6051    0.606    0.6066    0.607    0.6072    0.6071    0.6069    0.6064    0.6058    0.6049    0.6039    0.6027    
ND148    0    0    8.384e-06    0.1616    0.2761    0.3817    0.4838    0.5836    0.6814    0.7773    0.8713    0.9638    1.055    1.144    1.233    1.321    1.408    1.494    1.58    1.665    1.751    1.836    1.921    2.005    2.09    2.175    2.26    2.345    2.43    2.515    2.6    2.685    2.771    2.856    2.941    3.026    3.111    3.196    3.28    3.365    3.449    3.533    3.617    3.7    3.783    3.866    3.948    4.03    4.111    4.192    4.272    4.352    4.431    4.509    4.587    4.664    4.74    4.816    4.891    4.965    5.039    5.111    5.183    5.254    5.324    5.393    5.461    5.528    5.595    5.66    5.725    5.789    
SM148    0    0    9.426e-08    0.004166    0.02513    0.05664    0.09542    0.1398    0.1885    0.2407    0.2956    0.3528    0.4116    0.4719    0.5333    0.5957    0.6589    0.7227    0.7872    0.8522    0.9177    0.9838    1.05    1.117    1.185    1.253    1.321    1.39    1.459    1.528    1.598    1.669    1.74    1.811    1.882    1.954    2.026    2.098    2.171    2.243    2.316    2.389    2.462    2.536    2.609    2.682    2.756    2.829    2.902    2.975    3.048    3.121    3.194    3.266    3.339    3.411    3.482    3.554    3.625    3.695    3.765    3.835    3.904    3.973    4.042    4.109    4.177    4.244    4.31    4.375    4.44    4.505    
SM149    0    0    4.114e-06    0.06163    0.04989    0.04564    0.04445    0.04403    0.04377    0.0435    0.04322    0.04293    0.04266    0.04241    0.04219    0.04202    0.04189    0.04182    0.04179    0.0418    0.04185    0.04194    0.04206    0.0422    0.04237    0.04256    0.04276    0.04297    0.04319    0.04341    0.04364    0.04387    0.04409    0.04431    0.04452    0.04472    0.04491    0.0451    0.04527    0.04543    0.04557    0.04571    0.04582    0.04593    0.04602    0.0461    0.04616    0.0462    0.04624    0.04626    0.04626    0.04625    0.04623    0.04619    0.04614    0.04608    0.04601    0.04592    0.04583    0.04572    0.0456    0.04547    0.04533    0.04519    0.04503    0.04486    0.04469    0.04451    0.04432    0.04413    0.04393    0.04372    
ND150    0    0    4.979e-06    0.09589    0.1636    0.2261    0.2866    0.3458    0.4037    0.4605    0.5163    0.5711    0.6251    0.6783    0.7308    0.7829    0.8344    0.8856    0.9366    0.9873    1.038    1.088    1.139    1.189    1.239    1.29    1.34    1.391    1.441    1.492    1.542    1.593    1.643    1.694    1.744    1.795    1.845    1.895    1.946    1.996    2.046    2.096    2.145    2.195    2.244    2.293    2.342    2.391    2.439    2.487    2.534    2.582    2.629    2.675    2.722    2.767    2.813    2.858    2.902    2.946    2.99    3.033    3.076    3.118    3.16    3.201    3.241    3.281    3.321    3.36    3.399    3.436    
SM150    0    0    2.031e-06    0.05791    0.1715    0.2719    0.3686    0.4644    0.5594    0.6535    0.7464    0.8381    0.9284    1.017    1.105    1.191    1.277    1.361    1.444    1.526    1.607    1.688    1.768    1.848    1.927    2.005    2.084    2.161    2.239    2.316    2.393    2.469    2.546    2.621    2.697    2.772    2.847    2.921    2.995    3.068    3.141    3.213    3.285    3.357    3.427    3.497    3.567    3.636    3.704    3.771    3.838    3.904    3.969    4.033    4.096    4.159    4.22    4.281    4.341    4.4    4.457    4.514    4.57    4.625    4.679    4.732    4.784    4.835    4.885    4.934    4.981    5.028    
SM151    0    0    3.631e-06    0.0669    0.09832    0.1176    0.131    0.1408    0.148    0.1535    0.1579    0.1614    0.1643    0.167    0.1695    0.1719    0.1743    0.1768    0.1794    0.1821    0.1849    0.1877    0.1907    0.1938    0.1969    0.2001    0.2033    0.2066    0.2099    0.2132    0.2165    0.2198    0.2231    0.2263    0.2296    0.2328    0.2359    0.239    0.2421    0.2451    0.2481    0.251    0.2538    0.2566    0.2593    0.2619    0.2645    0.267    0.2694    0.2718    0.2741    0.2763    0.2784    0.2805    0.2825    0.2844    0.2863    0.288    0.2897    0.2914    0.293    0.2945    0.2959    0.2973    0.2986    0.2998    0.301    0.3022    0.3032    0.3042    0.3052    0.3061    
SM152    0    0    3.215e-06    0.06364    0.1176    0.1682    0.2153    0.2582    0.2968    0.3311    0.3614    0.3879    0.4111    0.4314    0.4492    0.4649    0.4788    0.4912    0.5025    0.5129    0.5225    0.5316    0.5402    0.5484    0.5565    0.5643    0.572    0.5796    0.5871    0.5946    0.602    0.6094    0.6167    0.6239    0.6311    0.6383    0.6453    0.6522    0.6591    0.6658    0.6724    0.6789    0.6852    0.6913    0.6973    0.7031    0.7088    0.7142    0.7195    0.7246    0.7295    0.7342    0.7386    0.7429    0.747    0.7509    0.7546    0.758    0.7613    0.7643    0.7672    0.7699    0.7724    0.7747    0.7768    0.7787    0.7804    0.782    0.7834    0.7846    0.7856    0.7865    
EU153    0    0    1.923e-06    0.03805    0.07404    0.1121    0.1533    0.1971    0.2427    0.2894    0.3363    0.383    0.429    0.4739    0.5174    0.5594    0.5997    0.6383    0.6752    0.7103    0.7438    0.7757    0.8061    0.835    0.8626    0.889    0.9143    0.9384    0.9616    0.9839    1.005    1.026    1.046    1.066    1.084    1.102    1.12    1.137    1.154    1.17    1.186    1.201    1.216    1.231    1.245    1.258    1.272    1.284    1.297    1.309    1.32    1.332    1.343    1.353    1.363    1.373    1.382    1.391    1.399    1.407    1.414    1.422    1.428    1.435    1.441    1.446    1.452    1.456    1.461    1.465    1.469    1.472    
SM154    0    0    1.462e-06    0.02815    0.04806    0.06645    0.08426    0.1017    0.1187    0.1355    0.1519    0.1681    0.184    0.1996    0.2151    0.2304    0.2455    0.2605    0.2755    0.2903    0.3051    0.3198    0.3345    0.3492    0.3639    0.3785    0.3931    0.4077    0.4223    0.437    0.4515    0.4661    0.4807    0.4952    0.5098    0.5243    0.5388    0.5532    0.5676    0.5819    0.5962    0.6105    0.6247    0.6388    0.6528    0.6667    0.6806    0.6944    0.708    0.7216    0.7351    0.7484    0.7616    0.7747    0.7877    0.8005    0.8132    0.8258    0.8382    0.8504    0.8625    0.8745    0.8862    0.8979    0.9093    0.9206    0.9317    0.9427    0.9535    0.9641    0.9745    0.9847    
EU154    0    0    3.505e-08    0.001207    0.005847    0.0131    0.0228    0.03484    0.04906    0.06526    0.08321    0.1026    0.1233    0.1449    0.1673    0.1901    0.2132    0.2364    0.2595    0.2823    0.3049    0.327    0.3486    0.3696    0.3901    0.4099    0.4291    0.4476    0.4655    0.4828    0.4995    0.5156    0.5311    0.5461    0.5605    0.5745    0.588    0.601    0.6137    0.6259    0.6377    0.6492    0.6603    0.671    0.6815    0.6916    0.7015    0.711    0.7202    0.7292    0.7379    0.7463    0.7545    0.7624    0.77    0.7774    0.7846    0.7914    0.7981    0.8044    0.8105    0.8164    0.822    0.8274    0.8326    0.8374    0.8421    0.8465    0.8507    0.8546    0.8583    0.8618    
EU155    0    0    7.622e-07    0.01283    0.01363    0.01365    0.01409    0.01503    0.01637    0.01807    0.02006    0.02232    0.0248    0.02747    0.03029    0.03324    0.03627    0.03935    0.04246    0.04558    0.04868    0.05175    0.05477    0.05773    0.06062    0.06343    0.06617    0.06882    0.07139    0.07387    0.07627    0.07859    0.08083    0.08298    0.08507    0.08708    0.08902    0.0909    0.09271    0.09446    0.09615    0.09779    0.09937    0.1009    0.1024    0.1038    0.1052    0.1066    0.1079    0.1091    0.1103    0.1115    0.1126    0.1137    0.1148    0.1158    0.1168    0.1177    0.1186    0.1195    0.1203    0.1211    0.1219    0.1226    0.1233    0.124    0.1246    0.1252    0.1257    0.1262    0.1267    0.1272    
GD156    0    0    3.847e-07    0.01087    0.03183    0.05218    0.07234    0.0928    0.114    0.1364    0.1602    0.1857    0.2132    0.2429    0.2749    0.3094    0.3466    0.3864    0.4289    0.4741    0.5221    0.5727    0.6259    0.6817    0.74    0.8006    0.8636    0.9288    0.9961    1.065    1.137    1.21    1.284    1.361    1.438    1.518    1.598    1.68    1.763    1.848    1.933    2.019    2.106    2.194    2.283    2.372    2.463    2.553    2.645    2.736    2.829    2.921    3.014    3.107    3.201    3.295    3.389    3.483    3.577    3.671    3.765    3.86    3.954    4.048    4.142    4.235    4.329    4.422    4.515    4.608    4.7    4.792    
GD158    0    0    4.038e-07    0.009197    0.02025    0.02995    0.03935    0.0487    0.05808    0.06755    0.07714    0.08688    0.09681    0.107    0.1174    0.1282    0.1394    0.151    0.163    0.1756    0.1886    0.2023    0.2165    0.2314    0.2469    0.2631    0.28    0.2977    0.316    0.3352    0.3551    0.3759    0.3974    0.4198    0.443    0.4671    0.4919    0.5177    0.5443    0.5718    0.6001    0.6293    0.6594    0.6904    0.7222    0.7549    0.7885    0.823    0.8584    0.8946    0.9317    0.9696    1.008    1.048    1.089    1.13    1.172    1.215    1.259    1.304    1.35    1.396    1.443    1.491    1.54    1.589    1.64    1.691    1.743    1.795    1.849    1.903    
TB159    0    0    1.26e-07    0.002418    0.004143    0.005693    0.00717    0.008596    0.009979    0.01132    0.01263    0.01391    0.01516    0.01639    0.01761    0.01881    0.02001    0.0212    0.0224    0.0236    0.02481    0.02603    0.02727    0.02853    0.02981    0.03111    0.03244    0.0338    0.0352    0.03662    0.03809    0.03959    0.04113    0.04271    0.04433    0.046    0.04772    0.04948    0.05129    0.05315    0.05506    0.05702    0.05904    0.06111    0.06324    0.06542    0.06767    0.06996    0.07232    0.07474    0.07722    0.07976    0.08236    0.08503    0.08776    0.09055    0.0934    0.09633    0.09931    0.1024    0.1055    0.1087    0.1119    0.1153    0.1186    0.1221    0.1256    0.1292    0.1329    0.1366    0.1404    0.1443    
