TIME    3   50   100   150   200   250   300   350   400   450   500   550   600   650   700   750   800   850   900   950   1000   1050   1100   1150   1200   1250   1300   1350   1400   1450   1500   1550   1600   
NEUT_PROD    2.79   2.79   2.79   2.79   2.79   2.8   2.8   2.8   2.8   2.8   2.8   2.81   2.81   2.81   2.81   2.81   2.82   2.82   2.82   2.82   2.82   2.82   2.83   2.83   2.83   2.83   2.83   2.83   2.84   2.84   2.84   2.84   2.84   
NEUT_DEST    3.28   3.27   3.27   3.27   3.27   3.27   3.27   3.27   3.27   3.26   3.26   3.26   3.26   3.26   3.26   3.26   3.25   3.25   3.25   3.25   3.25   3.25   3.25   3.25   3.24   3.24   3.24   3.24   3.24   3.24   3.24   3.23   3.23   
BUd    7.76e-16    0.365    0.388    0.389    0.389    0.389    0.39    0.39    0.39    0.39    0.391    0.391    0.391    0.391    0.392    0.392    0.392    0.392    0.393    0.393    0.393    0.394    0.394    0.394    0.394    0.395    0.395    0.395    0.395    0.396    0.396    0.396    0.397    
PU239    0.0002548    0.01176    0.02432    0.03683    0.04928    0.06168    0.07402    0.08631    0.09854    0.1107    0.1228    0.1349    0.1469    0.1589    0.1708    0.1826    0.1944    0.2062    0.2179    0.2295    0.2411    0.2526    0.2641    0.2755    0.2869    0.2982    0.3095    0.3207    0.3319    0.343    0.3541    0.3651    0.376    
PU240    4.041e-19    0.003012    0.01279    0.02929    0.05244    0.08218    0.1184    0.1612    0.2103    0.2658    0.3275    0.3954    0.4695    0.5497    0.636    0.7282    0.8263    0.9302    1.04    1.155    1.277    1.403    1.536    1.674    1.817    1.966    2.12    2.279    2.444    2.614    2.789    2.969    3.154    
AM243    1000    998.4    996.7    994.9    993.2    991.5    989.8    988.1    986.4    984.7    983    981.3    979.6    977.9    976.2    974.6    972.9    971.2    969.5    967.8    966.2    964.5    962.9    961.2    959.5    957.9    956.2    954.6    952.9    951.3    949.7    948    946.4    
CM244    2.627e-15    1.241    2.551    3.851    5.139    6.417    7.684    8.939    10.18    11.42    12.64    13.86    15.06    16.25    17.43    18.61    19.77    20.92    22.06    23.19    24.32    25.43    26.53    27.62    28.71    29.78    30.85    31.9    32.95    33.98    35.01    36.03    37.04    
CM245    0    0.000502    0.002131    0.004877    0.008726    0.01367    0.01968    0.02677    0.0349    0.04408    0.05428    0.0655    0.07773    0.09094    0.1051    0.1203    0.1364    0.1535    0.1715    0.1904    0.2102    0.231    0.2526    0.2751    0.2984    0.3227    0.3477    0.3736    0.4003    0.4279    0.4562    0.4853    0.5152    
KR86    0    4.092e-08    0.001901    0.003445    0.004875    0.006251    0.007594    0.008916    0.01022    0.01152    0.01281    0.01409    0.01537    0.01664    0.01791    0.01917    0.02044    0.0217    0.02296    0.02422    0.02548    0.02674    0.02799    0.02925    0.0305    0.03176    0.03302    0.03427    0.03553    0.03678    0.03804    0.03929    0.04055    
RB87    0    5.336e-08    0.002479    0.004497    0.006365    0.008162    0.009916    0.01164    0.01335    0.01504    0.01672    0.0184    0.02006    0.02173    0.02338    0.02504    0.02669    0.02833    0.02998    0.03163    0.03327    0.03491    0.03655    0.03819    0.03983    0.04147    0.04311    0.04475    0.04638    0.04802    0.04966    0.0513    0.05294    
SR88    0    6.717e-08    0.003121    0.00567    0.00803    0.0103    0.01251    0.01469    0.01685    0.01898    0.02111    0.02322    0.02532    0.02742    0.02951    0.0316    0.03368    0.03576    0.03784    0.03992    0.04199    0.04406    0.04613    0.0482    0.05027    0.05234    0.05441    0.05648    0.05855    0.06062    0.06269    0.06476    0.06682    
Y89    0    1.734e-08    0.00104    0.003467    0.006314    0.009275    0.01224    0.01519    0.0181    0.02097    0.02383    0.02666    0.02947    0.03227    0.03506    0.03784    0.04061    0.04338    0.04614    0.04889    0.05165    0.0544    0.05715    0.05989    0.06264    0.06538    0.06813    0.07087    0.07361    0.07635    0.07909    0.08183    0.08458    
SR90    0    1.063e-07    0.004936    0.008929    0.01262    0.01615    0.01958    0.02295    0.02627    0.02955    0.0328    0.03602    0.03921    0.04239    0.04555    0.04869    0.05181    0.05492    0.05801    0.06109    0.06416    0.06722    0.07026    0.07329    0.07631    0.07932    0.08232    0.08531    0.08829    0.09126    0.09422    0.09717    0.1001    
ZR91    0    2.12e-08    0.001279    0.004407    0.008197    0.01223    0.01633    0.02042    0.0245    0.02854    0.03254    0.03652    0.04047    0.04441    0.04833    0.05223    0.05613    0.06001    0.06389    0.06776    0.07162    0.07548    0.07934    0.08319    0.08705    0.09089    0.09474    0.09859    0.1024    0.1063    0.1101    0.114    0.1178    
ZR92    0    1.532e-07    0.007122    0.01298    0.01839    0.02359    0.02866    0.03366    0.03859    0.04349    0.04835    0.05319    0.05801    0.06282    0.06761    0.0724    0.07717    0.08194    0.0867    0.09145    0.09621    0.101    0.1057    0.1104    0.1152    0.1199    0.1247    0.1294    0.1342    0.1389    0.1436    0.1484    0.1531    
ZR93    0    1.954e-07    0.009083    0.01661    0.02355    0.03022    0.03672    0.04313    0.04945    0.05573    0.06196    0.06816    0.07433    0.08049    0.08662    0.09275    0.09886    0.105    0.1111    0.1171    0.1232    0.1293    0.1354    0.1415    0.1475    0.1536    0.1597    0.1657    0.1718    0.1778    0.1839    0.19    0.196    
ZR94    0    2.203e-07    0.01023    0.01855    0.02626    0.03367    0.04091    0.04803    0.05507    0.06206    0.069    0.0759    0.08278    0.08964    0.09648    0.1033    0.1101    0.1169    0.1237    0.1305    0.1373    0.1441    0.1509    0.1576    0.1644    0.1712    0.1779    0.1847    0.1915    0.1982    0.205    0.2118    0.2186    
ZR95    9.554e-24    2.121e-07    0.009293    0.01287    0.01437    0.01496    0.01514    0.01513    0.01505    0.01495    0.01485    0.01475    0.01467    0.0146    0.01455    0.0145    0.01446    0.01443    0.0144    0.01438    0.01436    0.01435    0.01433    0.01432    0.01431    0.01431    0.0143    0.0143    0.01429    0.01429    0.01429    0.01429    0.01429    
MO95    0    8.314e-09    0.0006171    0.0038    0.009265    0.01612    0.0237    0.03162    0.03967    0.04774    0.05579    0.0638    0.07177    0.07969    0.08757    0.09542    0.1032    0.111    0.1188    0.1266    0.1343    0.142    0.1497    0.1575    0.1652    0.1729    0.1805    0.1882    0.1959    0.2036    0.2112    0.2189    0.2266    
ZR96    1.009e-23    2.661e-07    0.01236    0.0224    0.03171    0.04066    0.04939    0.05799    0.06649    0.07492    0.0833    0.09163    0.09993    0.1082    0.1165    0.1247    0.1329    0.1411    0.1493    0.1575    0.1657    0.1738    0.182    0.1902    0.1983    0.2065    0.2146    0.2228    0.231    0.2391    0.2473    0.2554    0.2636    
MO97    0    2.755e-07    0.01282    0.02359    0.0335    0.04301    0.05228    0.0614    0.07041    0.07933    0.0882    0.09702    0.1058    0.1146    0.1233    0.132    0.1407    0.1493    0.158    0.1666    0.1753    0.1839    0.1925    0.2011    0.2097    0.2183    0.2269    0.2355    0.2441    0.2527    0.2613    0.2699    0.2785    
MO98    1.164e-23    3.07e-07    0.01426    0.02584    0.03658    0.04691    0.05699    0.06692    0.07674    0.08647    0.09615    0.1058    0.1154    0.1249    0.1345    0.144    0.1535    0.163    0.1725    0.1819    0.1914    0.2009    0.2103    0.2198    0.2292    0.2387    0.2482    0.2576    0.2671    0.2765    0.286    0.2954    0.3049    
TC99    0    2.939e-07    0.01374    0.02658    0.03814    0.04916    0.05987    0.07038    0.08075    0.09101    0.1012    0.1113    0.1214    0.1314    0.1414    0.1514    0.1613    0.1713    0.1812    0.1911    0.2009    0.2108    0.2206    0.2305    0.2403    0.2501    0.2599    0.2697    0.2795    0.2893    0.2991    0.3089    0.3187    
MO100    1.38e-23    3.64e-07    0.01691    0.03064    0.04336    0.0556    0.06754    0.07929    0.09092    0.1024    0.1139    0.1253    0.1366    0.1479    0.1592    0.1705    0.1817    0.1929    0.2041    0.2153    0.2265    0.2376    0.2488    0.2599    0.2711    0.2822    0.2934    0.3045    0.3157    0.3268    0.3379    0.3491    0.3602    
RU101    1.378e-23    3.649e-07    0.01695    0.03072    0.04347    0.05572    0.06767    0.07942    0.09104    0.1025    0.114    0.1253    0.1367    0.1479    0.1592    0.1704    0.1815    0.1927    0.2038    0.2149    0.226    0.2371    0.2482    0.2592    0.2703    0.2813    0.2923    0.3033    0.3144    0.3254    0.3364    0.3473    0.3583    
RU102    1.412e-23    3.738e-07    0.01737    0.03148    0.04457    0.05717    0.06947    0.08158    0.09357    0.1055    0.1173    0.129    0.1408    0.1525    0.1641    0.1758    0.1874    0.1991    0.2107    0.2223    0.2339    0.2455    0.2571    0.2687    0.2803    0.2919    0.3035    0.3151    0.3268    0.3384    0.35    0.3616    0.3733    
RU103    1.466e-23    2.943e-07    0.01248    0.01512    0.01541    0.01515    0.01481    0.01452    0.01429    0.01413    0.014    0.0139    0.01383    0.01377    0.01372    0.01368    0.01365    0.01363    0.0136    0.01359    0.01357    0.01356    0.01356    0.01355    0.01354    0.01354    0.01354    0.01354    0.01354    0.01354    0.01354    0.01354    0.01354    
RH103    0    9.222e-08    0.005474    0.01742    0.03063    0.04387    0.05688    0.06962    0.08215    0.09452    0.1068    0.1189    0.131    0.143    0.1549    0.1668    0.1787    0.1906    0.2024    0.2142    0.2259    0.2377    0.2495    0.2612    0.2729    0.2846    0.2963    0.308    0.3197    0.3313    0.343    0.3547    0.3663    
RU104    1.417e-23    3.738e-07    0.01737    0.03148    0.04456    0.05713    0.0694    0.08148    0.09342    0.1053    0.117    0.1287    0.1404    0.152    0.1636    0.1751    0.1867    0.1982    0.2097    0.2212    0.2326    0.2441    0.2555    0.267    0.2784    0.2899    0.3013    0.3128    0.3242    0.3356    0.347    0.3585    0.3699    
PD105    0    2.798e-07    0.01304    0.02449    0.03492    0.04489    0.0546    0.06413    0.07355    0.08287    0.09212    0.1013    0.1105    0.1196    0.1287    0.1377    0.1467    0.1557    0.1647    0.1737    0.1827    0.1916    0.2006    0.2095    0.2184    0.2273    0.2362    0.2451    0.254    0.2629    0.2717    0.2806    0.2895    
RU106    0    2.578e-07    0.01185    0.02038    0.02744    0.03352    0.03885    0.04356    0.04776    0.05151    0.05487    0.05789    0.06061    0.06305    0.06526    0.06725    0.06905    0.07067    0.07214    0.07346    0.07466    0.07575    0.07674    0.07763    0.07844    0.07918    0.07984    0.08045    0.081    0.0815    0.08196    0.08238    0.08276    
PD106    0    8.436e-09    0.0005206    0.002039    0.00431    0.00721    0.01066    0.01459    0.01894    0.02368    0.02877    0.03416    0.03982    0.04574    0.05188    0.05823    0.06476    0.07146    0.07831    0.08531    0.09242    0.09965    0.107    0.1144    0.1219    0.1295    0.1372    0.1449    0.1527    0.1606    0.1685    0.1764    0.1844    
PD107    0    1.821e-07    0.008462    0.01534    0.0217    0.02782    0.03379    0.03966    0.04547    0.05122    0.05693    0.06262    0.06828    0.07391    0.07953    0.08514    0.09074    0.09632    0.1019    0.1075    0.113    0.1186    0.1241    0.1297    0.1352    0.1408    0.1463    0.1518    0.1574    0.1629    0.1684    0.1739    0.1795    
PD108    0    1.329e-07    0.006174    0.01119    0.01584    0.02032    0.02469    0.029    0.03326    0.03748    0.04168    0.04587    0.05003    0.05419    0.05834    0.06248    0.06661    0.07074    0.07487    0.079    0.08312    0.08724    0.09136    0.09549    0.09961    0.1037    0.1079    0.112    0.1161    0.1202    0.1244    0.1285    0.1326    
AG109    0    9.712e-08    0.004517    0.008282    0.01175    0.01508    0.01833    0.02152    0.02468    0.02781    0.03092    0.03401    0.03708    0.04015    0.04321    0.04626    0.0493    0.05234    0.05538    0.05841    0.06143    0.06446    0.06748    0.0705    0.07352    0.07653    0.07955    0.08256    0.08558    0.08859    0.0916    0.09461    0.09762    
PD110    0    4.066e-08    0.001889    0.003423    0.004844    0.00621    0.007544    0.008857    0.01015    0.01144    0.01272    0.01399    0.01526    0.01652    0.01778    0.01903    0.02029    0.02154    0.02279    0.02404    0.02528    0.02653    0.02778    0.02902    0.03026    0.03151    0.03275    0.03399    0.03524    0.03648    0.03772    0.03896    0.0402    
I127    0    2.887e-08    0.00136    0.002774    0.004074    0.005332    0.006568    0.007791    0.009003    0.01021    0.0114    0.0126    0.01378    0.01496    0.01614    0.01732    0.01849    0.01966    0.02082    0.02199    0.02315    0.02431    0.02547    0.02663    0.02778    0.02894    0.03009    0.03125    0.0324    0.03355    0.0347    0.03586    0.03701    
TE128    0    5.717e-08    0.002656    0.004821    0.006826    0.008752    0.01063    0.01248    0.01431    0.01613    0.01793    0.01973    0.02151    0.02329    0.02507    0.02684    0.02861    0.03037    0.03214    0.0339    0.03566    0.03742    0.03917    0.04093    0.04268    0.04444    0.04619    0.04795    0.0497    0.05146    0.05321    0.05496    0.05672    
I129    0    9.11e-08    0.004284    0.008099    0.0117    0.01516    0.01854    0.02187    0.02515    0.0284    0.03163    0.03484    0.03803    0.04121    0.04439    0.04755    0.05071    0.05386    0.05701    0.06015    0.06329    0.06643    0.06956    0.07269    0.07582    0.07895    0.08207    0.0852    0.08832    0.09144    0.09456    0.09768    0.1008    
TE130    0    1.684e-07    0.007822    0.01418    0.02007    0.02573    0.03126    0.0367    0.04208    0.04741    0.05271    0.05799    0.06324    0.06847    0.0737    0.07891    0.08411    0.0893    0.09449    0.09967    0.1048    0.11    0.1152    0.1204    0.1255    0.1307    0.1359    0.141    0.1462    0.1513    0.1565    0.1617    0.1668    
XE131    0    1.829e-07    0.009678    0.02143    0.03183    0.04168    0.05124    0.06062    0.06987    0.07904    0.08814    0.09718    0.1062    0.1152    0.1241    0.133    0.1419    0.1508    0.1597    0.1685    0.1774    0.1862    0.195    0.2039    0.2127    0.2215    0.2303    0.2391    0.2479    0.2567    0.2655    0.2743    0.2831    
XE132    0    3.497e-07    0.01635    0.03189    0.04585    0.05914    0.07207    0.08476    0.09728    0.1097    0.122    0.1343    0.1465    0.1586    0.1707    0.1828    0.1949    0.2069    0.219    0.231    0.243    0.255    0.267    0.279    0.291    0.3029    0.3149    0.3269    0.3389    0.3508    0.3628    0.3748    0.3868    
CS133    0    3.612e-07    0.01844    0.0389    0.05701    0.07421    0.0909    0.1073    0.1234    0.1394    0.1553    0.171    0.1867    0.2024    0.218    0.2335    0.249    0.2645    0.2799    0.2953    0.3107    0.3261    0.3414    0.3568    0.3721    0.3874    0.4027    0.418    0.4333    0.4486    0.4638    0.4791    0.4944    
XE134    2.019e-23    5.365e-07    0.02493    0.04522    0.06401    0.08208    0.09972    0.1171    0.1342    0.1513    0.1682    0.185    0.2017    0.2184    0.2351    0.2517    0.2683    0.2848    0.3014    0.3179    0.3344    0.3509    0.3674    0.3839    0.4003    0.4168    0.4332    0.4497    0.4661    0.4826    0.499    0.5155    0.5319    
CS135    1.761e-23    5.423e-07    0.02522    0.04631    0.06574    0.08439    0.1026    0.1205    0.1382    0.1557    0.1731    0.1904    0.2077    0.2249    0.2421    0.2592    0.2763    0.2933    0.3104    0.3274    0.3444    0.3614    0.3784    0.3954    0.4124    0.4293    0.4463    0.4633    0.4802    0.4972    0.5142    0.5311    0.5481    
XE136    1.972e-23    5.201e-07    0.02416    0.04378    0.06196    0.07945    0.09652    0.1133    0.1299    0.1464    0.1628    0.1791    0.1953    0.2115    0.2276    0.2437    0.2597    0.2758    0.2918    0.3078    0.3238    0.3398    0.3558    0.3717    0.3877    0.4036    0.4196    0.4355    0.4515    0.4674    0.4834    0.4993    0.5153    
CS137    1.827e-23    4.814e-07    0.02236    0.04044    0.05714    0.07313    0.0887    0.104    0.119    0.1339    0.1486    0.1632    0.1777    0.1921    0.2064    0.2206    0.2348    0.2489    0.2629    0.2769    0.2908    0.3047    0.3185    0.3323    0.346    0.3597    0.3733    0.3869    0.4004    0.4139    0.4273    0.4407    0.4541    
BA138    1.828e-23    4.833e-07    0.02245    0.04071    0.05763    0.07389    0.08977    0.1054    0.1209    0.1362    0.1514    0.1666    0.1816    0.1967    0.2117    0.2267    0.2416    0.2565    0.2714    0.2863    0.3012    0.3161    0.3309    0.3458    0.3606    0.3755    0.3903    0.4051    0.42    0.4348    0.4497    0.4645    0.4793    
LA139    1.681e-23    4.439e-07    0.02063    0.03743    0.05298    0.06794    0.08254    0.09691    0.1111    0.1252    0.1392    0.1531    0.167    0.1808    0.1946    0.2084    0.2221    0.2358    0.2495    0.2632    0.2769    0.2905    0.3042    0.3178    0.3315    0.3451    0.3587    0.3724    0.386    0.3996    0.4133    0.4269    0.4405    
CE140    0    2.124e-07    0.0117    0.02937    0.04518    0.06006    0.07443    0.08852    0.1024    0.1161    0.1298    0.1434    0.1569    0.1703    0.1837    0.1971    0.2104    0.2238    0.2371    0.2504    0.2637    0.2769    0.2902    0.3034    0.3167    0.3299    0.3432    0.3564    0.3697    0.3829    0.3962    0.4094    0.4226    
CE141    1.644e-23    3.136e-07    0.01309    0.01495    0.01473    0.01424    0.01382    0.01352    0.0133    0.01314    0.01303    0.01294    0.01287    0.01281    0.01276    0.01273    0.0127    0.01267    0.01265    0.01263    0.01262    0.01261    0.0126    0.01259    0.01258    0.01258    0.01257    0.01257    0.01257    0.01256    0.01256    0.01256    0.01256    
PR141    0    1.203e-07    0.007077    0.02172    0.03721    0.05238    0.06711    0.08151    0.09566    0.1096    0.1235    0.1372    0.1509    0.1645    0.178    0.1916    0.205    0.2185    0.2319    0.2454    0.2588    0.2721    0.2855    0.2989    0.3123    0.3256    0.339    0.3523    0.3656    0.379    0.3923    0.4057    0.419    
CE142    1.45e-23    3.828e-07    0.01778    0.03228    0.0457    0.0586    0.07119    0.08359    0.09584    0.108    0.1201    0.1321    0.144    0.156    0.1679    0.1797    0.1916    0.2034    0.2152    0.227    0.2388    0.2506    0.2624    0.2741    0.2859    0.2977    0.3094    0.3212    0.3329    0.3447    0.3564    0.3682    0.3799    
ND143    0    1.671e-07    0.009272    0.02372    0.03668    0.04883    0.06055    0.07202    0.08333    0.09451    0.1056    0.1166    0.1276    0.1385    0.1494    0.1602    0.1711    0.1819    0.1926    0.2034    0.2142    0.2249    0.2356    0.2464    0.2571    0.2678    0.2785    0.2892    0.2999    0.3106    0.3213    0.3319    0.3426    
CE144    0    2.81e-07    0.01287    0.02182    0.02897    0.03492    0.03997    0.04429    0.04801    0.05123    0.05402    0.05645    0.05857    0.06041    0.06202    0.06342    0.06465    0.06573    0.06667    0.06749    0.06821    0.06885    0.0694    0.06989    0.07032    0.0707    0.07103    0.07132    0.07158    0.07181    0.07201    0.07219    0.07235    
ND144    0    1.155e-08    0.0007161    0.002808    0.005897    0.009794    0.01437    0.01952    0.02516    0.03123    0.03767    0.04444    0.05148    0.05877    0.06627    0.07396    0.08181    0.0898    0.09792    0.1062    0.1145    0.1229    0.1314    0.1399    0.1485    0.1572    0.1659    0.1747    0.1835    0.1923    0.2011    0.21    0.2189    
ND145    0    2.434e-07    0.01131    0.0206    0.02919    0.03743    0.04548    0.05339    0.06121    0.06897    0.07667    0.08433    0.09195    0.09955    0.1071    0.1147    0.1222    0.1298    0.1373    0.1448    0.1523    0.1598    0.1672    0.1747    0.1822    0.1897    0.1971    0.2046    0.212    0.2195    0.227    0.2344    0.2419    
ND146    0    2.044e-07    0.009498    0.01722    0.02438    0.03127    0.038    0.04462    0.05118    0.05768    0.06414    0.07057    0.07698    0.08337    0.08974    0.09611    0.1025    0.1088    0.1152    0.1215    0.1278    0.1342    0.1405    0.1468    0.1532    0.1595    0.1658    0.1722    0.1785    0.1848    0.1912    0.1975    0.2039    
PM147    0    9.291e-08    0.005033    0.01159    0.01715    0.02217    0.02682    0.03119    0.03532    0.03924    0.04298    0.04654    0.04994    0.0532    0.05632    0.0593    0.06217    0.06492    0.06755    0.07008    0.07251    0.07484    0.07709    0.07924    0.08131    0.0833    0.08522    0.08706    0.08883    0.09053    0.09217    0.09375    0.09527    
ND148    0    1.4e-07    0.006506    0.01179    0.01668    0.02139    0.02598    0.0305    0.03497    0.0394    0.0438    0.04818    0.05254    0.05688    0.06122    0.06554    0.06985    0.07416    0.07846    0.08275    0.08704    0.09133    0.09561    0.09989    0.1042    0.1084    0.1127    0.117    0.1213    0.1255    0.1298    0.1341    0.1384    
SM149    0    1.019e-07    0.004753    0.009045    0.01293    0.01663    0.02023    0.02375    0.02722    0.03066    0.03407    0.03745    0.0408    0.04414    0.04747    0.05078    0.05408    0.05736    0.06064    0.06391    0.06716    0.07041    0.07365    0.07689    0.08011    0.08333    0.08654    0.08975    0.09295    0.09614    0.09933    0.1025    0.1057    
ND150    0    8.512e-08    0.003954    0.007164    0.01014    0.013    0.01579    0.01853    0.02125    0.02394    0.02661    0.02927    0.03192    0.03456    0.03719    0.03982    0.04244    0.04505    0.04766    0.05027    0.05288    0.05548    0.05808    0.06068    0.06328    0.06588    0.06847    0.07107    0.07366    0.07625    0.07885    0.08144    0.08403    
SM151    0    6.594e-08    0.003069    0.005695    0.008092    0.01038    0.0126    0.01478    0.01693    0.01905    0.02114    0.02323    0.02529    0.02734    0.02938    0.03141    0.03343    0.03544    0.03744    0.03943    0.04141    0.04338    0.04535    0.04731    0.04927    0.05122    0.05316    0.05509    0.05702    0.05894    0.06086    0.06277    0.06468    
SM152    0    5.582e-08    0.002594    0.004708    0.006673    0.008567    0.01042    0.01225    0.01407    0.01587    0.01767    0.01946    0.02125    0.02303    0.02482    0.02661    0.0284    0.03019    0.03198    0.03377    0.03557    0.03737    0.03917    0.04098    0.04278    0.0446    0.04641    0.04823    0.05005    0.05188    0.05371    0.05554    0.05738    
EU153    0    3.272e-08    0.001526    0.002882    0.004113    0.005287    0.006429    0.007549    0.008653    0.009745    0.01083    0.0119    0.01297    0.01403    0.01509    0.01615    0.0172    0.01824    0.01929    0.02033    0.02137    0.0224    0.02344    0.02447    0.0255    0.02652    0.02755    0.02857    0.0296    0.03062    0.03163    0.03265    0.03367    
