TIME    3   50   100   150   200   250   300   350   400   450   500   550   600   650   700   750   800   850   900   950   1000   1050   1100   1150   1200   1250   1300   1350   1400   1450   1500   1550   1600   
NEUT_PROD    4.81   4.81   4.82   4.82   4.82   4.82   4.83   4.83   4.83   4.83   4.84   4.84   4.84   4.84   4.85   4.85   4.85   4.85   4.85   4.86   4.86   4.86   4.86   4.86   4.87   4.87   4.87   4.87   4.87   4.87   4.88   4.88   4.88   
NEUT_DEST    2.92   2.92   2.92   2.91   2.91   2.91   2.9   2.9   2.89   2.89   2.89   2.88   2.88   2.88   2.87   2.87   2.87   2.86   2.86   2.86   2.85   2.85   2.85   2.84   2.84   2.84   2.83   2.83   2.82   2.82   2.82   2.81   2.81   
BUd    1.37e-15    0.643    0.685    0.685    0.686    0.687    0.688    0.688    0.689    0.69    0.69    0.691    0.691    0.692    0.693    0.693    0.694    0.695    0.695    0.696    0.696    0.697    0.697    0.698    0.698    0.699    0.7    0.7    0.701    0.701    0.702    0.702    0.703    
HE4    0.005153    0.08561    0.1706    0.2551    0.339    0.4223    0.5051    0.5873    0.669    0.7501    0.8306    0.9107    0.9901    1.069    1.147    1.225    1.303    1.38    1.456    1.532    1.607    1.682    1.756    1.83    1.903    1.976    2.048    2.12    2.191    2.262    2.333    2.403    2.472    
PU240    0.3092    5.134    10.23    15.28    20.29    25.27    30.2    35.1    39.95    44.77    49.55    54.29    59    63.66    68.29    72.89    77.44    81.96    86.44    90.89    95.3    99.68    104    108.3    112.6    116.8    121    125.2    129.3    133.4    137.5    141.5    145.5    
PU241    1.62e-19    0.001337    0.005331    0.01193    0.02109    0.03276    0.0469    0.06346    0.0824    0.1037    0.1272    0.1531    0.1811    0.2113    0.2436    0.278    0.3144    0.3528    0.3933    0.4356    0.4798    0.5259    0.5738    0.6235    0.6749    0.728    0.7828    0.8393    0.8973    0.9569    1.018    1.081    1.145    
CM244    999.7    993.3    986.6    980    973.4    966.8    960.3    953.8    947.3    940.9    934.6    928.3    922    915.8    909.6    903.5    897.4    891.3    885.3    879.3    873.4    867.5    861.6    855.8    850    844.3    838.6    832.9    827.3    821.7    816.2    810.6    805.2    
CM245    1.721e-15    0.8048    1.653    2.493    3.324    4.147    4.962    5.769    6.568    7.359    8.143    8.918    9.686    10.45    11.2    11.94    12.68    13.41    14.13    14.85    15.55    16.25    16.95    17.63    18.31    18.98    19.65    20.31    20.96    21.6    22.24    22.87    23.49    
CM246    0    0.0001243    0.0005276    0.001207    0.002161    0.003385    0.004877    0.006634    0.008653    0.01093    0.01347    0.01625    0.01929    0.02258    0.02612    0.02989    0.03391    0.03816    0.04265    0.04737    0.05233    0.0575    0.06291    0.06853    0.07438    0.08044    0.08672    0.09321    0.09991    0.1068    0.1139    0.1212    0.1288    
