TIME    3   50   100   150   200   250   300   350   400   450   500   550   600   650   700   750   800   850   900   950   1000   1050   1100   1150   1200   1250   1300   1350   1400   1450   1500   1550   1600   
NEUT_PROD    0.736   1.43   2.09   2.63   3.08   3.47   3.8   4.08   4.33   4.55   4.75   4.92   5.07   5.21   5.33   5.44   5.53   5.62   5.69   5.75   5.81   5.86   5.9   5.94   5.97   6   6.02   6.04   6.06   6.08   6.09   6.1   6.11   
NEUT_DEST    2.42   2.85   3.26   3.62   3.94   4.23   4.49   4.72   4.92   5.11   5.28   5.43   5.58   5.7   5.82   5.93   6.02   6.11   6.19   6.27   6.34   6.4   6.46   6.51   6.56   6.61   6.65   6.69   6.73   6.77   6.8   6.84   6.87   
BUd    2.48e-16    0.18    0.307    0.412    0.499    0.572    0.635    0.689    0.736    0.777    0.813    0.845    0.874    0.899    0.921    0.941    0.959    0.974    0.988    1    1.01    1.02    1.03    1.03    1.04    1.05    1.05    1.05    1.06    1.06    1.06    1.06    1.07    
U238    1000    998.8    997.6    996.4    995.1    993.9    992.7    991.4    990.2    989    987.8    986.5    985.3    984.1    982.9    981.7    980.4    979.2    978    976.8    975.6    974.4    973.2    972    970.8    969.6    968.4    967.2    966    964.8    963.6    962.4    961.2    
NP237    1.786e-18    0.004661    0.01063    0.01632    0.02175    0.02692    0.03184    0.03653    0.041    0.04526    0.04931    0.05317    0.05685    0.06035    0.06369    0.06686    0.06989    0.07277    0.07551    0.07811    0.08059    0.08296    0.0852    0.08734    0.08937    0.0913    0.09314    0.09489    0.09655    0.09812    0.09962    0.101    0.1024    
NP239    1.47e-15    0.07504    0.07495    0.07486    0.07476    0.07467    0.07458    0.07449    0.07439    0.0743    0.07421    0.07412    0.07403    0.07394    0.07384    0.07375    0.07366    0.07357    0.07348    0.07339    0.0733    0.07321    0.07312    0.07303    0.07294    0.07284    0.07275    0.07266    0.07257    0.07249    0.0724    0.07231    0.07222    
PU238    0    8.036e-05    0.0004172    0.001003    0.001816    0.002838    0.004059    0.005472    0.007074    0.008869    0.01086    0.01305    0.01545    0.01807    0.02091    0.02397    0.02725    0.03076    0.03448    0.03841    0.04254    0.04686    0.05135    0.056    0.06079    0.06571    0.07074    0.07585    0.08103    0.08626    0.09152    0.0968    0.1021    
PU239    7.434e-16    0.869    1.679    2.325    2.842    3.254    3.583    3.845    4.053    4.219    4.351    4.455    4.537    4.602    4.653    4.692    4.723    4.746    4.764    4.777    4.786    4.793    4.797    4.8    4.801    4.8    4.799    4.797    4.795    4.792    4.788    4.785    4.781    
PU240    0    0.03306    0.1268    0.2581    0.4101    0.571    0.7323    0.8887    1.036    1.174    1.299    1.412    1.514    1.604    1.684    1.754    1.814    1.867    1.913    1.952    1.986    2.015    2.039    2.06    2.078    2.092    2.105    2.115    2.123    2.13    2.136    2.14    2.144    
PU241    0    0.001851    0.01413    0.0426    0.08877    0.1515    0.2284    0.3163    0.4119    0.5123    0.6146    0.7166    0.8164    0.9126    1.004    1.09    1.17    1.244    1.312    1.373    1.429    1.479    1.524    1.564    1.599    1.63    1.657    1.681    1.702    1.72    1.736    1.749    1.761    
PU242    0    2.341e-05    0.00037    0.001726    0.004923    0.01076    0.01991    0.03287    0.04996    0.0713    0.09688    0.1266    0.1601    0.1972    0.2374    0.2804    0.3258    0.3731    0.422    0.472    0.5228    0.5741    0.6255    0.6769    0.7279    0.7784    0.8281    0.877    0.9248    0.9715    1.017    1.061    1.104    
AM241    0    2.914e-06    4.509e-05    0.0002059    0.0005745    0.001228    0.002223    0.003588    0.00533    0.007434    0.009872    0.0126    0.01558    0.01874    0.02205    0.02544    0.02888    0.03232    0.03571    0.03904    0.04227    0.04538    0.04835    0.05117    0.05383    0.05633    0.05867    0.06084    0.06285    0.0647    0.0664    0.06796    0.06937    
AM243    0    2.039e-07    6.632e-06    4.737e-05    0.0001831    0.0005071    0.00114    0.002219    0.003891    0.006305    0.009599    0.0139    0.01932    0.02595    0.03386    0.04309    0.05368    0.06562    0.0789    0.0935    0.1094    0.1265    0.1447    0.164    0.1843    0.2055    0.2276    0.2504    0.2738    0.2977    0.3221    0.3469    0.372    
KR84    8.063e-19    0.0004866    0.001231    0.002171    0.003275    0.004521    0.005888    0.007363    0.008933    0.01059    0.01232    0.01412    0.01598    0.01791    0.01988    0.02191    0.02398    0.02609    0.02824    0.03043    0.03265    0.0349    0.03718    0.03949    0.04183    0.04419    0.04657    0.04897    0.0514    0.05384    0.0563    0.05878    0.06128    
RB85    6.098e-19    0.000381    0.0009892    0.001767    0.002684    0.003717    0.004847    0.00606    0.007344    0.008689    0.01009    0.01153    0.01301    0.01453    0.01609    0.01766    0.01927    0.02089    0.02254    0.0242    0.02587    0.02756    0.02927    0.03098    0.0327    0.03443    0.03617    0.03791    0.03967    0.04142    0.04318    0.04495    0.04672    
KR86    1.215e-18    0.0007421    0.001888    0.003335    0.005029    0.006929    0.009003    0.01123    0.01357    0.01603    0.01859    0.02122    0.02393    0.02671    0.02954    0.03242    0.03534    0.0383    0.04129    0.04431    0.04736    0.05043    0.05351    0.05662    0.05973    0.06286    0.066    0.06915    0.0723    0.07546    0.07863    0.08179    0.08497    
RB87    1.519e-18    0.0009276    0.002364    0.004178    0.006303    0.008686    0.01129    0.01407    0.01701    0.02009    0.02329    0.02659    0.02999    0.03346    0.037    0.0406    0.04425    0.04795    0.05169    0.05546    0.05927    0.0631    0.06695    0.07082    0.07471    0.07862    0.08253    0.08646    0.09039    0.09433    0.09828    0.1022    0.1062    
SR88    2.064e-18    0.001327    0.003374    0.005953    0.008967    0.01234    0.01602    0.01996    0.02412    0.02847    0.03297    0.03762    0.0424    0.04728    0.05225    0.05731    0.06244    0.06763    0.07287    0.07817    0.0835    0.08887    0.09427    0.0997    0.1051    0.1106    0.1161    0.1216    0.1271    0.1326    0.1381    0.1437    0.1492    
Y89    5.628e-20    0.0004149    0.001737    0.003884    0.006744    0.01021    0.01419    0.0186    0.02337    0.02845    0.03379    0.03936    0.04512    0.05105    0.05712    0.06332    0.06963    0.07604    0.08253    0.08909    0.09571    0.1024    0.1091    0.1159    0.1227    0.1295    0.1364    0.1432    0.1501    0.157    0.1639    0.1709    0.1778    
SR90    3.097e-18    0.001934    0.004985    0.008867    0.01342    0.01854    0.02412    0.03008    0.03637    0.04293    0.04973    0.05673    0.06389    0.0712    0.07863    0.08616    0.09378    0.1015    0.1092    0.117    0.1249    0.1327    0.1406    0.1485    0.1564    0.1643    0.1722    0.1801    0.188    0.1959    0.2037    0.2116    0.2194    
Y91    2.975e-18    0.001798    0.003784    0.00563    0.007265    0.00868    0.009891    0.01092    0.01181    0.01256    0.01321    0.01377    0.01425    0.01467    0.01504    0.01535    0.01563    0.01587    0.01609    0.01627    0.01643    0.01657    0.01669    0.0168    0.01689    0.01696    0.01703    0.01709    0.01713    0.01717    0.01721    0.01724    0.01726    
ZR91    4.531e-20    0.0004967    0.002169    0.004986    0.008838    0.01359    0.01913    0.02532    0.03208    0.03932    0.04698    0.05499    0.06331    0.07189    0.0807    0.08971    0.09889    0.1082    0.1177    0.1273    0.137    0.1467    0.1566    0.1665    0.1764    0.1864    0.1965    0.2065    0.2166    0.2267    0.2369    0.247    0.2572    
ZR92    3.897e-18    0.002622    0.006899    0.01242    0.01895    0.02633    0.03443    0.04313    0.05235    0.06201    0.07206    0.08245    0.09313    0.1041    0.1152    0.1266    0.1381    0.1498    0.1616    0.1736    0.1856    0.1977    0.2099    0.2222    0.2345    0.2469    0.2593    0.2717    0.2842    0.2967    0.3092    0.3218    0.3343    
ZR93    3.875e-18    0.00316    0.008477    0.01541    0.02367    0.03303    0.04331    0.05437    0.06609    0.07838    0.09117    0.1044    0.118    0.1319    0.146    0.1604    0.1751    0.1899    0.2048    0.2199    0.2351    0.2504    0.2658    0.2812    0.2967    0.3122    0.3278    0.3434    0.359    0.3746    0.3902    0.4058    0.4214    
ZR94    4.227e-18    0.003023    0.008403    0.01561    0.02431    0.03427    0.04528    0.05719    0.06987    0.08322    0.09715    0.1116    0.1265    0.1417    0.1574    0.1733    0.1895    0.2059    0.2226    0.2394    0.2564    0.2736    0.2908    0.3082    0.3257    0.3433    0.3609    0.3787    0.3965    0.4143    0.4322    0.4501    0.4681    
ZR95    5.354e-18    0.003    0.006775    0.01055    0.01405    0.01717    0.0199    0.02227    0.02432    0.02609    0.02762    0.02896    0.03012    0.03114    0.03203    0.0328    0.03349    0.03408    0.03461    0.03507    0.03547    0.03582    0.03612    0.03639    0.03661    0.03681    0.03698    0.03712    0.03725    0.03735    0.03744    0.03751    0.03757    
NB95    8.527e-20    0.0005537    0.001994    0.003842    0.00578    0.007632    0.009318    0.01081    0.01212    0.01326    0.01424    0.0151    0.01584    0.01649    0.01705    0.01755    0.01798    0.01836    0.01869    0.01898    0.01923    0.01946    0.01965    0.01982    0.01997    0.02009    0.0202    0.0203    0.02038    0.02045    0.0205    0.02055    0.02059    
MO95    1.694e-21    0.0001782    0.00138    0.004227    0.008938    0.0155    0.02376    0.03355    0.04465    0.0569    0.07011    0.08416    0.09891    0.1143    0.1301    0.1464    0.1631    0.18    0.1972    0.2146    0.2322    0.25    0.2678    0.2857    0.3037    0.3217    0.3397    0.3577    0.3757    0.3937    0.4116    0.4295    0.4473    
ZR96    5.413e-18    0.003786    0.0104    0.01921    0.02981    0.04192    0.0553    0.06976    0.08516    0.1014    0.1183    0.1358    0.1539    0.1725    0.1915    0.2108    0.2305    0.2505    0.2707    0.2911    0.3117    0.3325    0.3534    0.3745    0.3956    0.4169    0.4382    0.4595    0.481    0.5024    0.5239    0.5455    0.567    
MO97    3.818e-18    0.003912    0.01096    0.02038    0.03177    0.04478    0.05918    0.07476    0.09134    0.1088    0.127    0.1459    0.1654    0.1854    0.2058    0.2266    0.2478    0.2693    0.291    0.3129    0.3351    0.3574    0.3799    0.4025    0.4252    0.4479    0.4708    0.4937    0.5167    0.5397    0.5627    0.5857    0.6088    
MO98    5.88e-18    0.004213    0.01172    0.02178    0.03395    0.04789    0.06334    0.08007    0.09792    0.1167    0.1364    0.1568    0.1779    0.1996    0.2218    0.2444    0.2675    0.2909    0.3147    0.3387    0.3629    0.3874    0.4121    0.4369    0.4619    0.487    0.5122    0.5375    0.5629    0.5883    0.6139    0.6394    0.665    
TC99    1.73e-18    0.004058    0.01179    0.02213    0.03459    0.04879    0.06442    0.08124    0.09907    0.1177    0.1371    0.157    0.1775    0.1983    0.2195    0.2409    0.2625    0.2842    0.306    0.3278    0.3497    0.3715    0.3933    0.415    0.4365    0.458    0.4793    0.5004    0.5214    0.5421    0.5627    0.5831    0.6033    
MO100    6.347e-18    0.004734    0.01342    0.02519    0.0395    0.05594    0.07417    0.09396    0.1151    0.1373    0.1606    0.1848    0.2097    0.2354    0.2616    0.2884    0.3156    0.3433    0.3713    0.3997    0.4283    0.4571    0.4862    0.5154    0.5448    0.5743    0.6039    0.6337    0.6635    0.6933    0.7233    0.7532    0.7832    
RU101    6.716e-18    0.004692    0.01286    0.02369    0.03672    0.05159    0.06801    0.08575    0.1046    0.1245    0.1452    0.1667    0.1889    0.2116    0.2348    0.2584    0.2824    0.3067    0.3313    0.3561    0.3811    0.4062    0.4315    0.4568    0.4822    0.5077    0.5331    0.5586    0.5841    0.6095    0.635    0.6604    0.6857    
RU102    6.885e-18    0.004825    0.01326    0.02451    0.03811    0.05371    0.07104    0.08986    0.11    0.1313    0.1537    0.177    0.2012    0.2261    0.2518    0.278    0.3049    0.3322    0.36    0.3882    0.4168    0.4458    0.475    0.5046    0.5344    0.5644    0.5947    0.6251    0.6557    0.6865    0.7175    0.7486    0.7798    
RU103    5.902e-18    0.003325    0.00732    0.01105    0.01432    0.01711    0.0195    0.02153    0.02328    0.0248    0.02613    0.02728    0.0283    0.0292    0.02999    0.0307    0.03132    0.03186    0.03235    0.03277    0.03314    0.03347    0.03376    0.03401    0.03423    0.03442    0.03458    0.03473    0.03485    0.03495    0.03505    0.03512    0.03519    
RH103    1.55e-19    0.001308    0.005861    0.01354    0.02385    0.03625    0.05025    0.06544    0.08151    0.09817    0.1152    0.1325    0.1498    0.1671    0.1843    0.2013    0.2179    0.2343    0.2502    0.2658    0.2809    0.2956    0.3098    0.3235    0.3368    0.3496    0.3618    0.3736    0.385    0.3958    0.4062    0.4162    0.4257    
RU104    5.625e-18    0.004234    0.01207    0.02272    0.03574    0.05074    0.06747    0.08568    0.1052    0.1259    0.1476    0.1702    0.1937    0.2179    0.2427    0.2681    0.294    0.3204    0.3472    0.3743    0.4018    0.4295    0.4574    0.4856    0.5139    0.5424    0.5711    0.5998    0.6286    0.6575    0.6865    0.7155    0.7446    
PD104    0    2.069e-05    0.0001909    0.000677    0.001627    0.003163    0.005377    0.008341    0.01211    0.01671    0.02218    0.02853    0.03576    0.04387    0.05287    0.06273    0.07345    0.08501    0.09738    0.1106    0.1245    0.1392    0.1547    0.1708    0.1876    0.2051    0.2232    0.2419    0.2612    0.281    0.3014    0.3223    0.3436    
PD105    1.995e-18    0.0031    0.00926    0.01776    0.02818    0.04023    0.05367    0.06828    0.08393    0.1005    0.1178    0.1359    0.1545    0.1737    0.1933    0.2134    0.2338    0.2545    0.2754    0.2966    0.3179    0.3394    0.3611    0.3828    0.4046    0.4264    0.4483    0.4701    0.492    0.5139    0.5358    0.5576    0.5794    
RU106    2.979e-18    0.002465    0.007167    0.01341    0.02075    0.02886    0.03747    0.04641    0.05553    0.0647    0.07384    0.08288    0.09175    0.1004    0.1088    0.1169    0.1248    0.1323    0.1394    0.1462    0.1527    0.1588    0.1646    0.1701    0.1752    0.1799    0.1844    0.1886    0.1925    0.1961    0.1994    0.2025    0.2054    
PD106    8.445e-21    0.0003387    0.001285    0.002969    0.005494    0.008933    0.01333    0.01872    0.02512    0.03254    0.04096    0.05039    0.0608    0.07217    0.08447    0.09769    0.1118    0.1267    0.1425    0.159    0.1763    0.1943    0.213    0.2323    0.2522    0.2727    0.2938    0.3153    0.3374    0.3599    0.3828    0.4062    0.4299    
PD107    1.775e-18    0.001701    0.005324    0.01049    0.01697    0.02457    0.03317    0.04264    0.0529    0.06387    0.07548    0.08767    0.1004    0.1136    0.1272    0.1412    0.1555    0.1701    0.1849    0.2    0.2153    0.2308    0.2463    0.262    0.2778    0.2937    0.3096    0.3256    0.3416    0.3576    0.3737    0.3897    0.4057    
PD108    1.171e-18    0.00116    0.003669    0.007267    0.01179    0.01711    0.02313    0.02978    0.037    0.04473    0.05293    0.06154    0.07053    0.07986    0.0895    0.0994    0.1095    0.1199    0.1304    0.1411    0.152    0.1629    0.174    0.1851    0.1962    0.2075    0.2187    0.23    0.2413    0.2526    0.2639    0.2751    0.2864    
AG109    6.733e-19    0.0008007    0.002445    0.004727    0.007516    0.01071    0.01424    0.01804    0.02207    0.02628    0.03063    0.03511    0.03967    0.0443    0.04898    0.05368    0.05838    0.06308    0.06776    0.07241    0.07701    0.08156    0.08605    0.09048    0.09484    0.09912    0.1033    0.1075    0.1115    0.1155    0.1193    0.1231    0.1269    
PD110    7.333e-19    0.0005193    0.001438    0.002674    0.00418    0.005925    0.007882    0.01003    0.01236    0.01485    0.01748    0.02026    0.02315    0.02617    0.02929    0.0325    0.0358    0.03918    0.04262    0.04613    0.04969    0.0533    0.05696    0.06065    0.06437    0.06812    0.0719    0.0757    0.07951    0.08335    0.08719    0.09104    0.09491    
CD111    8.681e-20    0.0003014    0.0008601    0.001569    0.002406    0.003355    0.004404    0.005546    0.006772    0.008077    0.009455    0.0109    0.01241    0.01398    0.0156    0.01728    0.019    0.02076    0.02257    0.02441    0.02628    0.02818    0.03012    0.03208    0.03407    0.03608    0.03811    0.04016    0.04223    0.04432    0.04643    0.04856    0.0507    
SN126    8.505e-19    0.0004645    0.001093    0.001834    0.002667    0.003574    0.004543    0.005563    0.006626    0.007724    0.008853    0.01001    0.01118    0.01238    0.01359    0.01481    0.01605    0.01729    0.01854    0.0198    0.02107    0.02234    0.02362    0.02489    0.02618    0.02746    0.02874    0.03003    0.03132    0.03261    0.0339    0.03519    0.03648    
I127    1.716e-19    0.0005634    0.00155    0.00281    0.004298    0.005972    0.007803    0.009762    0.01183    0.01398    0.01621    0.0185    0.02084    0.02321    0.02562    0.02806    0.03051    0.03298    0.03546    0.03794    0.04043    0.04291    0.0454    0.04788    0.05035    0.05282    0.05528    0.05772    0.06016    0.06259    0.065    0.0674    0.06978    
TE128    1.771e-18    0.001124    0.002891    0.005132    0.007761    0.01071    0.01392    0.01734    0.02095    0.02472    0.02861    0.03261    0.03671    0.04089    0.04514    0.04945    0.0538    0.0582    0.06264    0.06711    0.07161    0.07613    0.08067    0.08523    0.0898    0.09439    0.09898    0.1036    0.1082    0.1128    0.1174    0.122    0.1267    
I129    1.85e-18    0.001421    0.003947    0.007325    0.0114    0.01603    0.02112    0.02659    0.03237    0.03841    0.04466    0.05108    0.05764    0.06432    0.0711    0.07795    0.08486    0.09181    0.0988    0.1058    0.1128    0.1199    0.1269    0.1339    0.1409    0.1479    0.1549    0.1618    0.1687    0.1756    0.1824    0.1893    0.196    
TE130    3.671e-18    0.002538    0.006931    0.01275    0.01973    0.02767    0.03643    0.04587    0.0559    0.06642    0.07738    0.08871    0.1004    0.1123    0.1245    0.1369    0.1495    0.1622    0.1751    0.1881    0.2012    0.2144    0.2277    0.2411    0.2545    0.268    0.2815    0.295    0.3086    0.3222    0.3358    0.3494    0.3631    
XE131    5.705e-19    0.002589    0.008318    0.01609    0.0254    0.03589    0.04727    0.05931    0.07181    0.08465    0.09769    0.1108    0.124    0.1372    0.1502    0.1631    0.1758    0.1883    0.2006    0.2126    0.2243    0.2357    0.2468    0.2575    0.268    0.2782    0.288    0.2975    0.3066    0.3155    0.324    0.3323    0.3402    
XE132    1.906e-18    0.00468    0.01391    0.02657    0.04219    0.06039    0.08088    0.1034    0.1278    0.154    0.1816    0.2108    0.2412    0.2729    0.3058    0.3397    0.3746    0.4105    0.4473    0.4848    0.5232    0.5622    0.602    0.6423    0.6833    0.7248    0.7668    0.8093    0.8523    0.8957    0.9396    0.9838    1.028    
CS133    7.71e-19    0.005138    0.01619    0.03132    0.04972    0.07076    0.09397    0.119    0.1454    0.1731    0.2017    0.2311    0.2612    0.2919    0.3228    0.3541    0.3856    0.4172    0.4488    0.4804    0.5119    0.5432    0.5744    0.6053    0.6361    0.6665    0.6966    0.7264    0.7559    0.785    0.8137    0.8421    0.8701    
XE134    9.999e-18    0.007264    0.02024    0.03764    0.05874    0.08295    0.1098    0.139    0.1703    0.2033    0.2379    0.2739    0.3112    0.3495    0.3889    0.4292    0.4702    0.512    0.5543    0.5972    0.6406    0.6844    0.7285    0.773    0.8177    0.8627    0.9079    0.9532    0.9987    1.044    1.09    1.136    1.182    
CS134    1.739e-23    2.993e-05    0.0001905    0.0005446    0.001135    0.00199    0.003128    0.00456    0.006289    0.008315    0.01063    0.01324    0.01612    0.01927    0.02267    0.02632    0.03019    0.03428    0.03857    0.04304    0.04769    0.05249    0.05744    0.06252    0.06772    0.07302    0.07842    0.08391    0.08946    0.09507    0.1007    0.1064    0.1122    
CS135    7.17e-18    0.001697    0.004865    0.009175    0.01443    0.02049    0.02723    0.03456    0.04242    0.05075    0.05949    0.06862    0.0781    0.08789    0.09798    0.1083    0.119    0.1298    0.1409    0.1522    0.1637    0.1754    0.1872    0.1993    0.2115    0.2238    0.2363    0.249    0.2618    0.2748    0.2879    0.3011    0.3144    
XE136    8.955e-18    0.01155    0.03272    0.06138    0.09626    0.1364    0.181    0.2295    0.2813    0.3361    0.3935    0.4532    0.515    0.5786    0.6439    0.7105    0.7785    0.8476    0.9176    0.9886    1.06    1.133    1.206    1.279    1.353    1.427    1.502    1.577    1.652    1.727    1.803    1.879    1.954    
CS137    8.172e-18    0.006105    0.01731    0.03249    0.05093    0.07211    0.0956    0.1211    0.1482    0.1769    0.2068    0.2378    0.2699    0.3027    0.3363    0.3706    0.4054    0.4407    0.4764    0.5124    0.5487    0.5853    0.622    0.6589    0.6959    0.733    0.7701    0.8073    0.8444    0.8816    0.9187    0.9557    0.9927    
BA138    8.233e-18    0.005907    0.01643    0.03053    0.04762    0.06723    0.089    0.1127    0.1379    0.1647    0.1927    0.2219    0.2521    0.2832    0.3151    0.3477    0.3809    0.4148    0.4491    0.4839    0.519    0.5545    0.5903    0.6263    0.6626    0.6991    0.7357    0.7725    0.8094    0.8464    0.8835    0.9206    0.9579    
LA139    8.436e-18    0.005948    0.01642    0.03039    0.04727    0.06659    0.08801    0.1112    0.136    0.1622    0.1896    0.2181    0.2476    0.2779    0.3089    0.3406    0.3729    0.4057    0.4389    0.4726    0.5065    0.5408    0.5753    0.61    0.6449    0.6799    0.7151    0.7503    0.7857    0.821    0.8564    0.8919    0.9273    
BA140    7.087e-18    0.00227    0.003825    0.005068    0.0061    0.006973    0.00772    0.008366    0.008931    0.009427    0.009866    0.01026    0.0106    0.01091    0.01118    0.01143    0.01164    0.01183    0.012    0.01215    0.01228    0.01239    0.01249    0.01258    0.01265    0.01271    0.01277    0.01282    0.01286    0.01289    0.01292    0.01294    0.01296    
CE140    1.881e-19    0.003256    0.01193    0.02454    0.04039    0.05895    0.07982    0.1027    0.1273    0.1534    0.1809    0.2096    0.2394    0.2701    0.3017    0.334    0.3671    0.4007    0.4349    0.4696    0.5047    0.5402    0.576    0.6121    0.6486    0.6852    0.722    0.7591    0.7963    0.8336    0.8711    0.9087    0.9464    
CE141    7.055e-18    0.003559    0.007357    0.0107    0.01354    0.01592    0.01795    0.01967    0.02115    0.02244    0.02356    0.02454    0.0254    0.02616    0.02684    0.02743    0.02795    0.02841    0.02882    0.02917    0.02949    0.02976    0.03    0.0302    0.03038    0.03054    0.03067    0.03078    0.03088    0.03096    0.03103    0.03109    0.03114    
PR141    2.28e-19    0.001773    0.00766    0.01736    0.03033    0.04605    0.06408    0.08406    0.1057    0.1288    0.1531    0.1784    0.2047    0.2318    0.2596    0.2879    0.3169    0.3463    0.376    0.4061    0.4365    0.4672    0.498    0.529    0.5602    0.5914    0.6228    0.6541    0.6856    0.717    0.7485    0.7799    0.8114    
CE142    7.215e-18    0.005193    0.01449    0.02696    0.04206    0.05937    0.07855    0.09935    0.1215    0.1449    0.1694    0.1949    0.2211    0.2481    0.2757    0.304    0.3327    0.3618    0.3914    0.4213    0.4515    0.482    0.5127    0.5436    0.5746    0.6058    0.6371    0.6686    0.7001    0.7317    0.7633    0.795    0.8268    
ND143    1.776e-19    0.002609    0.009502    0.01931    0.03135    0.04513    0.06026    0.07645    0.09345    0.1111    0.1291    0.1475    0.1661    0.1848    0.2035    0.2222    0.2407    0.2591    0.2773    0.2952    0.3128    0.3301    0.3471    0.3638    0.38    0.3959    0.4114    0.4265    0.4412    0.4555    0.4695    0.483    0.4961    
CE144    6.373e-18    0.004175    0.01084    0.01905    0.02823    0.03798    0.04799    0.05805    0.06801    0.07774    0.08718    0.09626    0.1049    0.1132    0.121    0.1284    0.1353    0.1418    0.1479    0.1536    0.1588    0.1637    0.1681    0.1723    0.1761    0.1796    0.1827    0.1857    0.1883    0.1907    0.1929    0.1949    0.1967    
ND144    2.324e-20    0.0002631    0.001399    0.003749    0.007545    0.01294    0.02004    0.02889    0.03952    0.05193    0.06611    0.08202    0.09963    0.1189    0.1398    0.1622    0.186    0.2113    0.238    0.266    0.2952    0.3256    0.3572    0.3898    0.4234    0.458    0.4935    0.5298    0.567    0.6049    0.6436    0.683    0.723    
ND145    5.606e-18    0.003718    0.009994    0.01818    0.02792    0.03894    0.05102    0.064    0.07772    0.09208    0.107    0.1223    0.138    0.1541    0.1704    0.1869    0.2035    0.2203    0.2372    0.2541    0.2711    0.288    0.3049    0.3218    0.3387    0.3554    0.3721    0.3887    0.4051    0.4215    0.4377    0.4538    0.4698    
ND146    4.993e-18    0.003307    0.008835    0.0161    0.02483    0.03485    0.04599    0.05812    0.07116    0.08503    0.09964    0.1149    0.1309    0.1474    0.1645    0.1821    0.2001    0.2186    0.2376    0.2569    0.2765    0.2966    0.3169    0.3375    0.3585    0.3797    0.4012    0.4229    0.4448    0.467    0.4894    0.512    0.5349    
PM147    3.38e-19    0.001573    0.005016    0.009492    0.01465    0.02024    0.02607    0.03202    0.03799    0.04389    0.04968    0.05531    0.06075    0.06599    0.07099    0.07577    0.0803    0.08459    0.08864    0.09244    0.09602    0.09936    0.1025    0.1054    0.1081    0.1106    0.1129    0.1151    0.1171    0.1189    0.1206    0.1221    0.1235    
ND148    3.299e-18    0.002199    0.005881    0.0107    0.01645    0.02301    0.03024    0.03807    0.04642    0.05521    0.06442    0.07398    0.08385    0.09401    0.1044    0.115    0.1259    0.1369    0.148    0.1593    0.1707    0.1822    0.1937    0.2054    0.2171    0.2288    0.2406    0.2525    0.2643    0.2762    0.2881    0.3    0.3119    
SM148    0    1.981e-05    0.0001475    0.0004479    0.0009634    0.001724    0.002749    0.004053    0.005644    0.007528    0.009704    0.01217    0.01493    0.01797    0.02129    0.02489    0.02874    0.03286    0.03722    0.04183    0.04667    0.05173    0.057    0.06248    0.06816    0.07402    0.08007    0.08629    0.09267    0.09921    0.1059    0.1127    0.1197    
ND150    2.015e-18    0.001325    0.003524    0.006392    0.009818    0.01372    0.01802    0.02268    0.02765    0.0329    0.03838    0.04409    0.04999    0.05606    0.06229    0.06865    0.07513    0.08172    0.0884    0.09517    0.102    0.1089    0.1159    0.1229    0.1299    0.137    0.1441    0.1512    0.1583    0.1655    0.1726    0.1798    0.187    
SM150    1.534e-22    0.001373    0.004143    0.00787    0.01243    0.01771    0.02363    0.03013    0.03713    0.0446    0.05248    0.06072    0.0693    0.07817    0.0873    0.09665    0.1062    0.1159    0.1258    0.1358    0.1459    0.1561    0.1663    0.1766    0.1869    0.1972    0.2075    0.2178    0.2281    0.2384    0.2486    0.2588    0.269    
SM152    9.223e-19    0.0008966    0.002823    0.005555    0.008894    0.01267    0.01676    0.02105    0.02546    0.02993    0.03442    0.03889    0.04331    0.04767    0.05193    0.0561    0.06017    0.06412    0.06795    0.07166    0.07525    0.07871    0.08206    0.08528    0.08839    0.09139    0.09428    0.09706    0.09974    0.1023    0.1048    0.1072    0.1095    
EU153    2.613e-19    0.0004532    0.001347    0.002649    0.004356    0.006456    0.008931    0.01176    0.0149    0.01834    0.02204    0.02597    0.0301    0.03439    0.03882    0.04336    0.04799    0.05268    0.05741    0.06216    0.06691    0.07165    0.07636    0.08102    0.08564    0.09019    0.09466    0.09907    0.1034    0.1076    0.1118    0.1158    0.1197    
SM154    3.961e-19    0.000299    0.0008492    0.001597    0.002512    0.003569    0.00475    0.006039    0.007426    0.008899    0.01045    0.01207    0.01375    0.01549    0.01728    0.01911    0.02099    0.0229    0.02484    0.02681    0.0288    0.03081    0.03284    0.03489    0.03695    0.03902    0.0411    0.04318    0.04528    0.04737    0.04948    0.05158    0.05368    
GD156    7.11e-21    7.624e-05    0.000334    0.0007797    0.001412    0.002225    0.003216    0.004385    0.005734    0.007268    0.008997    0.01093    0.01308    0.01546    0.01808    0.02095    0.0241    0.02752    0.03124    0.03526    0.03959    0.04424    0.04922    0.05454    0.06019    0.06618    0.07251    0.07918    0.0862    0.09356    0.1013    0.1093    0.1177    
