TIME    3   50   100   150   200   250   300   350   400   450   500   550   600   650   700   750   800   850   900   950   1000   1050   1100   1150   1200   1250   1300   1350   1400   1450   1500   1550   1600   
NEUT_PROD    282   264   246   229   213   198   184   172   160   149   139   129   120   112   104   97   90.4   84.2   78.5   73.1   68.1   63.5   59.2   55.3   51.6   48.1   44.9   42   39.2   36.6   34.3   32.1   30   
NEUT_DEST    142   141   133   125   118   111   105   99.1   93.7   88.6   83.9   79.4   75.3   71.4   67.8   64.4   61.3   58.3   55.6   53   50.6   48.3   46.2   44.3   42.5   40.7   39.1   37.6   36.3   34.9   33.7   32.6   31.5   
BUd    1.13e-13    51.5    51.1    47.5    44.2    41.2    38.3    35.7    33.2    30.9    28.8    26.8    25    23.2    21.6    20.2    18.8    17.5    16.3    15.2    14.1    13.2    12.3    11.5    10.7    9.97    9.3    8.69    8.11    7.58    7.08    6.62    6.2    
U234    1.029e-17    0.004613    0.009052    0.01305    0.01666    0.01991    0.02286    0.02554    0.02801    0.03029    0.03244    0.03448    0.03646    0.0384    0.04034    0.04231    0.04433    0.04642    0.04862    0.05094    0.0534    0.05601    0.05878    0.06174    0.06488    0.06822    0.07177    0.07552    0.07948    0.08365    0.08804    0.09264    0.09746    
U235    1000    934.8    870.1    809.8    753.7    701.6    653    607.8    565.7    526.5    490.1    456.1    424.6    395.2    367.8    342.3    318.6    296.6    276.1    256.9    239.2    222.6    207.2    192.8    179.5    167.1    155.5    144.7    134.7    125.4    116.7    108.6    101.1    
U236    2.569e-14    11.63    23.06    33.59    43.29    52.21    60.41    67.93    74.84    81.16    86.94    92.23    97.04    101.4    105.4    109    112.3    115.2    117.9    120.3    122.4    124.2    125.9    127.3    128.6    129.7    130.6    131.4    132    132.5    132.9    133.2    133.3    
U237    0    0.01525    0.03424    0.05176    0.0679    0.08274    0.09639    0.1089    0.1204    0.1309    0.1406    0.1494    0.1574    0.1647    0.1714    0.1774    0.1829    0.1878    0.1922    0.1962    0.1997    0.2029    0.2056    0.2081    0.2102    0.212    0.2136    0.2149    0.216    0.2168    0.2175    0.218    0.2183    
U238    0    0.0003012    0.001524    0.003644    0.006589    0.01029    0.01469    0.01973    0.02535    0.03151    0.03815    0.04524    0.05273    0.0606    0.06879    0.07729    0.08606    0.09508    0.1043    0.1137    0.1233    0.1331    0.143    0.153    0.1631    0.1733    0.1835    0.1938    0.2042    0.2146    0.225    0.2354    0.2459    
NP237    0    0.03102    0.1547    0.3642    0.6484    0.9971    1.401    1.852    2.343    2.866    3.416    3.987    4.574    5.172    5.777    6.387    6.997    7.606    8.209    8.806    9.395    9.973    10.54    11.09    11.63    12.16    12.67    13.16    13.63    14.09    14.54    14.96    15.37    
NP238    0    8.713e-05    0.0004347    0.001024    0.001824    0.002806    0.003944    0.005214    0.006596    0.00807    0.009618    0.01123    0.01288    0.01456    0.01627    0.01799    0.0197    0.02142    0.02312    0.0248    0.02646    0.02809    0.02968    0.03124    0.03276    0.03424    0.03567    0.03706    0.0384    0.03969    0.04094    0.04213    0.04328    
PU238    0    0.0003636    0.004047    0.01497    0.0364    0.07096    0.1207    0.1873    0.2717    0.3748    0.4971    0.6386    0.7992    0.9788    1.177    1.392    1.625    1.874    2.138    2.416    2.708    3.012    3.327    3.652    3.986    4.327    4.676    5.03    5.389    5.752    6.118    6.485    6.854    
PU239    0    3.781e-06    8.399e-05    0.0004545    0.001431    0.003384    0.006702    0.01177    0.01895    0.02857    0.04091    0.05621    0.07467    0.09642    0.1216    0.1502    0.1822    0.2177    0.2566    0.2989    0.3443    0.3928    0.4443    0.4985    0.5553    0.6146    0.6761    0.7396    0.805    0.8721    0.9405    1.01    1.081    
SE77    1.57e-18    0.001732    0.003545    0.005222    0.006774    0.008208    0.009534    0.01076    0.01189    0.01293    0.01389    0.01478    0.01559    0.01634    0.01703    0.01766    0.01824    0.01877    0.01926    0.0197    0.02011    0.02047    0.02081    0.02111    0.02138    0.02163    0.02185    0.02205    0.02223    0.02238    0.02252    0.02264    0.02275    
SE78    8.057e-18    0.003761    0.007515    0.01102    0.01429    0.01734    0.02019    0.02285    0.02534    0.02766    0.02983    0.03186    0.03376    0.03553    0.03719    0.03874    0.0402    0.04156    0.04284    0.04404    0.04516    0.04621    0.0472    0.04813    0.04901    0.04983    0.05061    0.05134    0.05203    0.05268    0.05329    0.05388    0.05443    
SE79    2.108e-17    0.009609    0.01915    0.02802    0.03628    0.04396    0.05112    0.05777    0.06396    0.06973    0.07509    0.08008    0.08472    0.08905    0.09307    0.09681    0.1003    0.1035    0.1066    0.1094    0.112    0.1144    0.1167    0.1188    0.1208    0.1226    0.1243    0.1259    0.1274    0.1287    0.13    0.1312    0.1323    
SE80    5.07e-17    0.02305    0.04592    0.06721    0.08704    0.1055    0.1227    0.1387    0.1536    0.1674    0.1803    0.1924    0.2035    0.214    0.2237    0.2327    0.2411    0.249    0.2563    0.2631    0.2694    0.2754    0.2809    0.286    0.2908    0.2953    0.2995    0.3033    0.307    0.3104    0.3135    0.3165    0.3193    
BR81    8.675e-17    0.03937    0.07829    0.1144    0.1478    0.1787    0.2073    0.2338    0.2583    0.281    0.3019    0.3212    0.3391    0.3555    0.3707    0.3846    0.3974    0.4092    0.4201    0.43    0.4391    0.4475    0.4551    0.462    0.4684    0.4741    0.4793    0.484    0.4883    0.4921    0.4956    0.4986    0.5013    
SE82    1.368e-16    0.06218    0.1239    0.1813    0.2348    0.2846    0.3309    0.374    0.4142    0.4515    0.4863    0.5187    0.5489    0.5769    0.6031    0.6274    0.6501    0.6712    0.6908    0.7091    0.7262    0.7421    0.7569    0.7707    0.7835    0.7955    0.8067    0.8171    0.8268    0.8359    0.8443    0.8522    0.8596    
KR83    2.131e-16    0.1003    0.1979    0.2861    0.3657    0.4374    0.5017    0.5592    0.6105    0.656    0.6962    0.7316    0.7625    0.7892    0.8122    0.8317    0.848    0.8614    0.8722    0.8805    0.8866    0.8907    0.8929    0.8935    0.8926    0.8903    0.8867    0.8821    0.8764    0.8699    0.8625    0.8545    0.8458    
KR84    4.346e-16    0.1988    0.3988    0.5875    0.7657    0.934    1.093    1.243    1.386    1.52    1.648    1.769    1.883    1.992    2.095    2.193    2.286    2.374    2.458    2.538    2.614    2.687    2.756    2.822    2.885    2.945    3.002    3.057    3.11    3.16    3.208    3.254    3.298    
KR85    1.154e-16    0.05203    0.1035    0.151    0.1947    0.235    0.2721    0.3061    0.3373    0.366    0.3923    0.4163    0.4382    0.4583    0.4765    0.4931    0.5081    0.5217    0.534    0.545    0.5549    0.5638    0.5716    0.5786    0.5847    0.59    0.5946    0.5986    0.6019    0.6047    0.6069    0.6087    0.61    
RB85    4.281e-16    0.1939    0.3879    0.5689    0.7378    0.8954    1.043    1.18    1.308    1.428    1.54    1.645    1.742    1.834    1.919    1.999    2.074    2.144    2.21    2.271    2.329    2.383    2.434    2.481    2.526    2.568    2.607    2.644    2.679    2.712    2.743    2.772    2.8    
KR86    8.681e-16    0.3946    0.7861    1.151    1.49    1.806    2.1    2.374    2.628    2.866    3.086    3.292    3.483    3.662    3.828    3.982    4.126    4.26    4.385    4.501    4.609    4.71    4.804    4.891    4.973    5.049    5.12    5.186    5.248    5.305    5.359    5.409    5.455    
RB87    1.124e-15    0.5103    1.018    1.49    1.929    2.338    2.719    3.073    3.403    3.71    3.996    4.261    4.509    4.739    4.954    5.154    5.339    5.512    5.673    5.823    5.963    6.093    6.214    6.327    6.432    6.53    6.621    6.706    6.785    6.858    6.927    6.991    7.051    
SR88    1.53e-15    0.7342    1.466    2.147    2.781    3.371    3.921    4.433    4.909    5.352    5.765    6.15    6.508    6.841    7.152    7.441    7.71    7.961    8.195    8.412    8.615    8.804    8.98    9.144    9.297    9.439    9.572    9.696    9.812    9.92    10.02    10.11    10.2    
SR89    2.094e-15    0.7137    1.055    1.178    1.196    1.163    1.107    1.043    0.9777    0.9134    0.8519    0.7939    0.7395    0.6887    0.6414    0.5972    0.5561    0.5178    0.4822    0.4491    0.4183    0.3896    0.3629    0.3381    0.315    0.2935    0.2735    0.2549    0.2377    0.2216    0.2066    0.1927    0.1798    
Y89    4.341e-17    0.2583    0.8824    1.657    2.475    3.286    4.065    4.803    5.496    6.144    6.748    7.312    7.837    8.325    8.78    9.204    9.598    9.965    10.31    10.62    10.92    11.19    11.45    11.69    11.91    12.12    12.31    12.49    12.66    12.81    12.96    13.09    13.22    
SR90    2.585e-15    1.173    2.334    3.41    4.407    5.332    6.188    6.981    7.715    8.395    9.023    9.604    10.14    10.64    11.09    11.52    11.91    12.26    12.59    12.9    13.17    13.43    13.66    13.88    14.07    14.25    14.42    14.56    14.7    14.82    14.93    15.03    15.11    
ZR90    4.175e-18    0.003586    0.01116    0.02237    0.03698    0.05475    0.07545    0.09888    0.1248    0.1531    0.1836    0.216    0.2503    0.2863    0.3239    0.3629    0.4033    0.4449    0.4876    0.5314    0.5761    0.6218    0.6682    0.7154    0.7632    0.8117    0.8607    0.9103    0.9603    1.011    1.062    1.113    1.164    
Y91    2.131e-15    0.9161    1.41    1.621    1.679    1.657    1.595    1.514    1.425    1.336    1.249    1.165    1.087    1.013    0.9436    0.8791    0.8189    0.7628    0.7106    0.662    0.6168    0.5747    0.5356    0.4992    0.4653    0.4338    0.4045    0.3772    0.3519    0.3283    0.3064    0.286    0.2671    
ZR91    3.246e-17    0.2823    0.9936    1.905    2.89    3.883    4.849    5.771    6.642    7.46    8.225    8.939    9.604    10.22    10.8    11.34    11.84    12.3    12.74    13.14    13.51    13.86    14.19    14.49    14.77    15.03    15.28    15.5    15.71    15.91    16.09    16.26    16.42    
ZR92    2.618e-15    1.248    2.498    3.661    4.744    5.753    6.692    7.567    8.382    9.141    9.847    10.51    11.12    11.69    12.22    12.72    13.18    13.61    14.01    14.39    14.74    15.06    15.37    15.65    15.92    16.16    16.39    16.61    16.81    17    17.17    17.34    17.49    
ZR93    2.41e-15    1.353    2.712    3.975    5.148    6.239    7.253    8.194    9.069    9.881    10.64    11.34    11.99    12.59    13.15    13.67    14.15    14.6    15.01    15.4    15.75    16.08    16.39    16.67    16.94    17.18    17.4    17.61    17.8    17.98    18.14    18.29    18.43    
ZR94    2.946e-15    1.34    2.672    3.913    5.071    6.151    7.158    8.098    8.975    9.793    10.56    11.27    11.93    12.56    13.14    13.68    14.19    14.66    15.11    15.52    15.91    16.27    16.62    16.94    17.24    17.52    17.78    18.03    18.27    18.49    18.69    18.89    19.07    
ZR95    3.004e-15    1.084    1.69    1.969    2.064    2.055    1.991    1.899    1.794    1.686    1.578    1.474    1.376    1.283    1.195    1.114    1.038    0.9665    0.9004    0.8388    0.7814    0.7281    0.6785    0.6324    0.5895    0.5496    0.5125    0.478    0.446    0.4162    0.3886    0.3628    0.339    
NB95    4.786e-17    0.2245    0.5899    0.8643    1.023    1.092    1.103    1.078    1.035    0.9815    0.9245    0.8669    0.8108    0.757    0.7061    0.6582    0.6133    0.5714    0.5323    0.4959    0.462    0.4304    0.401    0.3737    0.3483    0.3247    0.3027    0.2823    0.2633    0.2456    0.2292    0.214    0.1998    
MO95    9.508e-19    0.07838    0.4818    1.204    2.134    3.168    4.233    5.284    6.295    7.252    8.148    8.983    9.758    10.47    11.13    11.74    12.3    12.81    13.29    13.72    14.11    14.47    14.8    15.09    15.36    15.61    15.83    16.03    16.21    16.37    16.51    16.63    16.74    
ZR96    3.029e-15    1.377    2.743    4.015    5.198    6.3    7.325    8.279    9.166    9.992    10.76    11.48    12.14    12.76    13.34    13.87    14.37    14.84    15.27    15.67    16.05    16.39    16.72    17.02    17.3    17.56    17.81    18.04    18.25    18.45    18.63    18.8    18.96    
MO96    1.667e-19    0.0003276    0.002348    0.007986    0.01862    0.03499    0.05738    0.08577    0.12    0.1596    0.2045    0.2542    0.3083    0.3666    0.4286    0.4941    0.5629    0.6345    0.7089    0.7857    0.8647    0.9457    1.029    1.113    1.199    1.287    1.375    1.465    1.556    1.647    1.739    1.832    1.926    
ZR97    9.17e-16    0.02714    0.02527    0.02353    0.02191    0.02041    0.019    0.0177    0.01648    0.01535    0.0143    0.01332    0.01241    0.01156    0.01078    0.01004    0.00936    0.008726    0.008136    0.007588    0.007078    0.006603    0.006162    0.005753    0.005372    0.005018    0.004689    0.004384    0.0041    0.003836    0.003591    0.003364    0.003153    
MO97    1.944e-15    1.274    2.569    3.774    4.894    5.936    6.905    7.806    8.644    9.423    10.15    10.82    11.45    12.03    12.57    13.08    13.54    13.98    14.39    14.76    15.11    15.44    15.74    16.02    16.28    16.53    16.75    16.96    17.16    17.34    17.51    17.67    17.81    
MO98    2.876e-15    1.308    2.607    3.816    4.943    5.993    6.971    7.882    8.732    9.523    10.26    10.95    11.59    12.19    12.74    13.26    13.75    14.2    14.62    15.02    15.39    15.73    16.05    16.35    16.63    16.9    17.14    17.37    17.59    17.79    17.98    18.16    18.33    
MO99    2.09e-15    0.1105    0.1029    0.09581    0.08922    0.08309    0.07738    0.07207    0.06713    0.06253    0.05825    0.05427    0.05057    0.04712    0.04392    0.04094    0.03817    0.03559    0.03319    0.03096    0.02889    0.02696    0.02517    0.02351    0.02196    0.02052    0.01919    0.01795    0.0168    0.01573    0.01473    0.01381    0.01296    
TC99    8.197e-16    1.227    2.554    3.772    4.889    5.912    6.848    7.702    8.482    9.192    9.837    10.42    10.95    11.43    11.86    12.24    12.59    12.9    13.17    13.41    13.62    13.8    13.95    14.09    14.2    14.29    14.36    14.41    14.45    14.47    14.48    14.48    14.47    
MO100    3.159e-15    1.436    2.861    4.186    5.42    6.569    7.637    8.632    9.557    10.42    11.22    11.97    12.66    13.31    13.91    14.47    14.99    15.47    15.92    16.34    16.74    17.1    17.44    17.76    18.05    18.33    18.58    18.82    19.04    19.25    19.44    19.62    19.79    
RU100    1.144e-20    0.00742    0.03228    0.0732    0.1288    0.198    0.2794    0.3721    0.475    0.5872    0.7079    0.8363    0.9715    1.113    1.26    1.412    1.569    1.729    1.893    2.06    2.23    2.402    2.576    2.752    2.929    3.107    3.286    3.465    3.645    3.826    4.006    4.186    4.366    
RU101    2.564e-15    1.168    2.324    3.396    4.389    5.309    6.16    6.949    7.679    8.354    8.978    9.555    10.09    10.58    11.03    11.45    11.84    12.19    12.52    12.82    13.1    13.35    13.58    13.8    13.99    14.17    14.33    14.48    14.62    14.74    14.85    14.95    15.04    
RU102    2.168e-15    0.9907    1.979    2.903    3.768    4.577    5.335    6.046    6.711    7.336    7.921    8.471    8.987    9.472    9.928    10.36    10.76    11.14    11.5    11.84    12.16    12.46    12.75    13.02    13.28    13.52    13.75    13.97    14.18    14.38    14.57    14.76    14.93    
RU103    1.587e-15    0.5006    0.692    0.7376    0.7254    0.6915    0.6507    0.6088    0.5683    0.5299    0.494    0.4604    0.4292    0.4001    0.3731    0.3479    0.3246    0.3028    0.2826    0.2639    0.2465    0.2303    0.2153    0.2014    0.1885    0.1765    0.1654    0.155    0.1455    0.1367    0.1285    0.1209    0.1139    
RH103    4.168e-17    0.2352    0.7529    1.337    1.902    2.417    2.874    3.273    3.616    3.907    4.153    4.356    4.521    4.652    4.753    4.826    4.874    4.901    4.908    4.898    4.874    4.836    4.786    4.727    4.658    4.583    4.501    4.415    4.324    4.23    4.133    4.034    3.934    
RU104    9.866e-16    0.4494    0.8967    1.314    1.702    2.063    2.4    2.713    3.005    3.276    3.529    3.764    3.983    4.187    4.377    4.554    4.719    4.873    5.016    5.149    5.274    5.39    5.498    5.599    5.694    5.782    5.865    5.942    6.014    6.082    6.146    6.206    6.262    
PD104    3.94e-23    0.004081    0.02889    0.08254    0.1659    0.277    0.413    0.5709    0.7476    0.9405    1.147    1.365    1.592    1.826    2.067    2.311    2.558    2.807    3.057    3.307    3.555    3.801    4.045    4.286    4.524    4.757    4.986    5.211    5.431    5.646    5.856    6.061    6.26    
PD105    2.477e-16    0.2207    0.4501    0.6626    0.8594    1.042    1.211    1.367    1.512    1.645    1.769    1.884    1.99    2.088    2.179    2.263    2.341    2.413    2.479    2.541    2.598    2.65    2.699    2.745    2.787    2.826    2.862    2.896    2.927    2.956    2.983    3.009    3.033    
RU106    2.229e-16    0.09718    0.1846    0.2575    0.3177    0.3667    0.4059    0.4366    0.46    0.4769    0.4883    0.495    0.4977    0.4969    0.4932    0.4872    0.4792    0.4695    0.4586    0.4467    0.434    0.4208    0.4072    0.3935    0.3797    0.3659    0.3524    0.3391    0.3261    0.3135    0.3013    0.2895    0.2782    
PD106    6.304e-19    0.02186    0.05463    0.0948    0.1411    0.1924    0.2477    0.3061    0.367    0.4296    0.4934    0.558    0.6229    0.6878    0.7523    0.8163    0.8796    0.9419    1.003    1.063    1.122    1.18    1.236    1.291    1.344    1.397    1.448    1.497    1.545    1.592    1.638    1.683    1.726    
PD107    1.051e-16    0.04772    0.09495    0.1388    0.1794    0.2171    0.252    0.2843    0.3143    0.3422    0.3679    0.3918    0.414    0.4345    0.4536    0.4713    0.4877    0.503    0.5172    0.5305    0.5429    0.5545    0.5653    0.5755    0.5851    0.5942    0.6028    0.611    0.6188    0.6263    0.6335    0.6404    0.6471    
PD108    5.074e-17    0.02307    0.04593    0.06715    0.08686    0.1052    0.1222    0.1379    0.1526    0.1662    0.1788    0.1906    0.2015    0.2116    0.2211    0.2299    0.2381    0.2458    0.253    0.2597    0.2661    0.272    0.2777    0.2831    0.2882    0.293    0.2977    0.3022    0.3066    0.3109    0.315    0.3191    0.3231    
AG109    1.858e-17    0.01108    0.02189    0.03155    0.04018    0.04786    0.05467    0.06071    0.06603    0.07071    0.07481    0.07839    0.0815    0.08418    0.08649    0.08847    0.09015    0.09158    0.09278    0.09378    0.09461    0.0953    0.09587    0.09634    0.09673    0.09707    0.09735    0.09761    0.09785    0.09808    0.09832    0.09857    0.09885    
PD110    1.86e-17    0.008452    0.01684    0.02464    0.03191    0.03867    0.04496    0.05082    0.05627    0.06135    0.06608    0.07049    0.0746    0.07844    0.08202    0.08537    0.08851    0.09145    0.09421    0.09681    0.09926    0.1016    0.1038    0.1059    0.1078    0.1097    0.1116    0.1133    0.115    0.1167    0.1183    0.1198    0.1214    
CD110    0    0.0002806    0.001166    0.002595    0.004512    0.006864    0.009604    0.01269    0.01608    0.01973    0.02362    0.02771    0.03198    0.0364    0.04095    0.04561    0.05036    0.05518    0.06008    0.06502    0.07    0.07501    0.08005    0.0851    0.09017    0.09525    0.1003    0.1054    0.1105    0.1156    0.1207    0.1258    0.1308    
CD111    1.91e-18    0.005336    0.0122    0.01859    0.02452    0.03002    0.03512    0.03985    0.04424    0.04832    0.05211    0.05563    0.0589    0.06195    0.06478    0.06743    0.06989    0.0722    0.07436    0.07638    0.07828    0.08007    0.08175    0.08335    0.08486    0.0863    0.08768    0.08899    0.09026    0.09148    0.09266    0.09381    0.09493    
CD112    6.985e-18    0.004938    0.01001    0.01477    0.01921    0.02338    0.02728    0.03094    0.03437    0.03759    0.04061    0.04345    0.04612    0.04863    0.051    0.05323    0.05533    0.05732    0.0592    0.06098    0.06267    0.06427    0.0658    0.06726    0.06864    0.06997    0.07125    0.07247    0.07365    0.07479    0.07588    0.07695    0.07798    
CD114    1.025e-17    0.008423    0.01795    0.02683    0.03509    0.04278    0.04993    0.05658    0.06276    0.06852    0.07387    0.07885    0.08348    0.0878    0.09181    0.09554    0.09902    0.1023    0.1053    0.1081    0.1107    0.1131    0.1154    0.1175    0.1195    0.1214    0.1231    0.1248    0.1263    0.1277    0.1291    0.1303    0.1315    
IN115    2.804e-18    0.003319    0.006317    0.008542    0.01012    0.01119    0.01184    0.01218    0.01227    0.01219    0.01196    0.01164    0.01125    0.01082    0.01035    0.009873    0.009391    0.008912    0.008442    0.007987    0.007548    0.007128    0.006728    0.006349    0.005991    0.005653    0.005336    0.005038    0.00476    0.0045    0.004257    0.004032    0.003822    
CD116    1.021e-17    0.004643    0.009253    0.01354    0.01754    0.02126    0.02472    0.02794    0.03093    0.03372    0.03632    0.03874    0.04099    0.04308    0.04503    0.04685    0.04854    0.05011    0.05158    0.05295    0.05422    0.05541    0.05652    0.05755    0.05852    0.05942    0.06026    0.06105    0.06179    0.06247    0.06312    0.06372    0.06429    
SN116    2.491e-23    0.0003603    0.001479    0.003176    0.005291    0.007695    0.01029    0.01298    0.01572    0.01846    0.02116    0.0238    0.02635    0.02881    0.03116    0.03341    0.03554    0.03757    0.03949    0.0413    0.04301    0.04463    0.04615    0.04759    0.04894    0.05021    0.0514    0.05253    0.05359    0.05459    0.05554    0.05643    0.05727    
SN117    9.325e-18    0.004537    0.009065    0.01328    0.0172    0.02084    0.02423    0.02739    0.03033    0.03306    0.03561    0.03797    0.04018    0.04223    0.04414    0.04592    0.04758    0.04913    0.05057    0.05191    0.05316    0.05433    0.05542    0.05644    0.05739    0.05827    0.0591    0.05988    0.0606    0.06128    0.06192    0.06252    0.06308    
SN118    1.095e-17    0.005058    0.01008    0.01477    0.01913    0.02319    0.02697    0.03049    0.03377    0.03683    0.03968    0.04233    0.0448    0.04711    0.04926    0.05126    0.05313    0.05487    0.0565    0.05802    0.05944    0.06076    0.062    0.06315    0.06424    0.06525    0.0662    0.06709    0.06792    0.0687    0.06944    0.07013    0.07078    
SN119    1.052e-17    0.004793    0.00956    0.01401    0.01815    0.02202    0.02562    0.02898    0.03211    0.03503    0.03776    0.04029    0.04266    0.04487    0.04693    0.04884    0.05063    0.05231    0.05386    0.05532    0.05668    0.05795    0.05913    0.06024    0.06127    0.06224    0.06315    0.064    0.0648    0.06554    0.06625    0.0669    0.06752    
SN120    1.118e-17    0.005082    0.01013    0.01482    0.0192    0.02327    0.02707    0.0306    0.03389    0.03695    0.03981    0.04247    0.04495    0.04726    0.04941    0.05142    0.05329    0.05503    0.05666    0.05818    0.0596    0.06092    0.06216    0.06331    0.0644    0.06541    0.06635    0.06724    0.06807    0.06885    0.06959    0.07027    0.07092    
SB121    6.483e-18    0.005192    0.01049    0.01538    0.0199    0.02406    0.02789    0.03141    0.03466    0.03763    0.04037    0.04287    0.04517    0.04727    0.04918    0.05093    0.05252    0.05396    0.05527    0.05645    0.05752    0.05848    0.05934    0.0601    0.06079    0.06139    0.06192    0.06238    0.06278    0.06312    0.06341    0.06365    0.06384    
SN122    1.257e-17    0.005715    0.01139    0.01667    0.02158    0.02616    0.03042    0.03439    0.03808    0.04152    0.04473    0.04771    0.05049    0.05308    0.05549    0.05773    0.05983    0.06178    0.0636    0.06529    0.06687    0.06835    0.06973    0.07102    0.07222    0.07334    0.07439    0.07537    0.07629    0.07715    0.07796    0.07872    0.07943    
SB123    1.14e-17    0.005345    0.01098    0.01647    0.02177    0.02683    0.03164    0.03617    0.04044    0.04444    0.04817    0.05164    0.05487    0.05787    0.06064    0.0632    0.06557    0.06774    0.06975    0.07159    0.07328    0.07483    0.07624    0.07754    0.07872    0.07979    0.08076    0.08164    0.08244    0.08316    0.0838    0.08438    0.08489    
SN124    1.953e-17    0.008875    0.01768    0.02587    0.03349    0.04057    0.04716    0.0533    0.059    0.0643    0.06924    0.07383    0.07809    0.08206    0.08576    0.08919    0.09238    0.09536    0.09812    0.1007    0.1031    0.1053    0.1074    0.1093    0.1111    0.1128    0.1143    0.1158    0.1171    0.1184    0.1196    0.1207    0.1217    
SB125    1.673e-17    0.01021    0.02124    0.03115    0.03998    0.04783    0.05478    0.06089    0.06624    0.0709    0.07493    0.07837    0.08129    0.08372    0.08571    0.08731    0.08854    0.08945    0.09006    0.09041    0.09052    0.09041    0.09011    0.08964    0.08902    0.08827    0.0874    0.08642    0.08535    0.08421    0.083    0.08174    0.08043    
TE125    1.39e-20    0.000127    0.0005855    0.001378    0.002483    0.003874    0.005524    0.007404    0.009488    0.01175    0.01417    0.01672    0.01938    0.02214    0.02498    0.02789    0.03084    0.03384    0.03686    0.0399    0.04294    0.04599    0.04903    0.05206    0.05506    0.05804    0.061    0.06392    0.0668    0.06964    0.07244    0.0752    0.07791    
SN126    4.682e-17    0.02128    0.0424    0.06205    0.08035    0.09738    0.1132    0.128    0.1417    0.1545    0.1664    0.1775    0.1878    0.1974    0.2064    0.2147    0.2225    0.2297    0.2365    0.2428    0.2486    0.2541    0.2592    0.264    0.2684    0.2726    0.2765    0.2801    0.2835    0.2867    0.2897    0.2925    0.2952    
TE127M    3.313e-18    0.005009    0.009172    0.01181    0.01337    0.01417    0.01444    0.01435    0.01402    0.01353    0.01294    0.0123    0.01164    0.01097    0.01031    0.009676    0.009065    0.008482    0.007931    0.007412    0.006924    0.006468    0.006041    0.005643    0.005272    0.004927    0.004606    0.004309    0.004032    0.003776    0.003538    0.003318    0.003115    
I127    1.445e-17    0.03605    0.07867    0.1193    0.1577    0.1938    0.2275    0.259    0.2882    0.3153    0.3403    0.3634    0.3847    0.4043    0.4223    0.4387    0.4538    0.4676    0.4801    0.4916    0.502    0.5114    0.5199    0.5276    0.5345    0.5407    0.5462    0.5511    0.5555    0.5593    0.5627    0.5656    0.5681    
TE128    2.528e-16    0.1177    0.2347    0.3437    0.4451    0.5395    0.6274    0.7092    0.7854    0.8563    0.9224    0.9838    1.041    1.094    1.144    1.19    1.233    1.274    1.311    1.346    1.378    1.409    1.437    1.463    1.488    1.511    1.532    1.553    1.571    1.589    1.605    1.621    1.635    
XE128    7.622e-21    0.0001091    0.0004855    0.001119    0.001996    0.003102    0.004422    0.005943    0.00765    0.009529    0.01157    0.01375    0.01607    0.01852    0.02108    0.02374    0.0265    0.02934    0.03226    0.03525    0.03831    0.04143    0.0446    0.04782    0.05107    0.05437    0.0577    0.06106    0.06444    0.06785    0.07127    0.07471    0.07817    
TE129M    6.444e-17    0.01916    0.0254    0.02634    0.02548    0.02406    0.02252    0.02101    0.01958    0.01823    0.01698    0.01581    0.01472    0.01371    0.01277    0.01189    0.01108    0.01032    0.009621    0.008968    0.008362    0.007799    0.007276    0.00679    0.006339    0.005921    0.005533    0.005173    0.004839    0.00453    0.004243    0.003977    0.003731    
I129    3.68e-16    0.1911    0.3937    0.5859    0.7652    0.9313    1.085    1.227    1.357    1.478    1.588    1.69    1.784    1.869    1.948    2.02    2.086    2.146    2.201    2.251    2.296    2.337    2.374    2.408    2.438    2.465    2.489    2.51    2.529    2.546    2.56    2.573    2.584    
TE130    9.886e-16    0.4495    0.8958    1.311    1.698    2.058    2.393    2.704    2.995    3.265    3.516    3.75    3.968    4.171    4.36    4.537    4.7    4.853    4.995    5.128    5.252    5.367    5.474    5.574    5.668    5.755    5.836    5.913    5.984    6.05    6.112    6.17    6.225    
XE130    1.217e-19    0.0006315    0.002567    0.00576    0.01013    0.0156    0.02208    0.02949    0.03776    0.04682    0.0566    0.06705    0.07811    0.08973    0.1019    0.1145    0.1275    0.1409    0.1547    0.1687    0.1831    0.1977    0.2126    0.2277    0.243    0.2584    0.274    0.2897    0.3055    0.3214    0.3374    0.3535    0.3696    
I131    1.564e-15    0.2044    0.194    0.1807    0.1682    0.1566    0.1457    0.1357    0.1263    0.1176    0.1095    0.102    0.09496    0.08844    0.08237    0.07672    0.07147    0.06659    0.06206    0.05784    0.05392    0.05027    0.04689    0.04374    0.04082    0.0381    0.03558    0.03324    0.03107    0.02905    0.02718    0.02545    0.02384    
XE131    2.048e-16    0.641    1.466    2.203    2.856    3.431    3.936    4.376    4.758    5.086    5.365    5.599    5.794    5.952    6.077    6.172    6.24    6.283    6.306    6.308    6.294    6.263    6.219    6.163    6.097    6.021    5.937    5.846    5.749    5.647    5.541    5.432    5.32    
TE132    2.097e-15    0.125    0.1163    0.1083    0.1008    0.09383    0.08734    0.08131    0.07569    0.07047    0.06561    0.06108    0.05688    0.05296    0.04932    0.04593    0.04279    0.03986    0.03713    0.0346    0.03225    0.03006    0.02803    0.02614    0.02439    0.02276    0.02125    0.01984    0.01854    0.01733    0.0162    0.01516    0.01419    
XE132    7.288e-16    1.177    2.515    3.795    5.02    6.193    7.316    8.391    9.42    10.41    11.35    12.25    13.12    13.95    14.74    15.5    16.23    16.93    17.6    18.24    18.86    19.45    20.01    20.55    21.08    21.57    22.05    22.51    22.95    23.38    23.78    24.18    24.55    
I133    1.701e-15    0.05252    0.04889    0.04551    0.04237    0.03944    0.03671    0.03418    0.03182    0.02962    0.02758    0.02568    0.02391    0.02226    0.02073    0.01931    0.01799    0.01675    0.01561    0.01454    0.01355    0.01263    0.01178    0.01098    0.01025    0.009559    0.008921    0.008329    0.007779    0.007269    0.006794    0.006354    0.005946    
XE133    2.354e-15    0.3104    0.2902    0.2701    0.2515    0.2342    0.218    0.203    0.189    0.176    0.1639    0.1526    0.1421    0.1324    0.1233    0.1149    0.1071    0.09976    0.09298    0.08668    0.08082    0.07537    0.0703    0.0656    0.06122    0.05716    0.05339    0.04988    0.04663    0.04361    0.0408    0.0382    0.03578    
CS133    3.776e-16    1.657    3.672    5.515    7.198    8.732    10.13    11.4    12.55    13.59    14.53    15.37    16.13    16.8    17.41    17.94    18.41    18.82    19.18    19.48    19.74    19.96    20.14    20.28    20.39    20.47    20.53    20.55    20.55    20.54    20.5    20.44    20.37    
XE134    5.104e-15    2.352    4.692    6.87    8.898    10.78    12.54    14.18    15.7    17.12    18.43    19.66    20.8    21.87    22.86    23.78    24.64    25.44    26.18    26.88    27.52    28.13    28.69    29.21    29.7    30.15    30.58    30.97    31.34    31.69    32.01    32.31    32.59    
CS134    2.793e-20    0.01077    0.05199    0.1201    0.2105    0.3195    0.4433    0.5789    0.7237    0.8751    1.031    1.19    1.35    1.509    1.668    1.824    1.976    2.125    2.269    2.408    2.542    2.67    2.792    2.907    3.017    3.12    3.217    3.308    3.393    3.471    3.544    3.61    3.671    
BA134    6.12e-23    0.0001394    0.001472    0.005335    0.01286    0.02497    0.04243    0.06584    0.09569    0.1323    0.176    0.2268    0.285    0.3504    0.423    0.5028    0.5896    0.6832    0.7834    0.89    1.003    1.121    1.246    1.375    1.51    1.649    1.793    1.941    2.092    2.248    2.406    2.568    2.732    
CS135    3.555e-15    0.5059    1.013    1.485    1.925    2.336    2.72    3.081    3.42    3.739    4.04    4.325    4.594    4.851    5.095    5.327    5.55    5.763    5.967    6.164    6.353    6.536    6.713    6.884    7.05    7.212    7.369    7.522    7.671    7.817    7.959    8.098    8.235    
XE136    4.387e-15    3.49    6.971    10.21    13.23    16.03    18.65    21.08    23.35    25.45    27.42    29.24    30.95    32.53    34.01    35.38    36.66    37.85    38.96    40    40.96    41.86    42.7    43.48    44.21    44.89    45.52    46.11    46.67    47.18    47.67    48.12    48.54    
BA136    3.923e-19    0.001849    0.005933    0.01147    0.01832    0.02639    0.0356    0.04587    0.05714    0.06936    0.08246    0.09641    0.1111    0.1266    0.1429    0.1598    0.1774    0.1956    0.2144    0.2338    0.2537    0.2743    0.2953    0.3169    0.339    0.3615    0.3846    0.4081    0.4321    0.4566    0.4814    0.5068    0.5325    
CS137    4.202e-15    1.907    3.793    5.543    7.165    8.669    10.06    11.35    12.55    13.66    14.68    15.63    16.5    17.31    18.06    18.75    19.39    19.97    20.52    21.01    21.47    21.89    22.28    22.63    22.96    23.26    23.53    23.77    24    24.21    24.39    24.56    24.71    
BA137    7.544e-19    0.003029    0.01224    0.02718    0.04742    0.07259    0.1023    0.1362    0.1741    0.2155    0.2603    0.3082    0.3589    0.4122    0.468    0.5259    0.586    0.6479    0.7116    0.7769    0.8436    0.9117    0.981    1.051    1.123    1.195    1.269    1.343    1.417    1.493    1.569    1.645    1.722    
BA138    4.691e-15    2.14    4.265    6.243    8.085    9.799    11.39    12.88    14.26    15.55    16.75    17.86    18.9    19.87    20.77    21.61    22.39    23.12    23.8    24.43    25.02    25.57    26.08    26.55    27    27.41    27.8    28.16    28.5    28.81    29.1    29.38    29.64    
LA139    4.488e-15    2.041    4.069    5.954    7.705    9.333    10.85    12.25    13.56    14.77    15.9    16.94    17.92    18.82    19.66    20.43    21.15    21.82    22.45    23.02    23.56    24.05    24.51    24.93    25.33    25.69    26.03    26.34    26.63    26.9    27.15    27.38    27.59    
BA140    4.021e-15    0.7072    0.7141    0.6684    0.6225    0.5794    0.5394    0.5021    0.4674    0.4352    0.4051    0.3772    0.3512    0.327    0.3045    0.2836    0.2641    0.246    0.2291    0.2135    0.1989    0.1853    0.1728    0.1611    0.1502    0.1401    0.1307    0.1219    0.1138    0.1063    0.09931    0.09282    0.08679    
LA140    2.324e-16    0.09288    0.09483    0.08897    0.08299    0.07739    0.07217    0.06732    0.0628    0.0586    0.05469    0.05105    0.04766    0.04451    0.04158    0.03885    0.03631    0.03395    0.03176    0.02972    0.02782    0.02606    0.02441    0.02289    0.02147    0.02015    0.01893    0.01779    0.01674    0.01575    0.01484    0.014    0.01321    
CE140    1.076e-16    1.259    3.294    5.251    7.079    8.783    10.37    11.85    13.24    14.53    15.73    16.85    17.9    18.88    19.79    20.64    21.44    22.18    22.88    23.53    24.14    24.71    25.24    25.74    26.21    26.65    27.07    27.45    27.82    28.16    28.48    28.79    29.07    
CE141    4.019e-15    1.184    1.554    1.601    1.544    1.456    1.362    1.27    1.183    1.102    1.026    0.9553    0.8896    0.8285    0.7716    0.7187    0.6695    0.6237    0.5812    0.5416    0.5047    0.4705    0.4387    0.4091    0.3816    0.356    0.3323    0.3102    0.2897    0.2707    0.253    0.2365    0.2213    
PR141    1.299e-16    0.7009    2.207    3.902    5.576    7.165    8.651    10.03    11.32    12.51    13.62    14.64    15.59    16.47    17.29    18.04    18.74    19.39    19.99    20.54    21.05    21.52    21.96    22.36    22.73    23.07    23.38    23.67    23.94    24.18    24.41    24.61    24.8    
CE142    4.17e-15    1.9    3.793    5.555    7.195    8.722    10.14    11.47    12.7    13.84    14.91    15.9    16.83    17.69    18.49    19.23    19.93    20.57    21.17    21.73    22.25    22.74    23.19    23.61    24.01    24.37    24.71    25.03    25.33    25.6    25.86    26.1    26.33    
ND142    2.292e-23    0.0005423    0.003817    0.01086    0.02182    0.03656    0.05484    0.07642    0.101    0.1285    0.1586    0.191    0.2257    0.2625    0.3011    0.3415    0.3835    0.427    0.4718    0.5179    0.5651    0.6133    0.6625    0.7126    0.7634    0.815    0.8672    0.92    0.9734    1.027    1.081    1.136    1.191    
CE143    2.184e-15    0.07856    0.07314    0.06809    0.06339    0.05902    0.05496    0.05117    0.04765    0.04437    0.04132    0.03848    0.03584    0.03338    0.03109    0.02897    0.02699    0.02515    0.02343    0.02184    0.02036    0.01899    0.01771    0.01652    0.01541    0.01438    0.01343    0.01254    0.01171    0.01095    0.01023    0.009573    0.008959    
PR143    1.94e-15    0.6873    0.7104    0.6668    0.6212    0.5784    0.5385    0.5014    0.4669    0.4347    0.4048    0.377    0.3511    0.327    0.3046    0.2838    0.2644    0.2464    0.2296    0.214    0.1995    0.186    0.1734    0.1617    0.1509    0.1408    0.1315    0.1227    0.1147    0.1071    0.1002    0.09367    0.08765    
ND143    1.12e-16    1.138    2.96    4.658    6.182    7.54    8.747    9.814    10.75    11.58    12.29    12.91    13.43    13.88    14.24    14.55    14.78    14.97    15.1    15.18    15.23    15.23    15.2    15.14    15.06    14.95    14.81    14.66    14.49    14.31    14.11    13.91    13.69    
CE144    3.902e-15    1.681    3.15    4.335    5.276    6.01    6.567    6.974    7.254    7.427    7.51    7.52    7.468    7.366    7.223    7.049    6.849    6.631    6.398    6.156    5.909    5.658    5.407    5.157    4.911    4.67    4.435    4.207    3.986    3.773    3.568    3.371    3.184    
ND144    1.492e-17    0.1204    0.4984    1.096    1.876    2.805    3.853    4.997    6.214    7.487    8.8    10.14    11.49    12.85    14.21    15.56    16.89    18.21    19.5    20.76    22    23.2    24.37    25.51    26.62    27.69    28.73    29.73    30.7    31.64    32.55    33.42    34.27    
ND145    2.841e-15    1.276    2.538    3.698    4.763    5.74    6.636    7.455    8.205    8.889    9.513    10.08    10.6    11.06    11.49    11.87    12.21    12.52    12.8    13.04    13.26    13.45    13.62    13.76    13.89    13.99    14.08    14.15    14.21    14.26    14.29    14.31    14.32    
ND146    2.171e-15    0.9978    2.004    2.955    3.856    4.71    5.519    6.287    7.017    7.71    8.369    8.997    9.595    10.17    10.71    11.23    11.73    12.21    12.66    13.1    13.52    13.93    14.32    14.69    15.05    15.4    15.74    16.07    16.38    16.69    16.98    17.27    17.55    
ND147    1.533e-15    0.2407    0.2366    0.2208    0.2057    0.1916    0.1785    0.1662    0.1549    0.1443    0.1344    0.1253    0.1168    0.1088    0.1015    0.09462    0.08824    0.08231    0.0768    0.07168    0.06691    0.06248    0.05837    0.05455    0.05099    0.04769    0.04463    0.04178    0.03914    0.03669    0.03441    0.0323    0.03034    
PM147    1.486e-16    0.4994    1.167    1.73    2.189    2.559    2.851    3.076    3.243    3.361    3.437    3.476    3.486    3.47    3.433    3.379    3.31    3.23    3.142    3.046    2.945    2.841    2.734    2.627    2.519    2.412    2.307    2.203    2.101    2.002    1.906    1.814    1.724    
SM147    1.1e-19    0.006837    0.03663    0.08745    0.1548    0.2348    0.3241    0.4198    0.5194    0.6211    0.723    0.8237    0.9222    1.018    1.109    1.196    1.278    1.355    1.426    1.492    1.553    1.608    1.657    1.701    1.74    1.774    1.803    1.827    1.847    1.863    1.875    1.883    1.887    
ND148    1.256e-15    0.5749    1.147    1.679    2.173    2.633    3.06    3.458    3.827    4.17    4.488    4.784    5.059    5.315    5.552    5.772    5.977    6.167    6.343    6.506    6.658    6.799    6.93    7.051    7.163    7.268    7.364    7.454    7.537    7.614    7.685    7.752    7.813    
PM148    3.106e-21    0.002955    0.00695    0.01033    0.0131    0.01532    0.01708    0.01844    0.01944    0.02016    0.02061    0.02085    0.02091    0.02082    0.0206    0.02028    0.01987    0.01939    0.01886    0.01828    0.01768    0.01705    0.01641    0.01577    0.01512    0.01448    0.01385    0.01322    0.01261    0.01202    0.01144    0.01089    0.01035    
PM148M    5.503e-22    0.0019    0.005599    0.008851    0.01152    0.01368    0.0154    0.01673    0.01772    0.01844    0.01891    0.01918    0.01927    0.01921    0.01904    0.01876    0.0184    0.01797    0.01749    0.01697    0.01642    0.01584    0.01526    0.01467    0.01407    0.01348    0.01289    0.01231    0.01175    0.0112    0.01067    0.01015    0.009649    
SM148    6.431e-22    0.006882    0.04115    0.1034    0.1897    0.2963    0.4199    0.5575    0.7066    0.8649    1.03    1.202    1.377    1.555    1.734    1.914    2.094    2.274    2.451    2.627    2.8    2.97    3.137    3.301    3.461    3.618    3.771    3.92    4.065    4.205    4.343    4.476    4.605    
PM149    5.27e-16    0.02477    0.02433    0.02386    0.0233    0.02267    0.02199    0.02128    0.02054    0.01978    0.01901    0.01825    0.01748    0.01672    0.01598    0.01525    0.01454    0.01385    0.01318    0.01254    0.01192    0.01132    0.01075    0.01021    0.009686    0.009189    0.008716    0.008266    0.00784    0.007435    0.007052    0.00669    0.006348    
SM149    2.86e-16    0.04527    0.0445    0.04364    0.04263    0.04151    0.04029    0.03901    0.03769    0.03633    0.03496    0.03358    0.03221    0.03086    0.02953    0.02823    0.02697    0.02574    0.02455    0.0234    0.0223    0.02124    0.02022    0.01925    0.01833    0.01745    0.01661    0.01581    0.01506    0.01434    0.01367    0.01303    0.01242    
ND150    4.897e-16    0.2225    0.4431    0.6482    0.8389    1.016    1.181    1.334    1.477    1.609    1.733    1.847    1.953    2.052    2.144    2.229    2.309    2.382    2.451    2.514    2.573    2.628    2.679    2.727    2.771    2.812    2.85    2.885    2.918    2.948    2.977    3.003    3.028    
SM150    3.765e-19    0.3041    0.6923    1.07    1.437    1.79    2.13    2.455    2.765    3.059    3.339    3.602    3.851    4.084    4.303    4.507    4.697    4.873    5.037    5.188    5.327    5.454    5.57    5.676    5.772    5.858    5.935    6.004    6.066    6.119    6.166    6.206    6.239    
SM151    1.691e-16    0.09774    0.1434    0.1601    0.1647    0.1643    0.162    0.1591    0.1562    0.1534    0.1508    0.1485    0.1464    0.1445    0.1428    0.1412    0.1397    0.1384    0.1371    0.1359    0.1348    0.1338    0.1328    0.1318    0.1309    0.13    0.1291    0.1283    0.1275    0.1267    0.1259    0.1251    0.1243    
SM152    2.09e-16    0.1338    0.3123    0.4899    0.6517    0.7934    0.9147    1.017    1.103    1.173    1.231    1.277    1.314    1.343    1.364    1.379    1.389    1.395    1.397    1.395    1.391    1.385    1.377    1.368    1.357    1.346    1.333    1.321    1.307    1.294    1.28    1.266    1.252    
EU153    4.97e-17    0.05819    0.1305    0.2109    0.2981    0.3899    0.4841    0.5787    0.6722    0.7633    0.8508    0.9341    1.013    1.086    1.154    1.217    1.274    1.326    1.372    1.414    1.45    1.482    1.51    1.534    1.554    1.57    1.583    1.593    1.601    1.606    1.608    1.609    1.607    
SM154    5.923e-17    0.0273    0.05448    0.07986    0.1036    0.1257    0.1464    0.1657    0.1837    0.2006    0.2163    0.231    0.2447    0.2575    0.2694    0.2806    0.291    0.3007    0.3098    0.3182    0.3262    0.3336    0.3405    0.347    0.353    0.3587    0.364    0.369    0.3736    0.378    0.3822    0.386    0.3897    
EU154    1.344e-21    0.002246    0.00968    0.02214    0.03945    0.06129    0.08724    0.1168    0.1493    0.1841    0.2207    0.2585    0.2968    0.3353    0.3734    0.4109    0.4472    0.4823    0.5158    0.5476    0.5776    0.6056    0.6316    0.6557    0.6777    0.6977    0.7158    0.7319    0.7462    0.7588    0.7697    0.779    0.7868    
GD154    0    7.797e-06    6.875e-05    0.0002378    0.0005674    0.001106    0.001898    0.002982    0.004388    0.00614    0.008255    0.01074    0.01361    0.01685    0.02045    0.02441    0.02871    0.03334    0.03826    0.04346    0.04891    0.05459    0.06048    0.06654    0.07276    0.0791    0.08555    0.09209    0.09868    0.1053    0.112    0.1186    0.1253    
EU155    2.831e-17    0.01063    0.01794    0.02328    0.02804    0.03308    0.03889    0.04573    0.05369    0.06274    0.07279    0.08369    0.09527    0.1074    0.1198    0.1324    0.145    0.1574    0.1696    0.1815    0.1929    0.2038    0.2141    0.2238    0.2329    0.2413    0.249    0.2561    0.2625    0.2682    0.2733    0.2778    0.2818    
EU156    9.092e-18    0.00331    0.004889    0.00585    0.006603    0.007352    0.008213    0.009249    0.01049    0.01194    0.01357    0.01538    0.01734    0.0194    0.02154    0.02373    0.02593    0.02813    0.0303    0.03241    0.03445    0.03641    0.03827    0.04003    0.04168    0.04321    0.04463    0.04592    0.0471    0.04816    0.04911    0.04995    0.05069    
GD156    7.39e-19    0.004281    0.01415    0.02687    0.04154    0.05792    0.07615    0.09658    0.1197    0.1459    0.1757    0.2096    0.2478    0.2908    0.3386    0.3915    0.4494    0.5125    0.5806    0.6535    0.7312    0.8135    0.9    0.9906    1.085    1.183    1.284    1.388    1.495    1.604    1.715    1.827    1.942    
GD158    3.141e-18    0.004159    0.008851    0.01341    0.01782    0.0221    0.02629    0.03042    0.03454    0.0387    0.04293    0.0473    0.05184    0.05659    0.06161    0.06691    0.07254    0.07853    0.0849    0.09168    0.09889    0.1065    0.1146    0.1232    0.1323    0.1419    0.1519    0.1625    0.1736    0.1851    0.1972    0.2098    0.2229    
NB93M    1.264e-05    1.352e-05    1.442e-05    1.532e-05    1.623e-05    1.714e-05    1.806e-05    1.899e-05    1.992e-05    2.085e-05    2.178e-05    
