TIME    3   50   100   150   200   250   300   350   400   450   500   550   600   650   700   750   800   850   900   950   1000   1050   1100   1150   1200   1250   1300   1350   1400   1450   1500   1550   1600   
NEUT_PROD    7.6   12.9   12.9   12.9   12.8   12.8   12.8   12.7   12.7   12.7   12.6   12.6   12.6   12.5   12.5   12.5   12.4   12.4   12.4   12.3   12.3   12.3   12.2   12.2   12.2   12.1   12.1   12.1   12.1   12   12   12   11.9   
NEUT_DEST    3.91   5.32   5.31   5.3   5.29   5.28   5.27   5.26   5.25   5.23   5.22   5.21   5.2   5.19   5.18   5.17   5.16   5.15   5.14   5.13   5.12   5.11   5.1   5.08   5.07   5.06   5.05   5.04   5.03   5.02   5.01   5   4.99   
BUd    1.72e-15    1.32    2.22    2.22    2.21    2.2    2.2    2.19    2.19    2.18    2.18    2.17    2.16    2.16    2.15    2.15    2.14    2.14    2.13    2.13    2.12    2.11    2.11    2.1    2.1    2.09    2.09    2.08    2.08    2.07    2.07    2.06    2.05    
U235    7.812e-05    0.003713    0.00756    0.01138    0.01519    0.01897    0.02273    0.02648    0.0302    0.0339    0.03757    0.04123    0.04487    0.04849    0.05209    0.05567    0.05922    0.06276    0.06628    0.06978    0.07325    0.07671    0.08015    0.08357    0.08697    0.09035    0.09371    0.09705    0.1004    0.1037    0.107    0.1102    0.1135    
PU239    586.4    997.5    994.7    992    989.3    986.6    983.9    981.2    978.5    975.8    973.1    970.4    967.8    965.1    962.5    959.8    957.2    954.6    952    949.4    946.8    944.2    941.6    939    936.4    933.8    931.3    928.7    926.2    923.6    921.1    918.6    916.1    
PU240    1.274e-15    0.472    0.9506    1.427    1.902    2.375    2.846    3.316    3.783    4.249    4.713    5.175    5.636    6.094    6.551    7.006    7.459    7.91    8.36    8.808    9.254    9.698    10.14    10.58    11.02    11.46    11.89    12.33    12.76    13.19    13.62    14.05    14.47    
PU241    0    0.0001205    0.0004891    0.001102    0.001957    0.003049    0.004375    0.005933    0.007719    0.009729    0.01196    0.01441    0.01708    0.01996    0.02304    0.02634    0.02983    0.03353    0.03743    0.04152    0.0458    0.05027    0.05493    0.05977    0.06479    0.06998    0.07536    0.08091    0.08662    0.09251    0.09856    0.1048    0.1111    
SE82    7.798e-19    0.001172    0.002329    0.003483    0.004633    0.005781    0.006926    0.008067    0.009206    0.01034    0.01147    0.0126    0.01373    0.01486    0.01598    0.01709    0.01821    0.01932    0.02043    0.02154    0.02264    0.02374    0.02484    0.02593    0.02703    0.02811    0.0292    0.03028    0.03137    0.03244    0.03352    0.03459    0.03566    
KR83    1.753e-18    0.002761    0.0055    0.00823    0.01095    0.01366    0.01637    0.01906    0.02175    0.02443    0.0271    0.02976    0.03242    0.03506    0.0377    0.04033    0.04295    0.04556    0.04816    0.05076    0.05335    0.05593    0.0585    0.06106    0.06362    0.06616    0.0687    0.07123    0.07376    0.07627    0.07878    0.08128    0.08377    
KR84    2.875e-18    0.004324    0.008595    0.01286    0.01711    0.02135    0.02558    0.0298    0.03402    0.03822    0.04241    0.04659    0.05077    0.05493    0.05908    0.06323    0.06736    0.07149    0.0756    0.07971    0.08381    0.08789    0.09197    0.09604    0.1001    0.1041    0.1082    0.1122    0.1162    0.1203    0.1243    0.1283    0.1322    
KR85    7.222e-19    0.001077    0.002136    0.003182    0.004217    0.00524    0.006252    0.007252    0.00824    0.009217    0.01018    0.01114    0.01208    0.01302    0.01394    0.01485    0.01575    0.01664    0.01752    0.01839    0.01925    0.0201    0.02094    0.02177    0.02259    0.0234    0.02421    0.025    0.02578    0.02655    0.02732    0.02807    0.02882    
RB85    2.644e-18    0.003961    0.007902    0.01184    0.01578    0.01971    0.02364    0.02757    0.0315    0.03542    0.03935    0.04327    0.04719    0.0511    0.05502    0.05893    0.06284    0.06674    0.07064    0.07454    0.07844    0.08233    0.08622    0.09011    0.09399    0.09788    0.1018    0.1056    0.1095    0.1134    0.1172    0.1211    0.1249    
KR86    4.667e-18    0.007016    0.01394    0.02084    0.02773    0.0346    0.04145    0.04829    0.0551    0.0619    0.06868    0.07544    0.08219    0.08892    0.09563    0.1023    0.109    0.1157    0.1223    0.1289    0.1355    0.1421    0.1487    0.1552    0.1618    0.1683    0.1748    0.1813    0.1878    0.1942    0.2006    0.2071    0.2135    
RB87    6.094e-18    0.009149    0.01819    0.02721    0.0362    0.04517    0.05412    0.06304    0.07194    0.08082    0.08967    0.0985    0.1073    0.1161    0.1249    0.1336    0.1423    0.151    0.1597    0.1683    0.1769    0.1855    0.1941    0.2027    0.2112    0.2197    0.2282    0.2367    0.2451    0.2536    0.262    0.2703    0.2787    
SR88    7.275e-18    0.01152    0.02293    0.03431    0.04566    0.05697    0.06827    0.07953    0.09076    0.102    0.1131    0.1243    0.1354    0.1465    0.1575    0.1686    0.1796    0.1905    0.2015    0.2124    0.2233    0.2341    0.245    0.2558    0.2666    0.2773    0.288    0.2987    0.3094    0.32    0.3306    0.3412    0.3518    
SR89    1.004e-17    0.01129    0.01663    0.01929    0.0206    0.02123    0.02152    0.02164    0.02167    0.02165    0.02162    0.02157    0.02152    0.02147    0.02142    0.02136    0.02131    0.02125    0.0212    0.02114    0.02109    0.02103    0.02098    0.02092    0.02087    0.02081    0.02076    0.02071    0.02065    0.0206    0.02054    0.02049    0.02044    
Y89    1.48e-19    0.004034    0.01383    0.02626    0.04    0.05438    0.06907    0.08388    0.09874    0.1136    0.1285    0.1433    0.1581    0.1728    0.1875    0.2022    0.2169    0.2315    0.246    0.2605    0.275    0.2895    0.3039    0.3183    0.3326    0.3469    0.3611    0.3754    0.3895    0.4037    0.4178    0.4319    0.4459    
SR90    1.214e-17    0.01822    0.03614    0.05395    0.07165    0.08926    0.1068    0.1242    0.1414    0.1586    0.1757    0.1927    0.2096    0.2264    0.2431    0.2596    0.2761    0.2925    0.3088    0.325    0.3411    0.3571    0.373    0.3888    0.4045    0.4201    0.4356    0.451    0.4663    0.4816    0.4967    0.5118    0.5267    
Y91    1.012e-17    0.01629    0.02499    0.02975    0.03234    0.03373    0.03446    0.03483    0.03498    0.03503    0.03502    0.03497    0.0349    0.03482    0.03474    0.03465    0.03457    0.03448    0.03439    0.0343    0.03421    0.03412    0.03404    0.03395    0.03386    0.03377    0.03369    0.0336    0.03351    0.03342    0.03334    0.03325    0.03317    
ZR91    1.121e-19    0.004958    0.01751    0.03394    0.05247    0.07215    0.09244    0.113    0.1338    0.1546    0.1754    0.1962    0.2169    0.2376    0.2583    0.2789    0.2994    0.3199    0.3403    0.3607    0.3811    0.4013    0.4215    0.4417    0.4618    0.4819    0.5019    0.5218    0.5417    0.5616    0.5814    0.6011    0.6208    
ZR92    1.667e-17    0.02627    0.05242    0.07848    0.1045    0.1304    0.1563    0.1821    0.2078    0.2335    0.2591    0.2846    0.3101    0.3355    0.3608    0.3861    0.4113    0.4364    0.4615    0.4865    0.5114    0.5363    0.5611    0.5859    0.6106    0.6352    0.6597    0.6842    0.7087    0.7331    0.7574    0.7816    0.8058    
ZR93    1.581e-17    0.0335    0.06702    0.1004    0.1337    0.1669    0.2001    0.2331    0.2661    0.299    0.3317    0.3644    0.397    0.4296    0.462    0.4943    0.5266    0.5588    0.5909    0.6229    0.6548    0.6866    0.7184    0.7501    0.7817    0.8132    0.8446    0.8759    0.9071    0.9383    0.9694    1    1.031    
ZR94    2.513e-17    0.03777    0.07506    0.1123    0.1494    0.1864    0.2233    0.2601    0.2968    0.3334    0.37    0.4064    0.4428    0.479    0.5152    0.5513    0.5873    0.6231    0.6589    0.6946    0.7303    0.7658    0.8012    0.8366    0.8718    0.907    0.942    0.977    1.012    1.047    1.081    1.116    1.151    
ZR95    2.841e-17    0.03384    0.0526    0.06342    0.06963    0.07316    0.07512    0.07618    0.07672    0.07694    0.07699    0.07693    0.07682    0.07667    0.0765    0.07632    0.07613    0.07594    0.07574    0.07555    0.07536    0.07516    0.07497    0.07477    0.07458    0.07439    0.0742    0.07401    0.07382    0.07362    0.07343    0.07325    0.07306    
NB95    3.249e-19    0.006938    0.01828    0.02726    0.03335    0.03718    0.03949    0.04083    0.04158    0.04198    0.04217    0.04223    0.04222    0.04217    0.0421    0.04201    0.04191    0.04181    0.04171    0.0416    0.0415    0.04139    0.04128    0.04118    0.04107    0.04096    0.04086    0.04075    0.04065    0.04054    0.04044    0.04033    0.04023    
MO95    5.034e-21    0.002409    0.01494    0.03764    0.06774    0.1026    0.1405    0.1801    0.2208    0.2619    0.3034    0.3449    0.3864    0.4279    0.4694    0.5107    0.5519    0.5931    0.6341    0.675    0.7157    0.7564    0.7969    0.8374    0.8777    0.9179    0.9579    0.9979    1.038    1.077    1.117    1.157    1.196    
ZR96    3.035e-17    0.04563    0.09066    0.1356    0.1804    0.2251    0.2696    0.3141    0.3584    0.4026    0.4467    0.4906    0.5345    0.5782    0.6219    0.6654    0.7088    0.752    0.7952    0.8383    0.8812    0.924    0.9667    1.009    1.052    1.094    1.136    1.179    1.221    1.262    1.304    1.346    1.388    
MO97    1.82e-17    0.04723    0.095    0.1426    0.19    0.2373    0.2844    0.3314    0.3783    0.4251    0.4717    0.5182    0.5645    0.6107    0.6568    0.7028    0.7486    0.7943    0.8399    0.8853    0.9306    0.9758    1.021    1.066    1.111    1.155    1.2    1.244    1.288    1.333    1.377    1.421    1.464    
MO98    3.501e-17    0.05263    0.1046    0.1564    0.2081    0.2597    0.3111    0.3624    0.4136    0.4647    0.5156    0.5664    0.6171    0.6677    0.7181    0.7684    0.8186    0.8687    0.9186    0.9684    1.018    1.068    1.117    1.167    1.216    1.265    1.314    1.363    1.411    1.46    1.509    1.557    1.605    
TC99    7.611e-18    0.05039    0.1054    0.16    0.2143    0.2685    0.3225    0.3764    0.43    0.4836    0.5369    0.5901    0.6431    0.696    0.7487    0.8012    0.8536    0.9058    0.9578    1.01    1.061    1.113    1.164    1.216    1.267    1.318    1.368    1.419    1.469    1.52    1.57    1.62    1.67    
MO100    4.152e-17    0.06241    0.124    0.1854    0.2467    0.3077    0.3687    0.4294    0.49    0.5504    0.6107    0.6708    0.7307    0.7905    0.8501    0.9096    0.9689    1.028    1.087    1.146    1.205    1.263    1.321    1.38    1.438    1.495    1.553    1.611    1.668    1.725    1.783    1.84    1.896    
RU101    4.145e-17    0.06256    0.1243    0.1858    0.2472    0.3083    0.3692    0.43    0.4905    0.5509    0.611    0.671    0.7308    0.7903    0.8497    0.9089    0.9679    1.027    1.085    1.144    1.202    1.26    1.318    1.376    1.433    1.49    1.547    1.604    1.661    1.718    1.774    1.83    1.886    
RU102    4.248e-17    0.0641    0.1274    0.1906    0.2536    0.3165    0.3792    0.4419    0.5044    0.5667    0.629    0.6911    0.753    0.8149    0.8766    0.9382    0.9996    1.061    1.122    1.183    1.244    1.305    1.366    1.426    1.487    1.547    1.607    1.667    1.727    1.787    1.846    1.906    1.965    
RU103    4.326e-17    0.04504    0.06209    0.06903    0.0718    0.07284    0.07317    0.0732    0.07311    0.07297    0.07281    0.07264    0.07247    0.07229    0.07212    0.07194    0.07177    0.0716    0.07143    0.07125    0.07108    0.07091    0.07074    0.07057    0.0704    0.07023    0.07007    0.0699    0.06973    0.06956    0.0694    0.06923    0.06907    
RH103    8.067e-19    0.02122    0.06956    0.1278    0.19    0.2538    0.318    0.3824    0.4466    0.5107    0.5746    0.6383    0.7019    0.7652    0.8283    0.8912    0.9539    1.016    1.079    1.141    1.203    1.264    1.326    1.387    1.448    1.509    1.57    1.631    1.691    1.751    1.811    1.871    1.93    
RU104    4.263e-17    0.06409    0.1274    0.1905    0.2534    0.3162    0.3788    0.4412    0.5034    0.5655    0.6274    0.6892    0.7507    0.8121    0.8734    0.9344    0.9953    1.056    1.117    1.177    1.237    1.297    1.357    1.417    1.476    1.536    1.595    1.654    1.713    1.772    1.83    1.889    1.947    
PD105    1.182e-17    0.04797    0.09801    0.1477    0.1972    0.2466    0.2958    0.3448    0.3937    0.4424    0.491    0.5394    0.5876    0.6357    0.6836    0.7314    0.779    0.8264    0.8737    0.9208    0.9678    1.015    1.061    1.108    1.154    1.2    1.246    1.292    1.338    1.384    1.429    1.474    1.52    
RU106    3.027e-17    0.04363    0.08264    0.118    0.1501    0.1792    0.2056    0.2295    0.2511    0.2707    0.2884    0.3044    0.3189    0.3319    0.3437    0.3543    0.3638    0.3724    0.3801    0.387    0.3931    0.3986    0.4036    0.4079    0.4118    0.4152    0.4182    0.4208    0.4231    0.4251    0.4267    0.4282    0.4294    
PD106    7.524e-20    0.002018    0.008094    0.01771    0.03054    0.04629    0.06469    0.08549    0.1085    0.1334    0.1602    0.1885    0.2184    0.2496    0.2819    0.3154    0.3498    0.3852    0.4213    0.4581    0.4956    0.5337    0.5723    0.6114    0.6509    0.6907    0.7309    0.7714    0.8122    0.8532    0.8944    0.9358    0.9773    
PD107    2.076e-17    0.03123    0.06205    0.09277    0.1234    0.1539    0.1844    0.2147    0.245    0.2752    0.3052    0.3352    0.3651    0.3949    0.4246    0.4543    0.4838    0.5133    0.5426    0.5719    0.6011    0.6302    0.6592    0.6881    0.717    0.7457    0.7744    0.803    0.8315    0.8599    0.8882    0.9165    0.9447    
PD108    1.513e-17    0.02279    0.04529    0.06774    0.09014    0.1125    0.1348    0.1571    0.1793    0.2014    0.2236    0.2456    0.2676    0.2896    0.3115    0.3334    0.3553    0.377    0.3988    0.4205    0.4421    0.4637    0.4853    0.5068    0.5283    0.5497    0.5711    0.5924    0.6137    0.6349    0.6561    0.6772    0.6983    
AG109    7.06e-18    0.01665    0.03339    0.05006    0.06669    0.08326    0.09979    0.1163    0.1327    0.1491    0.1654    0.1817    0.198    0.2142    0.2303    0.2464    0.2625    0.2785    0.2945    0.3104    0.3263    0.3422    0.3579    0.3737    0.3894    0.4051    0.4207    0.4362    0.4518    0.4672    0.4827    0.4981    0.5134    
PD110    4.638e-18    0.006972    0.01385    0.02071    0.02755    0.03437    0.04118    0.04796    0.05473    0.06147    0.0682    0.07491    0.08161    0.08828    0.09493    0.1016    0.1082    0.1148    0.1214    0.1279    0.1345    0.141    0.1475    0.154    0.1605    0.1669    0.1734    0.1798    0.1862    0.1926    0.199    0.2053    0.2116    
CD111    2.297e-19    0.002912    0.006676    0.01038    0.01408    0.01776    0.02143    0.0251    0.02875    0.0324    0.03603    0.03965    0.04327    0.04687    0.05047    0.05405    0.05762    0.06119    0.06474    0.06829    0.07182    0.07535    0.07887    0.08237    0.08587    0.08936    0.09283    0.0963    0.09976    0.1032    0.1066    0.1101    0.1135    
CD112    6.79e-19    0.001954    0.003947    0.005932    0.007913    0.009889    0.01186    0.01383    0.01579    0.01775    0.01971    0.02166    0.02361    0.02555    0.02749    0.02943    0.03136    0.03329    0.03521    0.03713    0.03905    0.04096    0.04287    0.04477    0.04667    0.04857    0.05046    0.05235    0.05423    0.05611    0.05799    0.05986    0.06173    
CD113    8.827e-19    0.001319    0.00263    0.003937    0.00524    0.00654    0.007836    0.009129    0.01042    0.01171    0.01299    0.01427    0.01554    0.01682    0.01809    0.01935    0.02062    0.02188    0.02313    0.02439    0.02564    0.02688    0.02813    0.02937    0.0306    0.03184    0.03307    0.0343    0.03552    0.03674    0.03796    0.03918    0.04039    
CD114    6.53e-19    0.0009825    0.001952    0.00292    0.003885    0.004848    0.005808    0.006767    0.007723    0.008676    0.009628    0.01058    0.01152    0.01247    0.01341    0.01435    0.01529    0.01622    0.01716    0.01809    0.01902    0.01995    0.02087    0.02179    0.02271    0.02363    0.02455    0.02546    0.02637    0.02728    0.02819    0.02909    0.03    
SN124    8.209e-19    0.001234    0.002452    0.003666    0.004878    0.006086    0.007291    0.008493    0.009691    0.01089    0.01208    0.01327    0.01445    0.01564    0.01682    0.01799    0.01917    0.02034    0.0215    0.02267    0.02383    0.02499    0.02614    0.02729    0.02844    0.02959    0.03073    0.03187    0.03301    0.03414    0.03527    0.0364    0.03752    
SB125    1.047e-18    0.001973    0.004041    0.006028    0.007941    0.009784    0.01156    0.01327    0.01491    0.0165    0.01802    0.01949    0.0209    0.02226    0.02357    0.02483    0.02604    0.0272    0.02832    0.0294    0.03043    0.03143    0.03238    0.0333    0.03418    0.03502    0.03584    0.03661    0.03736    0.03808    0.03877    0.03943    0.04006    
SN126    2.087e-18    0.003137    0.006232    0.009319    0.0124    0.01547    0.01853    0.02159    0.02463    0.02767    0.0307    0.03372    0.03674    0.03975    0.04275    0.04574    0.04872    0.0517    0.05466    0.05762    0.06058    0.06352    0.06646    0.06939    0.07231    0.07522    0.07813    0.08103    0.08392    0.0868    0.08968    0.09255    0.09541    
I127    3.991e-19    0.004979    0.0109    0.0169    0.023    0.02916    0.03536    0.04159    0.04782    0.05407    0.0603    0.06653    0.07275    0.07896    0.08515    0.09133    0.09749    0.1036    0.1098    0.1159    0.1219    0.128    0.1341    0.1401    0.1461    0.1521    0.1581    0.164    0.1699    0.1759    0.1818    0.1876    0.1935    
TE128    6.237e-18    0.009802    0.0195    0.02917    0.03881    0.04843    0.05802    0.06759    0.07713    0.08664    0.09613    0.1056    0.115    0.1244    0.1338    0.1432    0.1525    0.1618    0.1711    0.1804    0.1896    0.1988    0.208    0.2172    0.2263    0.2354    0.2445    0.2536    0.2626    0.2716    0.2806    0.2896    0.2985    
I129    9.184e-18    0.01585    0.03269    0.04982    0.06701    0.08421    0.1014    0.1185    0.1355    0.1526    0.1695    0.1864    0.2033    0.2201    0.2369    0.2536    0.2703    0.2869    0.3035    0.32    0.3365    0.3529    0.3693    0.3856    0.4019    0.4182    0.4344    0.4505    0.4666    0.4827    0.4987    0.5146    0.5305    
TE130    1.92e-17    0.02887    0.05736    0.08578    0.1141    0.1424    0.1706    0.1987    0.2268    0.2547    0.2826    0.3105    0.3382    0.3659    0.3935    0.4211    0.4485    0.4759    0.5032    0.5305    0.5577    0.5848    0.6118    0.6388    0.6657    0.6925    0.7192    0.7459    0.7725    0.7991    0.8256    0.852    0.8783    
I131    2.707e-17    0.0119    0.01126    0.01122    0.01119    0.01116    0.01113    0.0111    0.01107    0.01104    0.01102    0.01099    0.01096    0.01093    0.0109    0.01087    0.01084    0.01082    0.01079    0.01076    0.01073    0.0107    0.01068    0.01065    0.01062    0.01059    0.01057    0.01054    0.01051    0.01048    0.01046    0.01043    0.0104    
XE131    2.488e-18    0.03705    0.08656    0.1353    0.1839    0.2324    0.2807    0.3289    0.377    0.4249    0.4727    0.5203    0.5678    0.6152    0.6624    0.7095    0.7565    0.8034    0.8501    0.8966    0.9431    0.9894    1.036    1.082    1.128    1.173    1.219    1.264    1.31    1.355    1.4    1.445    1.49    
XE132    9.152e-18    0.05996    0.1262    0.1919    0.2573    0.3226    0.3878    0.4528    0.5176    0.5822    0.6467    0.711    0.7752    0.8392    0.9031    0.9667    1.03    1.094    1.157    1.22    1.283    1.346    1.408    1.471    1.533    1.595    1.657    1.719    1.78    1.842    1.903    1.964    2.025    
XE133    2.522e-17    0.01338    0.01247    0.01243    0.0124    0.01237    0.01234    0.01231    0.01227    0.01224    0.01221    0.01218    0.01215    0.01212    0.01209    0.01206    0.01203    0.012    0.01197    0.01194    0.01191    0.01187    0.01184    0.01181    0.01178    0.01175    0.01172    0.0117    0.01167    0.01164    0.01161    0.01158    0.01155    
CS133    2.955e-18    0.06996    0.1564    0.2415    0.3263    0.4108    0.4951    0.5791    0.6629    0.7464    0.8297    0.9127    0.9954    1.078    1.16    1.242    1.324    1.405    1.487    1.567    1.648    1.729    1.809    1.889    1.969    2.048    2.127    2.206    2.285    2.364    2.442    2.52    2.598    
XE134    6.072e-17    0.09199    0.1829    0.2736    0.364    0.4542    0.5442    0.6339    0.7234    0.8126    0.9016    0.9903    1.079    1.167    1.255    1.343    1.431    1.518    1.605    1.692    1.778    1.865    1.951    2.037    2.123    2.208    2.293    2.378    2.463    2.548    2.632    2.716    2.8    
CS135    4.488e-17    0.09298    0.1866    0.2799    0.373    0.4658    0.5584    0.6507    0.7428    0.8347    0.9263    1.018    1.109    1.2    1.29    1.381    1.471    1.561    1.651    1.74    1.829    1.918    2.007    2.096    2.184    2.272    2.36    2.448    2.535    2.622    2.709    2.796    2.883    
XE136    5.932e-17    0.08917    0.1772    0.2649    0.3525    0.4398    0.5268    0.6137    0.7003    0.7867    0.8729    0.9588    1.045    1.13    1.215    1.3    1.385    1.47    1.554    1.638    1.722    1.806    1.89    1.973    2.056    2.139    2.221    2.304    2.386    2.468    2.55    2.631    2.713    
BA136    7.045e-20    0.001195    0.003058    0.004931    0.006805    0.008681    0.01056    0.01244    0.01432    0.0162    0.01808    0.01996    0.02185    0.02373    0.02562    0.02751    0.0294    0.03129    0.03318    0.03507    0.03696    0.03886    0.04076    0.04265    0.04455    0.04645    0.04835    0.05025    0.05216    0.05406    0.05597    0.05788    0.05978    
CS137    5.496e-17    0.0825    0.1637    0.2443    0.3245    0.4043    0.4836    0.5624    0.6408    0.7187    0.7961    0.8731    0.9497    1.026    1.101    1.177    1.251    1.326    1.4    1.473    1.546    1.619    1.691    1.762    1.834    1.905    1.975    2.045    2.115    2.184    2.253    2.321    2.389    
BA137    2.907e-20    0.0001609    0.0005881    0.001271    0.002209    0.003399    0.004842    0.006534    0.008474    0.01066    0.0131    0.01577    0.01869    0.02185    0.02526    0.0289    0.03277    0.03688    0.04123    0.04581    0.05062    0.05566    0.06093    0.06643    0.07215    0.0781    0.08427    0.09066    0.09727    0.1041    0.1112    0.1184    0.1259    
BA138    5.498e-17    0.08286    0.1647    0.2463    0.3278    0.409    0.49    0.5707    0.6513    0.7317    0.8118    0.8918    0.9715    1.051    1.13    1.209    1.288    1.367    1.446    1.524    1.602    1.68    1.758    1.835    1.912    1.989    2.066    2.143    2.219    2.296    2.372    2.448    2.523    
LA139    5.057e-17    0.07612    0.1514    0.2264    0.3013    0.376    0.4504    0.5247    0.5988    0.6726    0.7463    0.8198    0.8931    0.9662    1.039    1.112    1.184    1.257    1.329    1.401    1.472    1.544    1.615    1.687    1.758    1.828    1.899    1.969    2.04    2.11    2.18    2.249    2.319    
BA140    4.459e-17    0.02567    0.02582    0.02577    0.0257    0.02563    0.02557    0.0255    0.02543    0.02537    0.0253    0.02524    0.02517    0.0251    0.02504    0.02497    0.02491    0.02484    0.02478    0.02471    0.02465    0.02459    0.02452    0.02446    0.02439    0.02433    0.02427    0.0242    0.02414    0.02408    0.02402    0.02395    0.02389    
CE140    7.813e-19    0.04499    0.1178    0.1906    0.2633    0.3358    0.4081    0.4802    0.5521    0.6239    0.6954    0.7668    0.838    0.909    0.9798    1.05    1.121    1.191    1.261    1.331    1.401    1.47    1.54    1.609    1.678    1.747    1.815    1.884    1.952    2.02    2.088    2.156    2.224    
CE141    4.834e-17    0.04698    0.06147    0.06633    0.06789    0.06831    0.06834    0.06823    0.06808    0.06791    0.06774    0.06757    0.06739    0.06722    0.06704    0.06687    0.0667    0.06652    0.06635    0.06618    0.06601    0.06584    0.06567    0.0655    0.06533    0.06516    0.06499    0.06483    0.06466    0.06449    0.06433    0.06416    0.06399    
PR141    1.109e-18    0.02742    0.08675    0.1555    0.2273    0.3001    0.3731    0.446    0.5188    0.5913    0.6637    0.7359    0.8079    0.8797    0.9513    1.023    1.094    1.165    1.236    1.306    1.377    1.447    1.517    1.587    1.657    1.726    1.795    1.865    1.933    2.002    2.071    2.139    2.207    
CE142    4.36e-17    0.06563    0.1306    0.1953    0.2599    0.3243    0.3885    0.4525    0.5164    0.5801    0.6437    0.7071    0.7703    0.8333    0.8962    0.9589    1.021    1.084    1.146    1.208    1.27    1.332    1.393    1.455    1.516    1.577    1.638    1.699    1.759    1.82    1.88    1.94    2    
PR143    1.448e-17    0.02172    0.02239    0.02237    0.02232    0.02226    0.0222    0.02215    0.02209    0.02203    0.02198    0.02192    0.02187    0.02181    0.02175    0.0217    0.02164    0.02159    0.02153    0.02148    0.02142    0.02137    0.02131    0.02126    0.0212    0.02115    0.02109    0.02104    0.02099    0.02093    0.02088    0.02083    0.02077    
ND143    6.258e-19    0.03566    0.09456    0.1538    0.2129    0.2718    0.3306    0.3891    0.4476    0.5058    0.5639    0.6218    0.6795    0.7371    0.7945    0.8518    0.9088    0.9658    1.022    1.079    1.136    1.192    1.248    1.304    1.36    1.415    1.471    1.526    1.581    1.636    1.691    1.745    1.8    
CE144    3.327e-17    0.04738    0.08853    0.1248    0.1568    0.1851    0.2099    0.2318    0.251    0.268    0.2828    0.2958    0.3073    0.3173    0.326    0.3336    0.3402    0.3459    0.3509    0.3552    0.3588    0.362    0.3646    0.3669    0.3687    0.3703    0.3715    0.3725    0.3733    0.3738    0.3742    0.3744    0.3745    
ND144    8.789e-20    0.002779    0.01115    0.02425    0.04153    0.06249    0.0867    0.1138    0.1434    0.1752    0.2089    0.2444    0.2814    0.3197    0.3591    0.3996    0.4409    0.483    0.5258    0.5691    0.6129    0.6572    0.7018    0.7468    0.792    0.8374    0.883    0.9288    0.9746    1.021    1.067    1.113    1.159    
ND145    2.795e-17    0.04173    0.08323    0.1246    0.1658    0.2069    0.2479    0.2888    0.3296    0.3702    0.4107    0.4511    0.4914    0.5315    0.5716    0.6115    0.6513    0.691    0.7306    0.7701    0.8094    0.8486    0.8877    0.9267    0.9656    1.004    1.043    1.082    1.12    1.158    1.197    1.235    1.273    
ND146    2.322e-17    0.03505    0.06968    0.1042    0.1387    0.1731    0.2074    0.2417    0.2758    0.3099    0.3439    0.3779    0.4117    0.4455    0.4792    0.5129    0.5464    0.5799    0.6133    0.6466    0.6799    0.7131    0.7462    0.7792    0.8122    0.8451    0.8779    0.9107    0.9433    0.9759    1.008    1.041    1.073    
PM147    1.229e-18    0.01936    0.04682    0.07302    0.09813    0.1222    0.1453    0.1675    0.1887    0.209    0.2285    0.2472    0.2651    0.2823    0.2987    0.3145    0.3295    0.344    0.3578    0.371    0.3836    0.3957    0.4073    0.4184    0.4289    0.439    0.4487    0.4579    0.4667    0.4751    0.4831    0.4908    0.4981    
SM147    7.042e-22    0.0002628    0.001464    0.003631    0.006723    0.0107    0.01553    0.02116    0.02758    0.03473    0.0426    0.05115    0.06035    0.07017    0.08059    0.09158    0.1031    0.1152    0.1277    0.1407    0.1542    0.1681    0.1824    0.1971    0.2122    0.2276    0.2434    0.2595    0.2758    0.2925    0.3095    0.3267    0.3442    
ND148    1.597e-17    0.02401    0.04771    0.07133    0.09489    0.1184    0.1418    0.1652    0.1885    0.2117    0.2349    0.258    0.281    0.304    0.3269    0.3497    0.3725    0.3952    0.4179    0.4404    0.463    0.4854    0.5078    0.5301    0.5524    0.5746    0.5968    0.6188    0.6409    0.6628    0.6847    0.7065    0.7283    
SM149    3.332e-18    0.01746    0.03605    0.05447    0.07281    0.09106    0.1092    0.1273    0.1453    0.1633    0.1811    0.1989    0.2166    0.2342    0.2517    0.2692    0.2865    0.3038    0.3211    0.3382    0.3553    0.3723    0.3892    0.406    0.4228    0.4395    0.4561    0.4726    0.4891    0.5054    0.5218    0.538    0.5542    
ND150    9.709e-18    0.01459    0.02899    0.04335    0.05766    0.07194    0.08617    0.1004    0.1145    0.1286    0.1427    0.1567    0.1707    0.1847    0.1986    0.2125    0.2263    0.2401    0.2539    0.2676    0.2812    0.2949    0.3085    0.322    0.3356    0.349    0.3625    0.3759    0.3893    0.4026    0.4159    0.4291    0.4423    
SM151    3.273e-18    0.0113    0.02287    0.03434    0.04575    0.05709    0.06836    0.07957    0.09072    0.1018    0.1128    0.1238    0.1347    0.1455    0.1563    0.167    0.1776    0.1882    0.1987    0.2091    0.2195    0.2299    0.2401    0.2504    0.2605    0.2706    0.2806    0.2906    0.3005    0.3104    0.3202    0.3299    0.3396    
SM152    6.34e-18    0.009574    0.01905    0.02852    0.03799    0.04746    0.05693    0.0664    0.07586    0.08532    0.09478    0.1042    0.1137    0.1231    0.1326    0.142    0.1515    0.1609    0.1704    0.1798    0.1892    0.1987    0.2081    0.2175    0.2269    0.2364    0.2458    0.2552    0.2646    0.274    0.2834    0.2928    0.3022    
EU153    1.169e-18    0.005609    0.01151    0.01736    0.02319    0.029    0.03477    0.04053    0.04626    0.05196    0.05764    0.0633    0.06893    0.07453    0.08012    0.08568    0.09121    0.09672    0.1022    0.1077    0.1131    0.1185    0.1239    0.1293    0.1347    0.14    0.1453    0.1506    0.1558    0.1611    0.1663    0.1715    0.1766    
SM154    3.051e-18    0.004587    0.009112    0.01362    0.01812    0.02261    0.02709    0.03155    0.036    0.04043    0.04486    0.04927    0.05367    0.05805    0.06243    0.06679    0.07114    0.07547    0.0798    0.08411    0.08841    0.0927    0.09697    0.1012    0.1055    0.1097    0.114    0.1182    0.1224    0.1266    0.1307    0.1349    0.1391    
EU155    2.088e-18    0.003108    0.00611    0.00904    0.0119    0.01469    0.01742    0.02008    0.02267    0.02521    0.02768    0.0301    0.03245    0.03475    0.03699    0.03918    0.04132    0.0434    0.04544    0.04742    0.04935    0.05124    0.05308    0.05488    0.05663    0.05834    0.06    0.06162    0.06321    0.06475    0.06626    0.06772    0.06915    
GD156    6.133e-20    0.001254    0.003326    0.005438    0.007555    0.009673    0.01179    0.01391    0.01604    0.01816    0.02028    0.02241    0.02453    0.02666    0.02879    0.03091    0.03304    0.03517    0.0373    0.03943    0.04156    0.04369    0.04583    0.04796    0.05009    0.05222    0.05436    0.05649    0.05862    0.06076    0.06289    0.06503    0.06716    
GD157    6.153e-19    0.001526    0.00306    0.004584    0.0061    0.007609    0.009109    0.0106    0.01209    0.01357    0.01504    0.0165    0.01795    0.0194    0.02084    0.02227    0.0237    0.02512    0.02653    0.02793    0.02933    0.03072    0.0321    0.03347    0.03484    0.0362    0.03755    0.0389    0.04024    0.04157    0.0429    0.04422    0.04553    
GD158    6.481e-19    0.0009884    0.00197    0.002954    0.00394    0.004928    0.005918    0.006909    0.007903    0.008899    0.009896    0.0109    0.0119    0.0129    0.0139    0.01491    0.01592    0.01693    0.01794    0.01895    0.01997    0.02099    0.022    0.02302    0.02405    0.02507    0.0261    0.02712    0.02815    0.02918    0.03021    0.03124    0.03228    
