TIME    3   50   100   150   200   250   300   350   400   450   500   550   600   650   700   750   800   850   900   950   1000   1050   1100   1150   1200   1250   1300   1350   1400   1450   1500   1550   1600   
NEUT_PROD    3.22   3.22   3.23   3.24   3.25   3.26   3.27   3.28   3.29   3.31   3.32   3.33   3.34   3.35   3.37   3.38   3.39   3.4   3.42   3.43   3.44   3.45   3.46   3.48   3.49   3.5   3.51   3.52   3.53   3.55   3.56   3.57   3.58   
NEUT_DEST    4.4   4.39   4.39   4.38   4.38   4.38   4.38   4.38   4.37   4.37   4.37   4.37   4.37   4.37   4.37   4.37   4.37   4.36   4.36   4.36   4.36   4.36   4.36   4.36   4.36   4.36   4.36   4.35   4.35   4.35   4.35   4.35   4.35   
BUd    9.79e-16    0.461    0.491    0.492    0.494    0.496    0.497    0.499    0.501    0.503    0.505    0.507    0.509    0.512    0.514    0.516    0.518    0.52    0.522    0.524    0.526    0.528    0.53    0.532    0.534    0.536    0.538    0.54    0.542    0.544    0.546    0.548    0.55    
HE4    0.0002186    0.005331    0.01408    0.02558    0.03931    0.05484    0.0718    0.08992    0.109    0.1288    0.1492    0.17    0.1913    0.2128    0.2346    0.2566    0.2787    0.3009    0.3232    0.3456    0.368    0.3904    0.4128    0.4353    0.4577    0.4801    0.5026    0.525    0.5474    0.5697    0.5921    0.6144    0.6367    
U234    1.37e-22    3.408e-05    0.0002867    0.0009518    0.002185    0.004109    0.006824    0.01041    0.01492    0.02041    0.02692    0.03448    0.0431    0.0528    0.0636    0.0755    0.08851    0.1026    0.1179    0.1342    0.1516    0.1702    0.1898    0.2106    0.2324    0.2553    0.2793    0.3044    0.3305    0.3577    0.386    0.4153    0.4456    
NP237    0.01295    0.2154    0.4299    0.6434    0.8559    1.067    1.278    1.488    1.696    1.904    2.111    2.317    2.521    2.725    2.928    3.131    3.332    3.532    3.731    3.93    4.127    4.324    4.519    4.714    4.908    5.101    5.293    5.484    5.674    5.863    6.052    6.24    6.426    
PU238    8.246e-18    0.1006    0.4043    0.8715    1.469    2.172    2.958    3.81    4.714    5.66    6.637    7.639    8.66    9.695    10.74    11.79    12.85    13.91    14.97    16.03    17.09    18.14    19.2    20.25    21.29    22.33    23.37    24.4    25.43    26.45    27.47    28.48    29.49    
PU239    1.077e-21    2.487e-05    0.000205    0.0006777    0.001553    0.002918    0.004842    0.00738    0.01057    0.01446    0.01906    0.02439    0.03047    0.03732    0.04492    0.0533    0.06245    0.07238    0.08307    0.09454    0.1068    0.1198    0.1335    0.1481    0.1633    0.1793    0.1961    0.2136    0.2318    0.2507    0.2704    0.2907    0.3118    
PU242    3.449e-16    0.2287    0.4763    0.7232    0.9692    1.214    1.459    1.702    1.945    2.187    2.429    2.669    2.909    3.148    3.386    3.623    3.86    4.096    4.331    4.565    4.798    5.031    5.263    5.494    5.725    5.954    6.183    6.411    6.639    6.865    7.091    7.317    7.541    
AM241    1000    997.6    995.1    992.7    990.2    987.7    985.2    982.8    980.3    977.9    975.4    973    970.6    968.2    965.7    963.3    960.9    958.5    956.1    953.7    951.4    949    946.6    944.3    941.9    939.5    937.2    934.9    932.5    930.2    927.9    925.6    923.3    
AM242M    7.183e-16    0.3364    0.6914    1.044    1.393    1.74    2.084    2.425    2.763    3.099    3.432    3.762    4.09    4.415    4.737    5.057    5.374    5.688    6    6.31    6.617    6.921    7.223    7.522    7.819    8.113    8.405    8.695    8.982    9.267    9.549    9.829    10.11    
AM242    8.822e-16    0.02764    0.02757    0.02751    0.02744    0.02738    0.02731    0.02725    0.02718    0.02712    0.02706    0.02699    0.02693    0.02687    0.0268    0.02674    0.02668    0.02662    0.02655    0.02649    0.02643    0.02637    0.0263    0.02624    0.02618    0.02612    0.02606    0.026    0.02594    0.02587    0.02581    0.02575    0.02569    
AM243    0    0.0001082    0.0004591    0.001051    0.001883    0.002952    0.004257    0.005797    0.007568    0.00957    0.0118    0.01426    0.01694    0.01985    0.02298    0.02633    0.0299    0.03368    0.03768    0.04189    0.04632    0.05095    0.0558    0.06085    0.06611    0.07157    0.07723    0.08309    0.08915    0.09541    0.1019    0.1085    0.1154    
CM242    1.641e-15    0.9912    1.867    2.572    3.139    3.595    3.961    4.254    4.489    4.676    4.825    4.943    5.036    5.108    5.165    5.207    5.24    5.264    5.28    5.291    5.298    5.301    5.301    5.298    5.294    5.288    5.281    5.273    5.264    5.254    5.244    5.234    5.223    
CM243    0    0.0001362    0.0005464    0.001176    0.001981    0.002924    0.003976    0.005114    0.006319    0.007575    0.00887    0.01019    0.01154    0.0129    0.01427    0.01564    0.01701    0.01839    0.01976    0.02112    0.02248    0.02383    0.02517    0.0265    0.02782    0.02914    0.03044    0.03173    0.03301    0.03428    0.03553    0.03678    0.03802    
KR86    0    4.258e-11    7.125e-10    3.59e-09    1.111e-08    2.641e-08    0.002032    0.003975    0.005859    0.007703    0.009518    0.01131    0.01309    0.01486    0.01661    0.01836    0.02011    0.02185    0.0236    0.02534    0.02708    0.02882    0.03056    0.03231    0.03405    0.0358    0.03755    0.03931    0.04106    0.04282    0.04459    0.04636    0.04813    
RB87    0    5.547e-11    9.29e-10    4.682e-09    1.45e-08    3.446e-08    0.002649    0.005188    0.00765    0.01006    0.01243    0.01477    0.01709    0.0194    0.02169    0.02398    0.02626    0.02854    0.03081    0.03308    0.03536    0.03763    0.03991    0.04218    0.04446    0.04675    0.04903    0.05132    0.05362    0.05592    0.05822    0.06053    0.06284    
SR88    0    6.988e-11    1.171e-09    5.903e-09    1.829e-08    4.347e-08    0.003335    0.006541    0.009649    0.01269    0.01568    0.01864    0.02157    0.02448    0.02738    0.03026    0.03314    0.03602    0.03889    0.04176    0.04463    0.0475    0.05037    0.05325    0.05612    0.05901    0.06189    0.06478    0.06768    0.07058    0.07349    0.07641    0.07933    
Y89    0    1.122e-11    3.432e-10    2.386e-09    9.089e-09    2.502e-08    0.001135    0.003877    0.007343    0.01112    0.01501    0.01893    0.02284    0.02674    0.03061    0.03447    0.03831    0.04214    0.04596    0.04977    0.05358    0.05739    0.06119    0.065    0.06881    0.07263    0.07645    0.08027    0.08411    0.08794    0.09179    0.09564    0.0995    
SR90    0    1.106e-10    1.85e-09    9.315e-09    2.882e-08    6.846e-08    0.005275    0.0103    0.01516    0.0199    0.02455    0.02913    0.03365    0.03812    0.04256    0.04697    0.05135    0.05571    0.06005    0.06438    0.06869    0.07298    0.07727    0.08155    0.08581    0.09007    0.09433    0.09857    0.1028    0.1071    0.1113    0.1155    0.1197    
ZR91    0    1.363e-11    4.25e-10    2.995e-09    1.153e-08    3.202e-08    0.001397    0.004921    0.009513    0.01462    0.01997    0.02541    0.03087    0.03633    0.04176    0.04718    0.05258    0.05796    0.06332    0.06868    0.07403    0.07938    0.08472    0.09007    0.09542    0.1008    0.1061    0.1115    0.1169    0.1223    0.1276    0.133    0.1385    
ZR92    0    1.593e-10    2.672e-09    1.349e-08    4.179e-08    9.937e-08    0.007611    0.01496    0.02209    0.02906    0.03592    0.0427    0.04942    0.05609    0.06273    0.06934    0.07594    0.08253    0.08911    0.09568    0.1023    0.1088    0.1154    0.122    0.1286    0.1352    0.1418    0.1485    0.1551    0.1617    0.1684    0.1751    0.1818    
ZR93    0    2.032e-10    3.413e-09    1.724e-08    5.344e-08    1.271e-07    0.009707    0.01914    0.02829    0.03723    0.04602    0.05471    0.06332    0.07188    0.08038    0.08886    0.09731    0.1057    0.1142    0.1226    0.131    0.1394    0.1479    0.1563    0.1648    0.1732    0.1817    0.1902    0.1986    0.2072    0.2157    0.2242    0.2328    
ZR94    0    2.291e-10    3.834e-09    1.932e-08    5.98e-08    1.421e-07    0.01094    0.0214    0.03156    0.04149    0.05127    0.06093    0.07051    0.08003    0.0895    0.09893    0.1083    0.1177    0.1271    0.1365    0.1459    0.1553    0.1647    0.1741    0.1835    0.1929    0.2024    0.2118    0.2213    0.2308    0.2403    0.2498    0.2594    
ZR95    0    2.365e-10    3.589e-09    1.646e-08    4.662e-08    1.018e-07    0.009875    0.01516    0.01792    0.01931    0.01997    0.02024    0.02031    0.02029    0.02022    0.02015    0.02009    0.02003    0.01998    0.01995    0.01993    0.01992    0.01991    0.01992    0.01993    0.01994    0.01996    0.01999    0.02002    0.02005    0.02008    0.02012    0.02015    
NB95    0    2.189e-11    5.909e-10    3.652e-09    1.246e-08    3.093e-08    0.001948    0.005123    0.007609    0.00921    0.01014    0.01064    0.01089    0.01099    0.01102    0.01101    0.01098    0.01096    0.01093    0.01091    0.0109    0.01089    0.01089    0.01089    0.01089    0.0109    0.01091    0.01092    0.01094    0.01096    0.01097    0.01099    0.01101    
MO95    0    3.661e-12    2.05e-10    1.974e-09    9.292e-09    2.973e-08    0.0006837    0.004191    0.01054    0.0189    0.02848    0.03874    0.04936    0.06014    0.07097    0.08181    0.09263    0.1034    0.1142    0.1249    0.1356    0.1463    0.157    0.1677    0.1784    0.1891    0.1998    0.2105    0.2212    0.232    0.2427    0.2535    0.2642    
ZR96    0    2.77e-10    4.634e-09    2.334e-08    7.224e-08    1.716e-07    0.01321    0.02585    0.03811    0.0501    0.06191    0.07357    0.08513    0.09662    0.108    0.1194    0.1308    0.1421    0.1534    0.1648    0.1761    0.1874    0.1987    0.2101    0.2214    0.2328    0.2442    0.2556    0.267    0.2784    0.2899    0.3014    0.3129    
MO97    0    2.868e-10    4.829e-09    2.443e-08    7.581e-08    1.804e-07    0.0137    0.02717    0.04022    0.05298    0.06552    0.0779    0.09017    0.1023    0.1145    0.1265    0.1385    0.1505    0.1625    0.1745    0.1865    0.1984    0.2104    0.2224    0.2344    0.2464    0.2584    0.2705    0.2825    0.2946    0.3067    0.3188    0.3309    
MO98    0    3.198e-10    5.346e-09    2.692e-08    8.333e-08    1.98e-07    0.01524    0.02982    0.04396    0.0578    0.07143    0.0849    0.09824    0.1115    0.1247    0.1379    0.151    0.1641    0.1772    0.1903    0.2034    0.2165    0.2296    0.2427    0.2558    0.269    0.2822    0.2954    0.3086    0.3218    0.3351    0.3484    0.3618    
TC99    0    3.066e-10    5.269e-09    2.703e-08    8.455e-08    2.023e-07    0.01468    0.03045    0.04565    0.06047    0.075    0.08933    0.1035    0.1175    0.1315    0.1454    0.1592    0.173    0.1868    0.2005    0.2143    0.228    0.2417    0.2555    0.2692    0.2829    0.2967    0.3105    0.3243    0.3381    0.3519    0.3657    0.3796    
MO100    0    3.792e-10    6.339e-09    3.192e-08    9.88e-08    2.347e-07    0.01807    0.03535    0.05212    0.06851    0.08465    0.1006    0.1164    0.1321    0.1477    0.1633    0.1788    0.1943    0.2098    0.2252    0.2407    0.2562    0.2717    0.2872    0.3027    0.3182    0.3338    0.3493    0.3649    0.3806    0.3962    0.4119    0.4277    
RU101    0    3.802e-10    6.356e-09    3.201e-08    9.905e-08    2.353e-07    0.01812    0.03545    0.05224    0.06866    0.08482    0.1008    0.1166    0.1323    0.1479    0.1634    0.1789    0.1943    0.2097    0.2251    0.2405    0.2559    0.2713    0.2867    0.3021    0.3175    0.333    0.3484    0.3639    0.3794    0.3949    0.4104    0.426    
RU102    0    3.896e-10    6.512e-09    3.279e-08    1.015e-07    2.412e-07    0.01856    0.03633    0.05357    0.07044    0.08706    0.1035    0.1198    0.136    0.1521    0.1682    0.1842    0.2002    0.2163    0.2323    0.2483    0.2643    0.2804    0.2965    0.3126    0.3287    0.3448    0.361    0.3773    0.3935    0.4099    0.4262    0.4426    
RU103    0    3.42e-10    4.923e-09    2.16e-08    5.891e-08    1.246e-07    0.01322    0.01804    0.0196    0.01995    0.01988    0.0197    0.0195    0.01933    0.01919    0.01909    0.01901    0.01895    0.01891    0.01888    0.01886    0.01886    0.01886    0.01887    0.01888    0.0189    0.01893    0.01895    0.01899    0.01902    0.01905    0.01909    0.01913    
RH103    0    6.069e-11    1.808e-09    1.229e-08    4.597e-08    1.245e-07    0.00597    0.0195    0.03573    0.05278    0.06996    0.08705    0.104    0.1208    0.1375    0.154    0.1705    0.1869    0.2033    0.2197    0.236    0.2523    0.2686    0.285    0.3013    0.3176    0.3339    0.3503    0.3667    0.3831    0.3995    0.4159    0.4324    
RU104    0    3.902e-10    6.517e-09    3.281e-08    1.015e-07    2.411e-07    0.01856    0.03632    0.05355    0.0704    0.08698    0.1034    0.1196    0.1357    0.1518    0.1678    0.1837    0.1996    0.2155    0.2314    0.2473    0.2632    0.2791    0.295    0.3109    0.3269    0.3428    0.3588    0.3748    0.3909    0.407    0.4231    0.4392    
PD105    0    2.924e-10    4.955e-09    2.519e-08    7.839e-08    1.869e-07    0.01394    0.02814    0.04187    0.05526    0.06841    0.08139    0.09422    0.107    0.1196    0.1322    0.1448    0.1573    0.1698    0.1822    0.1947    0.2071    0.2196    0.232    0.2445    0.257    0.2694    0.2819    0.2944    0.3069    0.3195    0.332    0.3446    
RU106    0    2.735e-10    4.476e-09    2.21e-08    6.707e-08    1.563e-07    0.01265    0.0236    0.0332    0.04168    0.04921    0.05593    0.06194    0.06734    0.0722    0.07658    0.08054    0.08412    0.08737    0.09032    0.09301    0.09545    0.09769    0.09973    0.1016    0.1033    0.1049    0.1064    0.1077    0.1089    0.1101    0.1112    0.1122    
PD106    0    5.355e-12    1.738e-10    1.297e-09    5.301e-09    1.559e-08    0.0005694    0.002271    0.004958    0.00851    0.01283    0.01783    0.02345    0.02961    0.03627    0.04337    0.05088    0.05875    0.06695    0.07546    0.08424    0.09327    0.1025    0.112    0.1217    0.1315    0.1415    0.1517    0.162    0.1724    0.183    0.1936    0.2044    
PD107    0    1.92e-10    3.192e-09    1.604e-08    4.959e-08    1.177e-07    0.009043    0.01769    0.02608    0.03428    0.04235    0.05032    0.05821    0.06605    0.07385    0.08162    0.08936    0.09709    0.1048    0.1125    0.1202    0.1279    0.1356    0.1434    0.1511    0.1588    0.1665    0.1743    0.182    0.1898    0.1976    0.2054    0.2132    
PD108    0    1.402e-10    2.33e-09    1.171e-08    3.619e-08    8.593e-08    0.006598    0.01291    0.01904    0.02504    0.03095    0.03679    0.04258    0.04833    0.05406    0.05978    0.06548    0.07117    0.07686    0.08255    0.08824    0.09394    0.09964    0.1054    0.1111    0.1168    0.1225    0.1283    0.1341    0.1398    0.1456    0.1515    0.1573    
AG109    0    1.023e-10    1.709e-09    8.62e-09    2.67e-08    6.348e-08    0.004827    0.009544    0.01411    0.01858    0.02297    0.02731    0.0316    0.03587    0.04011    0.04434    0.04855    0.05276    0.05696    0.06116    0.06535    0.06955    0.07374    0.07794    0.08214    0.08635    0.09057    0.09479    0.09901    0.1032    0.1075    0.1117    0.116    
PD110    0    4.302e-11    7.139e-10    3.585e-09    1.108e-08    2.63e-08    0.002019    0.003949    0.005822    0.007653    0.009455    0.01124    0.013    0.01475    0.0165    0.01824    0.01997    0.0217    0.02343    0.02515    0.02688    0.02861    0.03033    0.03206    0.03379    0.03553    0.03726    0.039    0.04074    0.04248    0.04423    0.04598    0.04774    
TE128    0    5.96e-11    9.967e-10    5.021e-09    1.554e-08    3.693e-08    0.002839    0.005562    0.008202    0.01079    0.01333    0.01584    0.01833    0.0208    0.02326    0.02571    0.02816    0.0306    0.03303    0.03547    0.0379    0.04034    0.04278    0.04522    0.04766    0.05011    0.05255    0.05501    0.05746    0.05993    0.06239    0.06486    0.06734    
I129    0    9.342e-11    1.598e-09    8.188e-09    2.567e-08    6.162e-08    0.004583    0.009316    0.01401    0.01864    0.02319    0.0277    0.03216    0.03659    0.04099    0.04538    0.04975    0.05411    0.05847    0.06282    0.06717    0.07152    0.07587    0.08023    0.08458    0.08894    0.09331    0.09768    0.1021    0.1064    0.1108    0.1152    0.1197    
TE130    0    1.755e-10    2.934e-09    1.477e-08    4.572e-08    1.086e-07    0.008359    0.01636    0.02411    0.0317    0.03917    0.04656    0.05387    0.06114    0.06837    0.07558    0.08276    0.08994    0.09711    0.1043    0.1114    0.1186    0.1258    0.1329    0.1401    0.1473    0.1545    0.1618    0.169    0.1762    0.1835    0.1908    0.198    
XE131    0    1.425e-10    3.3e-09    1.896e-08    6.295e-08    1.562e-07    0.01045    0.02438    0.03786    0.051    0.0639    0.07662    0.08921    0.1017    0.1141    0.1265    0.1388    0.1511    0.1634    0.1756    0.1879    0.2002    0.2124    0.2247    0.237    0.2493    0.2616    0.2739    0.2862    0.2986    0.311    0.3234    0.3358    
XE132    0    3.645e-10    6.287e-09    3.232e-08    1.013e-07    2.425e-07    0.01748    0.0365    0.05485    0.07273    0.09027    0.1076    0.1247    0.1417    0.1586    0.1754    0.1921    0.2088    0.2255    0.2422    0.2589    0.2755    0.2922    0.3089    0.3256    0.3423    0.3591    0.3758    0.3926    0.4095    0.4263    0.4432    0.4602    
CS133    0    3.006e-10    6.479e-09    3.601e-08    1.173e-07    2.876e-07    0.01986    0.04435    0.06796    0.09096    0.1135    0.1358    0.1578    0.1796    0.2013    0.2229    0.2444    0.2659    0.2873    0.3087    0.33    0.3514    0.3727    0.3941    0.4155    0.4369    0.4583    0.4798    0.5012    0.5227    0.5443    0.5658    0.5874    
XE134    0    5.604e-10    9.362e-09    4.714e-08    1.459e-07    3.466e-07    0.02664    0.05217    0.07693    0.1011    0.125    0.1485    0.1719    0.1951    0.2181    0.2411    0.264    0.2869    0.3098    0.3326    0.3555    0.3783    0.4012    0.424    0.447    0.4699    0.4929    0.5159    0.5389    0.562    0.5851    0.6083    0.6315    
CS135    0    5.65e-10    9.498e-09    4.801e-08    1.489e-07    3.543e-07    0.02695    0.05336    0.07894    0.1039    0.1285    0.1528    0.1769    0.2008    0.2246    0.2483    0.272    0.2955    0.3191    0.3427    0.3662    0.3898    0.4133    0.4369    0.4605    0.4842    0.5079    0.5316    0.5554    0.5792    0.603    0.6269    0.6509    
XE136    0    5.43e-10    9.068e-09    4.565e-08    1.412e-07    3.355e-07    0.02582    0.05052    0.07447    0.09791    0.121    0.1438    0.1664    0.1888    0.2111    0.2334    0.2556    0.2777    0.2999    0.322    0.3441    0.3663    0.3884    0.4106    0.4328    0.455    0.4772    0.4995    0.5219    0.5442    0.5667    0.5891    0.6116    
CS137    0    5.024e-10    8.388e-09    4.22e-08    1.305e-07    3.099e-07    0.02389    0.04667    0.06868    0.09015    0.1112    0.1319    0.1524    0.1727    0.1928    0.2128    0.2327    0.2524    0.2721    0.2917    0.3113    0.3308    0.3502    0.3696    0.389    0.4083    0.4276    0.4469    0.4661    0.4854    0.5046    0.5238    0.5429    
BA138    0    5.039e-10    8.423e-09    4.242e-08    1.313e-07    3.119e-07    0.024    0.04697    0.06925    0.09106    0.1125    0.1337    0.1547    0.1756    0.1964    0.2171    0.2377    0.2583    0.2789    0.2995    0.3201    0.3407    0.3613    0.3819    0.4026    0.4232    0.4439    0.4647    0.4855    0.5063    0.5271    0.548    0.569    
LA139    0    4.633e-10    7.744e-09    3.9e-08    1.207e-07    2.868e-07    0.02204    0.04318    0.06367    0.08372    0.1035    0.1229    0.1423    0.1615    0.1806    0.1996    0.2186    0.2375    0.2565    0.2754    0.2943    0.3132    0.3321    0.3511    0.3701    0.3891    0.4081    0.4271    0.4462    0.4654    0.4845    0.5037    0.523    
CE140    0    1.561e-10    3.957e-09    2.404e-08    8.267e-08    2.1e-07    0.01268    0.03317    0.05344    0.0732    0.09258    0.1117    0.1306    0.1493    0.1679    0.1865    0.2049    0.2234    0.2418    0.2602    0.2786    0.297    0.3154    0.3338    0.3522    0.3707    0.3891    0.4076    0.4262    0.4448    0.4634    0.482    0.5007    
CE141    0    3.717e-10    5.224e-09    2.248e-08    6.037e-08    1.261e-07    0.01384    0.01795    0.01891    0.01891    0.01868    0.01842    0.0182    0.01803    0.0179    0.01779    0.01772    0.01766    0.01762    0.01759    0.01757    0.01756    0.01756    0.01757    0.01758    0.01759    0.01761    0.01763    0.01766    0.01769    0.01771    0.01775    0.01778    
PR141    0    8.012e-11    2.343e-09    1.567e-08    5.777e-08    1.547e-07    0.007712    0.02434    0.0435    0.06317    0.08276    0.1021    0.1213    0.1403    0.1592    0.1779    0.1966    0.2152    0.2338    0.2524    0.2709    0.2895    0.308    0.3266    0.3452    0.3638    0.3824    0.401    0.4197    0.4384    0.4571    0.4759    0.4947    
CE142    0    3.988e-10    6.672e-09    3.361e-08    1.041e-07    2.473e-07    0.01901    0.03724    0.05491    0.07221    0.08923    0.106    0.1227    0.1393    0.1557    0.1722    0.1885    0.2049    0.2212    0.2375    0.2538    0.2701    0.2865    0.3028    0.3192    0.3356    0.352    0.3684    0.3849    0.4014    0.4179    0.4345    0.4511    
ND143    0    1.215e-10    3.158e-09    1.934e-08    6.672e-08    1.698e-07    0.01005    0.02675    0.04333    0.05949    0.07531    0.09089    0.1063    0.1216    0.1367    0.1518    0.1668    0.1818    0.1968    0.2117    0.2266    0.2415    0.2565    0.2714    0.2863    0.3013    0.3162    0.3312    0.3462    0.3613    0.3763    0.3914    0.4065    
CE144    0    2.983e-10    4.864e-09    2.39e-08    7.222e-08    1.675e-07    0.01374    0.02529    0.03512    0.04353    0.05078    0.05705    0.06249    0.06722    0.07135    0.07496    0.07812    0.0809    0.08335    0.08551    0.08742    0.08911    0.09062    0.09196    0.09317    0.09425    0.09522    0.0961    0.0969    0.09764    0.09831    0.09892    0.09949    
ND144    0    7.198e-12    2.38e-10    1.782e-09    7.279e-09    2.137e-08    0.0007836    0.003127    0.006787    0.01157    0.01731    0.02389    0.03119    0.03911    0.04758    0.05652    0.06589    0.07562    0.08567    0.09601    0.1066    0.1174    0.1284    0.1396    0.151    0.1625    0.1741    0.1858    0.1977    0.2096    0.2217    0.2338    0.246    
ND145    0    2.539e-10    4.251e-09    2.143e-08    6.639e-08    1.578e-07    0.01209    0.02376    0.03507    0.04612    0.057    0.06774    0.07838    0.08895    0.09946    0.1099    0.1204    0.1308    0.1412    0.1516    0.162    0.1724    0.1828    0.1932    0.2036    0.214    0.2244    0.2349    0.2453    0.2558    0.2663    0.2768    0.2873    
ND146    0    2.133e-10    3.565e-09    1.795e-08    5.556e-08    1.32e-07    0.01015    0.01987    0.0293    0.03854    0.04762    0.05661    0.06552    0.07437    0.08319    0.09197    0.1007    0.1095    0.1182    0.127    0.1357    0.1445    0.1533    0.162    0.1708    0.1796    0.1885    0.1973    0.2062    0.215    0.2239    0.2328    0.2418    
PM147    0    6.98e-11    1.694e-09    9.957e-09    3.342e-08    8.329e-08    0.005448    0.01315    0.02039    0.02716    0.03354    0.03956    0.04529    0.05074    0.05594    0.06091    0.06567    0.07024    0.07462    0.07883    0.08288    0.08678    0.09053    0.09415    0.09763    0.101    0.1042    0.1074    0.1104    0.1133    0.1162    0.1189    0.1215    
ND148    0    1.464e-10    2.443e-09    1.23e-08    3.805e-08    9.038e-08    0.006953    0.0136    0.02005    0.02636    0.03257    0.0387    0.04478    0.05081    0.05682    0.0628    0.06876    0.07472    0.08066    0.0866    0.09255    0.09849    0.1044    0.1104    0.1163    0.1223    0.1283    0.1342    0.1402    0.1462    0.1522    0.1583    0.1643    
SM149    0    1.064e-10    1.815e-09    9.261e-09    2.889e-08    6.896e-08    0.005079    0.01038    0.01549    0.02047    0.02534    0.03015    0.03489    0.03959    0.04426    0.04889    0.05351    0.0581    0.06268    0.06724    0.0718    0.07635    0.08089    0.08543    0.08996    0.0945    0.09903    0.1036    0.1081    0.1126    0.1171    0.1217    0.1262    
ND150    0    8.896e-11    1.485e-09    7.472e-09    2.312e-08    5.491e-08    0.004226    0.008267    0.01218    0.01602    0.01979    0.02351    0.02721    0.03087    0.03452    0.03816    0.04178    0.0454    0.04901    0.05262    0.05623    0.05983    0.06345    0.06706    0.07067    0.0743    0.07792    0.08155    0.08519    0.08883    0.09248    0.09613    0.0998    
SM151    0    6.893e-11    1.162e-09    5.888e-09    1.829e-08    4.352e-08    0.00328    0.006554    0.009711    0.01279    0.0158    0.01876    0.02169    0.02459    0.02746    0.03031    0.03315    0.03596    0.03877    0.04157    0.04436    0.04714    0.04991    0.05267    0.05544    0.05819    0.06094    0.06369    0.06644    0.06918    0.07192    0.07465    0.07739    
SM152    0    5.828e-11    9.736e-10    4.903e-09    1.518e-08    3.607e-08    0.002772    0.005432    0.008018    0.01055    0.01306    0.01554    0.018    0.02046    0.02291    0.02535    0.0278    0.03024    0.03269    0.03515    0.0376    0.04007    0.04254    0.04502    0.04751    0.05001    0.05252    0.05503    0.05756    0.0601    0.06264    0.0652    0.06776    
