TIME    3   50   100   150   200   250   300   350   400   450   500   550   600   650   700   750   800   850   900   950   1000   1050   1100   1150   1200   1250   1300   1350   1400   1450   1500   1550   1600   
NEUT_PROD    10.5   10.4   10.4   10.4   10.4   10.3   10.3   10.3   10.2   10.2   10.2   10.2   10.1   10.1   10.1   10   10   9.99   9.97   9.94   9.91   9.88   9.86   9.83   9.8   9.78   9.75   9.73   9.7   9.67   9.65   9.62   9.59   
NEUT_DEST    5.47   5.46   5.45   5.43   5.42   5.41   5.4   5.38   5.37   5.36   5.35   5.34   5.32   5.31   5.3   5.29   5.28   5.26   5.25   5.24   5.23   5.22   5.2   5.19   5.18   5.17   5.16   5.15   5.13   5.12   5.11   5.1   5.09   
BUd    4.19e-15    1.97    2.09    2.08    2.08    2.07    2.07    2.06    2.05    2.05    2.04    2.04    2.03    2.03    2.02    2.02    2.01    2    2    1.99    1.99    1.98    1.98    1.97    1.97    1.96    1.96    1.95    1.95    1.94    1.94    1.93    1.92    
U234    3.206e-18    0.001504    0.003098    0.004685    0.006267    0.007842    0.009411    0.01097    0.01253    0.01408    0.01563    0.01717    0.0187    0.02022    0.02175    0.02326    0.02477    0.02627    0.02777    0.02926    0.03075    0.03223    0.0337    0.03517    0.03663    0.03809    0.03954    0.04099    0.04243    0.04386    0.04529    0.04671    0.04813    
U235    1000    997.4    994.6    991.9    989.2    986.4    983.7    981    978.3    975.6    972.9    970.2    967.5    964.8    962.2    959.5    956.9    954.2    951.6    949    946.3    943.7    941.1    938.5    935.9    933.3    930.8    928.2    925.6    923.1    920.5    918    915.4    
U236    1.167e-15    0.5474    1.128    1.706    2.283    2.857    3.429    4    4.568    5.134    5.698    6.261    6.821    7.38    7.936    8.49    9.043    9.593    10.14    10.69    11.23    11.78    12.32    12.86    13.39    13.93    14.46    14.99    15.52    16.05    16.58    17.1    17.62    
NP237    0    9.708e-05    0.0005042    0.001236    0.002291    0.003667    0.005363    0.007377    0.009706    0.01235    0.01531    0.01857    0.02215    0.02603    0.03022    0.03471    0.03951    0.0446    0.04999    0.05568    0.06167    0.06795    0.07452    0.08138    0.08853    0.09596    0.1037    0.1117    0.12    0.1285    0.1374    0.1465    0.1559    
SE80    2.204e-18    0.001034    0.002132    0.003227    0.004318    0.005406    0.006492    0.007574    0.008654    0.00973    0.0108    0.01187    0.01294    0.01401    0.01507    0.01613    0.01718    0.01823    0.01928    0.02033    0.02138    0.02242    0.02345    0.02449    0.02552    0.02655    0.02758    0.0286    0.02962    0.03064    0.03166    0.03267    0.03368    
BR81    3.511e-18    0.001648    0.003397    0.00514    0.006878    0.00861    0.01034    0.01206    0.01378    0.01549    0.01719    0.01889    0.02059    0.02228    0.02396    0.02564    0.02731    0.02898    0.03065    0.0323    0.03396    0.03561    0.03725    0.03889    0.04052    0.04215    0.04377    0.04538    0.047    0.0486    0.05021    0.0518    0.05339    
SE82    4.971e-18    0.002333    0.004809    0.007278    0.00974    0.0122    0.01464    0.01709    0.01952    0.02195    0.02437    0.02679    0.0292    0.0316    0.034    0.03639    0.03877    0.04115    0.04352    0.04588    0.04824    0.05059    0.05293    0.05527    0.0576    0.05993    0.06224    0.06456    0.06686    0.06916    0.07146    0.07374    0.07602    
KR83    8.348e-18    0.004106    0.008484    0.01285    0.0172    0.02153    0.02586    0.03016    0.03446    0.03874    0.04301    0.04726    0.0515    0.05572    0.05993    0.06413    0.06831    0.07249    0.07664    0.08079    0.08492    0.08903    0.09313    0.09722    0.1013    0.1054    0.1094    0.1134    0.1175    0.1215    0.1255    0.1295    0.1334    
KR84    1.646e-17    0.007728    0.01594    0.02412    0.03229    0.04044    0.04856    0.05667    0.06475    0.07282    0.08086    0.08889    0.0969    0.1049    0.1128    0.1208    0.1287    0.1366    0.1445    0.1524    0.1602    0.1681    0.1759    0.1837    0.1914    0.1992    0.2069    0.2146    0.2223    0.23    0.2377    0.2453    0.2529    
KR85    4.305e-18    0.002003    0.004124    0.006219    0.008291    0.01034    0.01236    0.01437    0.01634    0.0183    0.02023    0.02214    0.02403    0.0259    0.02774    0.02957    0.03137    0.03315    0.03491    0.03665    0.03837    0.04007    0.04174    0.0434    0.04504    0.04666    0.04826    0.04984    0.0514    0.05294    0.05447    0.05597    0.05746    
RB85    1.599e-17    0.007477    0.01547    0.02346    0.03145    0.03943    0.04741    0.05538    0.06334    0.0713    0.07926    0.08721    0.09515    0.1031    0.111    0.1189    0.1269    0.1348    0.1427    0.1506    0.1585    0.1663    0.1742    0.1821    0.1899    0.1978    0.2056    0.2135    0.2213    0.2291    0.2369    0.2447    0.2525    
KR86    3.147e-17    0.01477    0.03045    0.04608    0.06167    0.07722    0.09272    0.1082    0.1236    0.139    0.1543    0.1696    0.1849    0.2001    0.2153    0.2304    0.2455    0.2605    0.2755    0.2905    0.3054    0.3203    0.3352    0.35    0.3647    0.3795    0.3941    0.4088    0.4234    0.438    0.4525    0.467    0.4814    
RB87    4.009e-17    0.01879    0.03876    0.05868    0.07854    0.09835    0.1181    0.1378    0.1575    0.177    0.1966    0.2161    0.2355    0.2549    0.2742    0.2935    0.3127    0.3319    0.351    0.3701    0.3891    0.408    0.427    0.4458    0.4646    0.4834    0.5021    0.5207    0.5393    0.5579    0.5764    0.5948    0.6132    
SR88    5.576e-17    0.02763    0.05706    0.08642    0.1157    0.1449    0.174    0.203    0.232    0.2609    0.2897    0.3184    0.3471    0.3756    0.4041    0.4325    0.4609    0.4891    0.5173    0.5454    0.5735    0.6014    0.6293    0.6571    0.6848    0.7125    0.7401    0.7676    0.795    0.8224    0.8497    0.8769    0.904    
SR89    7.313e-17    0.02583    0.03993    0.04695    0.05041    0.05208    0.05285    0.05316    0.05325    0.05322    0.05313    0.05302    0.05289    0.05275    0.05261    0.05247    0.05233    0.05219    0.05205    0.05191    0.05177    0.05163    0.05149    0.05135    0.05121    0.05107    0.05093    0.05079    0.05065    0.05052    0.05038    0.05024    0.05011    
Y89    1.516e-18    0.009228    0.03235    0.06244    0.09599    0.1312    0.1673    0.2037    0.2402    0.2767    0.3132    0.3496    0.386    0.4222    0.4584    0.4944    0.5304    0.5662    0.602    0.6377    0.6732    0.7087    0.7441    0.7793    0.8145    0.8496    0.8846    0.9194    0.9542    0.9889    1.024    1.058    1.092    
SR90    9.047e-17    0.04241    0.08727    0.1319    0.1762    0.2202    0.264    0.3075    0.3508    0.3938    0.4366    0.479    0.5213    0.5632    0.6049    0.6464    0.6876    0.7286    0.7693    0.8097    0.8499    0.8899    0.9296    0.969    1.008    1.047    1.086    1.124    1.163    1.201    1.238    1.276    1.313    
ZR90    9.166e-19    0.0004904    0.001154    0.001962    0.002915    0.004012    0.005251    0.006633    0.008156    0.009818    0.01162    0.01356    0.01564    0.01786    0.02021    0.02269    0.02532    0.02807    0.03096    0.03398    0.03713    0.04041    0.04382    0.04736    0.05102    0.05482    0.05874    0.06278    0.06695    0.07125    0.07567    0.0802    0.08487    
Y91    7.537e-17    0.03354    0.05391    0.06508    0.07116    0.07443    0.07614    0.077    0.07737    0.07749    0.07746    0.07735    0.07719    0.07702    0.07683    0.07663    0.07643    0.07622    0.07602    0.07581    0.07561    0.07541    0.0752    0.075    0.0748    0.0746    0.07439    0.07419    0.07399    0.07379    0.0736    0.0734    0.0732    
ZR91    1.148e-18    0.01021    0.03686    0.07258    0.1133    0.1566    0.2014    0.2469    0.2928    0.3388    0.3848    0.4308    0.4767    0.5225    0.5681    0.6137    0.6591    0.7044    0.7496    0.7946    0.8396    0.8844    0.9291    0.9736    1.018    1.062    1.107    1.151    1.195    1.238    1.282    1.326    1.369    
ZR92    9.328e-17    0.04592    0.09504    0.144    0.1929    0.2416    0.2902    0.3387    0.387    0.4352    0.4833    0.5312    0.579    0.6267    0.6743    0.7217    0.769    0.8162    0.8633    0.9102    0.957    1.004    1.05    1.097    1.143    1.189    1.235    1.281    1.327    1.373    1.418    1.464    1.509    
ZR93    8.647e-17    0.05013    0.104    0.1578    0.2114    0.2648    0.3181    0.3712    0.4242    0.4771    0.5298    0.5824    0.6348    0.6871    0.7392    0.7912    0.843    0.8947    0.9463    0.9977    1.049    1.1    1.151    1.202    1.253    1.303    1.354    1.404    1.454    1.504    1.554    1.604    1.653    
ZR94    1.044e-16    0.04901    0.101    0.1529    0.2047    0.2563    0.3078    0.3591    0.4103    0.4614    0.5123    0.5631    0.6138    0.6643    0.7147    0.765    0.8151    0.8651    0.915    0.9647    1.014    1.064    1.113    1.162    1.211    1.26    1.309    1.358    1.406    1.455    1.503    1.551    1.599    
ZR95    1.092e-16    0.0408    0.0664    0.08117    0.08965    0.09446    0.09715    0.0986    0.09933    0.09964    0.09971    0.09964    0.09949    0.09928    0.09905    0.09881    0.09856    0.0983    0.09804    0.09778    0.09752    0.09726    0.09699    0.09673    0.09647    0.09621    0.09596    0.0957    0.09544    0.09518    0.09493    0.09467    0.09442    
NB95    1.739e-18    0.008361    0.02268    0.0345    0.04265    0.04782    0.05094    0.05277    0.0538    0.05434    0.0546    0.05469    0.05468    0.05461    0.05451    0.05439    0.05426    0.05412    0.05398    0.05384    0.0537    0.05356    0.05341    0.05327    0.05313    0.05298    0.05284    0.0527    0.05256    0.05242    0.05227    0.05213    0.05199    
MO95    3.454e-20    0.002903    0.01825    0.04674    0.08506    0.1298    0.1786    0.2298    0.2823    0.3356    0.3892    0.443    0.4968    0.5506    0.6042    0.6577    0.7111    0.7644    0.8174    0.8704    0.9231    0.9758    1.028    1.081    1.133    1.185    1.236    1.288    1.34    1.391    1.442    1.493    1.544    
ZR96    1.091e-16    0.0512    0.1055    0.1597    0.2137    0.2676    0.3214    0.3749    0.4284    0.4817    0.5348    0.5878    0.6407    0.6934    0.7459    0.7984    0.8506    0.9028    0.9547    1.007    1.058    1.11    1.161    1.213    1.264    1.315    1.365    1.416    1.467    1.517    1.567    1.618    1.668    
MO97    7.2e-17    0.04849    0.1011    0.1536    0.2059    0.2581    0.3101    0.362    0.4137    0.4653    0.5167    0.5679    0.6191    0.67    0.7208    0.7715    0.822    0.8723    0.9225    0.9726    1.023    1.072    1.122    1.171    1.221    1.27    1.319    1.368    1.417    1.465    1.514    1.562    1.61    
MO98    1.066e-16    0.05005    0.1032    0.1562    0.209    0.2617    0.3143    0.3667    0.4191    0.4712    0.5233    0.5752    0.627    0.6786    0.7302    0.7816    0.8328    0.884    0.935    0.9858    1.037    1.087    1.138    1.188    1.238    1.288    1.338    1.388    1.438    1.488    1.537    1.586    1.636    
TC99    2.86e-17    0.04432    0.09604    0.1476    0.199    0.2502    0.3013    0.3522    0.4029    0.4535    0.5039    0.5541    0.6042    0.6542    0.7039    0.7535    0.803    0.8523    0.9014    0.9504    0.9992    1.048    1.096    1.145    1.193    1.241    1.289    1.337    1.384    1.432    1.479    1.526    1.573    
MO100    1.151e-16    0.05405    0.1114    0.1686    0.2256    0.2825    0.3392    0.3957    0.4521    0.5083    0.5644    0.6203    0.6761    0.7317    0.7871    0.8424    0.8976    0.9525    1.007    1.062    1.117    1.171    1.225    1.279    1.333    1.387    1.441    1.494    1.547    1.6    1.654    1.706    1.759    
RU101    9.934e-17    0.04682    0.0965    0.146    0.1954    0.2445    0.2936    0.3424    0.3911    0.4396    0.488    0.5362    0.5843    0.6322    0.6799    0.7275    0.7749    0.8221    0.8692    0.9162    0.9629    1.01    1.056    1.102    1.148    1.194    1.24    1.286    1.332    1.377    1.422    1.467    1.512    
RU102    8.508e-17    0.04009    0.08266    0.1251    0.1675    0.2098    0.2521    0.2942    0.3362    0.3782    0.42    0.4618    0.5035    0.5451    0.5866    0.6281    0.6694    0.7107    0.7519    0.7929    0.8339    0.8749    0.9157    0.9564    0.9971    1.038    1.078    1.119    1.159    1.199    1.239    1.279    1.319    
RU103    6.077e-17    0.01991    0.02889    0.03255    0.03402    0.03457    0.03475    0.03478    0.03474    0.03467    0.03459    0.03451    0.03443    0.03435    0.03426    0.03418    0.0341    0.03402    0.03393    0.03385    0.03377    0.03369    0.03361    0.03352    0.03344    0.03336    0.03328    0.0332    0.03312    0.03304    0.03296    0.03288    0.0328    
RH103    1.596e-18    0.009379    0.03147    0.05879    0.08821    0.1184    0.1489    0.1795    0.21    0.2405    0.2709    0.3011    0.3313    0.3614    0.3914    0.4213    0.4511    0.4808    0.5104    0.5399    0.5693    0.5986    0.6278    0.657    0.686    0.715    0.7438    0.7726    0.8012    0.8298    0.8583    0.8866    0.9149    
RU104    4.351e-17    0.02043    0.04212    0.06375    0.08531    0.1068    0.1283    0.1497    0.171    0.1922    0.2134    0.2346    0.2557    0.2767    0.2977    0.3186    0.3394    0.3602    0.3809    0.4016    0.4222    0.4427    0.4632    0.4836    0.504    0.5243    0.5446    0.5648    0.5849    0.605    0.625    0.645    0.6649    
PD105    1.037e-17    0.01022    0.02165    0.03303    0.04438    0.05569    0.06696    0.0782    0.0894    0.1006    0.1117    0.1228    0.1338    0.1448    0.1558    0.1668    0.1777    0.1885    0.1994    0.2102    0.2209    0.2317    0.2423    0.253    0.2636    0.2742    0.2847    0.2953    0.3057    0.3162    0.3266    0.337    0.3473    
RU106    1.197e-17    0.005394    0.01062    0.01535    0.01965    0.02354    0.02707    0.03027    0.03316    0.03578    0.03815    0.04029    0.04222    0.04396    0.04553    0.04695    0.04822    0.04937    0.05039    0.05131    0.05213    0.05286    0.05352    0.0541    0.05461    0.05506    0.05546    0.0558    0.0561    0.05636    0.05658    0.05677    0.05693    
PD106    3.388e-20    0.0002501    0.001026    0.002279    0.003968    0.00605    0.008491    0.01126    0.01432    0.01765    0.02123    0.02502    0.02902    0.03319    0.03753    0.04203    0.04665    0.0514    0.05626    0.06122    0.06627    0.0714    0.0766    0.08187    0.0872    0.09258    0.09802    0.1035    0.109    0.1146    0.1201    0.1257    0.1314    
PD107    8.142e-18    0.003825    0.007884    0.01193    0.01596    0.01998    0.02399    0.02799    0.03197    0.03594    0.0399    0.04384    0.04778    0.0517    0.05561    0.05951    0.06339    0.06726    0.07112    0.07497    0.07881    0.08264    0.08645    0.09025    0.09404    0.09782    0.1016    0.1053    0.1091    0.1128    0.1165    0.1202    0.1239    
PD108    5.015e-18    0.002358    0.004862    0.007361    0.009854    0.01234    0.01482    0.0173    0.01977    0.02224    0.0247    0.02716    0.02961    0.03206    0.0345    0.03694    0.03937    0.0418    0.04422    0.04663    0.04904    0.05145    0.05385    0.05625    0.05864    0.06102    0.06341    0.06578    0.06815    0.07052    0.07288    0.07524    0.07759    
AG109    2.599e-18    0.001628    0.003386    0.005138    0.006886    0.008628    0.01037    0.0121    0.01382    0.01555    0.01726    0.01898    0.02068    0.02239    0.02408    0.02577    0.02746    0.02914    0.03082    0.03249    0.03416    0.03582    0.03748    0.03913    0.04078    0.04243    0.04406    0.0457    0.04733    0.04895    0.05057    0.05219    0.0538    
PD110    2.687e-18    0.001261    0.0026    0.003934    0.005265    0.006592    0.007915    0.009234    0.01055    0.01186    0.01317    0.01447    0.01577    0.01707    0.01836    0.01965    0.02094    0.02222    0.0235    0.02477    0.02604    0.02731    0.02858    0.02984    0.03109    0.03235    0.03359    0.03484    0.03608    0.03732    0.03856    0.03979    0.04102    
CD111    2.763e-19    0.0007942    0.001881    0.002967    0.004049    0.005129    0.006206    0.007279    0.008349    0.009416    0.01048    0.01154    0.0126    0.01365    0.0147    0.01575    0.0168    0.01784    0.01888    0.01991    0.02095    0.02198    0.023    0.02403    0.02505    0.02606    0.02708    0.02809    0.0291    0.0301    0.03111    0.03211    0.0331    
CD112    1.229e-18    0.0008847    0.001852    0.002816    0.003778    0.004738    0.005695    0.00665    0.007602    0.008552    0.0095    0.01044    0.01139    0.01233    0.01327    0.0142    0.01514    0.01607    0.017    0.01792    0.01885    0.01977    0.02069    0.02161    0.02252    0.02343    0.02434    0.02525    0.02616    0.02706    0.02796    0.02886    0.02976    
CD113    1.926e-18    0.000899    0.001859    0.002816    0.00377    0.004722    0.00567    0.006616    0.00756    0.008501    0.009439    0.01037    0.01131    0.01224    0.01316    0.01409    0.01501    0.01593    0.01685    0.01776    0.01867    0.01958    0.02049    0.02139    0.02229    0.02319    0.02409    0.02498    0.02587    0.02676    0.02765    0.02853    0.02941    
CD114    1.915e-18    0.0008995    0.001854    0.002806    0.003755    0.004702    0.005647    0.006589    0.007528    0.008465    0.0094    0.01033    0.01126    0.01219    0.01311    0.01404    0.01496    0.01587    0.01679    0.0177    0.01861    0.01952    0.02043    0.02133    0.02223    0.02313    0.02402    0.02492    0.02581    0.0267    0.02758    0.02847    0.02935    
CD116    1.945e-18    0.0009131    0.001882    0.002848    0.003811    0.004772    0.00573    0.006685    0.007637    0.008587    0.009534    0.01048    0.01142    0.01236    0.0133    0.01423    0.01516    0.01609    0.01701    0.01794    0.01886    0.01978    0.02069    0.0216    0.02251    0.02342    0.02433    0.02523    0.02613    0.02703    0.02792    0.02881    0.0297    
SN117    1.771e-18    0.0008902    0.001841    0.002788    0.003733    0.004675    0.005615    0.006552    0.007487    0.008419    0.009348    0.01027    0.0112    0.01212    0.01304    0.01396    0.01487    0.01578    0.01669    0.01759    0.0185    0.0194    0.0203    0.02119    0.02209    0.02298    0.02387    0.02475    0.02564    0.02652    0.0274    0.02827    0.02915    
SN118    1.979e-18    0.0009436    0.001946    0.002946    0.003943    0.004937    0.005929    0.006918    0.007905    0.008888    0.00987    0.01085    0.01182    0.0128    0.01377    0.01474    0.0157    0.01667    0.01763    0.01859    0.01954    0.02049    0.02144    0.02239    0.02334    0.02428    0.02522    0.02616    0.0271    0.02803    0.02896    0.02989    0.03081    
SN119    1.957e-18    0.0009211    0.001901    0.002879    0.003857    0.004832    0.005807    0.006779    0.00775    0.008719    0.009686    0.01065    0.01161    0.01257    0.01353    0.01449    0.01544    0.01639    0.01734    0.01829    0.01924    0.02018    0.02112    0.02206    0.02299    0.02392    0.02485    0.02578    0.02671    0.02763    0.02855    0.02947    0.03039    
SN120    2.057e-18    0.0009657    0.00199    0.003012    0.004031    0.005048    0.006061    0.007072    0.00808    0.009086    0.01009    0.01109    0.01209    0.01308    0.01407    0.01506    0.01605    0.01703    0.01801    0.01899    0.01997    0.02094    0.02191    0.02288    0.02384    0.02481    0.02577    0.02672    0.02768    0.02863    0.02958    0.03053    0.03147    
SB121    1.112e-18    0.0009224    0.001935    0.002945    0.003952    0.004955    0.005955    0.006953    0.007946    0.008937    0.009925    0.01091    0.01189    0.01287    0.01384    0.01482    0.01578    0.01675    0.01771    0.01867    0.01963    0.02058    0.02153    0.02248    0.02343    0.02437    0.02531    0.02624    0.02717    0.0281    0.02903    0.02995    0.03087    
SN122    2.226e-18    0.001045    0.002154    0.003259    0.004362    0.005462    0.006559    0.007652    0.008743    0.009831    0.01092    0.012    0.01308    0.01415    0.01523    0.0163    0.01736    0.01843    0.01949    0.02055    0.0216    0.02265    0.0237    0.02475    0.0258    0.02684    0.02787    0.02891    0.02994    0.03097    0.032    0.03302    0.03405    
SB123    1.902e-18    0.0009171    0.001941    0.003001    0.004089    0.005197    0.006319    0.007452    0.008592    0.009736    0.01088    0.01203    0.01318    0.01433    0.01547    0.01662    0.01776    0.0189    0.02004    0.02117    0.0223    0.02343    0.02456    0.02568    0.0268    0.02791    0.02902    0.03013    0.03124    0.03234    0.03344    0.03454    0.03563    
SN124    2.877e-18    0.001351    0.002783    0.004212    0.005637    0.007058    0.008476    0.009889    0.0113    0.0127    0.01411    0.0155    0.0169    0.01829    0.01967    0.02106    0.02243    0.02381    0.02518    0.02655    0.02791    0.02927    0.03063    0.03198    0.03333    0.03467    0.03601    0.03735    0.03868    0.04001    0.04134    0.04266    0.04398    
SB125    2.501e-18    0.00144    0.003051    0.004607    0.006107    0.007551    0.008941    0.01028    0.01157    0.01281    0.014    0.01515    0.01626    0.01732    0.01835    0.01933    0.02028    0.02119    0.02207    0.02291    0.02372    0.02449    0.02524    0.02595    0.02664    0.0273    0.02794    0.02855    0.02913    0.02969    0.03022    0.03074    0.03123    
SN126    5.075e-18    0.002382    0.004909    0.00743    0.009943    0.01245    0.01495    0.01744    0.01993    0.02241    0.02488    0.02735    0.02981    0.03226    0.0347    0.03714    0.03958    0.042    0.04442    0.04683    0.04924    0.05164    0.05403    0.05642    0.0588    0.06117    0.06354    0.0659    0.06826    0.0706    0.07295    0.07528    0.07761    
I127    1.322e-18    0.003387    0.007667    0.01205    0.01651    0.02101    0.02554    0.03009    0.03465    0.03921    0.04378    0.04833    0.05288    0.05741    0.06194    0.06645    0.07095    0.07544    0.07991    0.08437    0.08882    0.09325    0.09767    0.1021    0.1065    0.1108    0.1152    0.1195    0.1239    0.1282    0.1325    0.1368    0.1411    
TE128    1.727e-17    0.008335    0.0172    0.02603    0.03484    0.04363    0.05239    0.06113    0.06985    0.07854    0.0872    0.09584    0.1045    0.113    0.1216    0.1302    0.1387    0.1472    0.1557    0.1641    0.1725    0.1809    0.1893    0.1977    0.206    0.2143    0.2226    0.2308    0.2391    0.2473    0.2555    0.2637    0.2718    
I129    2.107e-17    0.01128    0.02408    0.03713    0.05024    0.06335    0.07643    0.08948    0.1025    0.1155    0.1284    0.1413    0.1542    0.167    0.1798    0.1925    0.2052    0.2179    0.2305    0.2431    0.2556    0.2681    0.2806    0.2931    0.3055    0.3178    0.3301    0.3424    0.3547    0.3669    0.3791    0.3912    0.4033    
TE130    4.699e-17    0.02207    0.04549    0.06884    0.09213    0.1154    0.1385    0.1616    0.1847    0.2076    0.2306    0.2534    0.2762    0.2989    0.3216    0.3442    0.3667    0.3892    0.4116    0.434    0.4563    0.4785    0.5007    0.5228    0.5448    0.5668    0.5888    0.6106    0.6324    0.6542    0.6759    0.6975    0.7191    
XE131    8.505e-18    0.02773    0.06683    0.106    0.145    0.184    0.2228    0.2615    0.3001    0.3386    0.3769    0.4152    0.4533    0.4913    0.5293    0.5671    0.6047    0.6423    0.6798    0.7172    0.7544    0.7915    0.8286    0.8655    0.9023    0.939    0.9756    1.012    1.048    1.085    1.121    1.157    1.193    
XE132    2.963e-17    0.04766    0.104    0.1601    0.2161    0.272    0.3277    0.3832    0.4386    0.4939    0.549    0.604    0.6588    0.7135    0.7681    0.8225    0.8768    0.9309    0.9849    1.039    1.092    1.146    1.199    1.253    1.306    1.359    1.412    1.464    1.517    1.569    1.622    1.674    1.726    
XE133    8.337e-17    0.01165    0.01167    0.01164    0.01161    0.01158    0.01155    0.01152    0.01148    0.01145    0.01142    0.01139    0.01136    0.01133    0.0113    0.01127    0.01124    0.01121    0.01118    0.01115    0.01112    0.01109    0.01107    0.01104    0.01101    0.01098    0.01095    0.01092    0.01089    0.01086    0.01083    0.0108    0.01078    
CS133    1.338e-17    0.06092    0.1407    0.2204    0.2997    0.3788    0.4577    0.5363    0.6147    0.6928    0.7706    0.8483    0.9256    1.003    1.08    1.156    1.233    1.309    1.385    1.46    1.536    1.611    1.686    1.761    1.835    1.909    1.983    2.057    2.13    2.204    2.277    2.349    2.422    
XE134    1.862e-16    0.08826    0.1821    0.2756    0.3689    0.4619    0.5547    0.6472    0.7395    0.8315    0.9232    1.015    1.106    1.197    1.288    1.378    1.468    1.558    1.648    1.737    1.827    1.916    2.004    2.093    2.181    2.269    2.357    2.444    2.531    2.618    2.705    2.792    2.878    
CS135    1.26e-16    0.07223    0.1504    0.2284    0.3061    0.3836    0.461    0.5381    0.615    0.6917    0.7682    0.8445    0.9206    0.9965    1.072    1.148    1.223    1.298    1.373    1.448    1.522    1.596    1.67    1.744    1.818    1.891    1.965    2.038    2.111    2.183    2.256    2.328    2.4    
XE136    1.595e-16    0.07488    0.1543    0.2336    0.3126    0.3914    0.47    0.5484    0.6265    0.7045    0.7822    0.8598    0.9371    1.014    1.091    1.168    1.244    1.321    1.397    1.472    1.548    1.624    1.699    1.774    1.849    1.923    1.998    2.072    2.146    2.22    2.293    2.367    2.44    
CS137    1.519e-16    0.07119    0.1465    0.2214    0.2958    0.3698    0.4433    0.5164    0.5891    0.6613    0.7331    0.8045    0.8755    0.946    1.016    1.086    1.155    1.224    1.292    1.36    1.428    1.495    1.562    1.628    1.694    1.76    1.825    1.89    1.954    2.018    2.082    2.145    2.208    
BA137    3.828e-20    0.0001172    0.0004735    0.001067    0.001897    0.002962    0.00426    0.00579    0.00755    0.00954    0.01176    0.0142    0.01687    0.01976    0.02288    0.02621    0.02977    0.03354    0.03753    0.04174    0.04616    0.05079    0.05564    0.06069    0.06596    0.07143    0.07711    0.08299    0.08908    0.09537    0.1019    0.1086    0.1155    
BA138    1.648e-16    0.07762    0.1601    0.2423    0.3243    0.406    0.4876    0.5689    0.65    0.7309    0.8116    0.892    0.9722    1.052    1.132    1.212    1.291    1.37    1.449    1.528    1.606    1.685    1.763    1.841    1.918    1.996    2.073    2.15    2.227    2.303    2.38    2.456    2.532    
LA139    1.608e-16    0.07556    0.1559    0.236    0.3159    0.3955    0.475    0.5542    0.6332    0.712    0.7906    0.8689    0.9471    1.025    1.103    1.18    1.258    1.335    1.411    1.488    1.565    1.641    1.717    1.793    1.868    1.944    2.019    2.094    2.169    2.243    2.317    2.392    2.466    
BA140    1.418e-16    0.02608    0.02808    0.02814    0.02807    0.028    0.02792    0.02785    0.02777    0.0277    0.02762    0.02755    0.02747    0.0274    0.02732    0.02725    0.02717    0.0271    0.02703    0.02695    0.02688    0.02681    0.02673    0.02666    0.02659    0.02652    0.02645    0.02637    0.0263    0.02623    0.02616    0.02609    0.02602    
CE140    3.833e-18    0.04555    0.1228    0.2021    0.2813    0.3603    0.4391    0.5177    0.596    0.6742    0.7521    0.8298    0.9074    0.9847    1.062    1.139    1.215    1.292    1.368    1.444    1.52    1.596    1.671    1.746    1.822    1.896    1.971    2.045    2.12    2.194    2.268    2.341    2.415    
CE141    1.488e-16    0.04556    0.06292    0.06876    0.07065    0.07117    0.07123    0.07112    0.07096    0.07078    0.07059    0.0704    0.07021    0.07002    0.06983    0.06965    0.06946    0.06927    0.06909    0.0689    0.06872    0.06853    0.06835    0.06816    0.06798    0.0678    0.06761    0.06743    0.06725    0.06707    0.06689    0.06671    0.06653    
PR141    4.809e-18    0.02659    0.08621    0.1571    0.2318    0.3076    0.3836    0.4596    0.5354    0.6111    0.6865    0.7617    0.8367    0.9115    0.9861    1.06    1.135    1.209    1.282    1.356    1.429    1.502    1.575    1.648    1.72    1.793    1.865    1.937    2.008    2.08    2.151    2.222    2.293    
CE142    1.444e-16    0.06789    0.1401    0.2121    0.2839    0.3555    0.4269    0.4981    0.5691    0.6399    0.7105    0.7809    0.8512    0.9212    0.9911    1.061    1.13    1.199    1.269    1.337    1.406    1.475    1.543    1.611    1.679    1.747    1.814    1.882    1.949    2.016    2.083    2.149    2.216    
PR143    6.829e-17    0.02536    0.02795    0.02808    0.02802    0.02794    0.02787    0.0278    0.02772    0.02765    0.02757    0.0275    0.02743    0.02735    0.02728    0.02721    0.02713    0.02706    0.02699    0.02692    0.02684    0.02677    0.0267    0.02663    0.02656    0.02649    0.02642    0.02635    0.02628    0.0262    0.02614    0.02607    0.026    
ND143    3.943e-18    0.04164    0.1136    0.1878    0.262    0.336    0.4097    0.4833    0.5566    0.6296    0.7025    0.7752    0.8476    0.9198    0.9918    1.064    1.135    1.206    1.278    1.349    1.419    1.49    1.56    1.63    1.7    1.77    1.839    1.908    1.977    2.046    2.115    2.183    2.251    
CE144    1.379e-16    0.06136    0.1192    0.1702    0.2152    0.2548    0.2897    0.3204    0.3475    0.3712    0.3921    0.4104    0.4264    0.4404    0.4526    0.4632    0.4725    0.4805    0.4875    0.4934    0.4985    0.5029    0.5066    0.5097    0.5123    0.5144    0.5161    0.5175    0.5185    0.5192    0.5197    0.52    0.5201    
ND144    5.168e-19    0.003601    0.01472    0.03249    0.05613    0.08493    0.1183    0.1557    0.1966    0.2406    0.2874    0.3366    0.3878    0.4409    0.4957    0.5518    0.6092    0.6676    0.727    0.7871    0.848    0.9094    0.9714    1.034    1.097    1.16    1.223    1.286    1.35    1.414    1.478    1.542    1.606    
ND145    1.004e-16    0.0468    0.09684    0.1467    0.1964    0.246    0.2954    0.3447    0.3938    0.4428    0.4916    0.5403    0.5889    0.6372    0.6855    0.7336    0.7815    0.8293    0.877    0.9245    0.9719    1.019    1.066    1.113    1.16    1.207    1.253    1.3    1.346    1.392    1.438    1.484    1.529    
ND146    7.759e-17    0.03657    0.07542    0.1142    0.1529    0.1914    0.2299    0.2683    0.3066    0.3449    0.383    0.4211    0.459    0.4969    0.5347    0.5724    0.61    0.6475    0.685    0.7223    0.7596    0.7968    0.8339    0.8709    0.9078    0.9446    0.9814    1.018    1.055    1.091    1.128    1.164    1.2    
PM147    5.593e-18    0.01988    0.0496    0.07857    0.1064    0.133    0.1586    0.1831    0.2066    0.2291    0.2507    0.2714    0.2912    0.3102    0.3283    0.3457    0.3624    0.3783    0.3936    0.4082    0.4222    0.4355    0.4483    0.4605    0.4722    0.4833    0.4939    0.5041    0.5138    0.5231    0.5319    0.5403    0.5483    
SM147    4.555e-21    0.0002701    0.001525    0.003844    0.007186    0.01151    0.01677    0.02293    0.02995    0.03779    0.04642    0.0558    0.0659    0.07669    0.08814    0.1002    0.1129    0.1262    0.14    0.1543    0.1691    0.1844    0.2001    0.2163    0.2329    0.2499    0.2673    0.285    0.303    0.3214    0.3401    0.359    0.3783    
ND148    4.571e-17    0.02146    0.04423    0.06694    0.08958    0.1122    0.1347    0.1571    0.1795    0.2018    0.224    0.2462    0.2683    0.2904    0.3124    0.3343    0.3561    0.3779    0.3997    0.4213    0.4429    0.4645    0.486    0.5074    0.5287    0.55    0.5712    0.5924    0.6135    0.6346    0.6555    0.6765    0.6973    
SM149    1.042e-17    0.01293    0.02766    0.04232    0.05692    0.07145    0.08592    0.1003    0.1147    0.1289    0.1431    0.1573    0.1714    0.1854    0.1993    0.2132    0.2271    0.2408    0.2545    0.2682    0.2817    0.2953    0.3087    0.3221    0.3354    0.3487    0.3619    0.3751    0.3882    0.4012    0.4142    0.4271    0.4399    
ND150    1.862e-17    0.00874    0.01801    0.02725    0.03647    0.04566    0.05482    0.06396    0.07306    0.08214    0.0912    0.1002    0.1092    0.1182    0.1271    0.1361    0.145    0.1538    0.1627    0.1715    0.1803    0.189    0.1978    0.2065    0.2152    0.2238    0.2325    0.2411    0.2497    0.2582    0.2668    0.2753    0.2837    
SM151    6.356e-18    0.005424    0.01138    0.0173    0.02319    0.02904    0.03486    0.04065    0.0464    0.05212    0.05781    0.06346    0.06908    0.07467    0.08022    0.08575    0.09124    0.0967    0.1021    0.1075    0.1129    0.1182    0.1235    0.1288    0.134    0.1392    0.1444    0.1496    0.1547    0.1598    0.1648    0.1698    0.1748    
SM152    8.171e-18    0.003854    0.007957    0.01206    0.01617    0.02027    0.02438    0.02849    0.03259    0.0367    0.04081    0.04493    0.04904    0.05315    0.05726    0.06138    0.06549    0.06961    0.07372    0.07784    0.08196    0.08607    0.09019    0.09431    0.09842    0.1025    0.1067    0.1108    0.1149    0.119    0.1231    0.1273    0.1314    
EU153    2.135e-18    0.002442    0.005194    0.007933    0.01066    0.01338    0.01608    0.01877    0.02145    0.02412    0.02677    0.02942    0.03205    0.03467    0.03728    0.03987    0.04246    0.04503    0.0476    0.05015    0.05269    0.05522    0.05773    0.06024    0.06274    0.06522    0.06769    0.07016    0.07261    0.07505    0.07748    0.07989    0.0823    
SM154    2.497e-18    0.001172    0.002416    0.003655    0.004892    0.006124    0.007353    0.008579    0.0098    0.01102    0.01223    0.01344    0.01465    0.01586    0.01706    0.01825    0.01945    0.02064    0.02182    0.02301    0.02419    0.02536    0.02653    0.0277    0.02887    0.03003    0.03119    0.03234    0.0335    0.03465    0.03579    0.03693    0.03807    
