TIME    3   50   100   150   200   250   300   350   400   450   500   550   600   650   700   750   800   850   900   950   1000   1050   1100   1150   1200   1250   1300   1350   1400   1450   1500   1550   1600   
NEUT_PROD    0.396   0.399   0.404   0.408   0.412   0.416   0.42   0.424   0.428   0.432   0.437   0.441   0.445   0.449   0.453   0.457   0.461   0.465   0.469   0.473   0.477   0.481   0.485   0.488   0.492   0.496   0.5   0.504   0.508   0.512   0.516   0.519   0.523   
NEUT_DEST    0.813   0.814   0.816   0.817   0.819   0.82   0.822   0.823   0.825   0.826   0.828   0.83   0.831   0.833   0.834   0.836   0.837   0.839   0.84   0.842   0.843   0.845   0.846   0.848   0.849   0.851   0.852   0.854   0.855   0.856   0.858   0.859   0.861   
BUd    1.33e-16    0.063    0.0676    0.0684    0.0691    0.0699    0.0706    0.0713    0.072    0.0728    0.0735    0.0742    0.0749    0.0756    0.0763    0.0771    0.0778    0.0785    0.0792    0.0799    0.0806    0.0813    0.082    0.0827    0.0834    0.084    0.0847    0.0854    0.0861    0.0868    0.0874    0.0881    0.0888    
U238    1000    999.6    999.2    998.8    998.4    997.9    997.5    997.1    996.7    996.3    995.9    995.5    995    994.6    994.2    993.8    993.4    993    992.6    992.1    991.7    991.3    990.9    990.5    990.1    989.7    989.3    988.9    988.4    988    987.6    987.2    986.8    
NP237    9.417e-19    0.00252    0.005883    0.009242    0.01259    0.01594    0.01927    0.0226    0.02592    0.02923    0.03253    0.03582    0.03911    0.04239    0.04565    0.04892    0.05217    0.05542    0.05865    0.06188    0.0651    0.06832    0.07152    0.07472    0.07791    0.0811    0.08427    0.08744    0.09059    0.09375    0.09689    0.1    0.1032    
NP239    4.573e-16    0.02338    0.02337    0.02336    0.02335    0.02334    0.02333    0.02333    0.02332    0.02331    0.0233    0.02329    0.02328    0.02327    0.02326    0.02325    0.02324    0.02323    0.02322    0.02321    0.0232    0.02319    0.02318    0.02317    0.02316    0.02315    0.02314    0.02313    0.02312    0.02311    0.0231    0.02309    0.02308    
PU239    2.312e-16    0.2996    0.6423    0.9839    1.324    1.664    2.002    2.34    2.676    3.011    3.345    3.678    4.01    4.341    4.671    5    5.328    5.654    5.98    6.305    6.628    6.951    7.273    7.593    7.913    8.231    8.549    8.865    9.181    9.495    9.809    10.12    10.43    
ZR92    2.104e-18    0.001041    0.002165    0.003298    0.004439    0.005589    0.006748    0.007915    0.009091    0.01027    0.01147    0.01267    0.01388    0.01509    0.01632    0.01755    0.0188    0.02005    0.02131    0.02257    0.02385    0.02513    0.02642    0.02772    0.02903    0.03035    0.03167    0.033    0.03434    0.03569    0.03705    0.03841    0.03978    
ZR93    2.089e-18    0.001217    0.00254    0.003873    0.005218    0.006573    0.007939    0.009316    0.0107    0.0121    0.01351    0.01493    0.01636    0.0178    0.01926    0.02072    0.02219    0.02367    0.02517    0.02667    0.02819    0.02971    0.03125    0.03279    0.03435    0.03591    0.03749    0.03908    0.04067    0.04228    0.0439    0.04552    0.04716    
ZR94    2.283e-18    0.001078    0.002238    0.00341    0.004595    0.005792    0.007001    0.008223    0.009457    0.0107    0.01196    0.01323    0.01452    0.01581    0.01712    0.01844    0.01977    0.02111    0.02247    0.02383    0.02521    0.0266    0.028    0.02942    0.03084    0.03228    0.03373    0.03519    0.03666    0.03815    0.03964    0.04115    0.04267    
MO95    9.112e-22    7.681e-05    0.0004846    0.001247    0.002279    0.003495    0.004832    0.006249    0.007718    0.009225    0.01076    0.01231    0.01389    0.01547    0.01708    0.0187    0.02033    0.02197    0.02363    0.0253    0.02699    0.02869    0.0304    0.03212    0.03386    0.0356    0.03737    0.03914    0.04093    0.04273    0.04454    0.04637    0.0482    
ZR96    2.918e-18    0.001377    0.002858    0.004353    0.005862    0.007387    0.008927    0.01048    0.01205    0.01363    0.01523    0.01684    0.01847    0.02011    0.02177    0.02344    0.02512    0.02682    0.02853    0.03026    0.032    0.03375    0.03552    0.0373    0.0391    0.04091    0.04273    0.04457    0.04642    0.04829    0.05017    0.05206    0.05397    
MO97    2.056e-18    0.001402    0.002943    0.0045    0.006072    0.00766    0.009262    0.01088    0.01251    0.01416    0.01583    0.0175    0.0192    0.02091    0.02263    0.02437    0.02612    0.02789    0.02967    0.03147    0.03328    0.0351    0.03694    0.0388    0.04067    0.04255    0.04445    0.04636    0.04829    0.05023    0.05218    0.05415    0.05613    
MO98    3.167e-18    0.001496    0.003105    0.004731    0.006374    0.008035    0.009714    0.01141    0.01312    0.01485    0.0166    0.01836    0.02015    0.02194    0.02376    0.02559    0.02744    0.02931    0.03119    0.03309    0.035    0.03694    0.03888    0.04085    0.04283    0.04483    0.04685    0.04888    0.05092    0.05299    0.05507    0.05716    0.05927    
TC99    9.323e-19    0.001453    0.003171    0.004906    0.006658    0.008428    0.01021    0.01202    0.01384    0.01568    0.01753    0.0194    0.02129    0.02319    0.02511    0.02705    0.02901    0.03098    0.03296    0.03497    0.03699    0.03902    0.04107    0.04314    0.04522    0.04732    0.04944    0.05157    0.05372    0.05588    0.05806    0.06025    0.06246    
MO100    3.427e-18    0.001619    0.003361    0.005124    0.006907    0.008711    0.01053    0.01238    0.01424    0.01612    0.01803    0.01995    0.02189    0.02386    0.02584    0.02784    0.02986    0.0319    0.03396    0.03604    0.03814    0.04026    0.0424    0.04455    0.04673    0.04892    0.05114    0.05337    0.05562    0.05789    0.06018    0.06249    0.06481    
RU101    3.628e-18    0.001721    0.003571    0.005441    0.00733    0.009239    0.01117    0.01311    0.01508    0.01706    0.01907    0.02109    0.02313    0.02519    0.02727    0.02936    0.03148    0.03361    0.03576    0.03793    0.04012    0.04232    0.04455    0.04679    0.04905    0.05132    0.05362    0.05593    0.05826    0.06061    0.06297    0.06535    0.06775    
RU102    3.723e-18    0.001765    0.003665    0.005587    0.00753    0.009496    0.01148    0.01349    0.01552    0.01757    0.01965    0.02174    0.02386    0.026    0.02816    0.03034    0.03254    0.03476    0.037    0.03927    0.04155    0.04386    0.04619    0.04854    0.0509    0.05329    0.0557    0.05814    0.06059    0.06306    0.06555    0.06806    0.0706    
RH103    8.435e-20    0.0004982    0.001682    0.003163    0.00478    0.006464    0.008189    0.009942    0.01172    0.01352    0.01534    0.01718    0.01904    0.02092    0.02282    0.02474    0.02669    0.02865    0.03063    0.03263    0.03465    0.03669    0.03875    0.04083    0.04292    0.04504    0.04718    0.04933    0.05151    0.0537    0.05591    0.05815    0.0604    
RU104    3.043e-18    0.001439    0.002992    0.004565    0.00616    0.007775    0.00941    0.01107    0.01274    0.01444    0.01616    0.0179    0.01966    0.02143    0.02323    0.02505    0.02689    0.02875    0.03063    0.03253    0.03445    0.03638    0.03834    0.04032    0.04232    0.04433    0.04637    0.04842    0.0505    0.05259    0.0547    0.05683    0.05898    
PD105    1.079e-18    0.001072    0.002289    0.003522    0.00477    0.006034    0.007314    0.008609    0.00992    0.01125    0.01259    0.01394    0.01532    0.0167    0.01811    0.01952    0.02096    0.0224    0.02387    0.02534    0.02684    0.02834    0.02986    0.0314    0.03295    0.03452    0.03609    0.03769    0.0393    0.04092    0.04255    0.04421    0.04587    
TE130    1.941e-18    0.0009168    0.001902    0.002896    0.003899    0.004912    0.005935    0.006966    0.008007    0.009057    0.01012    0.01118    0.01226    0.01335    0.01444    0.01555    0.01666    0.01778    0.01892    0.02006    0.02121    0.02236    0.02353    0.02471    0.02589    0.02708    0.02829    0.0295    0.03072    0.03195    0.03318    0.03443    0.03568    
XE131    3.042e-19    0.0009883    0.002397    0.003829    0.005276    0.00674    0.008219    0.009713    0.01122    0.01275    0.01429    0.01585    0.01742    0.01901    0.02061    0.02223    0.02386    0.02551    0.02718    0.02886    0.03055    0.03226    0.03398    0.03572    0.03748    0.03924    0.04103    0.04283    0.04464    0.04646    0.04831    0.05016    0.05203    
XE132    1.021e-18    0.001644    0.00361    0.005599    0.007609    0.009642    0.0117    0.01377    0.01587    0.01799    0.02013    0.02229    0.02448    0.02668    0.02891    0.03116    0.03343    0.03572    0.03803    0.04036    0.04271    0.04509    0.04748    0.0499    0.05233    0.05479    0.05727    0.05976    0.06228    0.06482    0.06738    0.06996    0.07256    
CS133    4.146e-19    0.001898    0.004416    0.006962    0.009535    0.01214    0.01476    0.01742    0.0201    0.0228    0.02554    0.0283    0.03109    0.0339    0.03674    0.0396    0.04249    0.04541    0.04835    0.05132    0.05431    0.05733    0.06038    0.06345    0.06654    0.06966    0.07281    0.07598    0.07917    0.08239    0.08563    0.0889    0.0922    
XE134    5.39e-18    0.002574    0.005347    0.008149    0.01098    0.01384    0.01674    0.01966    0.02261    0.02559    0.0286    0.03164    0.03471    0.03781    0.04093    0.04409    0.04727    0.05048    0.05373    0.057    0.06029    0.06362    0.06697    0.07036    0.07377    0.07721    0.08067    0.08417    0.08769    0.09124    0.09482    0.09842    0.1021    
CS135    3.877e-18    0.002238    0.004698    0.007189    0.009711    0.01226    0.01485    0.01746    0.02011    0.02279    0.02549    0.02823    0.031    0.0338    0.03662    0.03948    0.04237    0.04529    0.04824    0.05122    0.05422    0.05726    0.06033    0.06342    0.06655    0.0697    0.07288    0.0761    0.07934    0.08261    0.08591    0.08923    0.09259    
XE136    4.835e-18    0.002285    0.004744    0.007232    0.00975    0.0123    0.01487    0.01748    0.02011    0.02277    0.02546    0.02818    0.03093    0.03371    0.03651    0.03935    0.04221    0.0451    0.04801    0.05096    0.05393    0.05693    0.05996    0.06301    0.0661    0.06921    0.07234    0.07551    0.0787    0.08192    0.08516    0.08843    0.09173    
CS137    4.427e-18    0.002089    0.004331    0.006594    0.008876    0.01118    0.0135    0.01584    0.0182    0.02058    0.02298    0.0254    0.02783    0.03029    0.03276    0.03525    0.03776    0.04029    0.04283    0.0454    0.04798    0.05057    0.05319    0.05582    0.05847    0.06114    0.06382    0.06652    0.06924    0.07197    0.07472    0.07749    0.08027    
BA138    4.461e-18    0.002115    0.004394    0.006701    0.009034    0.01139    0.01378    0.0162    0.01864    0.02111    0.0236    0.02612    0.02867    0.03125    0.03385    0.03647    0.03913    0.04181    0.04451    0.04724    0.05    0.05278    0.05559    0.05843    0.06129    0.06417    0.06708    0.07002    0.07298    0.07596    0.07898    0.08201    0.08507    
LA139    4.565e-18    0.002159    0.004484    0.006834    0.009209    0.01161    0.01403    0.01648    0.01896    0.02145    0.02398    0.02652    0.02909    0.03169    0.03431    0.03695    0.03962    0.04231    0.04502    0.04776    0.05052    0.05331    0.05612    0.05895    0.0618    0.06468    0.06758    0.07051    0.07346    0.07643    0.07942    0.08244    0.08548    
CE140    1.018e-19    0.001237    0.003358    0.005563    0.007797    0.01005    0.01234    0.01464    0.01697    0.01933    0.0217    0.0241    0.02653    0.02898    0.03145    0.03395    0.03646    0.03901    0.04157    0.04416    0.04677    0.04941    0.05206    0.05475    0.05745    0.06017    0.06292    0.06569    0.06849    0.0713    0.07414    0.077    0.07989    
PR141    1.233e-19    0.0006851    0.002235    0.004099    0.006089    0.008137    0.01022    0.01233    0.01447    0.01663    0.01882    0.02103    0.02326    0.02552    0.0278    0.03011    0.03244    0.03479    0.03716    0.03956    0.04198    0.04442    0.04689    0.04938    0.0519    0.05443    0.05699    0.05957    0.06217    0.0648    0.06745    0.07012    0.07281    
CE142    3.898e-18    0.001843    0.00383    0.005838    0.007868    0.009919    0.01199    0.01408    0.0162    0.01833    0.02049    0.02267    0.02487    0.02709    0.02933    0.03159    0.03387    0.03617    0.03849    0.04084    0.0432    0.04558    0.04799    0.05041    0.05285    0.05532    0.0578    0.06031    0.06283    0.06537    0.06794    0.07052    0.07312    
ND143    9.611e-20    0.00102    0.0028    0.004658    0.006541    0.008443    0.01036    0.0123    0.01426    0.01624    0.01824    0.02025    0.02229    0.02434    0.02641    0.0285    0.03061    0.03273    0.03488    0.03704    0.03922    0.04142    0.04364    0.04587    0.04812    0.05039    0.05268    0.05499    0.05731    0.05965    0.06201    0.06439    0.06678    
CE144    3.462e-18    0.00155    0.003029    0.004355    0.005543    0.00661    0.00757    0.008435    0.009216    0.009923    0.01056    0.01114    0.01167    0.01216    0.0126    0.01301    0.01338    0.01373    0.01405    0.01435    0.01463    0.01489    0.01514    0.01537    0.01559    0.0158    0.016    0.01619    0.01638    0.01655    0.01672    0.01689    0.01705    
ND145    3.035e-18    0.001423    0.002961    0.004512    0.006076    0.007654    0.009244    0.01085    0.01246    0.01409    0.01574    0.01739    0.01906    0.02074    0.02243    0.02414    0.02586    0.02759    0.02933    0.03109    0.03285    0.03463    0.03643    0.03823    0.04005    0.04188    0.04372    0.04558    0.04744    0.04932    0.05121    0.05311    0.05503    
ND146    2.708e-18    0.001283    0.00266    0.004049    0.00545    0.006862    0.008287    0.009723    0.01117    0.01263    0.0141    0.01558    0.01708    0.01858    0.0201    0.02163    0.02317    0.02472    0.02628    0.02786    0.02944    0.03104    0.03264    0.03426    0.03589    0.03753    0.03919    0.04085    0.04252    0.04421    0.04591    0.04761    0.04933    
ND148    1.786e-18    0.0008426    0.001747    0.002658    0.003577    0.004504    0.005439    0.00638    0.00733    0.008286    0.00925    0.01022    0.0112    0.01219    0.01318    0.01418    0.01519    0.01621    0.01723    0.01826    0.01929    0.02034    0.02139    0.02245    0.02351    0.02459    0.02567    0.02675    0.02785    0.02895    0.03005    0.03117    0.03229    
