TIME    3   50   100   150   200   250   300   350   400   450   500   550   600   650   700   750   800   850   900   950   1000   1050   1100   1150   1200   1250   1300   1350   1400   1450   1500   1550   1600   
NEUT_PROD    0.94   0.941   0.942   0.943   0.944   0.945   0.947   0.948   0.949   0.95   0.951   0.952   0.954   0.955   0.956   0.957   0.958   0.96   0.961   0.962   0.963   0.964   0.966   0.967   0.968   0.969   0.97   0.972   0.973   0.974   0.975   0.976   0.978   
NEUT_DEST    1.45   1.45   1.45   1.45   1.45   1.45   1.46   1.46   1.46   1.46   1.46   1.46   1.46   1.46   1.47   1.47   1.47   1.47   1.47   1.47   1.47   1.48   1.48   1.48   1.48   1.48   1.48   1.48   1.48   1.49   1.49   1.49   1.49   
BUd    3.32e-16    0.156    0.166    0.166    0.167    0.167    0.167    0.167    0.167    0.168    0.168    0.168    0.168    0.168    0.168    0.169    0.169    0.169    0.169    0.169    0.17    0.17    0.17    0.17    0.17    0.171    0.171    0.171    0.171    0.171    0.172    0.172    0.172    
U235    3.626e-18    0.001702    0.003506    0.005303    0.007095    0.00888    0.01066    0.01243    0.0142    0.01596    0.01771    0.01946    0.0212    0.02294    0.02467    0.02639    0.02811    0.02982    0.03153    0.03323    0.03492    0.03661    0.03829    0.03997    0.04164    0.0433    0.04496    0.04661    0.04826    0.0499    0.05154    0.05317    0.0548    
U236    1000    999.3    998.6    997.8    997.1    996.4    995.6    994.9    994.2    993.4    992.7    992    991.3    990.5    989.8    989.1    988.3    987.6    986.9    986.2    985.4    984.7    984    983.3    982.6    981.8    981.1    980.4    979.7    978.9    978.2    977.5    976.8    
U237    9.682e-16    0.1086    0.1094    0.1093    0.1092    0.1091    0.1091    0.109    0.1089    0.1088    0.1087    0.1087    0.1086    0.1085    0.1084    0.1083    0.1083    0.1082    0.1081    0.108    0.1079    0.1079    0.1078    0.1077    0.1076    0.1076    0.1075    0.1074    0.1073    0.1072    0.1072    0.1071    0.107    
NP237    1.568e-16    0.4195    0.9791    1.538    2.095    2.651    3.205    3.758    4.309    4.859    5.407    5.954    6.499    7.042    7.584    8.125    8.664    9.201    9.737    10.27    10.8    11.34    11.87    12.39    12.92    13.45    13.97    14.49    15.02    15.54    16.05    16.57    17.09    
PU238    0    0.0002316    0.001245    0.003086    0.005751    0.009234    0.01353    0.01864    0.02454    0.03125    0.03875    0.04704    0.05611    0.06596    0.07658    0.08798    0.1001    0.113    0.1267    0.1411    0.1563    0.1722    0.1889    0.2062    0.2243    0.2431    0.2627    0.2829    0.3039    0.3256    0.3479    0.371    0.3947    
KR86    0    1.26e-08    0.001909    0.003477    0.004938    0.006347    0.007725    0.009084    0.01043    0.01176    0.01309    0.01441    0.01573    0.01704    0.01836    0.01966    0.02097    0.02228    0.02359    0.02489    0.0262    0.0275    0.0288    0.03011    0.03141    0.03272    0.03403    0.03533    0.03664    0.03795    0.03925    0.04056    0.04187    
RB87    0    1.602e-08    0.002428    0.004429    0.006291    0.008086    0.009842    0.01157    0.01329    0.01499    0.01668    0.01836    0.02004    0.02172    0.02339    0.02505    0.02672    0.02839    0.03005    0.03171    0.03337    0.03504    0.0367    0.03836    0.04002    0.04169    0.04335    0.04501    0.04668    0.04834    0.05001    0.05167    0.05334    
SR88    0    2.356e-08    0.00357    0.006523    0.00927    0.01192    0.01451    0.01706    0.01958    0.02209    0.02458    0.02707    0.02954    0.03201    0.03447    0.03693    0.03939    0.04184    0.0443    0.04675    0.0492    0.05165    0.0541    0.05655    0.059    0.06145    0.06391    0.06636    0.06881    0.07127    0.07373    0.07619    0.07865    
Y89    0    5.514e-09    0.001123    0.003783    0.006922    0.0102    0.0135    0.01677    0.02002    0.02323    0.02642    0.02959    0.03274    0.03588    0.039    0.04212    0.04524    0.04835    0.05145    0.05455    0.05765    0.06075    0.06385    0.06694    0.07004    0.07314    0.07624    0.07933    0.08243    0.08553    0.08864    0.09174    0.09484    
SR90    0    3.618e-08    0.005479    0.009965    0.01413    0.01813    0.02202    0.02585    0.02963    0.03336    0.03706    0.04074    0.04438    0.04801    0.05162    0.05521    0.05878    0.06234    0.06589    0.06942    0.07294    0.07645    0.07994    0.08343    0.0869    0.09036    0.09381    0.09726    0.1007    0.1041    0.1075    0.1109    0.1143    
ZR91    0    6.06e-09    0.001243    0.004328    0.008088    0.0121    0.0162    0.0203    0.02439    0.02845    0.03248    0.03648    0.04047    0.04444    0.04839    0.05234    0.05627    0.0602    0.06413    0.06805    0.07196    0.07588    0.07979    0.0837    0.08761    0.09152    0.09543    0.09934    0.1033    0.1072    0.1111    0.115    0.1189    
ZR92    0    3.916e-08    0.005936    0.01088    0.01546    0.01988    0.02421    0.02847    0.03269    0.03687    0.04103    0.04518    0.04931    0.05343    0.05754    0.06165    0.06575    0.06985    0.07395    0.07804    0.08213    0.08622    0.09032    0.09441    0.0985    0.1026    0.1067    0.1108    0.1149    0.119    0.1231    0.1272    0.1313    
ZR93    0    4.275e-08    0.006481    0.01192    0.01696    0.02181    0.02656    0.03123    0.03586    0.04045    0.04502    0.04956    0.05409    0.05861    0.06312    0.06762    0.07211    0.07661    0.08109    0.08558    0.09006    0.09455    0.09903    0.1035    0.108    0.1125    0.117    0.1214    0.1259    0.1304    0.1349    0.1394    0.1439    
ZR94    0    4.179e-08    0.006332    0.01154    0.01639    0.02107    0.02564    0.03015    0.03462    0.03905    0.04346    0.04785    0.05223    0.05659    0.06095    0.0653    0.06964    0.07399    0.07833    0.08266    0.087    0.09134    0.09567    0.1    0.1043    0.1087    0.113    0.1174    0.1217    0.1261    0.1304    0.1348    0.1391    
MO95    0    1.325e-09    0.0003488    0.002177    0.005336    0.009316    0.01374    0.01837    0.02308    0.02783    0.03256    0.03728    0.04197    0.04664    0.0513    0.05593    0.06056    0.06517    0.06977    0.07437    0.07895    0.08354    0.08812    0.0927    0.09727    0.1018    0.1064    0.111    0.1156    0.1201    0.1247    0.1293    0.1338    
ZR96    0    4.366e-08    0.006614    0.01205    0.01712    0.022    0.02677    0.03148    0.03614    0.04077    0.04537    0.04995    0.05451    0.05906    0.06361    0.06815    0.07268    0.0772    0.08173    0.08625    0.09077    0.09529    0.0998    0.1043    0.1088    0.1134    0.1179    0.1224    0.1269    0.1315    0.136    0.1405    0.145    
MO97    0    4.135e-08    0.006273    0.01161    0.01655    0.0213    0.02593    0.0305    0.03502    0.0395    0.04395    0.04839    0.05281    0.05721    0.06161    0.066    0.07038    0.07476    0.07913    0.0835    0.08786    0.09223    0.09659    0.101    0.1053    0.1097    0.114    0.1184    0.1228    0.1271    0.1315    0.1359    0.1402    
MO98    0    4.269e-08    0.006466    0.01178    0.01674    0.02151    0.02618    0.03079    0.03535    0.03988    0.04439    0.04887    0.05334    0.05781    0.06226    0.06671    0.07115    0.07559    0.08003    0.08447    0.0889    0.09334    0.09777    0.1022    0.1067    0.1111    0.1155    0.12    0.1244    0.1289    0.1333    0.1378    0.1423    
TC99    0    3.78e-08    0.00576    0.01122    0.01616    0.02087    0.02546    0.02998    0.03443    0.03885    0.04324    0.0476    0.05194    0.05627    0.06059    0.0649    0.0692    0.07349    0.07778    0.08206    0.08634    0.09061    0.09488    0.09915    0.1034    0.1077    0.112    0.1162    0.1205    0.1247    0.129    0.1333    0.1375    
MO100    0    4.61e-08    0.006983    0.01272    0.01807    0.02322    0.02826    0.03323    0.03814    0.04302    0.04788    0.05271    0.05752    0.06233    0.06712    0.07191    0.07669    0.08146    0.08623    0.091    0.09577    0.1005    0.1053    0.1101    0.1148    0.1196    0.1244    0.1291    0.1339    0.1387    0.1434    0.1482    0.153    
RU101    0    3.994e-08    0.006049    0.01102    0.01565    0.02011    0.02447    0.02876    0.03301    0.03722    0.04141    0.04557    0.04972    0.05386    0.05799    0.0621    0.06621    0.07032    0.07442    0.07851    0.0826    0.08669    0.09077    0.09486    0.09894    0.103    0.1071    0.1112    0.1152    0.1193    0.1234    0.1275    0.1316    
RU102    0    3.42e-08    0.005179    0.009441    0.01341    0.01724    0.021    0.0247    0.02836    0.032    0.03563    0.03924    0.04284    0.04643    0.05002    0.0536    0.05719    0.06077    0.06435    0.06793    0.07152    0.0751    0.07869    0.08228    0.08587    0.08947    0.09307    0.09667    0.1003    0.1039    0.1075    0.1111    0.1147    
RH103    0    5.681e-09    0.001143    0.003673    0.00649    0.009327    0.01212    0.01486    0.01757    0.02024    0.02288    0.02551    0.02813    0.03073    0.03332    0.03591    0.03849    0.04107    0.04364    0.04621    0.04877    0.05133    0.0539    0.05646    0.05902    0.06157    0.06413    0.06669    0.06924    0.0718    0.07436    0.07691    0.07947    
RU104    0    1.744e-08    0.002639    0.00481    0.006832    0.008781    0.01069    0.01257    0.01443    0.01627    0.01811    0.01993    0.02175    0.02357    0.02538    0.02719    0.029    0.0308    0.03261    0.03441    0.03621    0.03801    0.03981    0.04161    0.04341    0.04521    0.04702    0.04882    0.05062    0.05242    0.05423    0.05603    0.05784    
PD105    0    8.733e-09    0.001325    0.002503    0.003582    0.004616    0.005625    0.006617    0.007597    0.00857    0.009535    0.0105    0.01145    0.01241    0.01336    0.01431    0.01525    0.0162    0.01714    0.01809    0.01903    0.01997    0.02091    0.02185    0.02279    0.02373    0.02467    0.02561    0.02655    0.02748    0.02842    0.02936    0.0303    
I129    0    9.468e-09    0.001453    0.002759    0.003996    0.005191    0.00636    0.00751    0.008648    0.009775    0.0109    0.01201    0.01312    0.01423    0.01534    0.01644    0.01754    0.01864    0.01974    0.02084    0.02193    0.02303    0.02413    0.02522    0.02632    0.02741    0.02851    0.02961    0.0307    0.0318    0.0329    0.03399    0.03509    
TE130    0    1.882e-08    0.002851    0.005195    0.007378    0.009483    0.01154    0.01357    0.01558    0.01757    0.01956    0.02153    0.0235    0.02546    0.02742    0.02938    0.03133    0.03328    0.03523    0.03718    0.03913    0.04108    0.04303    0.04498    0.04693    0.04888    0.05083    0.05278    0.05473    0.05668    0.05864    0.06059    0.06255    
XE131    0    1.952e-08    0.003435    0.007665    0.01143    0.01501    0.01849    0.02191    0.02529    0.02864    0.03196    0.03527    0.03857    0.04186    0.04514    0.04841    0.05168    0.05494    0.0582    0.06146    0.06471    0.06797    0.07122    0.07447    0.07773    0.08098    0.08423    0.08748    0.09074    0.09399    0.09725    0.1005    0.1038    
XE132    0    4.065e-08    0.006198    0.01217    0.01757    0.02272    0.02773    0.03266    0.03754    0.04237    0.04716    0.05194    0.0567    0.06144    0.06618    0.0709    0.07562    0.08033    0.08504    0.08975    0.09446    0.09916    0.1039    0.1086    0.1133    0.118    0.1227    0.1274    0.1321    0.1368    0.1415    0.1463    0.151    
CS133    0    4.517e-08    0.007628    0.01622    0.02387    0.03115    0.03823    0.04518    0.05205    0.05886    0.06562    0.07235    0.07904    0.08572    0.09237    0.09902    0.1056    0.1123    0.1189    0.1255    0.1321    0.1387    0.1453    0.1518    0.1584    0.165    0.1716    0.1782    0.1848    0.1913    0.1979    0.2045    0.2111    
XE134    0    7.527e-08    0.0114    0.0208    0.02955    0.03798    0.04623    0.05436    0.0624    0.07039    0.07833    0.08624    0.09412    0.102    0.1098    0.1176    0.1255    0.1333    0.1411    0.1489    0.1567    0.1645    0.1723    0.1801    0.1879    0.1957    0.2035    0.2113    0.2191    0.2269    0.2347    0.2425    0.2504    
CS135    0    6.16e-08    0.009342    0.01726    0.02458    0.03163    0.03852    0.04531    0.05203    0.05869    0.06532    0.07192    0.0785    0.08506    0.09161    0.09814    0.1047    0.1112    0.1177    0.1242    0.1307    0.1373    0.1438    0.1503    0.1568    0.1633    0.1698    0.1763    0.1829    0.1894    0.1959    0.2025    0.209    
XE136    0    6.387e-08    0.009674    0.01763    0.02503    0.03217    0.03916    0.04604    0.05286    0.05962    0.06635    0.07305    0.07973    0.08639    0.09304    0.09968    0.1063    0.1129    0.1195    0.1262    0.1328    0.1394    0.146    0.1526    0.1592    0.1658    0.1725    0.1791    0.1857    0.1923    0.199    0.2056    0.2122    
CS137    0    6.074e-08    0.009198    0.01673    0.02372    0.03043    0.03698    0.0434    0.04975    0.05602    0.06224    0.06841    0.07454    0.08064    0.08671    0.09274    0.09875    0.1047    0.1107    0.1166    0.1226    0.1285    0.1343    0.1402    0.146    0.1519    0.1577    0.1635    0.1693    0.175    0.1808    0.1865    0.1922    
BA138    0    6.62e-08    0.01003    0.01828    0.02597    0.03338    0.04063    0.04777    0.05485    0.06187    0.06885    0.0758    0.08273    0.08964    0.09654    0.1034    0.1103    0.1172    0.124    0.1309    0.1378    0.1446    0.1515    0.1584    0.1652    0.1721    0.179    0.1858    0.1927    0.1996    0.2065    0.2133    0.2202    
LA139    0    6.444e-08    0.009762    0.01781    0.0253    0.03252    0.03959    0.04655    0.05344    0.06028    0.06708    0.07385    0.0806    0.08733    0.09405    0.1008    0.1075    0.1142    0.1208    0.1275    0.1342    0.1409    0.1476    0.1543    0.1609    0.1676    0.1743    0.181    0.1877    0.1944    0.2011    0.2078    0.2145    
CE140    0    3.039e-08    0.005611    0.01423    0.022    0.02933    0.03643    0.0434    0.05027    0.05709    0.06385    0.07059    0.07729    0.08398    0.09065    0.09731    0.104    0.1106    0.1172    0.1239    0.1305    0.1371    0.1438    0.1504    0.157    0.1637    0.1703    0.1769    0.1836    0.1902    0.1968    0.2035    0.2101    
PR141    0    1.629e-08    0.003243    0.01005    0.01731    0.02444    0.03139    0.0382    0.0449    0.05152    0.05808    0.0646    0.0711    0.07757    0.08402    0.09045    0.09688    0.1033    0.1097    0.1161    0.1225    0.1289    0.1353    0.1417    0.1481    0.1545    0.1609    0.1673    0.1737    0.1801    0.1865    0.1929    0.1993    
CE142    0    5.79e-08    0.008772    0.01601    0.02274    0.02923    0.03558    0.04183    0.04803    0.05417    0.06029    0.06637    0.07244    0.07849    0.08453    0.09056    0.09658    0.1026    0.1086    0.1146    0.1206    0.1266    0.1326    0.1386    0.1446    0.1506    0.1567    0.1627    0.1687    0.1747    0.1807    0.1867    0.1928    
ND143    0    2.758e-08    0.005127    0.01326    0.02058    0.02748    0.03415    0.04069    0.04714    0.05352    0.05986    0.06616    0.07244    0.07869    0.08493    0.09115    0.09736    0.1036    0.1098    0.1159    0.1221    0.1283    0.1345    0.1407    0.1468    0.153    0.1592    0.1654    0.1715    0.1777    0.1839    0.1901    0.1962    
CE144    0    5.333e-08    0.007954    0.01356    0.01807    0.02184    0.02504    0.0278    0.03018    0.03224    0.03404    0.03561    0.03698    0.03817    0.03922    0.04014    0.04095    0.04166    0.04228    0.04283    0.04332    0.04375    0.04412    0.04446    0.04476    0.04502    0.04526    0.04547    0.04566    0.04583    0.04598    0.04612    0.04625    
ND144    0    2.068e-09    0.0004378    0.001732    0.003654    0.006086    0.008947    0.01218    0.01572    0.01954    0.02359    0.02785    0.03229    0.03689    0.04163    0.04649    0.05146    0.05652    0.06167    0.06688    0.07217    0.07751    0.0829    0.08833    0.09381    0.09932    0.1049    0.1104    0.116    0.1216    0.1273    0.133    0.1386    
ND145    0    3.992e-08    0.00605    0.01108    0.01575    0.02025    0.02465    0.02898    0.03327    0.03752    0.04175    0.04596    0.05015    0.05433    0.0585    0.06267    0.06682    0.07098    0.07512    0.07927    0.08341    0.08755    0.09169    0.09583    0.09997    0.1041    0.1082    0.1124    0.1165    0.1207    0.1248    0.1289    0.1331    
ND146    0    3.119e-08    0.004725    0.008615    0.01224    0.01574    0.01916    0.02253    0.02587    0.02919    0.03249    0.03578    0.03905    0.04233    0.04559    0.04886    0.05212    0.05537    0.05863    0.06189    0.06515    0.0684    0.07166    0.07492    0.07819    0.08145    0.08472    0.08799    0.09126    0.09454    0.09781    0.1011    0.1044    
PM147    0    1.354e-08    0.00245    0.005692    0.008464    0.01097    0.0133    0.0155    0.01758    0.01955    0.02143    0.02323    0.02495    0.0266    0.02818    0.0297    0.03115    0.03255    0.03389    0.03518    0.03641    0.03761    0.03875    0.03985    0.04092    0.04194    0.04292    0.04387    0.04478    0.04566    0.04651    0.04732    0.04811    
ND148    0    1.831e-08    0.002773    0.005052    0.007174    0.009219    0.01122    0.01319    0.01514    0.01708    0.019    0.02092    0.02283    0.02474    0.02664    0.02853    0.03043    0.03232    0.03421    0.0361    0.03799    0.03988    0.04177    0.04365    0.04554    0.04743    0.04932    0.0512    0.05309    0.05498    0.05687    0.05876    0.06065    
SM149    0    1.103e-08    0.001678    0.003214    0.004609    0.005943    0.007241    0.008516    0.009774    0.01102    0.01225    0.01348    0.0147    0.01592    0.01713    0.01833    0.01953    0.02073    0.02193    0.02312    0.02431    0.02549    0.02668    0.02786    0.02904    0.03022    0.0314    0.03258    0.03375    0.03492    0.03609    0.03726    0.03843    
