TIME    3   50   100   150   200   250   300   350   400   450   500   550   600   650   700   750   800   850   900   950   1000   1050   1100   1150   1200   1250   1300   1350   1400   1450   1500   1550   1600   
NEUT_PROD    5.29   8.45   8.43   8.42   8.4   8.39   8.37   8.35   8.34   8.32   8.31   8.29   8.28   8.26   8.24   8.23   8.21   8.2   8.18   8.17   8.15   8.14   8.12   8.11   8.09   8.08   8.06   8.05   8.03   8.02   8   7.99   7.97   
NEUT_DEST    3.2   4.44   4.43   4.43   4.42   4.42   4.41   4.4   4.4   4.39   4.38   4.37   4.37   4.36   4.35   4.35   4.34   4.33   4.33   4.32   4.32   4.31   4.3   4.3   4.29   4.28   4.28   4.27   4.26   4.26   4.25   4.24   4.24   
BUd    1.64e-15    1.06    1.51    1.5    1.5    1.5    1.5    1.49    1.49    1.49    1.48    1.48    1.48    1.48    1.47    1.47    1.47    1.46    1.46    1.46    1.46    1.45    1.45    1.45    1.45    1.44    1.44    1.44    1.43    1.43    1.43    1.43    1.42    
HE4    0.000396    0.01745    0.03554    0.05357    0.07154    0.08944    0.1073    0.1251    0.1428    0.1605    0.1781    0.1956    0.2131    0.2306    0.2479    0.2652    0.2825    0.2997    0.3168    0.3339    0.351    0.3679    0.3848    0.4017    0.4185    0.4352    0.4519    0.4686    0.4851    0.5017    0.5181    0.5345    0.5509    
U234    0.02317    1.021    2.077    3.129    4.175    5.218    6.255    7.288    8.316    9.34    10.36    11.37    12.38    13.39    14.39    15.38    16.38    17.36    18.35    19.32    20.3    21.27    22.23    23.19    24.15    25.1    26.05    26.99    27.93    28.86    29.79    30.72    31.64    
U235    9.925e-21    0.0002931    0.001217    0.002767    0.00494    0.007729    0.01113    0.01514    0.01976    0.02497    0.03078    0.03718    0.04417    0.05174    0.05988    0.0686    0.07789    0.08775    0.09816    0.1091    0.1207    0.1327    0.1453    0.1585    0.1722    0.1864    0.2011    0.2164    0.2322    0.2485    0.2653    0.2827    0.3005    
PU238    625.5    996.9    993.5    990.2    986.9    983.6    980.3    977    973.7    970.5    967.2    964    960.7    957.5    954.3    951.1    947.9    944.7    941.5    938.4    935.2    932.1    929    925.9    922.8    919.7    916.6    913.5    910.4    907.4    904.3    901.3    898.3    
PU239    5.812e-16    0.7058    1.45    2.191    2.926    3.657    4.384    5.106    5.824    6.537    7.246    7.95    8.65    9.346    10.04    10.72    11.41    12.09    12.76    13.43    14.1    14.76    15.42    16.07    16.72    17.36    18    18.64    19.27    19.9    20.53    21.15    21.77    
PU240    0    0.0001601    0.0006787    0.001554    0.002783    0.004363    0.006292    0.008568    0.01119    0.01415    0.01745    0.02108    0.02505    0.02935    0.03398    0.03893    0.04421    0.04981    0.05573    0.06197    0.06852    0.07538    0.08255    0.09003    0.09782    0.1059    0.1143    0.123    0.132    0.1412    0.1508    0.1607    0.1708    
KR83    0    9.106e-07    0.002828    0.005165    0.00733    0.009409    0.01143    0.01342    0.01539    0.01733    0.01925    0.02116    0.02305    0.02494    0.02681    0.02868    0.03053    0.03238    0.03422    0.03605    0.03787    0.03969    0.0415    0.0433    0.0451    0.0469    0.04868    0.05046    0.05224    0.05401    0.05578    0.05753    0.05929    
KR84    0    1.426e-06    0.004428    0.008063    0.01144    0.01469    0.01785    0.02097    0.02404    0.02708    0.0301    0.0331    0.03608    0.03904    0.04199    0.04493    0.04786    0.05077    0.05368    0.05658    0.05946    0.06234    0.06522    0.06808    0.07094    0.07379    0.07663    0.07947    0.0823    0.08513    0.08794    0.09076    0.09356    
RB85    0    1.306e-06    0.004057    0.00742    0.01055    0.01356    0.0165    0.0194    0.02226    0.02511    0.02793    0.03074    0.03354    0.03633    0.03911    0.04188    0.04465    0.04741    0.05017    0.05292    0.05567    0.05841    0.06115    0.06389    0.06663    0.06936    0.07209    0.07482    0.07754    0.08027    0.08299    0.08571    0.08843    
KR86    0    2.314e-06    0.007184    0.01307    0.01854    0.0238    0.02893    0.03397    0.03894    0.04387    0.04875    0.05359    0.05841    0.0632    0.06797    0.07271    0.07743    0.08214    0.08683    0.0915    0.09616    0.1008    0.1054    0.11    0.1146    0.1192    0.1238    0.1284    0.1329    0.1375    0.142    0.1465    0.151    
RB87    0    3.018e-06    0.009369    0.01707    0.02421    0.03108    0.03778    0.04436    0.05085    0.05728    0.06366    0.06998    0.07627    0.08253    0.08875    0.09494    0.1011    0.1073    0.1134    0.1195    0.1256    0.1316    0.1377    0.1437    0.1497    0.1557    0.1617    0.1676    0.1736    0.1795    0.1854    0.1913    0.1972    
SR88    0    3.799e-06    0.0118    0.02152    0.03054    0.03921    0.04767    0.05598    0.06418    0.07229    0.08034    0.08833    0.09626    0.1042    0.112    0.1198    0.1276    0.1354    0.1431    0.1508    0.1585    0.1661    0.1738    0.1814    0.189    0.1965    0.2041    0.2116    0.2191    0.2266    0.2341    0.2415    0.2489    
SR89    0    4.122e-06    0.0118    0.01547    0.01658    0.01676    0.01663    0.01641    0.01618    0.01598    0.01581    0.01566    0.01554    0.01543    0.01533    0.01525    0.01517    0.0151    0.01504    0.01498    0.01493    0.01487    0.01482    0.01478    0.01473    0.01469    0.01465    0.01461    0.01457    0.01453    0.01449    0.01446    0.01442    
Y89    0    9.346e-07    0.003896    0.0131    0.02395    0.03525    0.04659    0.05783    0.06892    0.07988    0.09072    0.1015    0.1121    0.1227    0.1332    0.1436    0.154    0.1644    0.1747    0.185    0.1952    0.2054    0.2155    0.2257    0.2358    0.2458    0.2559    0.2659    0.2759    0.2858    0.2958    0.3057    0.3156    
SR90    0    6.013e-06    0.01866    0.03389    0.04798    0.06148    0.0746    0.08744    0.1001    0.1125    0.1248    0.137    0.1491    0.161    0.1729    0.1846    0.1963    0.2079    0.2194    0.2308    0.2421    0.2534    0.2646    0.2757    0.2867    0.2977    0.3086    0.3195    0.3303    0.341    0.3516    0.3622    0.3727    
Y91    0    5.868e-06    0.01698    0.02333    0.02573    0.02651    0.02661    0.02644    0.02618    0.02591    0.02566    0.02543    0.02523    0.02505    0.02489    0.02475    0.02463    0.02451    0.02441    0.02431    0.02422    0.02414    0.02405    0.02398    0.0239    0.02383    0.02377    0.0237    0.02364    0.02357    0.02351    0.02345    0.0234    
ZR91    0    1.141e-06    0.00479    0.01665    0.03109    0.04647    0.06212    0.07777    0.0933    0.1087    0.1239    0.139    0.154    0.1689    0.1836    0.1983    0.2129    0.2275    0.242    0.2564    0.2707    0.2851    0.2993    0.3135    0.3277    0.3418    0.3559    0.37    0.384    0.398    0.4119    0.4258    0.4397    
ZR92    0    8.666e-06    0.02691    0.04925    0.06994    0.08981    0.1092    0.1282    0.147    0.1656    0.1841    0.2024    0.2205    0.2386    0.2566    0.2745    0.2924    0.3102    0.3279    0.3455    0.3631    0.3806    0.3981    0.4156    0.4329    0.4503    0.4676    0.4848    0.502    0.5192    0.5363    0.5533    0.5704    
ZR93    0    1.105e-05    0.03433    0.06304    0.08959    0.1151    0.1399    0.1643    0.1884    0.2122    0.2358    0.2593    0.2826    0.3058    0.3288    0.3517    0.3746    0.3973    0.42    0.4426    0.4651    0.4875    0.5099    0.5322    0.5545    0.5766    0.5987    0.6208    0.6428    0.6647    0.6866    0.7084    0.7302    
ZR94    0    1.246e-05    0.03868    0.07041    0.09987    0.1282    0.1558    0.183    0.2098    0.2363    0.2626    0.2887    0.3147    0.3405    0.3662    0.3918    0.4172    0.4426    0.4679    0.493    0.5182    0.5432    0.5681    0.593    0.6178    0.6426    0.6673    0.6919    0.7164    0.7409    0.7654    0.7897    0.8141    
ZR95    0    1.21e-05    0.0352    0.04899    0.05483    0.05714    0.05782    0.05776    0.05739    0.05691    0.05642    0.05596    0.05553    0.05515    0.05481    0.05451    0.05423    0.05398    0.05375    0.05353    0.05333    0.05314    0.05296    0.05279    0.05263    0.05247    0.05232    0.05218    0.05204    0.0519    0.05176    0.05163    0.0515    
NB95    0    1.717e-06    0.006725    0.01719    0.02427    0.02823    0.0302    0.03103    0.03127    0.03123    0.03105    0.03083    0.03061    0.0304    0.0302    0.03002    0.02986    0.02971    0.02958    0.02945    0.02934    0.02923    0.02913    0.02904    0.02894    0.02886    0.02877    0.02869    0.02861    0.02854    0.02846    0.02839    0.02832    
MO95    0    4.272e-07    0.002299    0.01432    0.03506    0.06115    0.09006    0.1203    0.151    0.1818    0.2125    0.2429    0.2731    0.3031    0.3329    0.3625    0.3919    0.4212    0.4503    0.4793    0.5081    0.5368    0.5655    0.594    0.6224    0.6507    0.6789    0.7071    0.7351    0.7631    0.791    0.8188    0.8465    
ZR96    0    1.505e-05    0.04672    0.08503    0.1206    0.1548    0.1882    0.2209    0.2533    0.2853    0.317    0.3486    0.3799    0.411    0.442    0.4728    0.5035    0.5341    0.5646    0.595    0.6252    0.6554    0.6855    0.7155    0.7453    0.7752    0.8049    0.8345    0.8641    0.8936    0.923    0.9524    0.9817    
MO97    0    1.558e-05    0.04843    0.08956    0.1275    0.1638    0.1992    0.234    0.2683    0.3022    0.3358    0.3691    0.4023    0.4352    0.468    0.5006    0.533    0.5653    0.5975    0.6296    0.6616    0.6934    0.7251    0.7568    0.7883    0.8198    0.8511    0.8824    0.9135    0.9446    0.9756    1.007    1.037    
MO98    0    1.736e-05    0.0539    0.09809    0.1391    0.1786    0.2171    0.2549    0.2923    0.3293    0.366    0.4024    0.4386    0.4745    0.5104    0.546    0.5816    0.6169    0.6522    0.6874    0.7224    0.7573    0.7922    0.8269    0.8615    0.8961    0.9305    0.9649    0.9992    1.033    1.068    1.102    1.136    
TC99    0    1.662e-05    0.05191    0.101    0.1452    0.1874    0.2283    0.2684    0.3079    0.3469    0.3855    0.4238    0.4618    0.4996    0.5372    0.5745    0.6117    0.6487    0.6855    0.7222    0.7587    0.7951    0.8314    0.8675    0.9035    0.9394    0.9752    1.011    1.046    1.082    1.117    1.152    1.187    
MO100    0    2.058e-05    0.06391    0.1163    0.1649    0.2117    0.2573    0.3021    0.3463    0.3901    0.4335    0.4765    0.5193    0.5619    0.6042    0.6464    0.6883    0.7301    0.7718    0.8133    0.8546    0.8959    0.9369    0.9779    1.019    1.059    1.1    1.141    1.181    1.221    1.261    1.302    1.342    
RU101    0    2.063e-05    0.06407    0.1166    0.1653    0.2121    0.2578    0.3026    0.3468    0.3905    0.4338    0.4768    0.5195    0.5619    0.604    0.646    0.6877    0.7293    0.7707    0.8119    0.8529    0.8938    0.9345    0.9751    1.016    1.056    1.096    1.136    1.176    1.216    1.255    1.295    1.334    
RU102    0    2.113e-05    0.06563    0.1195    0.1695    0.2177    0.2646    0.3108    0.3564    0.4016    0.4464    0.4909    0.5351    0.5791    0.623    0.6666    0.7101    0.7534    0.7966    0.8397    0.8827    0.9255    0.9682    1.011    1.053    1.096    1.138    1.18    1.223    1.265    1.307    1.349    1.39    
RU103    0    1.687e-05    0.04734    0.05765    0.05891    0.05793    0.0566    0.05543    0.05449    0.05375    0.05315    0.05267    0.05226    0.05192    0.05162    0.05135    0.05111    0.05089    0.05069    0.0505    0.05033    0.05016    0.05001    0.04986    0.04972    0.04958    0.04944    0.04932    0.04919    0.04907    0.04895    0.04884    0.04872    
RH103    0    4.978e-06    0.02051    0.06583    0.1162    0.1668    0.2165    0.2651    0.3129    0.36    0.4065    0.4525    0.4981    0.5434    0.5884    0.6332    0.6776    0.7219    0.766    0.8099    0.8535    0.8971    0.9404    0.9836    1.027    1.07    1.112    1.155    1.197    1.24    1.282    1.324    1.366    
RU104    0    2.113e-05    0.06563    0.1195    0.1695    0.2175    0.2644    0.3104    0.3558    0.4008    0.4454    0.4896    0.5336    0.5773    0.6208    0.6641    0.7071    0.7501    0.7928    0.8354    0.8779    0.9202    0.9623    1.004    1.046    1.088    1.13    1.171    1.213    1.254    1.295    1.336    1.377    
PD105    0    1.582e-05    0.04928    0.09299    0.1329    0.171    0.2081    0.2445    0.2803    0.3157    0.3508    0.3856    0.4201    0.4544    0.4885    0.5224    0.5561    0.5897    0.6231    0.6564    0.6896    0.7226    0.7555    0.7883    0.8209    0.8534    0.8859    0.9182    0.9504    0.9825    1.014    1.046    1.078    
RU106    0    1.46e-05    0.04479    0.07741    0.1044    0.1277    0.1481    0.1661    0.182    0.1962    0.2089    0.2201    0.2302    0.2392    0.2473    0.2545    0.2609    0.2667    0.2718    0.2763    0.2803    0.2839    0.2871    0.2899    0.2924    0.2945    0.2964    0.2981    0.2995    0.3007    0.3018    0.3027    0.3034    
PD106    0    4.52e-07    0.001948    0.007697    0.01632    0.02737    0.0405    0.05548    0.07208    0.09014    0.1095    0.13    0.1515    0.174    0.1973    0.2213    0.246    0.2713    0.2972    0.3235    0.3502    0.3773    0.4048    0.4326    0.4606    0.4889    0.5174    0.5461    0.575    0.604    0.6331    0.6624    0.6917    
PD107    0    1.03e-05    0.03198    0.0582    0.08254    0.1059    0.1287    0.1511    0.1732    0.195    0.2167    0.2382    0.2595    0.2807    0.3018    0.3228    0.3438    0.3646    0.3853    0.4059    0.4265    0.447    0.4674    0.4878    0.5081    0.5283    0.5485    0.5686    0.5886    0.6086    0.6286    0.6484    0.6683    
PD108    0    7.512e-06    0.02333    0.04248    0.06026    0.07737    0.09406    0.1105    0.1267    0.1427    0.1587    0.1745    0.1902    0.2058    0.2214    0.2369    0.2524    0.2678    0.2831    0.2984    0.3137    0.3289    0.3441    0.3592    0.3743    0.3894    0.4044    0.4194    0.4344    0.4493    0.4642    0.4791    0.494    
AG109    0    5.49e-06    0.01707    0.03144    0.04471    0.05743    0.06984    0.08201    0.09403    0.1059    0.1177    0.1294    0.141    0.1525    0.164    0.1754    0.1868    0.1981    0.2094    0.2207    0.2319    0.243    0.2541    0.2652    0.2763    0.2873    0.2983    0.3092    0.3202    0.3311    0.3419    0.3527    0.3636    
PD110    0    2.299e-06    0.007139    0.01299    0.01842    0.02365    0.02874    0.03374    0.03868    0.04357    0.04841    0.05322    0.058    0.06275    0.06747    0.07218    0.07686    0.08152    0.08617    0.0908    0.09541    0.1    0.1046    0.1092    0.1137    0.1183    0.1228    0.1273    0.1318    0.1363    0.1408    0.1453    0.1497    
CD111    0    8.019e-07    0.002865    0.006249    0.009259    0.01212    0.01489    0.01761    0.02028    0.02293    0.02555    0.02815    0.03074    0.0333    0.03586    0.0384    0.04093    0.04345    0.04596    0.04846    0.05096    0.05344    0.05592    0.05839    0.06085    0.0633    0.06575    0.06819    0.07062    0.07305    0.07547    0.07788    0.08029    
CD112    0    6.444e-07    0.002005    0.003727    0.005312    0.006832    0.008314    0.00977    0.01121    0.01263    0.01404    0.01544    0.01683    0.01822    0.0196    0.02097    0.02234    0.0237    0.02506    0.02642    0.02777    0.02912    0.03046    0.0318    0.03314    0.03447    0.03581    0.03713    0.03846    0.03978    0.04111    0.04242    0.04374    
CD113    0    4.351e-07    0.001352    0.00247    0.003507    0.004503    0.005474    0.006428    0.00737    0.008302    0.009226    0.01014    0.01105    0.01196    0.01286    0.01376    0.01465    0.01555    0.01643    0.01732    0.0182    0.01908    0.01995    0.02083    0.0217    0.02256    0.02343    0.02429    0.02516    0.02601    0.02687    0.02773    0.02858    
SB125    0    6.24e-07    0.002    0.003788    0.005359    0.006802    0.008154    0.009431    0.01064    0.0118    0.0129    0.01395    0.01496    0.01593    0.01685    0.01774    0.01859    0.01941    0.02019    0.02094    0.02167    0.02236    0.02302    0.02366    0.02427    0.02486    0.02543    0.02597    0.02649    0.02698    0.02746    0.02792    0.02836    
SN126    0    1.034e-06    0.003212    0.005845    0.00829    0.01064    0.01293    0.01519    0.01741    0.01961    0.02179    0.02396    0.02611    0.02825    0.03038    0.0325    0.03461    0.03672    0.03881    0.0409    0.04298    0.04505    0.04712    0.04918    0.05124    0.05329    0.05534    0.05738    0.05941    0.06144    0.06346    0.06548    0.0675    
I127    0    1.631e-06    0.005139    0.01054    0.01552    0.02033    0.02506    0.02972    0.03434    0.03892    0.04346    0.04797    0.05245    0.05691    0.06134    0.06574    0.07013    0.07449    0.07883    0.08316    0.08747    0.09176    0.09603    0.1003    0.1045    0.1088    0.113    0.1172    0.1214    0.1255    0.1297    0.1338    0.138    
TE128    0    3.232e-06    0.01004    0.0183    0.02596    0.03333    0.04051    0.04757    0.05453    0.06142    0.06825    0.07504    0.08177    0.08848    0.09514    0.1018    0.1084    0.115    0.1215    0.1281    0.1346    0.1411    0.1475    0.154    0.1604    0.1668    0.1732    0.1796    0.186    0.1923    0.1986    0.2049    0.2112    
I129    0    5.141e-06    0.01618    0.03073    0.04448    0.05773    0.07064    0.08331    0.0958    0.1081    0.1204    0.1325    0.1446    0.1566    0.1685    0.1803    0.1921    0.2039    0.2156    0.2273    0.2389    0.2505    0.262    0.2735    0.285    0.2964    0.3078    0.3192    0.3305    0.3418    0.353    0.3643    0.3755    
TE130    0    9.519e-06    0.02956    0.0538    0.07632    0.09796    0.1191    0.1398    0.1603    0.1805    0.2006    0.2206    0.2404    0.2601    0.2797    0.2992    0.3187    0.338    0.3573    0.3765    0.3957    0.4148    0.4338    0.4528    0.4717    0.4906    0.5094    0.5282    0.5469    0.5656    0.5842    0.6028    0.6214    
XE131    0    1.009e-05    0.0364    0.08119    0.121    0.1586    0.1952    0.2309    0.2662    0.301    0.3355    0.3697    0.4037    0.4375    0.4711    0.5045    0.5378    0.5709    0.6039    0.6368    0.6695    0.7022    0.7347    0.7671    0.7995    0.8317    0.8638    0.8958    0.9278    0.9596    0.9914    1.023    1.055    
XE132    0    1.977e-05    0.06181    0.1212    0.1746    0.2255    0.2749    0.3233    0.371    0.4181    0.4648    0.5112    0.5572    0.603    0.6485    0.6938    0.7389    0.7839    0.8286    0.8732    0.9177    0.962    1.006    1.05    1.094    1.138    1.182    1.225    1.269    1.312    1.355    1.398    1.441    
CS133    0    2.007e-05    0.06945    0.1475    0.2168    0.2826    0.3463    0.4088    0.4703    0.5311    0.5912    0.6509    0.7101    0.769    0.8275    0.8857    0.9437    1.001    1.059    1.116    1.173    1.23    1.286    1.343    1.399    1.455    1.511    1.566    1.622    1.677    1.732    1.787    1.842    
XE134    0    3.034e-05    0.0942    0.1716    0.2435    0.3125    0.3799    0.4461    0.5114    0.576    0.6401    0.7037    0.7669    0.8297    0.8922    0.9545    1.016    1.078    1.14    1.201    1.262    1.323    1.384    1.444    1.504    1.565    1.625    1.684    1.744    1.804    1.863    1.922    1.981    
CS135    0    3.066e-05    0.09532    0.1758    0.2501    0.3214    0.3908    0.4591    0.5264    0.593    0.659    0.7246    0.7897    0.8544    0.9189    0.983    1.047    1.111    1.174    1.237    1.3    1.363    1.425    1.488    1.55    1.612    1.674    1.735    1.797    1.858    1.92    1.981    2.042    
XE136    0    2.94e-05    0.09131    0.1662    0.2357    0.3025    0.3677    0.4317    0.495    0.5575    0.6195    0.6811    0.7423    0.8032    0.8638    0.924    0.9841    1.044    1.103    1.163    1.222    1.281    1.34    1.398    1.457    1.515    1.573    1.631    1.689    1.747    1.804    1.862    1.919    
BA136    0    3.078e-07    0.001165    0.002872    0.004419    0.005883    0.007304    0.008699    0.01008    0.01144    0.0128    0.01416    0.0155    0.01685    0.01819    0.01953    0.02087    0.02221    0.02354    0.02488    0.02622    0.02755    0.02889    0.03023    0.03156    0.0329    0.03424    0.03558    0.03692    0.03826    0.0396    0.04094    0.04229    
CS137    0    2.722e-05    0.08449    0.1535    0.2173    0.2785    0.3379    0.3961    0.4533    0.5098    0.5656    0.6207    0.6754    0.7296    0.7833    0.8366    0.8895    0.942    0.9942    1.046    1.097    1.148    1.199    1.25    1.3    1.35    1.399    1.448    1.497    1.546    1.594    1.642    1.69    
BA137    0    3.963e-08    0.0001574    0.0005586    0.00117    0.00198    0.00298    0.004166    0.005535    0.007084    0.00881    0.01071    0.01279    0.01503    0.01745    0.02004    0.02279    0.02572    0.0288    0.03205    0.03547    0.03905    0.04278    0.04668    0.05074    0.05495    0.05932    0.06385    0.06853    0.07337    0.07836    0.0835    0.0888    
BA138    0    2.733e-05    0.08485    0.1545    0.2192    0.2813    0.342    0.4016    0.4604    0.5186    0.5763    0.6336    0.6905    0.7471    0.8034    0.8595    0.9154    0.971    1.026    1.082    1.137    1.192    1.246    1.301    1.355    1.409    1.464    1.518    1.571    1.625    1.679    1.732    1.785    
LA139    0    2.51e-05    0.07795    0.142    0.2015    0.2587    0.3144    0.3692    0.4233    0.4768    0.5298    0.5825    0.6348    0.6869    0.7387    0.7902    0.8415    0.8927    0.9436    0.9943    1.045    1.095    1.146    1.196    1.246    1.296    1.345    1.395    1.444    1.494    1.543    1.592    1.641    
BA140    0    1.171e-05    0.02852    0.02411    0.02177    0.02059    0.01989    0.01943    0.01909    0.01882    0.01861    0.01844    0.01829    0.01817    0.01805    0.01795    0.01786    0.01778    0.0177    0.01763    0.01756    0.01749    0.01743    0.01737    0.01732    0.01726    0.01721    0.01716    0.01711    0.01706    0.01702    0.01697    0.01693    
CE140    0    1.164e-05    0.04396    0.1112    0.1717    0.2286    0.2835    0.3373    0.3902    0.4424    0.4942    0.5455    0.5965    0.6471    0.6975    0.7477    0.7976    0.8474    0.8969    0.9463    0.9955    1.045    1.093    1.142    1.191    1.239    1.288    1.336    1.384    1.432    1.48    1.527    1.575    
CE141    0    1.803e-05    0.04968    0.05707    0.05636    0.05449    0.05286    0.05162    0.0507    0.05    0.04945    0.049    0.04862    0.04829    0.04801    0.04776    0.04753    0.04732    0.04712    0.04694    0.04677    0.04661    0.04645    0.04631    0.04616    0.04603    0.0459    0.04577    0.04564    0.04552    0.04541    0.04529    0.04518    
PR141    0    6.507e-06    0.02652    0.08212    0.1412    0.1992    0.2555    0.3104    0.3644    0.4175    0.4701    0.5222    0.5738    0.6252    0.6762    0.7269    0.7774    0.8277    0.8778    0.9277    0.9774    1.027    1.076    1.126    1.175    1.224    1.272    1.321    1.369    1.418    1.466    1.514    1.562    
CE142    0    2.164e-05    0.06721    0.1225    0.1738    0.2231    0.2712    0.3185    0.3651    0.4112    0.457    0.5024    0.5476    0.5924    0.6371    0.6816    0.7258    0.7699    0.8138    0.8576    0.9012    0.9447    0.9881    1.031    1.074    1.117    1.16    1.203    1.246    1.288    1.331    1.373    1.415    
PR143    0    9.776e-06    0.02409    0.02095    0.01892    0.01789    0.01727    0.01687    0.01657    0.01634    0.01616    0.01601    0.01589    0.01578    0.01568    0.01559    0.01551    0.01544    0.01537    0.01531    0.01525    0.0152    0.01515    0.0151    0.01505    0.015    0.01496    0.01491    0.01487    0.01483    0.01479    0.01475    0.01472    
ND143    0    9.146e-06    0.03482    0.08989    0.1394    0.1859    0.2307    0.2745    0.3176    0.3601    0.4021    0.4439    0.4853    0.5264    0.5673    0.608    0.6485    0.6888    0.729    0.769    0.8088    0.8485    0.888    0.9275    0.9668    1.006    1.045    1.084    1.123    1.161    1.2    1.239    1.277    
CE144    0    1.592e-05    0.04868    0.08289    0.1103    0.1331    0.1524    0.1688    0.183    0.1951    0.2056    0.2146    0.2224    0.2291    0.2349    0.2399    0.2442    0.2478    0.2509    0.2536    0.2558    0.2577    0.2592    0.2605    0.2616    0.2624    0.2631    0.2636    0.264    0.2643    0.2644    0.2645    0.2644    
ND144    0    6.184e-07    0.00268    0.0106    0.02234    0.03717    0.0546    0.07423    0.09574    0.1189    0.1434    0.1691    0.1959    0.2235    0.252    0.2811    0.3107    0.3409    0.3715    0.4024    0.4337    0.4652    0.4969    0.5289    0.5609    0.5931    0.6254    0.6578    0.6903    0.7227    0.7553    0.7878    0.8204    
ND145    0    1.376e-05    0.04275    0.0782    0.111    0.1425    0.1733    0.2034    0.2332    0.2626    0.2918    0.3208    0.3496    0.3781    0.4066    0.4349    0.4631    0.4911    0.5191    0.5469    0.5747    0.6023    0.6299    0.6573    0.6847    0.712    0.7392    0.7663    0.7934    0.8203    0.8472    0.874    0.9008    
ND146    0    1.156e-05    0.03589    0.06537    0.09274    0.1191    0.1448    0.17    0.1949    0.2196    0.2441    0.2684    0.2926    0.3167    0.3406    0.3644    0.3882    0.4119    0.4355    0.459    0.4824    0.5058    0.5291    0.5524    0.5756    0.5987    0.6218    0.6449    0.6678    0.6908    0.7137    0.7365    0.7593    
PM147    0    5.104e-06    0.01891    0.04389    0.06518    0.08438    0.1022    0.1188    0.1346    0.1495    0.1636    0.177    0.1898    0.202    0.2137    0.2248    0.2354    0.2455    0.2552    0.2644    0.2732    0.2816    0.2897    0.2973    0.3047    0.3117    0.3184    0.3248    0.3308    0.3367    0.3422    0.3475    0.3526    
SM147    0    4.856e-08    0.0002506    0.0014    0.003376    0.006079    0.009446    0.01343    0.018    0.02311    0.02874    0.03486    0.04145    0.04849    0.05594    0.0638    0.07204    0.08064    0.08959    0.09887    0.1085    0.1184    0.1285    0.139    0.1497    0.1607    0.1719    0.1833    0.1949    0.2067    0.2187    0.2309    0.2433    
ND148    0    7.918e-06    0.02459    0.04474    0.06345    0.08144    0.09898    0.1162    0.1332    0.15    0.1667    0.1833    0.1997    0.2161    0.2323    0.2485    0.2646    0.2807    0.2967    0.3126    0.3285    0.3443    0.3601    0.3758    0.3915    0.4071    0.4227    0.4382    0.4537    0.4691    0.4846    0.4999    0.5152    
SM149    0    5.76e-06    0.01796    0.03436    0.04922    0.06338    0.07711    0.09056    0.1038    0.1168    0.1297    0.1425    0.1552    0.1678    0.1803    0.1927    0.205    0.2172    0.2294    0.2415    0.2536    0.2655    0.2775    0.2893    0.3011    0.3129    0.3246    0.3362    0.3478    0.3594    0.3708    0.3823    0.3937    
ND150    0    4.812e-06    0.01494    0.02719    0.03856    0.04949    0.06015    0.07061    0.08094    0.09116    0.1013    0.1114    0.1213    0.1313    0.1412    0.151    0.1608    0.1705    0.1802    0.1899    0.1996    0.2092    0.2187    0.2283    0.2378    0.2473    0.2567    0.2662    0.2756    0.2849    0.2943    0.3036    0.3129    
SM151    0    3.728e-06    0.0116    0.02162    0.03079    0.03954    0.04803    0.05634    0.06451    0.07256    0.08051    0.08837    0.09616    0.1039    0.1115    0.1191    0.1267    0.1341    0.1416    0.149    0.1563    0.1636    0.1708    0.178    0.1851    0.1922    0.1993    0.2063    0.2133    0.2202    0.2271    0.234    0.2408    
SM152    0    3.156e-06    0.009803    0.01787    0.02538    0.03262    0.0397    0.04668    0.05358    0.06043    0.06724    0.07402    0.08077    0.0875    0.09421    0.1009    0.1076    0.1143    0.1209    0.1276    0.1342    0.1409    0.1475    0.1542    0.1608    0.1674    0.1741    0.1807    0.1873    0.1939    0.2006    0.2072    0.2138    
EU153    0    1.85e-06    0.005766    0.01094    0.01565    0.02015    0.02451    0.02878    0.03298    0.03713    0.04124    0.0453    0.04933    0.05334    0.05731    0.06126    0.06518    0.06908    0.07296    0.07682    0.08066    0.08448    0.08829    0.09207    0.09584    0.09959    0.1033    0.107    0.1107    0.1144    0.1181    0.1217    0.1254    
SM154    0    1.512e-06    0.004697    0.008546    0.01212    0.01555    0.0189    0.0222    0.02544    0.02866    0.03184    0.035    0.03814    0.04126    0.04437    0.04746    0.05054    0.0536    0.05666    0.0597    0.06273    0.06575    0.06876    0.07176    0.07475    0.07774    0.08071    0.08368    0.08663    0.08958    0.09252    0.09546    0.09838    
EU155    0    1.028e-06    0.003185    0.005729    0.008032    0.01019    0.01225    0.01423    0.01613    0.01797    0.01976    0.02149    0.02317    0.02481    0.0264    0.02795    0.02945    0.03092    0.03235    0.03374    0.0351    0.03642    0.03771    0.03897    0.04019    0.04139    0.04255    0.04369    0.04479    0.04587    0.04692    0.04795    0.04895    
GD156    0    3.199e-07    0.001222    0.003137    0.004895    0.006557    0.008167    0.009745    0.0113    0.01285    0.01438    0.01591    0.01743    0.01895    0.02046    0.02197    0.02348    0.02499    0.0265    0.028    0.0295    0.03101    0.03251    0.03401    0.03552    0.03702    0.03852    0.04002    0.04152    0.04303    0.04453    0.04603    0.04754    
GD157    0    5.033e-07    0.001565    0.002882    0.004095    0.005255    0.006382    0.007487    0.008573    0.009645    0.01071    0.01175    0.01279    0.01383    0.01485    0.01587    0.01687    0.01788    0.01887    0.01986    0.02085    0.02183    0.0228    0.02377    0.02473    0.02569    0.02664    0.02758    0.02853    0.02946    0.0304    0.03132    0.03225    
