TIME    3   50   100   150   200   250   300   350   400   450   500   550   600   650   700   750   800   850   900   950   1000   1050   1100   1150   1200   1250   1300   1350   1400   1450   1500   1550   1600   
NEUT_PROD    3.59   3.59   3.59   3.6   3.6   3.61   3.61   3.62   3.62   3.62   3.63   3.63   3.63   3.64   3.64   3.64   3.65   3.65   3.65   3.66   3.66   3.66   3.67   3.67   3.67   3.68   3.68   3.68   3.68   3.69   3.69   3.69   3.69   
NEUT_DEST    2.15   2.15   2.15   2.15   2.15   2.16   2.16   2.16   2.16   2.16   2.16   2.16   2.16   2.16   2.17   2.17   2.17   2.17   2.17   2.17   2.17   2.18   2.18   2.18   2.18   2.18   2.18   2.18   2.18   2.18   2.19   2.19   2.19   
BUd    1.16e-15    0.546    0.582    0.583    0.583    0.584    0.585    0.586    0.586    0.587    0.588    0.588    0.589    0.59    0.59    0.591    0.592    0.592    0.593    0.594    0.594    0.595    0.595    0.596    0.596    0.597    0.597    0.598    0.598    0.599    0.599    0.6    0.6    
U236    0.0008564    0.01426    0.02849    0.0427    0.05688    0.07104    0.08517    0.09927    0.1133    0.1274    0.1414    0.1554    0.1694    0.1833    0.1972    0.2111    0.225    0.2388    0.2527    0.2665    0.2802    0.294    0.3077    0.3213    0.335    0.3486    0.3623    0.3758    0.3894    0.4029    0.4164    0.4299    0.4434    
PU240    1000    998.9    997.8    996.7    995.6    994.5    993.3    992.2    991.1    990    988.9    987.8    986.7    985.5    984.4    983.3    982.2    981.1    980    978.9    977.8    976.7    975.6    974.5    973.4    972.3    971.2    970.1    969    968    966.9    965.8    964.7    
PU241    1.044e-15    0.4882    1.002    1.51    2.013    2.51    3.001    3.488    3.968    4.444    4.914    5.379    5.838    6.293    6.742    7.187    7.626    8.061    8.491    8.915    9.336    9.751    10.16    10.57    10.97    11.37    11.76    12.15    12.53    12.91    13.28    13.65    14.02    
PU242    0    0.0001083    0.0004602    0.001054    0.001888    0.002959    0.004266    0.005807    0.00758    0.009583    0.01181    0.01427    0.01695    0.01985    0.02298    0.02632    0.02988    0.03365    0.03764    0.04183    0.04624    0.05086    0.05568    0.0607    0.06593    0.07136    0.07698    0.08281    0.08883    0.09504    0.1014    0.108    0.1148    
AM241    2.064e-19    0.001514    0.006418    0.01467    0.02623    0.04106    0.05909    0.0803    0.1046    0.1321    0.1625    0.196    0.2324    0.2718    0.314    0.359    0.4069    0.4575    0.5108    0.5668    0.6255    0.6867    0.7505    0.8169    0.8857    0.957    1.031    1.107    1.185    1.266    1.349    1.434    1.522    
SR90    0    3.754e-06    1.591e-05    3.638e-05    6.502e-05    0.0001017    0.0001464    0.0001989    0.0002591    0.0003269    0.005308    0.01025    0.01516    0.02003    0.02488    0.0297    0.03449    0.03926    0.04401    0.04874    0.05345    0.05814    0.06281    0.06746    0.07209    0.07671    0.08131    0.08589    0.09045    0.095    0.09953    0.1041    0.1086    
ZR92    0    5.506e-06    2.347e-05    5.376e-05    9.627e-05    0.0001508    0.0002174    0.0002957    0.0003857    0.0004872    0.007679    0.01489    0.02208    0.02924    0.03639    0.04352    0.05063    0.05774    0.06484    0.07193    0.07901    0.08609    0.09316    0.1002    0.1073    0.1143    0.1214    0.1285    0.1355    0.1426    0.1496    0.1567    0.1637    
ZR93    0    7.329e-06    3.132e-05    7.181e-05    0.0001286    0.0002016    0.0002905    0.0003953    0.0005156    0.0006514    0.009831    0.01908    0.0283    0.03749    0.04666    0.0558    0.06493    0.07405    0.08315    0.09224    0.1013    0.1104    0.1195    0.1285    0.1376    0.1466    0.1557    0.1647    0.1738    0.1828    0.1919    0.2009    0.2099    
ZR94    0    8.345e-06    3.542e-05    8.106e-05    0.0001451    0.0002272    0.0003273    0.0004452    0.0005806    0.0007334    0.01108    0.02138    0.03164    0.04187    0.05208    0.06226    0.07243    0.08259    0.09273    0.1029    0.113    0.1231    0.1332    0.1433    0.1534    0.1635    0.1736    0.1837    0.1938    0.2039    0.214    0.2241    0.2342    
ZR95    0    8.342e-06    3.02e-05    5.977e-05    9.362e-05    0.0001298    0.0001671    0.000205    0.0002429    0.0002807    0.009342    0.01457    0.01757    0.01929    0.02026    0.02081    0.02111    0.02127    0.02135    0.02139    0.0214    0.0214    0.0214    0.02139    0.02138    0.02137    0.02136    0.02136    0.02135    0.02134    0.02134    0.02133    0.02133    
ZR96    0    1.102e-05    4.678e-05    0.000107    0.0001915    0.0003    0.0004321    0.0005877    0.0007665    0.0009682    0.01348    0.02594    0.03835    0.05073    0.06308    0.07541    0.08771    0.1    0.1123    0.1245    0.1368    0.149    0.1613    0.1735    0.1857    0.198    0.2102    0.2224    0.2346    0.2468    0.259    0.2713    0.2835    
MO97    0    1.162e-05    4.993e-05    0.0001147    0.0002056    0.0003223    0.0004646    0.0006322    0.0008248    0.001042    0.01402    0.02724    0.0404    0.05352    0.06661    0.07967    0.09271    0.1057    0.1187    0.1317    0.1447    0.1576    0.1706    0.1835    0.1965    0.2094    0.2223    0.2352    0.2481    0.261    0.2739    0.2868    0.2997    
MO98    0    1.356e-05    5.754e-05    0.0001317    0.0002356    0.0003691    0.0005317    0.0007232    0.0009432    0.001191    0.01564    0.03003    0.04438    0.05868    0.07296    0.08722    0.1015    0.1157    0.1299    0.1441    0.1583    0.1725    0.1866    0.2008    0.215    0.2292    0.2434    0.2576    0.2717    0.2859    0.3001    0.3143    0.3285    
TC99    0    1.433e-05    6.397e-05    0.0001487    0.000268    0.0004216    0.000609    0.0008299    0.001084    0.00137    0.01534    0.0306    0.04579    0.06093    0.07602    0.09108    0.1061    0.1211    0.1361    0.1511    0.166    0.1809    0.1959    0.2108    0.2257    0.2406    0.2555    0.2703    0.2852    0.3001    0.3149    0.3298    0.3446    
MO100    0    1.631e-05    6.922e-05    0.0001584    0.0002834    0.0004439    0.0006395    0.0008697    0.001134    0.001433    0.01857    0.03564    0.05264    0.0696    0.08652    0.1034    0.1203    0.1371    0.1539    0.1707    0.1875    0.2043    0.2211    0.2379    0.2547    0.2714    0.2882    0.305    0.3217    0.3385    0.3552    0.372    0.3888    
RU101    0    1.641e-05    6.965e-05    0.0001594    0.0002851    0.0004465    0.000643    0.0008744    0.00114    0.00144    0.01862    0.03573    0.05277    0.06975    0.08669    0.1036    0.1204    0.1373    0.1541    0.1709    0.1876    0.2044    0.2211    0.2378    0.2545    0.2712    0.2879    0.3045    0.3212    0.3378    0.3544    0.3711    0.3877    
RU102    0    1.747e-05    7.418e-05    0.0001698    0.0003038    0.000476    0.0006858    0.0009328    0.001217    0.001537    0.01916    0.03671    0.05422    0.07169    0.08913    0.1066    0.124    0.1414    0.1587    0.1761    0.1935    0.2109    0.2283    0.2457    0.2631    0.2805    0.2979    0.3153    0.3328    0.3502    0.3677    0.3851    0.4026    
RU103    0    1.353e-05    4.522e-05    8.419e-05    0.0001259    0.0001684    0.000211    0.0002534    0.0002954    0.000337    0.01233    0.01723    0.01921    0.01999    0.02029    0.02039    0.02041    0.02041    0.02039    0.02038    0.02036    0.02035    0.02034    0.02034    0.02033    0.02033    0.02033    0.02033    0.02033    0.02034    0.02034    0.02034    0.02035    
RH103    0    3.983e-06    2.907e-05    8.581e-05    0.0001783    0.0003079    0.0004751    0.0006796    0.0009212    0.001199    0.007411    0.02063    0.0367    0.05392    0.07157    0.08938    0.1072    0.1251    0.1429    0.1607    0.1785    0.1962    0.214    0.2317    0.2494    0.2671    0.2848    0.3025    0.3201    0.3378    0.3554    0.3731    0.3907    
RU104    0    1.985e-05    8.427e-05    0.0001928    0.0003451    0.0005405    0.0007785    0.001059    0.001381    0.001744    0.01941    0.03701    0.05456    0.07207    0.08954    0.107    0.1244    0.1418    0.1592    0.1766    0.194    0.2114    0.2287    0.2461    0.2635    0.2808    0.2982    0.3156    0.3329    0.3503    0.3677    0.3851    0.4025    
PD105    0    1.577e-05    6.875e-05    0.0001586    0.000285    0.0004474    0.0006454    0.0008786    0.001147    0.001449    0.01475    0.02867    0.04255    0.05638    0.07017    0.08394    0.09768    0.1114    0.1251    0.1388    0.1525    0.1661    0.1798    0.1934    0.2071    0.2207    0.2343    0.248    0.2616    0.2752    0.2888    0.3024    0.3161    
RU106    0    1.714e-05    7.054e-05    0.0001566    0.0002719    0.0004135    0.0005786    0.0007646    0.0009694    0.001191    0.01315    0.024    0.03384    0.04278    0.05089    0.05827    0.06497    0.07107    0.07662    0.08167    0.08627    0.09046    0.09428    0.09776    0.1009    0.1038    0.1065    0.1089    0.1111    0.1131    0.115    0.1167    0.1182    
PD107    0    1.641e-05    6.963e-05    0.0001593    0.000285    0.0004464    0.000643    0.0008743    0.00114    0.00144    0.01018    0.01891    0.02762    0.03631    0.045    0.05369    0.06238    0.07107    0.07977    0.08847    0.09717    0.1059    0.1146    0.1233    0.1321    0.1408    0.1496    0.1584    0.1672    0.1759    0.1847    0.1936    0.2024    
PD108    0    1.229e-05    5.215e-05    0.0001194    0.0002136    0.0003346    0.0004821    0.0006558    0.0008554    0.001081    0.007469    0.01385    0.02022    0.02659    0.03296    0.03934    0.04572    0.05211    0.05851    0.06492    0.07134    0.07777    0.08422    0.09067    0.09714    0.1036    0.1101    0.1166    0.1231    0.1297    0.1362    0.1428    0.1494    
AG109    0    8.246e-06    3.531e-05    8.103e-05    0.0001452    0.0002276    0.000328    0.0004462    0.0005821    0.0007354    0.005396    0.01012    0.01484    0.01955    0.02425    0.02896    0.03366    0.03837    0.04308    0.04779    0.0525    0.05722    0.06194    0.06666    0.07139    0.07613    0.08087    0.08562    0.09037    0.09513    0.09989    0.1047    0.1094    
TE130    0    7.946e-06    3.372e-05    7.717e-05    0.0001381    0.0002163    0.0003116    0.0004238    0.0005527    0.0006981    0.008635    0.01654    0.02442    0.03228    0.04012    0.04795    0.05577    0.06358    0.07138    0.07918    0.08697    0.09476    0.1026    0.1103    0.1181    0.1259    0.1337    0.1415    0.1493    0.157    0.1648    0.1726    0.1804    
XE131    0    7.921e-06    4.265e-05    0.0001058    0.0001972    0.0003165    0.0004633    0.0006374    0.0008384    0.001066    0.01139    0.02491    0.03841    0.05188    0.0653    0.0787    0.09208    0.1054    0.1188    0.1321    0.1454    0.1587    0.172    0.1853    0.1985    0.2118    0.2251    0.2383    0.2516    0.2649    0.2781    0.2914    0.3046    
XE132    0    1.626e-05    7.307e-05    0.0001702    0.0003071    0.0004835    0.0006988    0.0009527    0.001245    0.001574    0.0182    0.03654    0.05482    0.07304    0.09121    0.1094    0.1275    0.1456    0.1636    0.1817    0.1997    0.2178    0.2358    0.2539    0.2719    0.2899    0.3079    0.326    0.344    0.362    0.3801    0.3981    0.4161    
CS133    0    1.647e-05    8.38e-05    0.0002032    0.0003741    0.0005959    0.000868    0.00119    0.001561    0.00198    0.02141    0.04513    0.06876    0.0923    0.1158    0.1392    0.1626    0.1859    0.2092    0.2325    0.2557    0.2789    0.3022    0.3253    0.3485    0.3717    0.3948    0.4179    0.4411    0.4642    0.4873    0.5104    0.5335    
XE134    0    2.915e-05    0.0001238    0.0002834    0.0005073    0.0007946    0.001145    0.001557    0.00203    0.002565    0.02794    0.05325    0.07848    0.1037    0.1288    0.1539    0.1789    0.204    0.229    0.254    0.279    0.304    0.329    0.354    0.3791    0.4041    0.4291    0.4541    0.4791    0.5041    0.5292    0.5542    0.5793    
CS135    0    2.455e-05    0.0001053    0.0002417    0.0004331    0.0006791    0.0009788    0.001332    0.001738    0.002195    0.02778    0.05373    0.07959    0.1054    0.1311    0.1568    0.1825    0.2081    0.2337    0.2592    0.2848    0.3104    0.3359    0.3614    0.3869    0.4125    0.438    0.4635    0.489    0.5145    0.5401    0.5656    0.5911    
XE136    0    2.729e-05    0.0001158    0.000265    0.0004742    0.0007428    0.00107    0.001455    0.001898    0.002397    0.02697    0.05144    0.07584    0.1002    0.1245    0.1487    0.173    0.1972    0.2214    0.2456    0.2697    0.2939    0.3181    0.3423    0.3664    0.3906    0.4148    0.439    0.4632    0.4874    0.5116    0.5358    0.56    
CS137    0    2.378e-05    0.0001008    0.0002304    0.0004118    0.0006444    0.0009273    0.00126    0.001641    0.002071    0.02477    0.0473    0.06968    0.09194    0.1141    0.1361    0.1581    0.1799    0.2017    0.2234    0.245    0.2665    0.288    0.3093    0.3307    0.3519    0.3731    0.3942    0.4153    0.4363    0.4572    0.4781    0.4989    
BA138    0    2.294e-05    9.741e-05    0.0002229    0.0003989    0.0006249    0.0009002    0.001224    0.001597    0.002017    0.0248    0.04751    0.07015    0.09272    0.1153    0.1377    0.1602    0.1826    0.2051    0.2275    0.2499    0.2723    0.2946    0.317    0.3394    0.3618    0.3841    0.4065    0.4289    0.4513    0.4736    0.496    0.5184    
LA139    0    2.27e-05    9.643e-05    0.0002207    0.000395    0.0006188    0.0008914    0.001212    0.001581    0.001997    0.02296    0.04388    0.06473    0.08554    0.1063    0.127    0.1477    0.1684    0.1891    0.2097    0.2304    0.251    0.2717    0.2923    0.313    0.3336    0.3542    0.3749    0.3955    0.4162    0.4369    0.4575    0.4782    
CE140    0    1.04e-05    6.264e-05    0.0001632    0.0003121    0.0005087    0.0007526    0.001043    0.00138    0.001763    0.01452    0.03435    0.05459    0.0748    0.09497    0.1151    0.1352    0.1553    0.1754    0.1954    0.2155    0.2355    0.2555    0.2756    0.2956    0.3156    0.3357    0.3557    0.3757    0.3958    0.4158    0.4359    0.456    
CE141    0    1.368e-05    4.414e-05    8.013e-05    0.0001177    0.0001556    0.0001933    0.0002307    0.0002677    0.0003043    0.01278    0.01704    0.01846    0.0189    0.01902    0.01904    0.01902    0.01899    0.01897    0.01894    0.01892    0.01891    0.01889    0.01888    0.01887    0.01887    0.01886    0.01886    0.01885    0.01885    0.01885    0.01885    0.01885    
PR141    0    4.928e-06    3.504e-05    0.0001012    0.0002069    0.0003529    0.0005393    0.0007659    0.001032    0.001338    0.009286    0.02546    0.04441    0.06427    0.0844    0.1046    0.1248    0.145    0.1651    0.1853    0.2054    0.2255    0.2456    0.2656    0.2857    0.3058    0.3258    0.3459    0.3659    0.3859    0.406    0.426    0.446    
CE142    0    1.722e-05    7.316e-05    0.0001675    0.0002997    0.0004695    0.0006764    0.00092    0.0012    0.001516    0.01955    0.03754    0.05546    0.07334    0.09118    0.109    0.1268    0.1445    0.1623    0.18    0.1977    0.2154    0.2331    0.2508    0.2685    0.2862    0.3039    0.3216    0.3393    0.3569    0.3746    0.3923    0.41    
ND143    0    7.642e-06    4.705e-05    0.0001231    0.0002357    0.0003846    0.0005693    0.0007893    0.001044    0.001334    0.01145    0.02749    0.04394    0.06036    0.07674    0.09308    0.1094    0.1257    0.1419    0.1582    0.1744    0.1906    0.2068    0.223    0.2392    0.2554    0.2716    0.2877    0.3039    0.3201    0.3362    0.3524    0.3685    
CE144    0    1.489e-05    6.074e-05    0.0001337    0.0002303    0.0003474    0.0004824    0.0006328    0.0007966    0.0009719    0.01389    0.02526    0.03529    0.04414    0.05195    0.05884    0.06493    0.0703    0.07505    0.07925    0.08297    0.08625    0.08916    0.09173    0.09401    0.09602    0.09781    0.0994    0.1008    0.1021    0.1032    0.1042    0.105    
ND145    0    1.189e-05    5.067e-05    0.0001161    0.0002078    0.0003256    0.0004691    0.000638    0.0008321    0.001051    0.01254    0.02406    0.03554    0.04699    0.0584    0.0698    0.08118    0.09254    0.1039    0.1152    0.1266    0.1379    0.1492    0.1605    0.1718    0.1831    0.1944    0.2057    0.217    0.2283    0.2396    0.2509    0.2622    
ND146    0    1.047e-05    4.445e-05    0.0001017    0.0001821    0.0002852    0.000411    0.000559    0.0007292    0.0009211    0.01058    0.0202    0.0298    0.03938    0.04895    0.0585    0.06805    0.07759    0.08713    0.09666    0.1062    0.1157    0.1253    0.1348    0.1444    0.1539    0.1635    0.173    0.1826    0.1922    0.2018    0.2113    0.2209    
PM147    0    4.931e-06    2.78e-05    6.989e-05    0.0001304    0.0002083    0.0003027    0.0004129    0.000538    0.0006773    0.006109    0.01359    0.02086    0.02783    0.03453    0.04096    0.04713    0.05306    0.05876    0.06424    0.06951    0.07458    0.07946    0.08415    0.08866    0.09301    0.09719    0.1012    0.1051    0.1088    0.1124    0.1159    0.1192    
ND148    0    7.951e-06    3.374e-05    7.721e-05    0.0001382    0.0002164    0.0003117    0.0004239    0.0005528    0.0006982    0.007327    0.01393    0.02051    0.02708    0.03363    0.04018    0.04672    0.05325    0.05978    0.0663    0.07282    0.07934    0.08587    0.09239    0.09891    0.1054    0.1119    0.1185    0.125    0.1315    0.1381    0.1446    0.1511    
SM149    0    5.445e-06    2.399e-05    5.552e-05    9.987e-05    0.0001569    0.0002264    0.0003082    0.0004021    0.0005081    0.00535    0.01052    0.01565    0.02077    0.02586    0.03094    0.036    0.04105    0.04608    0.05111    0.05612    0.06112    0.06611    0.07109    0.07607    0.08103    0.08599    0.09094    0.09588    0.1008    0.1057    0.1107    0.1156    
