TIME    3   50   100   150   200   250   300   350   400   450   500   550   600   650   700   750   800   850   900   950   1000   1050   1100   1150   1200   1250   1300   1350   1400   1450   1500   1550   1600   
NEUT_PROD    16.3   16.2   16   15.9   15.8   15.6   15.5   15.4   15.2   15.1   15   14.8   14.7   14.6   14.5   14.4   14.2   14.1   14   13.9   13.8   13.7   13.5   13.4   13.3   13.2   13.1   13   12.9   12.8   12.7   12.6   12.5   
NEUT_DEST    6.46   6.43   6.4   6.37   6.34   6.31   6.28   6.25   6.22   6.19   6.17   6.14   6.11   6.08   6.05   6.03   6   5.97   5.95   5.92   5.9   5.87   5.84   5.82   5.79   5.77   5.75   5.72   5.7   5.67   5.65   5.63   5.6   
BUd    5.65e-15    2.64    2.79    2.76    2.74    2.72    2.69    2.67    2.65    2.62    2.6    2.58    2.56    2.54    2.51    2.49    2.47    2.45    2.43    2.41    2.39    2.37    2.35    2.33    2.31    2.29    2.27    2.25    2.24    2.22    2.2    2.18    2.16    
NP237    3.888e-06    0.0008354    0.003102    0.006749    0.01176    0.0181    0.02577    0.03474    0.045    0.05651    0.06927    0.08326    0.09846    0.1148    0.1324    0.1511    0.171    0.1919    0.214    0.2371    0.2614    0.2866    0.313    0.3403    0.3686    0.3979    0.4282    0.4595    0.4917    0.5248    0.5588    0.5937    0.6295    
PU238    9.047e-22    0.0002505    0.001941    0.006239    0.01406    0.02614    0.04302    0.06515    0.09286    0.1264    0.1659    0.2115    0.2633    0.3214    0.3857    0.4563    0.5331    0.616    0.7051    0.8003    0.9015    1.009    1.122    1.24    1.365    1.495    1.63    1.771    1.918    2.069    2.226    2.388    2.555    
PU240    8.243e-18    0.003854    0.007912    0.01193    0.0159    0.01983    0.02372    0.02756    0.03137    0.03514    0.03886    0.04255    0.04619    0.0498    0.05337    0.0569    0.0604    0.06385    0.06727    0.07066    0.07401    0.07732    0.0806    0.08384    0.08705    0.09022    0.09336    0.09647    0.09955    0.1026    0.1056    0.1086    0.1115    
PU241    999.6    990.3    980.5    970.8    961.2    951.7    942.3    933    923.7    914.6    905.6    896.6    887.7    878.9    870.2    861.6    853.1    844.7    836.3    828    819.9    811.7    803.7    795.8    787.9    780.1    772.4    764.7    757.2    749.7    742.3    734.9    727.7    
PU242    9.418e-16    0.4411    0.907    1.369    1.829    2.284    2.737    3.186    3.632    4.075    4.514    4.95    5.383    5.813    6.24    6.664    7.085    7.503    7.917    8.329    8.738    9.144    9.547    9.947    10.34    10.74    11.13    11.52    11.9    12.29    12.67    13.05    13.42    
AM241    0.3953    6.55    13.02    19.41    25.72    31.95    38.1    44.18    50.18    56.1    61.95    67.72    73.43    79.06    84.62    90.1    95.52    100.9    106.1    111.4    116.5    121.6    126.6    131.5    136.4    141.2    146    150.7    155.3    159.9    164.4    168.9    173.3    
AM242M    1.42e-19    0.001172    0.004674    0.01046    0.01849    0.02872    0.04111    0.05563    0.07223    0.09087    0.1115    0.1341    0.1587    0.1851    0.2135    0.2436    0.2755    0.3092    0.3446    0.3817    0.4204    0.4608    0.5027    0.5462    0.5912    0.6377    0.6857    0.7351    0.7859    0.8381    0.8916    0.9465    1.003    
AM243    0    9.427e-05    0.0004022    0.0009231    0.001656    0.002599    0.003753    0.005115    0.006684    0.00846    0.01044    0.01263    0.01502    0.01761    0.0204    0.02339    0.02658    0.02997    0.03355    0.03734    0.04131    0.04548    0.04984    0.05439    0.05913    0.06407    0.06919    0.07449    0.07999    0.08566    0.09152    0.09757    0.1038    
CM242    2.6e-19    0.003554    0.0134    0.02824    0.04702    0.0689    0.09321    0.1194    0.147    0.1757    0.2053    0.2353    0.2658    0.2965    0.3272    0.358    0.3888    0.4194    0.4498    0.4801    0.51    0.5398    0.5692    0.5983    0.6271    0.6556    0.6838    0.7116    0.7391    0.7663    0.7932    0.8197    0.8458    
SE82    2.734e-18    0.001279    0.002626    0.00396    0.005281    0.006589    0.007884    0.009166    0.01044    0.01171    0.01297    0.01423    0.01547    0.0167    0.01792    0.01913    0.02033    0.02152    0.0227    0.02387    0.02504    0.02619    0.02733    0.02846    0.02959    0.0307    0.0318    0.0329    0.03399    0.03507    0.03614    0.0372    0.03825    
KR83    4.486e-18    0.002287    0.004708    0.007104    0.009476    0.01182    0.01414    0.01644    0.01872    0.02101    0.02328    0.02553    0.02776    0.02998    0.03217    0.03435    0.03651    0.03865    0.04077    0.04287    0.04496    0.04703    0.04908    0.05111    0.05313    0.05513    0.05712    0.05909    0.06104    0.06297    0.06489    0.0668    0.06869    
KR84    7.997e-18    0.003782    0.00777    0.01172    0.01563    0.01951    0.02334    0.02714    0.03091    0.0347    0.03846    0.04219    0.0459    0.04957    0.05322    0.05683    0.06042    0.06399    0.06752    0.07103    0.07451    0.07797    0.0814    0.0848    0.08818    0.09153    0.09486    0.09816    0.1014    0.1047    0.1079    0.1111    0.1143    
RB85    5.38e-18    0.002754    0.00568    0.008582    0.01146    0.01432    0.01716    0.01997    0.02276    0.02559    0.0284    0.0312    0.03398    0.03675    0.0395    0.04223    0.04495    0.04766    0.05035    0.05303    0.05569    0.05834    0.06097    0.06359    0.06619    0.06879    0.07136    0.07393    0.07648    0.07902    0.08154    0.08405    0.08655    
KR86    1.37e-17    0.006408    0.01316    0.01984    0.02646    0.03302    0.03951    0.04593    0.05229    0.05869    0.06504    0.07134    0.07758    0.08378    0.08992    0.09602    0.1021    0.1081    0.114    0.1199    0.1258    0.1316    0.1373    0.143    0.1487    0.1543    0.1599    0.1655    0.171    0.1764    0.1818    0.1872    0.1925    
RB87    1.588e-17    0.00761    0.01564    0.02359    0.03147    0.03926    0.04698    0.05462    0.06219    0.06981    0.07738    0.08488    0.09232    0.09971    0.107    0.1143    0.1215    0.1287    0.1358    0.1428    0.1498    0.1567    0.1636    0.1704    0.1772    0.1839    0.1906    0.1972    0.2038    0.2103    0.2168    0.2232    0.2296    
SR88    2.049e-17    0.01018    0.02095    0.03161    0.04217    0.05262    0.06297    0.07322    0.08336    0.09358    0.1037    0.1138    0.1237    0.1336    0.1434    0.1532    0.1628    0.1724    0.1819    0.1913    0.2007    0.2099    0.2191    0.2283    0.2373    0.2463    0.2553    0.2641    0.2729    0.2816    0.2903    0.2988    0.3074    
SR89    2.535e-17    0.008965    0.01379    0.01613    0.01721    0.01767    0.01781    0.01779    0.01769    0.01773    0.01767    0.01758    0.01746    0.01733    0.0172    0.01707    0.01694    0.01681    0.01668    0.01655    0.01642    0.01629    0.01617    0.01605    0.01592    0.0158    0.01568    0.01556    0.01545    0.01533    0.01522    0.0151    0.01499    
Y89    5.255e-19    0.003207    0.01121    0.02158    0.03306    0.04506    0.05725    0.06947    0.08165    0.0938    0.106    0.118    0.1301    0.142    0.1538    0.1656    0.1773    0.1888    0.2003    0.2117    0.223    0.2342    0.2454    0.2564    0.2674    0.2782    0.289    0.2998    0.3104    0.3209    0.3314    0.3418    0.3521    
SR90    3.263e-17    0.01526    0.03128    0.04709    0.06269    0.07809    0.09328    0.1083    0.1231    0.1379    0.1526    0.1671    0.1815    0.1957    0.2097    0.2235    0.2372    0.2508    0.2642    0.2774    0.2905    0.3034    0.3162    0.3288    0.3413    0.3536    0.3658    0.3778    0.3898    0.4015    0.4132    0.4247    0.436    
Y91    3.106e-17    0.01377    0.02204    0.02647    0.02877    0.02991    0.0304    0.03053    0.03047    0.03054    0.03048    0.03033    0.03014    0.02993    0.02971    0.02948    0.02925    0.02902    0.0288    0.02857    0.02835    0.02813    0.02791    0.02769    0.02748    0.02726    0.02705    0.02685    0.02664    0.02644    0.02624    0.02604    0.02584    
ZR91    4.734e-19    0.004197    0.01512    0.02968    0.04617    0.06365    0.08159    0.0997    0.1178    0.136    0.1541    0.1721    0.1901    0.2079    0.2256    0.2432    0.2606    0.2779    0.295    0.3121    0.3289    0.3457    0.3623    0.3788    0.3952    0.4114    0.4275    0.4435    0.4593    0.475    0.4907    0.5061    0.5215    
ZR92    4.221e-17    0.02239    0.04617    0.06971    0.09303    0.1161    0.139    0.1616    0.184    0.2066    0.229    0.2512    0.2732    0.2951    0.3168    0.3383    0.3596    0.3808    0.4018    0.4226    0.4433    0.4639    0.4842    0.5044    0.5245    0.5444    0.5641    0.5837    0.6031    0.6224    0.6416    0.6606    0.6794    
ZR93    5.146e-17    0.0298    0.06161    0.09311    0.1243    0.1552    0.1857    0.216    0.246    0.2761    0.306    0.3357    0.3651    0.3943    0.4233    0.452    0.4805    0.5087    0.5368    0.5646    0.5922    0.6195    0.6467    0.6736    0.7003    0.7268    0.7531    0.7792    0.8051    0.8308    0.8563    0.8816    0.9067    
ZR94    7.208e-17    0.03393    0.0697    0.1051    0.1402    0.1749    0.2093    0.2433    0.277    0.311    0.3446    0.378    0.4111    0.444    0.4766    0.5089    0.541    0.5728    0.6043    0.6356    0.6667    0.6975    0.7281    0.7585    0.7886    0.8184    0.8481    0.8775    0.9067    0.9356    0.9644    0.9929    1.021    
ZR95    8.37e-17    0.03127    0.05065    0.06161    0.06766    0.07087    0.07243    0.07302    0.07307    0.07329    0.07316    0.07284    0.07241    0.07191    0.07138    0.07084    0.07028    0.06972    0.06917    0.06862    0.06807    0.06753    0.06699    0.06646    0.06594    0.06542    0.0649    0.06439    0.06389    0.06339    0.0629    0.06241    0.06193    
NB95    1.333e-18    0.006415    0.01734    0.02628    0.03233    0.03606    0.0382    0.03933    0.03983    0.04007    0.04016    0.04011    0.03995    0.03973    0.03947    0.03919    0.03889    0.03859    0.03829    0.03798    0.03768    0.03738    0.03708    0.03679    0.0365    0.03621    0.03592    0.03564    0.03536    0.03509    0.03481    0.03454    0.03427    
MO95    2.648e-20    0.002229    0.01398    0.03572    0.06483    0.0987    0.1354    0.1736    0.2127    0.252    0.2915    0.331    0.3704    0.4096    0.4485    0.4872    0.5255    0.5636    0.6013    0.6387    0.6759    0.7127    0.7492    0.7854    0.8213    0.8569    0.8922    0.9272    0.962    0.9964    1.031    1.064    1.098    
ZR96    9.575e-17    0.04482    0.09204    0.1388    0.1851    0.2309    0.2763    0.3212    0.3657    0.4104    0.4548    0.4987    0.5423    0.5856    0.6285    0.671    0.7132    0.755    0.7965    0.8376    0.8785    0.9189    0.9591    0.9989    1.038    1.078    1.116    1.155    1.193    1.231    1.269    1.306    1.343    
MO97    6.998e-17    0.04726    0.09823    0.1487    0.1986    0.2481    0.297    0.3454    0.3934    0.4415    0.4893    0.5367    0.5836    0.6302    0.6763    0.7221    0.7674    0.8124    0.857    0.9012    0.9451    0.9886    1.032    1.074    1.117    1.159    1.201    1.242    1.283    1.324    1.364    1.404    1.444    
MO98    1.178e-16    0.05513    0.1132    0.1708    0.2277    0.2842    0.34    0.3954    0.4501    0.5052    0.5597    0.6139    0.6675    0.7208    0.7736    0.8259    0.8779    0.9294    0.9805    1.031    1.081    1.131    1.181    1.23    1.279    1.327    1.375    1.422    1.47    1.516    1.563    1.609    1.655    
TC99    3.773e-17    0.05829    0.1259    0.1927    0.2589    0.3244    0.3892    0.4533    0.5168    0.5803    0.6433    0.7058    0.7677    0.8291    0.8899    0.9501    1.01    1.069    1.128    1.186    1.243    1.3    1.357    1.413    1.469    1.524    1.578    1.632    1.686    1.739    1.792    1.844    1.896    
MO100    1.418e-16    0.06633    0.1362    0.2054    0.2739    0.3417    0.4088    0.4753    0.5411    0.6072    0.6727    0.7376    0.802    0.8659    0.9292    0.992    1.054    1.116    1.177    1.238    1.298    1.358    1.417    1.476    1.534    1.592    1.649    1.706    1.762    1.818    1.873    1.928    1.983    
RU101    1.414e-16    0.06672    0.137    0.2066    0.2754    0.3435    0.4109    0.4776    0.5436    0.6098    0.6754    0.7404    0.8048    0.8686    0.9319    0.9946    1.057    1.118    1.179    1.24    1.3    1.359    1.418    1.476    1.534    1.591    1.648    1.704    1.76    1.815    1.87    1.925    1.978    
RU102    1.514e-16    0.07106    0.146    0.2202    0.2937    0.3666    0.4387    0.5102    0.581    0.652    0.7225    0.7925    0.8619    0.9307    0.999    1.067    1.134    1.201    1.267    1.332    1.398    1.462    1.526    1.59    1.653    1.716    1.778    1.84    1.901    1.962    2.022    2.082    2.141    
RU103    1.482e-16    0.04837    0.06983    0.07822    0.08122    0.08198    0.08183    0.08131    0.08063    0.08056    0.08014    0.07959    0.07898    0.07835    0.07772    0.07709    0.07646    0.07584    0.07523    0.07462    0.07402    0.07343    0.07284    0.07226    0.07169    0.07112    0.07056    0.07    0.06945    0.06891    0.06837    0.06784    0.06731    
RH103    3.894e-18    0.02282    0.07636    0.1422    0.2127    0.2846    0.3567    0.4284    0.4995    0.5702    0.6407    0.7106    0.78    0.8488    0.917    0.9845    1.051    1.118    1.184    1.249    1.313    1.377    1.441    1.504    1.566    1.628    1.689    1.75    1.81    1.869    1.929    1.987    2.045    
RU104    1.715e-16    0.08073    0.1658    0.2501    0.3335    0.4161    0.4978    0.5787    0.6589    0.7391    0.8187    0.8975    0.9757    1.053    1.13    1.206    1.282    1.356    1.431    1.504    1.577    1.649    1.721    1.792    1.862    1.932    2.001    2.07    2.138    2.205    2.272    2.339    2.404    
PD105    6.092e-17    0.06411    0.1353    0.2057    0.2753    0.3442    0.4124    0.4799    0.5466    0.6133    0.6795    0.745    0.8099    0.8742    0.9379    1.001    1.063    1.125    1.187    1.247    1.308    1.367    1.426    1.485    1.543    1.6    1.657    1.714    1.769    1.825    1.88    1.934    1.988    
RU106    1.53e-16    0.0687    0.1347    0.1941    0.2474    0.2952    0.338    0.3763    0.4105    0.4415    0.4692    0.4938    0.5155    0.5348    0.5517    0.5665    0.5795    0.5907    0.6003    0.6085    0.6154    0.6212    0.6259    0.6297    0.6326    0.6347    0.6362    0.637    0.6372    0.6369    0.6361    0.6349    0.6334    
PD106    4.35e-19    0.003139    0.01288    0.02858    0.04963    0.07549    0.1057    0.1397    0.1772    0.2178    0.2613    0.3072    0.3554    0.4055    0.4574    0.5108    0.5656    0.6216    0.6785    0.7364    0.795    0.8543    0.9141    0.9743    1.035    1.096    1.157    1.218    1.279    1.341    1.402    1.463    1.524    
PD107    1.415e-16    0.06672    0.137    0.2066    0.2755    0.3436    0.411    0.4778    0.5438    0.6096    0.6748    0.7394    0.8033    0.8666    0.9293    0.9914    1.053    1.114    1.174    1.234    1.293    1.352    1.41    1.467    1.524    1.581    1.637    1.692    1.747    1.801    1.855    1.908    1.961    
PD108    1.067e-16    0.04998    0.1027    0.1549    0.2066    0.2578    0.3085    0.3588    0.4085    0.4582    0.5074    0.5562    0.6045    0.6525    0.7    0.7471    0.7938    0.8401    0.886    0.9315    0.9767    1.021    1.066    1.11    1.153    1.197    1.239    1.282    1.324    1.366    1.407    1.448    1.489    
AG109    5.368e-17    0.03354    0.0695    0.1051    0.1403    0.1752    0.2097    0.2439    0.2778    0.3115    0.3449    0.378    0.4109    0.4434    0.4756    0.5075    0.5391    0.5704    0.6014    0.6322    0.6626    0.6928    0.7227    0.7523    0.7817    0.8108    0.8396    0.8681    0.8964    0.9245    0.9522    0.9798    1.007    
PD110    3.638e-17    0.01702    0.03495    0.0527    0.07027    0.08767    0.1049    0.1219    0.1388    0.1556    0.1723    0.1888    0.2051    0.2213    0.2373    0.2532    0.269    0.2846    0.3    0.3153    0.3305    0.3455    0.3604    0.3751    0.3897    0.4042    0.4185    0.4327    0.4468    0.4607    0.4745    0.4882    0.5017    
CD111    2.965e-18    0.008506    0.02007    0.03155    0.04291    0.05416    0.0653    0.07632    0.08723    0.09807    0.1088    0.1195    0.13    0.1405    0.1508    0.1611    0.1712    0.1813    0.1912    0.2011    0.2109    0.2205    0.2301    0.2396    0.249    0.2583    0.2676    0.2767    0.2858    0.2947    0.3036    0.3124    0.3211    
CD112    9.543e-18    0.006983    0.01457    0.02208    0.02953    0.0369    0.0442    0.05143    0.0586    0.06572    0.07279    0.07978    0.08672    0.09359    0.1004    0.1071    0.1138    0.1205    0.127    0.1335    0.14    0.1464    0.1527    0.159    0.1652    0.1714    0.1775    0.1836    0.1896    0.1955    0.2014    0.2073    0.2131    
CD113    9.307e-18    0.004788    0.009864    0.01489    0.01986    0.02479    0.02967    0.0345    0.03928    0.04403    0.04874    0.05341    0.05803    0.0626    0.06714    0.07163    0.07608    0.08048    0.08485    0.08917    0.09346    0.0977    0.1019    0.1061    0.1102    0.1143    0.1183    0.1223    0.1263    0.1302    0.1341    0.138    0.1418    
CD114    7.162e-18    0.003353    0.006886    0.01039    0.01385    0.01728    0.02068    0.02405    0.02738    0.0307    0.03399    0.03724    0.04047    0.04366    0.04683    0.04997    0.05308    0.05616    0.05922    0.06224    0.06524    0.06821    0.07116    0.07407    0.07696    0.07983    0.08267    0.08548    0.08827    0.09104    0.09377    0.09649    0.09918    
IN115    2.104e-18    0.002839    0.006171    0.009514    0.01284    0.01612    0.01937    0.02256    0.02572    0.02884    0.03191    0.03494    0.03793    0.04087    0.04377    0.04663    0.04944    0.05222    0.05495    0.05765    0.0603    0.06292    0.06549    0.06803    0.07053    0.07299    0.07542    0.0778    0.08015    0.08247    0.08475    0.08699    0.08921    
CD116    4.856e-18    0.002272    0.004666    0.007037    0.009383    0.01171    0.01401    0.01628    0.01854    0.02078    0.023    0.02519    0.02737    0.02953    0.03166    0.03378    0.03587    0.03795    0.04    0.04204    0.04406    0.04605    0.04803    0.04999    0.05193    0.05385    0.05576    0.05764    0.05951    0.06136    0.0632    0.06501    0.06681    
SN117    3.526e-18    0.001814    0.003736    0.005639    0.007524    0.00939    0.01124    0.01307    0.01488    0.01668    0.01846    0.02023    0.02198    0.02372    0.02544    0.02714    0.02883    0.0305    0.03216    0.0338    0.03542    0.03703    0.03863    0.04021    0.04177    0.04333    0.04486    0.04639    0.04789    0.04939    0.05087    0.05234    0.05379    
SN118    5.021e-18    0.002386    0.004903    0.007395    0.009863    0.01231    0.01472    0.01712    0.01949    0.02185    0.02418    0.0265    0.02879    0.03106    0.03331    0.03554    0.03774    0.03993    0.0421    0.04424    0.04637    0.04847    0.05056    0.05262    0.05467    0.0567    0.05871    0.0607    0.06267    0.06462    0.06656    0.06848    0.07038    
SN119    5.214e-18    0.002457    0.005051    0.007624    0.01018    0.0127    0.01521    0.0177    0.02016    0.02261    0.02504    0.02744    0.02983    0.03219    0.03454    0.03686    0.03916    0.04144    0.0437    0.04593    0.04815    0.05035    0.05253    0.05468    0.05682    0.05894    0.06104    0.06311    0.06517    0.06721    0.06924    0.07124    0.07322    
SN120    5.052e-18    0.002364    0.004854    0.00732    0.009762    0.01218    0.01457    0.01694    0.01929    0.02162    0.02393    0.02622    0.02849    0.03074    0.03296    0.03517    0.03735    0.03951    0.04166    0.04378    0.04588    0.04796    0.05003    0.05207    0.0541    0.0561    0.05809    0.06006    0.06201    0.06394    0.06586    0.06776    0.06963    
SB121    2.405e-18    0.001989    0.004158    0.006304    0.008428    0.01053    0.01261    0.01467    0.01671    0.01873    0.02074    0.02273    0.0247    0.02665    0.02858    0.03049    0.03238    0.03425    0.03611    0.03794    0.03976    0.04157    0.04335    0.04511    0.04686    0.0486    0.05031    0.05201    0.05369    0.05536    0.057    0.05864    0.06025    
SN122    3.889e-18    0.001819    0.003736    0.005633    0.007512    0.009373    0.01121    0.01304    0.01484    0.01664    0.01842    0.02019    0.02194    0.02367    0.02539    0.02709    0.02878    0.03045    0.0321    0.03374    0.03537    0.03698    0.03857    0.04016    0.04172    0.04327    0.04481    0.04634    0.04785    0.04934    0.05083    0.0523    0.05375    
SB123    3.343e-18    0.001622    0.003409    0.005239    0.007097    0.008971    0.01085    0.01274    0.01462    0.0165    0.01838    0.02025    0.0221    0.02395    0.02577    0.02759    0.02939    0.03117    0.03294    0.03469    0.03643    0.03815    0.03985    0.04154    0.04322    0.04487    0.04652    0.04815    0.04976    0.05136    0.05294    0.05451    0.05607    
SN124    4.245e-18    0.001986    0.004078    0.006149    0.0082    0.01023    0.01224    0.01423    0.0162    0.01817    0.02012    0.02206    0.02397    0.02587    0.02776    0.02962    0.03147    0.0333    0.03512    0.03692    0.03871    0.04048    0.04223    0.04397    0.04569    0.0474    0.04909    0.05077    0.05243    0.05408    0.05571    0.05733    0.05894    
SB125    3.739e-18    0.002043    0.004272    0.006408    0.008449    0.0104    0.01226    0.01404    0.01573    0.01738    0.01895    0.02045    0.02188    0.02325    0.02455    0.02579    0.02698    0.0281    0.02917    0.03019    0.03116    0.03207    0.03295    0.03377    0.03455    0.03529    0.03599    0.03665    0.03728    0.03786    0.03842    0.03894    0.03942    
SN126    7.071e-18    0.003307    0.006792    0.01024    0.01366    0.01704    0.02039    0.0237    0.02699    0.03028    0.03355    0.03679    0.04001    0.04319    0.04635    0.04949    0.05259    0.05568    0.05873    0.06176    0.06477    0.06775    0.07071    0.07364    0.07655    0.07944    0.0823    0.08514    0.08795    0.09075    0.09352    0.09627    0.09899    
I127    2.004e-18    0.005327    0.01202    0.01883    0.02569    0.03259    0.03948    0.04635    0.05318    0.06005    0.06689    0.07368    0.08042    0.08711    0.09375    0.1003    0.1069    0.1133    0.1197    0.1261    0.1324    0.1386    0.1448    0.151    0.1571    0.1631    0.1691    0.175    0.1809    0.1867    0.1925    0.1982    0.2039    
TE128    2.257e-17    0.01082    0.02224    0.03355    0.04474    0.05582    0.06679    0.07766    0.08841    0.0992    0.1099    0.1205    0.131    0.1414    0.1518    0.162    0.1722    0.1823    0.1923    0.2022    0.212    0.2217    0.2314    0.241    0.2505    0.2599    0.2693    0.2785    0.2877    0.2968    0.3059    0.3148    0.3237    
I129    3.101e-17    0.017    0.0361    0.0554    0.07465    0.09375    0.1127    0.1314    0.15    0.1686    0.187    0.2053    0.2234    0.2414    0.2592    0.2769    0.2944    0.3118    0.329    0.346    0.363    0.3797    0.3964    0.4129    0.4292    0.4454    0.4615    0.4774    0.4932    0.5089    0.5244    0.5398    0.5551    
TE130    6.879e-17    0.03231    0.06636    0.1001    0.1335    0.1665    0.1992    0.2316    0.2637    0.2959    0.3278    0.3594    0.3908    0.4219    0.4528    0.4834    0.5137    0.5437    0.5736    0.6031    0.6325    0.6615    0.6904    0.719    0.7473    0.7755    0.8034    0.831    0.8585    0.8857    0.9127    0.9395    0.9661    
I131    9.143e-17    0.01251    0.01261    0.01249    0.01237    0.01225    0.01213    0.01201    0.01189    0.01196    0.01186    0.01176    0.01166    0.01156    0.01147    0.01137    0.01128    0.01118    0.01109    0.011    0.01091    0.01082    0.01073    0.01064    0.01056    0.01047    0.01039    0.0103    0.01022    0.01014    0.01006    0.009978    0.009898    
XE131    1.2e-17    0.03903    0.09371    0.1481    0.2019    0.2552    0.3079    0.3602    0.4118    0.4635    0.5149    0.5659    0.6165    0.6666    0.7162    0.7655    0.8143    0.8627    0.9107    0.9583    1.005    1.052    1.099    1.145    1.19    1.235    1.28    1.325    1.369    1.413    1.456    1.499    1.542    
XE132    4.072e-17    0.06614    0.1438    0.2207    0.2968    0.3722    0.4468    0.5207    0.5939    0.6673    0.7401    0.8124    0.884    0.9551    1.026    1.095    1.165    1.233    1.302    1.369    1.436    1.503    1.569    1.634    1.699    1.763    1.827    1.89    1.953    2.016    2.077    2.139    2.2    
XE133    1.05e-16    0.0147    0.01461    0.01447    0.01433    0.01419    0.01405    0.01391    0.01377    0.01385    0.01373    0.01362    0.01351    0.01339    0.01328    0.01317    0.01306    0.01295    0.01285    0.01274    0.01263    0.01253    0.01243    0.01233    0.01223    0.01213    0.01203    0.01193    0.01184    0.01174    0.01165    0.01155    0.01146    
CS133    1.684e-17    0.07705    0.1774    0.2767    0.375    0.4723    0.5686    0.6639    0.7582    0.8525    0.9463    1.039    1.131    1.222    1.313    1.402    1.491    1.579    1.667    1.753    1.839    1.924    2.008    2.092    2.174    2.256    2.338    2.418    2.498    2.577    2.656    2.734    2.811    
XE134    2.465e-16    0.1186    0.2437    0.3676    0.4903    0.6117    0.7319    0.851    0.9688    1.087    1.204    1.32    1.435    1.549    1.662    1.774    1.885    1.995    2.104    2.212    2.319    2.425    2.531    2.635    2.739    2.842    2.944    3.045    3.145    3.244    3.342    3.44    3.537    
CS135    1.552e-16    0.09982    0.2071    0.3134    0.4186    0.5228    0.6259    0.728    0.8291    0.9306    1.031    1.131    1.23    1.328    1.426    1.522    1.618    1.713    1.807    1.9    1.993    2.085    2.176    2.266    2.356    2.444    2.533    2.62    2.707    2.793    2.878    2.963    3.047    
XE136    2.372e-16    0.111    0.2279    0.3437    0.4584    0.5719    0.6842    0.7955    0.9057    1.016    1.126    1.234    1.342    1.448    1.554    1.659    1.763    1.866    1.968    2.069    2.17    2.269    2.368    2.466    2.563    2.659    2.755    2.849    2.943    3.036    3.129    3.22    3.311    
CS137    2.066e-16    0.09664    0.1981    0.2983    0.3972    0.4948    0.5911    0.6861    0.7798    0.8735    0.9661    1.058    1.148    1.237    1.326    1.413    1.499    1.584    1.668    1.751    1.833    1.914    1.994    2.073    2.152    2.229    2.305    2.38    2.455    2.528    2.601    2.673    2.743    
BA137    3.124e-20    0.0001494    0.0006218    0.001413    0.002519    0.003936    0.005659    0.007685    0.01001    0.01263    0.01555    0.01875    0.02225    0.02603    0.03008    0.03442    0.03903    0.04391    0.04906    0.05447    0.06014    0.06608    0.07226    0.0787    0.08538    0.09231    0.09949    0.1069    0.1145    0.1224    0.1305    0.1389    0.1475    
BA138    1.966e-16    0.09329    0.1917    0.2891    0.3856    0.4811    0.5756    0.6693    0.7619    0.8549    0.9472    1.039    1.129    1.219    1.308    1.397    1.484    1.571    1.657    1.743    1.828    1.912    1.995    2.078    2.16    2.241    2.322    2.402    2.481    2.56    2.638    2.715    2.792    
LA139    1.917e-16    0.09232    0.1898    0.2863    0.3818    0.4764    0.57    0.6627    0.7545    0.8465    0.9377    1.028    1.118    1.207    1.295    1.382    1.469    1.555    1.64    1.724    1.808    1.891    1.973    2.055    2.136    2.216    2.295    2.374    2.453    2.53    2.607    2.683    2.759    
BA140    1.689e-16    0.03093    0.03307    0.03291    0.0326    0.03227    0.03195    0.03164    0.03133    0.03141    0.03116    0.03089    0.03063    0.03037    0.03011    0.02985    0.0296    0.02934    0.0291    0.02885    0.02861    0.02837    0.02813    0.02789    0.02766    0.02743    0.0272    0.02698    0.02675    0.02653    0.02631    0.0261    0.02588    
CE140    4.523e-18    0.05408    0.1454    0.2384    0.3306    0.422    0.5124    0.602    0.6907    0.7792    0.8672    0.9546    1.041    1.127    1.212    1.297    1.38    1.463    1.545    1.627    1.708    1.788    1.868    1.947    2.025    2.102    2.179    2.256    2.331    2.406    2.481    2.555    2.628    
CE141    1.442e-16    0.04775    0.06558    0.07124    0.07271    0.07274    0.07228    0.07165    0.07098    0.07098    0.0706    0.07008    0.06953    0.06896    0.06839    0.06783    0.06727    0.06672    0.06617    0.06563    0.0651    0.06457    0.06405    0.06353    0.06302    0.06251    0.06201    0.06151    0.06102    0.06054    0.06006    0.05958    0.05912    
PR141    4.66e-18    0.02791    0.09021    0.1639    0.241    0.3187    0.3961    0.473    0.5491    0.6249    0.7004    0.7755    0.8499    0.9237    0.997    1.07    1.142    1.213    1.284    1.354    1.424    1.493    1.561    1.629    1.696    1.763    1.829    1.895    1.96    2.025    2.089    2.153    2.216    
CE142    1.449e-16    0.07003    0.144    0.2172    0.2897    0.3614    0.4325    0.5028    0.5725    0.6424    0.7118    0.7805    0.8487    0.9163    0.9833    1.05    1.116    1.181    1.246    1.31    1.374    1.437    1.5    1.562    1.624    1.685    1.745    1.806    1.865    1.925    1.983    2.041    2.099    
PR143    6.551e-17    0.02433    0.02663    0.02657    0.02632    0.02606    0.02581    0.02555    0.0253    0.02538    0.02519    0.02498    0.02477    0.02456    0.02436    0.02415    0.02395    0.02375    0.02355    0.02336    0.02317    0.02297    0.02279    0.0226    0.02241    0.02223    0.02205    0.02187    0.02169    0.02152    0.02134    0.02117    0.021    
ND143    3.783e-18    0.04003    0.1089    0.1793    0.2493    0.3185    0.387    0.4549    0.522    0.589    0.6557    0.7218    0.7874    0.8524    0.9168    0.9807    1.044    1.107    1.169    1.231    1.292    1.352    1.412    1.472    1.531    1.59    1.648    1.705    1.762    1.819    1.875    1.931    1.986    
CE144    1.339e-16    0.05942    0.115    0.1635    0.2059    0.2428    0.2749    0.3027    0.3267    0.348    0.3665    0.3822    0.3957    0.4072    0.4168    0.4248    0.4315    0.4369    0.4412    0.4446    0.4471    0.4489    0.45    0.4505    0.4506    0.4502    0.4494    0.4483    0.4469    0.4452    0.4434    0.4413    0.439    
ND144    4.886e-19    0.003485    0.01422    0.03132    0.05398    0.08148    0.1132    0.1486    0.1871    0.2285    0.2722    0.3181    0.3657    0.4149    0.4654    0.517    0.5695    0.6227    0.6766    0.7309    0.7856    0.8406    0.8958    0.951    1.006    1.062    1.117    1.172    1.227    1.282    1.337    1.391    1.445    
ND145    9.161e-17    0.04836    0.0997    0.1505    0.2008    0.2506    0.2998    0.3486    0.3969    0.4453    0.4932    0.5407    0.5879    0.6346    0.6808    0.7267    0.7722    0.8173    0.862    0.9063    0.9502    0.9937    1.037    1.08    1.122    1.164    1.206    1.247    1.288    1.329    1.369    1.409    1.448    
ND146    8.992e-17    0.04258    0.08749    0.132    0.176    0.2197    0.2629    0.3057    0.3481    0.3906    0.4328    0.4746    0.5161    0.5572    0.598    0.6385    0.6786    0.7184    0.7579    0.7971    0.8359    0.8744    0.9127    0.9506    0.9882    1.026    1.063    1.099    1.136    1.172    1.208    1.243    1.279    
ND147    7.286e-17    0.01205    0.01257    0.01248    0.01236    0.01224    0.01212    0.012    0.01188    0.01191    0.01181    0.01171    0.01161    0.01152    0.01142    0.01132    0.01123    0.01113    0.01104    0.01095    0.01086    0.01077    0.01068    0.01059    0.0105    0.01041    0.01033    0.01024    0.01016    0.01008    0.009995    0.009914    0.009833    
PM147    7.059e-18    0.02512    0.06245    0.09857    0.133    0.1657    0.1968    0.2263    0.2543    0.2812    0.3069    0.3313    0.3544    0.3764    0.3972    0.4169    0.4356    0.4532    0.4699    0.4857    0.5006    0.5146    0.5279    0.5403    0.552    0.563    0.5733    0.583    0.592    0.6004    0.6082    0.6155    0.6223    
SM147    5.177e-21    0.0003413    0.001924    0.004837    0.009021    0.01441    0.02095    0.02857    0.03723    0.04687    0.05744    0.06891    0.08122    0.09433    0.1082    0.1228    0.138    0.1539    0.1704    0.1875    0.2051    0.2232    0.2418    0.2608    0.2802    0.3    0.3202    0.3407    0.3615    0.3826    0.404    0.4256    0.4475    
ND148    6.907e-17    0.03234    0.06641    0.1001    0.1335    0.1666    0.1993    0.2317    0.2637    0.2958    0.3276    0.3591    0.3903    0.4213    0.452    0.4824    0.5125    0.5424    0.572    0.6013    0.6304    0.6593    0.6878    0.7162    0.7442    0.7721    0.7997    0.827    0.8541    0.881    0.9076    0.9341    0.9602    
SM149    1.729e-17    0.02214    0.04719    0.07194    0.09641    0.1206    0.1445    0.1681    0.1914    0.2147    0.2378    0.2607    0.2833    0.3056    0.3277    0.3496    0.3713    0.3927    0.4139    0.4349    0.4557    0.4762    0.4965    0.5166    0.5365    0.5562    0.5757    0.5949    0.614    0.6329    0.6515    0.67    0.6883    
ND150    4.186e-17    0.01958    0.0402    0.06061    0.08082    0.1008    0.1206    0.1402    0.1596    0.179    0.1983    0.2173    0.2362    0.255    0.2735    0.2919    0.3102    0.3282    0.3461    0.3639    0.3815    0.3989    0.4162    0.4334    0.4503    0.4672    0.4839    0.5004    0.5168    0.533    0.5492    0.5651    0.581    
SM151    1.76e-17    0.01502    0.03141    0.04758    0.06354    0.07929    0.09483    0.1102    0.1253    0.1404    0.1553    0.1701    0.1847    0.1991    0.2133    0.2273    0.2412    0.2549    0.2685    0.2818    0.295    0.3081    0.321    0.3337    0.3463    0.3588    0.371    0.3832    0.3951    0.407    0.4187    0.4302    0.4416    
SM152    2.617e-17    0.01231    0.02532    0.03823    0.05105    0.06378    0.07641    0.08895    0.1014    0.1139    0.1263    0.1387    0.1509    0.1631    0.1753    0.1873    0.1993    0.2112    0.223    0.2348    0.2465    0.2581    0.2697    0.2812    0.2926    0.304    0.3153    0.3265    0.3377    0.3488    0.3599    0.3708    0.3818    
EU153    7.62e-18    0.008701    0.01844    0.02806    0.03757    0.04697    0.05626    0.06544    0.07451    0.08356    0.09252    0.1014    0.1101    0.1188    0.1274    0.1359    0.1443    0.1526    0.1608    0.1689    0.1769    0.1849    0.1928    0.2005    0.2082    0.2158    0.2234    0.2308    0.2382    0.2455    0.2527    0.2598    0.2669    
SM154    1.412e-17    0.006609    0.01357    0.02046    0.02729    0.03404    0.04073    0.04734    0.05389    0.06045    0.06694    0.07337    0.07975    0.08607    0.09233    0.09853    0.1047    0.1108    0.1168    0.1228    0.1287    0.1346    0.1404    0.1462    0.152    0.1576    0.1632    0.1688    0.1744    0.1798    0.1853    0.1906    0.196    
EU155    9.077e-18    0.004236    0.00861    0.01285    0.01695    0.02093    0.02478    0.0285    0.03211    0.03564    0.03906    0.04238    0.04559    0.0487    0.05171    0.05462    0.05744    0.06016    0.0628    0.06534    0.0678    0.07018    0.07248    0.0747    0.07684    0.0789    0.0809    0.08282    0.08467    0.08646    0.08818    0.08983    0.09143    
GD156    3.437e-19    0.002048    0.005603    0.009289    0.01297    0.01662    0.02024    0.02384    0.02741    0.03097    0.03452    0.03805    0.04156    0.04505    0.04851    0.05195    0.05538    0.05877    0.06215    0.06551    0.06884    0.07216    0.07545    0.07873    0.08198    0.08521    0.08843    0.09162    0.0948    0.09795    0.1011    0.1042    0.1073    
GD157    4.029e-18    0.002618    0.005425    0.008196    0.01093    0.01364    0.01631    0.01894    0.02154    0.02414    0.0267    0.02923    0.03174    0.03421    0.03665    0.03907    0.04146    0.04382    0.04615    0.04846    0.05073    0.05298    0.05521    0.05741    0.05958    0.06173    0.06385    0.06594    0.06802    0.07006    0.07208    0.07408    0.07606    
GD158    3.684e-18    0.001775    0.003658    0.00553    0.007391    0.009243    0.01108    0.01292    0.01474    0.01657    0.01838    0.02019    0.022    0.02379    0.02558    0.02736    0.02913    0.03089    0.03264    0.03439    0.03613    0.03786    0.03959    0.04131    0.04302    0.04472    0.04642    0.0481    0.04979    0.05146    0.05313    0.05479    0.05644    
TB159    1.924e-18    0.001354    0.002815    0.00426    0.005689    0.007102    0.008501    0.009884    0.01125    0.01261    0.01396    0.01529    0.01661    0.01792    0.01921    0.02049    0.02176    0.02301    0.02426    0.02548    0.0267    0.0279    0.02909    0.03027    0.03144    0.03259    0.03374    0.03487    0.03599    0.0371    0.03819    0.03928    0.04035    
