TIME    3   50   100   150   200   250   300   350   400   450   500   550   600   650   700   750   800   850   900   950   1000   1050   1100   1150   1200   1250   1300   1350   1400   1450   1500   1550   1600   
NEUT_PROD    2.06   3.2   4.18   4.97   5.6   6.11   6.52   6.85   7.11   7.32   7.48   7.61   7.72   7.8   7.86   7.91   7.94   7.97   7.98   7.99   8   8   8   8   7.99   7.98   7.98   7.97   7.95   7.94   7.93   7.92   7.9   
NEUT_DEST    1.11   1.7   2.21   2.63   2.96   3.22   3.44   3.61   3.75   3.86   3.94   4.01   4.07   4.11   4.14   4.17   4.19   4.2   4.21   4.22   4.23   4.23   4.23   4.23   4.23   4.22   4.22   4.22   4.21   4.21   4.2   4.2   4.19   
BUd    5.74e-16    0.381    0.607    0.774    0.909    1.02    1.1    1.17    1.23    1.28    1.31    1.34    1.36    1.38    1.39    1.4    1.41    1.42    1.42    1.42    1.43    1.43    1.43    1.43    1.43    1.43    1.42    1.42    1.42    1.42    1.42    1.41    1.41    
HE4    0.2093    3.164    5.724    7.796    9.475    10.84    11.94    12.83    13.56    14.15    14.63    15.02    15.34    15.6    15.82    15.99    16.14    16.26    16.36    16.45    16.52    16.58    16.63    16.68    16.72    16.76    16.79    16.82    16.84    16.87    16.89    16.91    16.93    
U234    0.000398    0.1034    0.3861    0.8128    1.355    1.99    2.698    3.465    4.279    5.13    6.01    6.912    7.831    8.764    9.706    10.66    11.61    12.57    13.53    14.49    15.44    16.4    17.36    18.31    19.26    20.21    21.15    22.1    23.03    23.97    24.9    25.82    26.75    
U235    1.593e-22    2.095e-05    0.000159    0.00051    0.00115    0.002141    0.003531    0.005358    0.007653    0.01044    0.01373    0.01755    0.0219    0.02679    0.03223    0.03822    0.04475    0.05185    0.05949    0.06768    0.07643    0.08572    0.09556    0.1059    0.1169    0.1283    0.1403    0.1528    0.1659    0.1794    0.1935    0.2081    0.2232    
PU238    12.45    187.8    339    460.5    558.1    636.4    699    749    788.8    820.3    845.2    864.7    879.8    891.5    900.3    906.8    911.5    914.6    916.6    917.6    917.8    917.4    916.4    915.1    913.4    911.5    909.4    907.1    904.6    902.1    899.4    896.7    894    
PU239    9.429e-18    0.07311    0.2737    0.5762    0.9602    1.409    1.91    2.452    3.026    3.625    4.244    4.877    5.522    6.175    6.834    7.497    8.163    8.829    9.496    10.16    10.83    11.49    12.15    12.81    13.46    14.11    14.76    15.4    16.05    16.68    17.32    17.95    18.57    
PU240    0    1.189e-05    9.108e-05    0.0002926    0.0006605    0.00123    0.002028    0.003078    0.004397    0.005998    0.007891    0.01008    0.01259    0.0154    0.01852    0.02196    0.02572    0.0298    0.03419    0.0389    0.04392    0.04926    0.05492    0.06088    0.06716    0.07374    0.08063    0.08783    0.09532    0.1031    0.1112    0.1196    0.1283    
CM242    987.3    808.2    653.2    528    426.7    344.9    278.7    225.3    182.1    147.2    118.9    96.12    77.69    62.79    50.75    41.01    33.15    26.79    21.65    17.5    14.14    11.43    9.239    7.467    6.035    4.878    3.942    3.186    2.575    2.081    1.682    1.359    1.099    
CM243    5.63e-16    0.2375    0.4415    0.6047    0.7349    0.8385    0.9207    0.9854    1.036    1.076    1.106    1.129    1.146    1.158    1.166    1.171    1.174    1.175    1.174    1.171    1.168    1.164    1.159    1.154    1.148    1.142    1.135    1.129    1.122    1.115    1.109    1.102    1.095    
KR83    0    6.738e-08    0.001404    0.002719    0.004101    0.005566    0.007107    0.00871    0.01036    0.01206    0.01379    0.01554    0.01731    0.01909    0.02088    0.02268    0.02448    0.02628    0.02808    0.02989    0.03169    0.03348    0.03528    0.03707    0.03885    0.04063    0.04241    0.04418    0.04595    0.04771    0.04947    0.05122    0.05296    
KR84    0    1.055e-07    0.002198    0.004242    0.006396    0.008683    0.01109    0.0136    0.01618    0.01884    0.02154    0.02429    0.02706    0.02986    0.03268    0.0355    0.03834    0.04118    0.04402    0.04687    0.04971    0.05255    0.05539    0.05822    0.06105    0.06387    0.06669    0.06951    0.07231    0.07512    0.07791    0.08071    0.08349    
RB85    0    9.662e-08    0.002014    0.003906    0.005899    0.008017    0.01025    0.01258    0.01498    0.01745    0.01998    0.02254    0.02514    0.02776    0.0304    0.03306    0.03572    0.0384    0.04109    0.04377    0.04647    0.04916    0.05185    0.05455    0.05724    0.05994    0.06263    0.06533    0.06802    0.07071    0.0734    0.07608    0.07877    
KR86    0    1.712e-07    0.003566    0.006877    0.01037    0.01407    0.01797    0.02203    0.02622    0.03052    0.03489    0.03933    0.04382    0.04835    0.0529    0.05747    0.06205    0.06664    0.07123    0.07582    0.0804    0.08499    0.08956    0.09413    0.09869    0.1032    0.1078    0.1123    0.1168    0.1214    0.1259    0.1303    0.1348    
RB87    0    2.233e-07    0.004651    0.008979    0.01354    0.01838    0.02347    0.02877    0.03424    0.03985    0.04557    0.05137    0.05723    0.06314    0.06908    0.07504    0.08103    0.08702    0.09301    0.099    0.105    0.111    0.1169    0.1229    0.1289    0.1348    0.1407    0.1467    0.1526    0.1584    0.1643    0.1702    0.176    
SR88    0    2.811e-07    0.005856    0.01133    0.01708    0.02319    0.02962    0.03631    0.04322    0.0503    0.05751    0.06483    0.07223    0.07969    0.08719    0.09472    0.1023    0.1098    0.1174    0.125    0.1325    0.1401    0.1476    0.1552    0.1627    0.1702    0.1777    0.1851    0.1926    0.2    0.2074    0.2148    0.2222    
SR89    0    3.178e-07    0.006032    0.008489    0.009951    0.01099    0.0118    0.01245    0.01297    0.01339    0.01372    0.01399    0.01419    0.01434    0.01446    0.01454    0.0146    0.01464    0.01466    0.01466    0.01466    0.01465    0.01463    0.01461    0.01459    0.01456    0.01453    0.0145    0.01446    0.01443    0.0144    0.01436    0.01433    
Y89    0    5.636e-08    0.00176    0.006541    0.01271    0.01976    0.02747    0.03569    0.04433    0.0533    0.06253    0.07197    0.08158    0.09131    0.1011    0.111    0.121    0.131    0.141    0.151    0.161    0.171    0.1811    0.1911    0.2011    0.211    0.221    0.2309    0.2408    0.2507    0.2606    0.2704    0.2802    
SR90    0    4.45e-07    0.009263    0.01783    0.02684    0.03637    0.04637    0.05676    0.06746    0.07839    0.0895    0.1007    0.1121    0.1234    0.1349    0.1463    0.1577    0.1691    0.1805    0.1918    0.2031    0.2143    0.2255    0.2366    0.2477    0.2587    0.2697    0.2805    0.2914    0.3021    0.3128    0.3235    0.334    
Y91    0    4.5e-07    0.00865    0.01275    0.01532    0.01719    0.01865    0.0198    0.02073    0.02147    0.02205    0.02252    0.02288    0.02316    0.02336    0.02352    0.02362    0.0237    0.02374    0.02376    0.02376    0.02375    0.02373    0.02369    0.02366    0.02361    0.02357    0.02352    0.02346    0.02341    0.02336    0.0233    0.02325    
ZR91    0    6.862e-08    0.00216    0.008317    0.01649    0.02601    0.03653    0.04784    0.05978    0.07223    0.08507    0.09824    0.1116    0.1253    0.139    0.1529    0.1668    0.1808    0.1948    0.2089    0.223    0.237    0.2511    0.2651    0.2791    0.2931    0.3071    0.321    0.3349    0.3488    0.3626    0.3764    0.3902    
ZR92    0    6.411e-07    0.01336    0.02593    0.03914    0.05314    0.06787    0.0832    0.09903    0.1153    0.1318    0.1486    0.1655    0.1826    0.1998    0.217    0.2343    0.2517    0.269    0.2863    0.3037    0.321    0.3383    0.3555    0.3727    0.3899    0.4071    0.4242    0.4413    0.4583    0.4753    0.4923    0.5092    
ZR93    0    8.174e-07    0.01704    0.03321    0.05016    0.06812    0.087    0.1067    0.1269    0.1477    0.1689    0.1904    0.2121    0.234    0.256    0.2781    0.3003    0.3225    0.3447    0.3669    0.389    0.4112    0.4333    0.4554    0.4774    0.4994    0.5214    0.5433    0.5651    0.5869    0.6087    0.6304    0.652    
ZR94    0    9.217e-07    0.0192    0.03704    0.05584    0.0758    0.0968    0.1187    0.1412    0.1644    0.188    0.2119    0.2361    0.2605    0.285    0.3096    0.3343    0.359    0.3838    0.4085    0.4332    0.4579    0.4826    0.5072    0.5318    0.5564    0.5809    0.6053    0.6297    0.654    0.6783    0.7025    0.7267    
ZR95    0    9.253e-07    0.01789    0.02666    0.03248    0.03681    0.04019    0.04289    0.04506    0.0468    0.04818    0.04927    0.05012    0.05078    0.05127    0.05164    0.0519    0.05208    0.05219    0.05225    0.05227    0.05225    0.05221    0.05214    0.05206    0.05197    0.05187    0.05176    0.05165    0.05154    0.05142    0.0513    0.05118    
NB95    0    1.067e-07    0.003088    0.008786    0.01341    0.01687    0.0195    0.02152    0.02311    0.02438    0.02539    0.02619    0.02682    0.02732    0.0277    0.028    0.02822    0.02837    0.02849    0.02856    0.0286    0.02862    0.02861    0.0286    0.02857    0.02853    0.02848    0.02843    0.02837    0.02832    0.02825    0.02819    0.02813    
MO95    0    2.198e-08    0.0009772    0.006896    0.01795    0.03295    0.05093    0.07118    0.0932    0.1166    0.1411    0.1665    0.1926    0.2193    0.2464    0.2738    0.3014    0.3292    0.3572    0.3852    0.4133    0.4413    0.4694    0.4975    0.5255    0.5535    0.5815    0.6094    0.6372    0.665    0.6927    0.7203    0.7479    
ZR96    0    1.113e-06    0.0232    0.04473    0.06743    0.09153    0.1169    0.1433    0.1705    0.1985    0.2269    0.2558    0.285    0.3144    0.344    0.3737    0.4035    0.4333    0.4632    0.493    0.5228    0.5526    0.5823    0.612    0.6417    0.6712    0.7007    0.7302    0.7596    0.7889    0.8181    0.8473    0.8764    
MO97    0    1.153e-06    0.02404    0.04724    0.07144    0.09706    0.124    0.152    0.1809    0.2105    0.2406    0.2712    0.3021    0.3332    0.3646    0.396    0.4275    0.459    0.4906    0.5221    0.5536    0.5851    0.6165    0.6478    0.6791    0.7103    0.7414    0.7725    0.8035    0.8344    0.8652    0.8959    0.9266    
MO98    0    1.284e-06    0.02676    0.0516    0.07779    0.1056    0.1349    0.1653    0.1968    0.229    0.2619    0.2953    0.329    0.363    0.3972    0.4315    0.466    0.5004    0.5349    0.5695    0.604    0.6384    0.6728    0.7072    0.7415    0.7758    0.81    0.8441    0.8781    0.9121    0.946    0.9798    1.014    
TC99    0    1.23e-06    0.02577    0.05371    0.082    0.1117    0.1428    0.1751    0.2084    0.2425    0.2771    0.3123    0.3478    0.3835    0.4195    0.4555    0.4916    0.5278    0.5639    0.6    0.6361    0.6721    0.708    0.7438    0.7796    0.8153    0.8508    0.8863    0.9217    0.9569    0.9921    1.027    1.062    
MO100    0    1.523e-06    0.03172    0.06117    0.09222    0.1252    0.1598    0.1959    0.2332    0.2714    0.3103    0.3498    0.3897    0.4299    0.4703    0.5109    0.5516    0.5924    0.6332    0.6739    0.7147    0.7554    0.796    0.8366    0.8771    0.9175    0.9578    0.998    1.038    1.078    1.118    1.158    1.198    
RU101    0    1.527e-06    0.03181    0.06134    0.09245    0.1255    0.1602    0.1963    0.2335    0.2717    0.3106    0.35    0.3899    0.43    0.4703    0.5108    0.5514    0.592    0.6326    0.6731    0.7136    0.7541    0.7944    0.8347    0.8748    0.9149    0.9549    0.9947    1.034    1.074    1.113    1.153    1.192    
RU102    0    1.564e-06    0.03258    0.06286    0.09478    0.1287    0.1644    0.2015    0.2399    0.2793    0.3194    0.3602    0.4014    0.4429    0.4847    0.5267    0.5688    0.611    0.6532    0.6955    0.7377    0.78    0.8221    0.8643    0.9063    0.9484    0.9903    1.032    1.074    1.116    1.157    1.199    1.24    
RU103    0    1.315e-06    0.02439    0.03198    0.03595    0.03878    0.04106    0.04295    0.0445    0.04575    0.04675    0.04753    0.04814    0.0486    0.04893    0.04918    0.04934    0.04944    0.04949    0.04951    0.04949    0.04945    0.04939    0.04932    0.04923    0.04914    0.04904    0.04894    0.04884    0.04873    0.04862    0.04851    0.0484    
RH103    0    3.021e-07    0.009293    0.03298    0.06196    0.09409    0.1286    0.165    0.2029    0.2421    0.2823    0.3233    0.3649    0.407    0.4494    0.4921    0.5349    0.5778    0.6208    0.6638    0.7067    0.7496    0.7925    0.8353    0.8779    0.9205    0.9629    1.005    1.048    1.09    1.132    1.173    1.215    
RU104    0    1.564e-06    0.03258    0.06285    0.09475    0.1286    0.1642    0.2013    0.2396    0.2788    0.3188    0.3594    0.4004    0.4417    0.4832    0.5249    0.5667    0.6086    0.6505    0.6923    0.7342    0.7759    0.8177    0.8593    0.9009    0.9423    0.9837    1.025    1.066    1.107    1.148    1.189    1.23    
PD105    0    1.17e-06    0.02447    0.04922    0.07471    0.1016    0.1298    0.1591    0.1893    0.2203    0.2517    0.2837    0.3159    0.3484    0.381    0.4137    0.4465    0.4794    0.5122    0.5449    0.5777    0.6103    0.6429    0.6755    0.7079    0.7402    0.7725    0.8047    0.8367    0.8687    0.9005    0.9323    0.964    
RU106    0    1.086e-06    0.02233    0.04097    0.05902    0.07676    0.09408    0.1108    0.1269    0.1422    0.1566    0.1701    0.1826    0.1943    0.2051    0.215    0.2241    0.2324    0.24    0.2469    0.2531    0.2588    0.2639    0.2685    0.2727    0.2764    0.2797    0.2826    0.2853    0.2876    0.2896    0.2914    0.293    
PD106    0    2.69e-08    0.0008727    0.003794    0.008496    0.01492    0.02304    0.03279    0.04411    0.05694    0.0712    0.08679    0.1036    0.1217    0.1408    0.1609    0.1819    0.2037    0.2264    0.2497    0.2737    0.2983    0.3234    0.349    0.375    0.4014    0.4282    0.4553    0.4827    0.5103    0.5382    0.5663    0.5945    
PD107    0    7.619e-07    0.01588    0.03062    0.04615    0.06263    0.07996    0.09801    0.1166    0.1357    0.1551    0.1748    0.1948    0.2148    0.235    0.2553    0.2756    0.2959    0.3162    0.3365    0.3568    0.377    0.3973    0.4174    0.4376    0.4577    0.4777    0.4977    0.5176    0.5375    0.5573    0.5771    0.5968    
PD108    0    5.558e-07    0.01158    0.02234    0.03369    0.04574    0.05842    0.07164    0.08528    0.09927    0.1135    0.128    0.1426    0.1574    0.1723    0.1872    0.2021    0.2171    0.2321    0.2472    0.2622    0.2772    0.2922    0.3071    0.3221    0.337    0.3519    0.3668    0.3816    0.3964    0.4112    0.426    0.4407    
AG109    0    4.062e-07    0.008474    0.01657    0.02504    0.03401    0.04344    0.05325    0.06337    0.07375    0.08431    0.09503    0.1059    0.1168    0.1277    0.1388    0.1498    0.1608    0.1719    0.183    0.194    0.205    0.216    0.227    0.238    0.2489    0.2598    0.2707    0.2816    0.2924    0.3032    0.314    0.3247    
PD110    0    1.701e-07    0.003544    0.006834    0.0103    0.01398    0.01785    0.02188    0.02604    0.03031    0.03465    0.03906    0.04352    0.04801    0.05252    0.05705    0.0616    0.06615    0.0707    0.07525    0.0798    0.08434    0.08887    0.0934    0.09791    0.1024    0.1069    0.1114    0.1159    0.1203    0.1248    0.1292    0.1337    
CD111    0    5.272e-08    0.001352    0.003223    0.005097    0.007072    0.009147    0.01131    0.01355    0.01584    0.01818    0.02055    0.02295    0.02537    0.02781    0.03026    0.03271    0.03516    0.03762    0.04008    0.04253    0.04499    0.04743    0.04988    0.05232    0.05475    0.05718    0.0596    0.06202    0.06443    0.06684    0.06924    0.07163    
CD112    0    4.768e-08    0.0009953    0.001968    0.002979    0.00405    0.005175    0.006347    0.007556    0.008796    0.01006    0.01134    0.01264    0.01395    0.01526    0.01658    0.01791    0.01924    0.02056    0.02189    0.02322    0.02455    0.02588    0.0272    0.02853    0.02985    0.03117    0.03249    0.0338    0.03512    0.03643    0.03773    0.03904    
SB125    0    4.508e-08    0.0009813    0.001984    0.002991    0.004026    0.005085    0.006158    0.007236    0.008309    0.009372    0.01042    0.01144    0.01245    0.01342    0.01437    0.01529    0.01619    0.01705    0.01788    0.01869    0.01946    0.02021    0.02093    0.02162    0.02228    0.02293    0.02354    0.02413    0.0247    0.02525    0.02577    0.02627    
SN126    0    7.653e-08    0.001594    0.003075    0.004635    0.006291    0.008033    0.009848    0.01172    0.01364    0.0156    0.01758    0.01959    0.02161    0.02365    0.02569    0.02774    0.02979    0.03184    0.03389    0.03594    0.03799    0.04003    0.04207    0.04411    0.04614    0.04817    0.0502    0.05222    0.05424    0.05625    0.05825    0.06025    
I127    0    1.203e-07    0.002546    0.005624    0.008771    0.01211    0.01564    0.01933    0.02316    0.02709    0.03111    0.0352    0.03933    0.04351    0.04771    0.05194    0.05617    0.06042    0.06466    0.06891    0.07315    0.07738    0.08161    0.08583    0.09004    0.09424    0.09842    0.1026    0.1068    0.1109    0.1151    0.1192    0.1233    
TE128    0    2.392e-07    0.004983    0.009628    0.01452    0.01971    0.02517    0.03085    0.03672    0.04273    0.04886    0.05508    0.06136    0.06769    0.07406    0.08045    0.08686    0.09328    0.0997    0.1061    0.1125    0.1189    0.1253    0.1317    0.1381    0.1445    0.1508    0.1571    0.1635    0.1698    0.1761    0.1823    0.1886    
I129    0    3.775e-07    0.007996    0.01611    0.02477    0.03399    0.04369    0.05381    0.06426    0.07498    0.08591    0.097    0.1082    0.1195    0.1309    0.1423    0.1538    0.1652    0.1767    0.1881    0.1996    0.211    0.2224    0.2338    0.2452    0.2566    0.2679    0.2792    0.2904    0.3017    0.3129    0.324    0.3352    
TE130    0    7.043e-07    0.01467    0.02831    0.04267    0.05792    0.07396    0.09067    0.1079    0.1256    0.1436    0.1619    0.1804    0.199    0.2177    0.2365    0.2554    0.2742    0.2931    0.312    0.3309    0.3497    0.3685    0.3873    0.4061    0.4248    0.4435    0.4621    0.4807    0.4993    0.5178    0.5363    0.5547    
XE131    0    6.599e-07    0.01713    0.04187    0.06658    0.09256    0.1199    0.1483    0.1777    0.2079    0.2387    0.2699    0.3015    0.3333    0.3653    0.3975    0.4297    0.462    0.4943    0.5266    0.5589    0.5911    0.6233    0.6554    0.6875    0.7195    0.7514    0.7832    0.8149    0.8466    0.8782    0.9097    0.9411    
XE132    0    1.463e-06    0.03068    0.06452    0.09866    0.1345    0.172    0.211    0.2512    0.2923    0.3342    0.3767    0.4196    0.4629    0.5064    0.55    0.5938    0.6376    0.6814    0.7252    0.769    0.8128    0.8565    0.9001    0.9436    0.987    1.03    1.074    1.117    1.16    1.203    1.246    1.288    
CS133    0    1.35e-06    0.03314    0.07683    0.1204    0.1661    0.2141    0.264    0.3156    0.3684    0.4222    0.4768    0.5319    0.5875    0.6434    0.6995    0.7557    0.812    0.8683    0.9246    0.9807    1.037    1.093    1.149    1.204    1.26    1.316    1.371    1.426    1.481    1.536    1.591    1.645    
XE134    0    2.245e-06    0.04677    0.0903    0.1362    0.1848    0.236    0.2893    0.3443    0.4007    0.4582    0.5165    0.5754    0.6348    0.6945    0.7545    0.8146    0.8748    0.935    0.9952    1.055    1.115    1.175    1.235    1.295    1.355    1.414    1.474    1.533    1.592    1.651    1.71    1.769    
CS135    0    2.269e-06    0.04732    0.09269    0.1401    0.1903    0.2431    0.2981    0.3548    0.4129    0.4721    0.5322    0.5929    0.6541    0.7156    0.7774    0.8393    0.9014    0.9634    1.025    1.087    1.149    1.211    1.273    1.335    1.396    1.458    1.519    1.58    1.641    1.702    1.762    1.823    
XE136    0    2.176e-06    0.04533    0.08741    0.1318    0.1789    0.2284    0.28    0.3332    0.3878    0.4435    0.4999    0.5569    0.6144    0.6723    0.7303    0.7886    0.8469    0.9052    0.9635    1.022    1.08    1.138    1.196    1.254    1.312    1.37    1.427    1.485    1.542    1.599    1.656    1.713    
BA136    0    1.955e-08    0.0005403    0.001467    0.002411    0.003403    0.004451    0.005546    0.006683    0.007854    0.009053    0.01027    0.01151    0.01277    0.01403    0.01531    0.01659    0.01788    0.01918    0.02048    0.02178    0.02309    0.02439    0.0257    0.02702    0.02833    0.02964    0.03096    0.03228    0.0336    0.03492    0.03624    0.03756    
CS137    0    2.014e-06    0.04195    0.08076    0.1215    0.1647    0.21    0.2571    0.3056    0.3551    0.4055    0.4564    0.5077    0.5593    0.6111    0.6629    0.7146    0.7663    0.8179    0.8692    0.9204    0.9714    1.022    1.073    1.123    1.173    1.222    1.272    1.321    1.37    1.418    1.467    1.515    
BA138    0    2.022e-06    0.04212    0.08129    0.1226    0.1664    0.2124    0.2604    0.31    0.3608    0.4125    0.465    0.5181    0.5715    0.6253    0.6794    0.7335    0.7877    0.842    0.8963    0.9505    1.005    1.059    1.113    1.167    1.22    1.274    1.328    1.381    1.434    1.488    1.541    1.594    
LA139    0    1.857e-06    0.0387    0.07474    0.1127    0.153    0.1954    0.2395    0.285    0.3317    0.3793    0.4276    0.4763    0.5255    0.575    0.6246    0.6744    0.7242    0.7741    0.824    0.8738    0.9236    0.9733    1.023    1.072    1.122    1.171    1.22    1.27    1.318    1.367    1.416    1.465    
BA140    0    9.881e-07    0.01558    0.01429    0.01436    0.01487    0.01541    0.01588    0.01628    0.0166    0.01684    0.01703    0.01717    0.01727    0.01733    0.01737    0.01739    0.0174    0.01739    0.01737    0.01734    0.01731    0.01728    0.01724    0.01719    0.01715    0.01711    0.01706    0.01702    0.01697    0.01693    0.01688    0.01684    
CE140    0    7.406e-07    0.02041    0.057    0.09389    0.1325    0.1731    0.2155    0.2593    0.3043    0.3502    0.3969    0.4441    0.4917    0.5397    0.5879    0.6362    0.6846    0.733    0.7815    0.8299    0.8783    0.9266    0.9748    1.023    1.071    1.119    1.167    1.215    1.262    1.31    1.357    1.404    
CE141    0    1.418e-06    0.02578    0.03196    0.03487    0.03706    0.03894    0.04055    0.04189    0.04297    0.04383    0.04451    0.04502    0.0454    0.04568    0.04587    0.046    0.04607    0.04609    0.04609    0.04605    0.046    0.04593    0.04585    0.04576    0.04566    0.04556    0.04546    0.04535    0.04524    0.04513    0.04502    0.04491    
PR141    0    3.97e-07    0.01205    0.04131    0.07566    0.113    0.1527    0.1943    0.2377    0.2824    0.3282    0.3748    0.4221    0.4699    0.5181    0.5666    0.6152    0.664    0.7128    0.7617    0.8105    0.8594    0.9081    0.9568    1.005    1.054    1.102    1.151    1.199    1.247    1.295    1.343    1.39    
CE142    0    1.601e-06    0.03337    0.06446    0.0972    0.1319    0.1685    0.2066    0.2458    0.2861    0.3271    0.3688    0.4108    0.4533    0.4959    0.5387    0.5817    0.6247    0.6677    0.7107    0.7537    0.7966    0.8395    0.8823    0.925    0.9676    1.01    1.053    1.095    1.137    1.179    1.221    1.263    
PR143    0    8.205e-07    0.01311    0.01238    0.01244    0.01287    0.01334    0.01376    0.01411    0.01439    0.01461    0.01477    0.0149    0.01498    0.01504    0.01508    0.0151    0.01511    0.0151    0.01508    0.01506    0.01504    0.01501    0.01497    0.01494    0.0149    0.01486    0.01483    0.01479    0.01475    0.01471    0.01467    0.01464    
ND143    0    5.795e-07    0.01613    0.04626    0.07654    0.1081    0.1413    0.1758    0.2115    0.2481    0.2855    0.3234    0.3618    0.4005    0.4395    0.4786    0.5178    0.5571    0.5964    0.6357    0.6749    0.7141    0.7532    0.7923    0.8313    0.8702    0.9089    0.9476    0.9862    1.025    1.063    1.101    1.14    
CE144    0    1.187e-06    0.0243    0.04395    0.06251    0.08036    0.09745    0.1136    0.1289    0.143    0.1561    0.1681    0.179    0.189    0.1979    0.206    0.2132    0.2196    0.2253    0.2303    0.2348    0.2387    0.2421    0.245    0.2476    0.2498    0.2517    0.2533    0.2546    0.2558    0.2567    0.2574    0.258    
ND144    0    3.659e-08    0.001198    0.005224    0.01163    0.0203    0.03111    0.04398    0.05878    0.07539    0.09368    0.1135    0.1347    0.1573    0.181    0.2057    0.2314    0.2579    0.2851    0.3131    0.3416    0.3706    0.4001    0.43    0.4603    0.4908    0.5216    0.5526    0.5838    0.6152    0.6467    0.6783    0.71    
ND145    0    1.018e-06    0.02122    0.04117    0.06213    0.08434    0.1077    0.132    0.1571    0.1828    0.209    0.2355    0.2624    0.2894    0.3166    0.3439    0.3713    0.3986    0.426    0.4534    0.4808    0.5081    0.5353    0.5625    0.5897    0.6168    0.6438    0.6708    0.6977    0.7245    0.7512    0.7779    0.8045    
ND146    0    8.552e-07    0.01782    0.03439    0.05186    0.0704    0.08992    0.1102    0.1312    0.1528    0.1747    0.197    0.2195    0.2422    0.265    0.288    0.311    0.334    0.3571    0.3802    0.4033    0.4263    0.4493    0.4723    0.4953    0.5182    0.5411    0.564    0.5868    0.6095    0.6323    0.6549    0.6776    
PM147    0    3.279e-07    0.008827    0.02253    0.0358    0.04927    0.06299    0.07686    0.09077    0.1046    0.1182    0.1317    0.1448    0.1575    0.1699    0.1819    0.1936    0.2048    0.2155    0.2259    0.2359    0.2455    0.2547    0.2635    0.2719    0.28    0.2878    0.2952    0.3023    0.3091    0.3155    0.3217    0.3276    
SM147    0    2.555e-09    0.0001074    0.0006775    0.00173    0.003263    0.005286    0.007806    0.01083    0.01434    0.01835    0.02285    0.02781    0.03324    0.03912    0.04543    0.05217    0.0593    0.06683    0.07472    0.08298    0.09158    0.1005    0.1098    0.1193    0.1291    0.1392    0.1496    0.1602    0.1711    0.1821    0.1934    0.2049    
ND148    0    5.859e-07    0.01221    0.02354    0.03548    0.04815    0.06149    0.07537    0.0897    0.1044    0.1193    0.1345    0.1499    0.1653    0.1809    0.1965    0.2121    0.2278    0.2434    0.2591    0.2747    0.2904    0.306    0.3215    0.3371    0.3526    0.368    0.3835    0.3989    0.4142    0.4295    0.4448    0.4601    
SM149    0    4.262e-07    0.008918    0.01823    0.02773    0.03772    0.04817    0.05903    0.0702    0.08163    0.09325    0.105    0.1169    0.1288    0.1408    0.1528    0.1648    0.1768    0.1888    0.2008    0.2127    0.2246    0.2365    0.2483    0.2601    0.2718    0.2835    0.2951    0.3067    0.3182    0.3297    0.3412    0.3525    
ND150    0    3.561e-07    0.007419    0.0143    0.02156    0.02926    0.03736    0.0458    0.0545    0.06342    0.07251    0.08173    0.09105    0.1004    0.1099    0.1194    0.1289    0.1384    0.1479    0.1574    0.1669    0.1764    0.1859    0.1953    0.2048    0.2142    0.2236    0.2329    0.2423    0.2516    0.2609    0.2702    0.2794    
SM151    0    2.759e-07    0.005759    0.01143    0.01729    0.02347    0.02994    0.03666    0.04357    0.05063    0.05781    0.06507    0.07239    0.07974    0.08711    0.09449    0.1019    0.1092    0.1166    0.1239    0.1312    0.1384    0.1457    0.1529    0.16    0.1671    0.1742    0.1813    0.1883    0.1952    0.2021    0.209    0.2159    
SM152    0    2.335e-07    0.004866    0.009399    0.01419    0.01928    0.02465    0.03025    0.03604    0.04199    0.04807    0.05425    0.06051    0.06683    0.0732    0.07961    0.08605    0.09252    0.099    0.1055    0.112    0.1185    0.125    0.1316    0.1381    0.1446    0.1512    0.1577    0.1642    0.1708    0.1773    0.1838    0.1903    
EU153    0    1.369e-07    0.002863    0.0058    0.008809    0.01198    0.0153    0.01874    0.02229    0.02593    0.02962    0.03336    0.03713    0.04093    0.04474    0.04856    0.05239    0.05621    0.06003    0.06384    0.06765    0.07144    0.07522    0.07899    0.08274    0.08648    0.0902    0.09391    0.09761    0.1013    0.105    0.1086    0.1122    
SM154    0    1.119e-07    0.002332    0.004496    0.006777    0.009197    0.01174    0.01439    0.01713    0.01994    0.02279    0.02569    0.02862    0.03157    0.03454    0.03752    0.04051    0.0435    0.04649    0.04948    0.05247    0.05545    0.05843    0.0614    0.06437    0.06733    0.07028    0.07323    0.07617    0.0791    0.08202    0.08494    0.08785    
EU155    0    7.618e-08    0.001583    0.003018    0.004502    0.00605    0.00765    0.009288    0.01095    0.01262    0.0143    0.01596    0.01762    0.01925    0.02086    0.02245    0.02401    0.02554    0.02704    0.0285    0.02994    0.03134    0.03271    0.03405    0.03536    0.03664    0.03789    0.0391    0.04029    0.04145    0.04258    0.04368    0.04476    
GD156    0    2.026e-08    0.0005656    0.001602    0.002669    0.00379    0.004971    0.006207    0.00749    0.008811    0.01016    0.01154    0.01294    0.01436    0.01578    0.01722    0.01867    0.02012    0.02158    0.02305    0.02451    0.02598    0.02746    0.02893    0.0304    0.03188    0.03336    0.03484    0.03632    0.0378    0.03928    0.04076    0.04224    
