TIME    3   50   100   150   200   250   300   350   400   450   500   550   600   650   700   750   800   850   900   950   1000   1050   1100   1150   1200   1250   1300   1350   1400   1450   1500   1550   1600   
NEUT_PROD    95.6   93.3   91   88.6   86.4   84.2   82   79.9   77.9   75.9   74   72.1   70.2   68.4   66.7   65   63.4   61.7   60.2   58.6   57.2   55.7   54.3   52.9   51.6   50.3   49   47.8   46.6   45.4   44.3   43.2   42.1   
NEUT_DEST    51.5   52.2   51.3   50.5   49.6   48.8   47.9   47.1   46.3   45.5   44.8   44   43.3   42.5   41.8   41.1   40.5   39.8   39.2   38.5   37.9   37.3   36.7   36.1   35.6   35   34.5   33.9   33.4   32.9   32.4   32   31.5   
BUd    3.83e-14    17.8    18.5    18    17.5    17.1    16.7    16.2    15.8    15.4    15    14.6    14.3    13.9    13.5    13.2    12.9    12.5    12.2    11.9    11.6    11.3    11    10.7    10.5    10.2    9.95    9.7    9.45    9.21    8.98    8.76    8.54    
U234    1.303e-17    0.005986    0.01206    0.01784    0.02335    0.02859    0.03358    0.03835    0.0429    0.04725    0.05143    0.05544    0.05932    0.06306    0.0667    0.07025    0.07373    0.07715    0.08054    0.0839    0.08727    0.09065    0.09406    0.09751    0.101    0.1046    0.1083    0.1121    0.116    0.12    0.1242    0.1285    0.133    
U235    1000    975.8    950.7    926.2    902.4    879.2    856.6    834.6    813.1    792.2    771.8    752    732.6    713.8    695.4    677.5    660.1    643.1    626.6    610.5    594.8    579.5    564.6    550.1    535.9    522.1    508.7    495.6    482.9    470.5    458.4    446.6    435.1    
U236    1.221e-14    5.645    11.44    17.04    22.43    27.62    32.63    37.45    42.1    46.57    50.87    55.01    58.99    62.81    66.49    70.02    73.4    76.65    79.77    82.76    85.62    88.36    90.98    93.49    95.89    98.17    100.4    102.4    104.4    106.3    108.1    109.8    111.4    
U237    0    0.008123    0.01864    0.02881    0.03861    0.04805    0.05716    0.06592    0.07437    0.08249    0.09032    0.09784    0.1051    0.112    0.1187    0.1251    0.1313    0.1372    0.1429    0.1483    0.1535    0.1585    0.1633    0.1679    0.1722    0.1764    0.1804    0.1841    0.1878    0.1912    0.1945    0.1976    0.2005    
U238    0    7.153e-05    0.0003675    0.0008914    0.001635    0.00259    0.003749    0.005103    0.006646    0.00837    0.01027    0.01233    0.01456    0.01694    0.01946    0.02213    0.02494    0.02787    0.03093    0.03411    0.0374    0.0408    0.0443    0.0479    0.0516    0.05539    0.05926    0.06321    0.06724    0.07134    0.07552    0.07975    0.08405    
NP237    0    0.0165    0.08404    0.202    0.3672    0.5763    0.8265    1.115    1.438    1.795    2.181    2.596    3.036    3.5    3.985    4.489    5.011    5.548    6.1    6.664    7.239    7.824    8.417    9.016    9.621    10.23    10.84    11.46    12.08    12.69    13.31    13.92    14.54    
PU238    0    0.0001175    0.00134    0.005076    0.01264    0.02522    0.04392    0.06973    0.1035    0.1462    0.1983    0.2607    0.3338    0.4182    0.5142    0.6223    0.7427    0.8758    1.022    1.18    1.352    1.537    1.735    1.947    2.171    2.408    2.659    2.922    3.197    3.485    3.785    4.097    4.421    
SE78    3.028e-18    0.001443    0.002948    0.004416    0.005848    0.007246    0.00861    0.00994    0.01124    0.01251    0.01374    0.01495    0.01613    0.01728    0.0184    0.0195    0.02057    0.02161    0.02263    0.02363    0.0246    0.02555    0.02647    0.02738    0.02826    0.02912    0.02997    0.03079    0.03159    0.03238    0.03315    0.0339    0.03463    
SE79    7.307e-18    0.003402    0.006933    0.01037    0.01372    0.01699    0.02017    0.02327    0.02629    0.02924    0.03211    0.0349    0.03762    0.04028    0.04286    0.04538    0.04784    0.05023    0.05256    0.05484    0.05705    0.05921    0.06131    0.06336    0.06536    0.0673    0.0692    0.07105    0.07285    0.07461    0.07632    0.07799    0.07962    
SE80    1.744e-17    0.008096    0.0165    0.02468    0.03265    0.04043    0.048    0.05538    0.06257    0.06957    0.0764    0.08305    0.08954    0.09585    0.102    0.108    0.1139    0.1196    0.1251    0.1305    0.1358    0.1409    0.1459    0.1508    0.1556    0.1602    0.1647    0.1692    0.1734    0.1776    0.1817    0.1857    0.1896    
BR81    2.97e-17    0.01378    0.02804    0.04191    0.05538    0.06847    0.0812    0.09356    0.1056    0.1172    0.1286    0.1396    0.1503    0.1607    0.1708    0.1806    0.1901    0.1993    0.2083    0.217    0.2254    0.2336    0.2416    0.2493    0.2568    0.2641    0.2711    0.278    0.2846    0.291    0.2973    0.3033    0.3092    
SE82    4.631e-17    0.0215    0.04381    0.06554    0.08672    0.1074    0.1275    0.1471    0.1662    0.1848    0.2029    0.2206    0.2378    0.2546    0.2709    0.2868    0.3024    0.3175    0.3322    0.3466    0.3606    0.3743    0.3876    0.4005    0.4132    0.4255    0.4375    0.4492    0.4606    0.4717    0.4825    0.4931    0.5034    
KR83    7.263e-17    0.03516    0.07144    0.1064    0.14    0.1724    0.2036    0.2336    0.2625    0.2902    0.3168    0.3424    0.367    0.3906    0.4133    0.435    0.4558    0.4757    0.4948    0.5131    0.5306    0.5473    0.5633    0.5785    0.5931    0.6069    0.6201    0.6327    0.6447    0.656    0.6668    0.677    0.6867    
KR84    1.476e-16    0.06873    0.1405    0.2108    0.2797    0.3473    0.4135    0.4784    0.542    0.6044    0.6655    0.7255    0.7843    0.842    0.8985    0.954    1.008    1.062    1.114    1.165    1.216    1.265    1.314    1.361    1.408    1.454    1.499    1.543    1.586    1.629    1.67    1.711    1.752    
KR85    3.915e-17    0.01802    0.03667    0.05468    0.07206    0.08883    0.105    0.1206    0.1357    0.1502    0.1642    0.1777    0.1907    0.2032    0.2152    0.2268    0.2379    0.2486    0.2589    0.2688    0.2783    0.2875    0.2962    0.3046    0.3127    0.3204    0.3277    0.3348    0.3415    0.348    0.3542    0.36    0.3656    
RB85    1.452e-16    0.06718    0.1374    0.206    0.273    0.3384    0.4023    0.4647    0.5257    0.5852    0.6433    0.7001    0.7556    0.8097    0.8627    0.9144    0.9649    1.014    1.063    1.11    1.156    1.201    1.245    1.288    1.33    1.371    1.411    1.45    1.488    1.526    1.563    1.598    1.633    
KR86    2.935e-16    0.1363    0.2777    0.4155    0.5497    0.6806    0.8081    0.9323    1.053    1.171    1.286    1.398    1.507    1.614    1.717    1.819    1.917    2.013    2.106    2.198    2.286    2.373    2.457    2.539    2.62    2.698    2.774    2.848    2.92    2.991    3.06    3.127    3.192    
RB87    3.797e-16    0.176    0.3589    0.5371    0.7107    0.8798    1.045    1.205    1.362    1.514    1.663    1.807    1.948    2.086    2.219    2.35    2.477    2.601    2.721    2.839    2.953    3.065    3.174    3.279    3.383    3.483    3.581    3.677    3.77    3.861    3.949    4.035    4.119    
SR88    5.179e-16    0.2538    0.5183    0.776    1.027    1.272    1.51    1.743    1.969    2.19    2.405    2.615    2.819    3.018    3.212    3.401    3.586    3.766    3.941    4.111    4.278    4.44    4.598    4.752    4.902    5.049    5.192    5.331    5.466    5.599    5.728    5.853    5.976    
SR89    7.052e-16    0.2461    0.3746    0.4329    0.456    0.4615    0.4584    0.451    0.4417    0.4315    0.421    0.4105    0.4002    0.3901    0.3801    0.3705    0.361    0.3518    0.3429    0.3342    0.3257    0.3174    0.3093    0.3014    0.2938    0.2863    0.2791    0.272    0.2651    0.2584    0.2519    0.2455    0.2393    
Y89    1.462e-17    0.0883    0.3069    0.5867    0.8931    1.209    1.525    1.837    2.143    2.443    2.735    3.02    3.298    3.569    3.833    4.091    4.341    4.586    4.824    5.056    5.282    5.502    5.717    5.926    6.13    6.329    6.523    6.711    6.895    7.074    7.249    7.419    7.585    
SR90    8.715e-16    0.4041    0.8219    1.228    1.622    2.004    2.375    2.736    3.086    3.425    3.755    4.074    4.384    4.685    4.977    5.26    5.534    5.8    6.058    6.308    6.551    6.785    7.013    7.233    7.447    7.654    7.854    8.048    8.235    8.417    8.593    8.763    8.927    
ZR90    2.08e-18    0.00154    0.004505    0.008803    0.0144    0.02126    0.02934    0.03861    0.04904    0.06058    0.07322    0.08691    0.1016    0.1173    0.134    0.1516    0.1701    0.1895    0.2098    0.2308    0.2527    0.2753    0.2987    0.3228    0.3477    0.3732    0.3994    0.4262    0.4536    0.4816    0.5103    0.5394    0.5691    
Y91    7.186e-16    0.3161    0.5006    0.5943    0.638    0.6543    0.6556    0.6489    0.6378    0.6246    0.6104    0.5958    0.5811    0.5666    0.5524    0.5384    0.5248    0.5115    0.4985    0.4859    0.4735    0.4615    0.4499    0.4385    0.4274    0.4166    0.4061    0.3958    0.3858    0.3761    0.3666    0.3574    0.3484    
ZR91    1.094e-17    0.09658    0.3457    0.6745    1.042    1.427    1.816    2.204    2.585    2.96    3.325    3.683    4.031    4.371    4.702    5.024    5.338    5.644    5.943    6.233    6.516    6.792    7.06    7.322    7.577    7.825    8.067    8.302    8.532    8.755    8.973    9.185    9.392    
ZR92    8.838e-16    0.4305    0.8808    1.32    1.747    2.164    2.571    2.967    3.353    3.729    4.096    4.453    4.802    5.142    5.473    5.796    6.111    6.418    6.717    7.009    7.293    7.57    7.841    8.104    8.361    8.612    8.856    9.095    9.327    9.554    9.775    9.99    10.2    
ZR93    8.143e-16    0.4668    0.957    1.434    1.898    2.35    2.79    3.217    3.634    4.039    4.433    4.816    5.189    5.552    5.906    6.249    6.583    6.908    7.225    7.532    7.832    8.123    8.406    8.681    8.949    9.209    9.462    9.709    9.948    10.18    10.41    10.63    10.84    
ZR94    9.926e-16    0.4611    0.9403    1.408    1.864    2.309    2.744    3.167    3.581    3.985    4.379    4.764    5.139    5.505    5.863    6.212    6.553    6.886    7.211    7.529    7.838    8.141    8.437    8.725    9.007    9.283    9.552    9.815    10.07    10.32    10.57    10.81    11.04    
ZR95    1.017e-15    0.3757    0.6025    0.7246    0.786    0.8125    0.8188    0.8136    0.802    0.7868    0.7698    0.752    0.7339    0.7158    0.6979    0.6803    0.6631    0.6463    0.6299    0.6139    0.5983    0.5832    0.5684    0.554    0.5399    0.5263    0.513    0.5    0.4874    0.4751    0.4631    0.4515    0.4401    
NB95    1.621e-17    0.07725    0.2072    0.3112    0.379    0.4178    0.4371    0.4439    0.4433    0.4383    0.4308    0.422    0.4125    0.4027    0.3929    0.3831    0.3735    0.3641    0.3549    0.3459    0.3371    0.3286    0.3202    0.3121    0.3042    0.2965    0.289    0.2817    0.2746    0.2676    0.2609    0.2543    0.2479    
MO95    3.22e-19    0.02685    0.1674    0.4248    0.7652    1.156    1.572    1.999    2.427    2.85    3.264    3.669    4.063    4.445    4.816    5.175    5.524    5.861    6.187    6.504    6.809    7.105    7.392    7.669    7.936    8.195    8.445    8.687    8.92    9.146    9.363    9.573    9.776    
ZR96    1.023e-15    0.4751    0.9679    1.448    1.916    2.371    2.815    3.248    3.669    4.079    4.479    4.869    5.248    5.618    5.978    6.328    6.67    7.003    7.327    7.643    7.951    8.25    8.542    8.827    9.104    9.374    9.637    9.893    10.14    10.39    10.62    10.85    11.08    
MO96    5.657e-20    0.0001057    0.0007201    0.002415    0.005623    0.01061    0.01753    0.02644    0.03735    0.05024    0.06508    0.08181    0.1004    0.1208    0.1429    0.1666    0.1921    0.219    0.2475    0.2775    0.3089    0.3417    0.3758    0.4111    0.4477    0.4855    0.5245    0.5645    0.6056    0.6478    0.6909    0.735    0.78    
MO97    6.583e-16    0.4406    0.9083    1.364    1.807    2.239    2.66    3.069    3.468    3.857    4.235    4.603    4.962    5.311    5.651    5.982    6.305    6.619    6.925    7.223    7.513    7.795    8.07    8.338    8.599    8.853    9.1    9.341    9.575    9.804    10.03    10.24    10.45    
MO98    9.732e-16    0.4518    0.9203    1.377    1.821    2.254    2.675    3.085    3.485    3.874    4.253    4.622    4.982    5.332    5.673    6.005    6.328    6.643    6.949    7.247    7.538    7.821    8.097    8.365    8.626    8.881    9.129    9.37    9.605    9.834    10.06    10.27    10.48    
MO99    7.04e-16    0.03889    0.03795    0.03703    0.03614    0.03527    0.03442    0.03359    0.03279    0.032    0.03124    0.03049    0.02977    0.02906    0.02837    0.0277    0.02705    0.02641    0.02579    0.02519    0.0246    0.02403    0.02347    0.02293    0.0224    0.02189    0.02138    0.0209    0.02042    0.01996    0.01951    0.01907    0.01864    
TC99    2.762e-16    0.4223    0.9013    1.364    1.812    2.244    2.661    3.065    3.454    3.83    4.192    4.542    4.879    5.205    5.518    5.821    6.112    6.392    6.662    6.922    7.172    7.413    7.644    7.866    8.08    8.285    8.482    8.67    8.851    9.025    9.191    9.35    9.502    
MO100    1.068e-15    0.4959    1.01    1.511    2    2.475    2.939    3.39    3.83    4.258    4.676    5.082    5.478    5.864    6.24    6.607    6.963    7.311    7.65    7.98    8.301    8.615    8.92    9.217    9.507    9.789    10.06    10.33    10.59    10.85    11.1    11.34    11.57    
RU100    3.808e-21    0.001837    0.008127    0.01874    0.03352    0.05233    0.07503    0.1015    0.1316    0.1651    0.2021    0.2422    0.2855    0.3318    0.3811    0.4331    0.4878    0.545    0.6048    0.667    0.7314    0.7981    0.8669    0.9377    1.01    1.085    1.162    1.24    1.319    1.401    1.484    1.568    1.654    
RU101    8.741e-16    0.4069    0.8276    1.236    1.632    2.017    2.39    2.751    3.102    3.443    3.773    4.093    4.403    4.704    4.996    5.278    5.552    5.818    6.075    6.324    6.565    6.799    7.025    7.244    7.456    7.661    7.86    8.052    8.238    8.418    8.592    8.76    8.922    
RU102    7.385e-16    0.3448    0.7043    1.056    1.401    1.738    2.069    2.393    2.71    3.021    3.325    3.623    3.915    4.202    4.483    4.758    5.028    5.292    5.552    5.806    6.055    6.3    6.54    6.776    7.007    7.233    7.456    7.675    7.889    8.1    8.306    8.51    8.709    
RU103    5.404e-16    0.1747    0.2493    0.2756    0.2821    0.2805    0.2758    0.2698    0.2634    0.257    0.2506    0.2443    0.2382    0.2323    0.2265    0.2209    0.2154    0.21    0.2048    0.1997    0.1948    0.19    0.1853    0.1807    0.1763    0.172    0.1678    0.1637    0.1597    0.1559    0.1521    0.1484    0.1449    
RH103    1.419e-17    0.0817    0.2676    0.4872    0.7115    0.9291    1.136    1.33    1.511    1.681    1.838    1.984    2.12    2.245    2.36    2.466    2.564    2.653    2.734    2.808    2.874    2.934    2.988    3.036    3.078    3.114    3.146    3.173    3.195    3.213    3.227    3.238    3.245    
RU104    3.392e-16    0.1578    0.3218    0.4818    0.6378    0.7897    0.9378    1.082    1.223    1.36    1.493    1.623    1.75    1.873    1.993    2.111    2.225    2.336    2.444    2.55    2.653    2.753    2.851    2.946    3.039    3.129    3.217    3.303    3.386    3.468    3.547    3.625    3.7    
PD104    1.456e-23    0.001042    0.007495    0.02178    0.04454    0.07569    0.1149    0.1616    0.2155    0.276    0.3426    0.4149    0.4925    0.5749    0.6619    0.753    0.8479    0.9462    1.048    1.152    1.259    1.368    1.479    1.592    1.707    1.823    1.94    2.059    2.178    2.297    2.418    2.538    2.659    
PD105    8.484e-17    0.07917    0.1653    0.249    0.3302    0.4092    0.4858    0.5603    0.6326    0.7028    0.7711    0.8374    0.9018    0.9644    1.025    1.084    1.142    1.197    1.252    1.304    1.356    1.405    1.454    1.501    1.546    1.591    1.634    1.676    1.717    1.757    1.796    1.833    1.87    
RU106    7.834e-17    0.0349    0.06787    0.09694    0.1225    0.1449    0.1644    0.1813    0.1959    0.2084    0.219    0.2279    0.2353    0.2413    0.2461    0.2498    0.2525    0.2543    0.2553    0.2556    0.2554    0.2546    0.2533    0.2516    0.2495    0.2471    0.2444    0.2415    0.2384    0.2351    0.2317    0.2282    0.2246    
PD106    2.216e-19    0.005498    0.01498    0.02761    0.04302    0.06089    0.08093    0.1029    0.1265    0.1516    0.1779    0.2053    0.2337    0.2628    0.2926    0.3229    0.3537    0.3848    0.4161    0.4477    0.4794    0.5111    0.5429    0.5746    0.6063    0.6379    0.6693    0.7006    0.7316    0.7625    0.7931    0.8235    0.8537    
PD107    3.889e-17    0.01805    0.03673    0.05488    0.07252    0.08965    0.1063    0.1225    0.1382    0.1534    0.1683    0.1827    0.1967    0.2102    0.2235    0.2363    0.2488    0.2609    0.2726    0.2841    0.2952    0.306    0.3165    0.3267    0.3366    0.3463    0.3557    0.3648    0.3737    0.3823    0.3907    0.3989    0.4069    
PD108    1.957e-17    0.009085    0.01848    0.02762    0.03649    0.0451    0.05347    0.0616    0.06949    0.07716    0.0846    0.09183    0.09885    0.1057    0.1123    0.1187    0.1249    0.131    0.1369    0.1426    0.1481    0.1535    0.1587    0.1638    0.1687    0.1735    0.1782    0.1827    0.1871    0.1914    0.1955    0.1996    0.2035    
AG109    7.67e-18    0.004697    0.009536    0.01413    0.01849    0.02263    0.02655    0.03027    0.0338    0.03714    0.04031    0.04331    0.04615    0.04884    0.05139    0.05379    0.05607    0.05822    0.06026    0.06218    0.06399    0.06571    0.06733    0.06886    0.0703    0.07166    0.07295    0.07416    0.0753    0.07639    0.07741    0.07837    0.07928    
PD110    7.682e-18    0.003566    0.007265    0.01087    0.01438    0.0178    0.02113    0.02438    0.02754    0.03062    0.03362    0.03654    0.03939    0.04216    0.04486    0.0475    0.05006    0.05257    0.055    0.05738    0.05969    0.06195    0.06415    0.0663    0.06839    0.07043    0.07242    0.07437    0.07626    0.07812    0.07992    0.08169    0.08342    
CD110    0    9.373e-05    0.0003965    0.0008989    0.001591    0.002464    0.003508    0.004715    0.006076    0.007583    0.009229    0.01101    0.01291    0.01492    0.01705    0.01928    0.02161    0.02403    0.02654    0.02913    0.0318    0.03454    0.03735    0.04022    0.04315    0.04613    0.04917    0.05225    0.05538    0.05856    0.06177    0.06502    0.0683    
CD111    7.805e-19    0.00222    0.005191    0.008087    0.0109    0.01364    0.0163    0.01889    0.0214    0.02385    0.02623    0.02855    0.03081    0.033    0.03514    0.03722    0.03925    0.04123    0.04315    0.04503    0.04686    0.04864    0.05038    0.05208    0.05374    0.05536    0.05694    0.05849    0.06    0.06148    0.06292    0.06433    0.06572    
CD112    3.004e-18    0.002162    0.00448    0.006746    0.008962    0.01113    0.01325    0.01532    0.01735    0.01933    0.02127    0.02316    0.02502    0.02684    0.02861    0.03035    0.03206    0.03372    0.03535    0.03695    0.03852    0.04005    0.04155    0.04302    0.04446    0.04587    0.04725    0.04861    0.04994    0.05125    0.05253    0.05378    0.05501    
CD114    4.481e-18    0.002874    0.006784    0.01093    0.01509    0.01917    0.02316    0.02706    0.03085    0.03454    0.03814    0.04164    0.04505    0.04837    0.05161    0.05475    0.05782    0.06081    0.06371    0.06654    0.0693    0.07199    0.0746    0.07715    0.07963    0.08204    0.08439    0.08668    0.08891    0.09109    0.0932    0.09526    0.09727    
CD116    4.472e-18    0.002077    0.004232    0.006333    0.008379    0.01037    0.01232    0.01421    0.01605    0.01785    0.0196    0.0213    0.02297    0.02459    0.02616    0.0277    0.0292    0.03066    0.03208    0.03346    0.03481    0.03613    0.03741    0.03866    0.03987    0.04106    0.04222    0.04334    0.04444    0.04551    0.04655    0.04757    0.04856    
SN116    0    0.0001404    0.0005907    0.001299    0.002216    0.003299    0.004513    0.005828    0.007218    0.008663    0.01015    0.01166    0.01318    0.01471    0.01623    0.01775    0.01926    0.02074    0.02221    0.02366    0.02509    0.02649    0.02786    0.02921    0.03053    0.03183    0.03309    0.03434    0.03555    0.03674    0.03791    0.03905    0.04016    
SN117    4.078e-18    0.002027    0.004141    0.0062    0.008205    0.01016    0.01206    0.01391    0.01572    0.01748    0.01919    0.02086    0.02249    0.02408    0.02562    0.02713    0.0286    0.03003    0.03142    0.03278    0.0341    0.03539    0.03665    0.03788    0.03907    0.04024    0.04138    0.04248    0.04356    0.04462    0.04564    0.04664    0.04762    
SN118    4.738e-18    0.002236    0.004558    0.006822    0.009028    0.01118    0.01328    0.01532    0.01731    0.01925    0.02115    0.02299    0.02479    0.02655    0.02826    0.02992    0.03155    0.03313    0.03468    0.03619    0.03765    0.03909    0.04048    0.04185    0.04318    0.04447    0.04574    0.04697    0.04817    0.04934    0.05049    0.05161    0.05269    
SN119    4.583e-18    0.002134    0.004354    0.00652    0.008636    0.0107    0.01272    0.01468    0.0166    0.01847    0.0203    0.02208    0.02382    0.02552    0.02717    0.02878    0.03036    0.03189    0.03339    0.03485    0.03628    0.03767    0.03903    0.04035    0.04164    0.0429    0.04413    0.04533    0.0465    0.04765    0.04876    0.04985    0.05091    
SN120    4.846e-18    0.00225    0.004585    0.00686    0.009077    0.01124    0.01334    0.01539    0.01739    0.01934    0.02124    0.02309    0.02489    0.02665    0.02836    0.03003    0.03166    0.03324    0.03479    0.03629    0.03776    0.03919    0.04058    0.04194    0.04327    0.04456    0.04582    0.04704    0.04824    0.04941    0.05054    0.05165    0.05273    
SB121    2.762e-18    0.002258    0.004667    0.006996    0.009248    0.01142    0.01353    0.01556    0.01752    0.01941    0.02124    0.023    0.02471    0.02635    0.02793    0.02946    0.03093    0.03235    0.03371    0.03502    0.03629    0.0375    0.03867    0.0398    0.04088    0.04192    0.04291    0.04387    0.04479    0.04566    0.04651    0.04731    0.04809    
SN122    5.401e-18    0.002508    0.00511    0.007645    0.01012    0.01252    0.01487    0.01716    0.01939    0.02156    0.02368    0.02574    0.02775    0.02971    0.03162    0.03349    0.0353    0.03707    0.0388    0.04048    0.04211    0.04371    0.04527    0.04679    0.04827    0.04971    0.05112    0.05249    0.05382    0.05513    0.0564    0.05764    0.05885    
SB123    4.858e-18    0.002322    0.004867    0.00745    0.01004    0.01262    0.01517    0.01768    0.02015    0.02256    0.02491    0.02721    0.02944    0.03161    0.03371    0.03575    0.03773    0.03965    0.04151    0.04331    0.04506    0.04674    0.04838    0.04995    0.05148    0.05295    0.05438    0.05575    0.05708    0.05836    0.0596    0.06079    0.06194    
SN124    8.057e-18    0.00374    0.007619    0.0114    0.01507    0.01866    0.02215    0.02554    0.02885    0.03207    0.03521    0.03827    0.04124    0.04414    0.04696    0.04971    0.05239    0.05499    0.05753    0.06    0.06241    0.06475    0.06703    0.06925    0.07142    0.07353    0.07558    0.07758    0.07952    0.08142    0.08326    0.08506    0.08681    
SB125    6.959e-18    0.004233    0.00897    0.01344    0.01763    0.02156    0.02523    0.02868    0.03189    0.03489    0.03768    0.04027    0.04268    0.04491    0.04697    0.04886    0.05061    0.05221    0.05367    0.055    0.0562    0.05729    0.05826    0.05913    0.0599    0.06057    0.06115    0.06165    0.06206    0.0624    0.06267    0.06287    0.06301    
SN126    1.822e-17    0.008459    0.01723    0.02579    0.03412    0.04223    0.05015    0.05785    0.06536    0.07268    0.07981    0.08676    0.09354    0.1001    0.1066    0.1128    0.1189    0.1249    0.1307    0.1363    0.1419    0.1472    0.1525    0.1576    0.1625    0.1674    0.1721    0.1767    0.1812    0.1856    0.1898    0.194    0.1981    
I127    5.474e-18    0.01391    0.03106    0.04814    0.06503    0.08164    0.0979    0.1138    0.1292    0.1443    0.1589    0.173    0.1867    0.2    0.2129    0.2253    0.2374    0.249    0.2602    0.2711    0.2816    0.2917    0.3015    0.3109    0.32    0.3288    0.3372    0.3454    0.3532    0.3608    0.3681    0.3751    0.3818    
TE128    9.183e-17    0.0437    0.08913    0.1334    0.1765    0.2186    0.2595    0.2994    0.3383    0.3762    0.4132    0.4492    0.4842    0.5184    0.5517    0.5842    0.6158    0.6466    0.6766    0.7059    0.7344    0.7622    0.7893    0.8158    0.8415    0.8666    0.8911    0.9149    0.9381    0.9608    0.9829    1.004    1.025    
I129    1.304e-16    0.06924    0.1461    0.2226    0.2977    0.3709    0.4421    0.5114    0.5789    0.6444    0.7081    0.7701    0.8303    0.8888    0.9457    1.001    1.055    1.107    1.158    1.207    1.255    1.302    1.347    1.391    1.433    1.475    1.515    1.554    1.592    1.629    1.665    1.7    1.734    
TE130    3.435e-16    0.1595    0.3251    0.4864    0.6436    0.7968    0.946    1.091    1.233    1.371    1.506    1.637    1.765    1.889    2.01    2.129    2.244    2.356    2.465    2.572    2.676    2.777    2.876    2.972    3.066    3.157    3.246    3.333    3.418    3.5    3.581    3.659    3.736    
I131    5.353e-16    0.07232    0.07178    0.06996    0.06818    0.06643    0.06474    0.06308    0.06147    0.0599    0.05838    0.05689    0.05544    0.05402    0.05265    0.05131    0.05    0.04873    0.04749    0.04629    0.04511    0.04397    0.04286    0.04177    0.04072    0.03969    0.03869    0.03772    0.03677    0.03584    0.03494    0.03407    0.03322    
XE131    7.01e-17    0.2243    0.5273    0.8151    1.087    1.343    1.585    1.813    2.027    2.229    2.418    2.595    2.76    2.915    3.06    3.194    3.32    3.435    3.543    3.642    3.733    3.816    3.893    3.962    4.025    4.082    4.133    4.178    4.217    4.252    4.281    4.306    4.327    
TE132    7.145e-16    0.04438    0.04324    0.04214    0.04106    0.04001    0.03899    0.03799    0.03702    0.03607    0.03515    0.03425    0.03338    0.03253    0.0317    0.03089    0.03011    0.02934    0.02859    0.02787    0.02716    0.02647    0.0258    0.02515    0.02451    0.02389    0.02329    0.0227    0.02213    0.02157    0.02103    0.0205    0.01999    
XE132    2.49e-16    0.4081    0.8884    1.365    1.839    2.308    2.774    3.236    3.693    4.147    4.596    5.041    5.481    5.916    6.347    6.773    7.194    7.611    8.023    8.429    8.831    9.228    9.62    10.01    10.39    10.77    11.14    11.5    11.87    12.22    12.57    12.92    13.26    
I133    5.746e-16    0.01853    0.01805    0.01759    0.01714    0.0167    0.01627    0.01586    0.01545    0.01506    0.01467    0.0143    0.01393    0.01358    0.01323    0.0129    0.01257    0.01225    0.01194    0.01163    0.01134    0.01105    0.01077    0.0105    0.01023    0.009972    0.00972    0.009474    0.009236    0.009003    0.008777    0.008556    0.008341    
XE133    7.954e-16    0.1088    0.1065    0.1038    0.1011    0.09854    0.09603    0.09358    0.0912    0.08888    0.08662    0.08442    0.08227    0.08018    0.07815    0.07617    0.07424    0.07236    0.07053    0.06874    0.06701    0.06532    0.06367    0.06207    0.06051    0.05899    0.05751    0.05606    0.05466    0.0533    0.05197    0.05067    0.04941    
CS133    1.276e-16    0.5718    1.299    1.999    2.674    3.323    3.948    4.549    5.126    5.682    6.215    6.728    7.22    7.692    8.145    8.579    8.995    9.393    9.774    10.14    10.49    10.82    11.14    11.44    11.73    12.01    12.27    12.52    12.76    12.98    13.19    13.4    13.59    
XE134    1.726e-15    0.8115    1.655    2.478    3.279    4.059    4.82    5.561    6.283    6.987    7.672    8.34    8.991    9.626    10.24    10.85    11.43    12.01    12.56    13.11    13.63    14.15    14.65    15.14    15.62    16.09    16.54    16.98    17.41    17.83    18.24    18.64    19.03    
CS134    1.08e-20    0.002619    0.01294    0.03061    0.05495    0.08536    0.1213    0.1621    0.2074    0.2566    0.3094    0.3653    0.424    0.4849    0.548    0.6127    0.6789    0.7463    0.8146    0.8836    0.953    1.023    1.093    1.162    1.232    1.301    1.37    1.438    1.505    1.571    1.637    1.702    1.765    
BA134    1.494e-23    3.376e-05    0.0003627    0.001337    0.00328    0.006481    0.01121    0.01769    0.02615    0.03678    0.04974    0.06519    0.08326    0.1041    0.1277    0.1542    0.1837    0.2163    0.2519    0.2907    0.3326    0.3776    0.4258    0.4772    0.5317    0.5893    0.65    0.7138    0.7807    0.8505    0.9233    0.999    1.078    
CS135    1.202e-15    0.3659    0.7502    1.124    1.487    1.84    2.184    2.518    2.843    3.159    3.466    3.765    4.055    4.338    4.613    4.881    5.141    5.394    5.641    5.88    6.114    6.34    6.561    6.776    6.985    7.188    7.386    7.579    7.766    7.949    8.126    8.299    8.467    
XE136    1.486e-15    1.012    2.066    3.094    4.095    5.07    6.021    6.947    7.85    8.73    9.587    10.42    11.24    12.03    12.8    13.56    14.29    15.01    15.7    16.38    17.05    17.69    18.32    18.93    19.53    20.11    20.68    21.24    21.77    22.3    22.81    23.31    23.8    
BA136    1.588e-19    0.0008111    0.002787    0.005672    0.009422    0.01401    0.01942    0.02563    0.0326    0.04033    0.04879    0.05796    0.06782    0.07835    0.08954    0.1014    0.1138    0.1269    0.1405    0.1547    0.1694    0.1847    0.2006    0.2169    0.2337    0.251    0.2688    0.2871    0.3058    0.3249    0.3445    0.3644    0.3848    
CS137    1.42e-15    0.6586    1.34    2.001    2.644    3.267    3.873    4.461    5.032    5.585    6.123    6.645    7.151    7.643    8.119    8.582    9.03    9.465    9.887    10.3    10.69    11.08    11.45    11.81    12.16    12.5    12.83    13.14    13.45    13.75    14.04    14.32    14.59    
BA137    2.609e-19    0.001043    0.004271    0.009621    0.01703    0.02644    0.03779    0.05102    0.06608    0.08291    0.1015    0.1217    0.1435    0.1669    0.1919    0.2183    0.2461    0.2753    0.3059    0.3378    0.3709    0.4052    0.4408    0.4775    0.5152    0.5541    0.594    0.6349    0.6768    0.7196    0.7634    0.808    0.8535    
BA138    1.581e-15    0.7367    1.502    2.247    2.973    3.681    4.371    5.043    5.698    6.336    6.958    7.564    8.155    8.73    9.291    9.838    10.37    10.89    11.4    11.89    12.37    12.84    13.29    13.74    14.17    14.6    15.01    15.41    15.8    16.18    16.55    16.92    17.27    
LA139    1.515e-15    0.7043    1.436    2.148    2.841    3.516    4.173    4.813    5.435    6.041    6.632    7.206    7.765    8.309    8.839    9.354    9.856    10.34    10.82    11.28    11.73    12.17    12.6    13.01    13.42    13.81    14.19    14.56    14.93    15.28    15.62    15.96    16.28    
BA140    1.358e-15    0.2461    0.2592    0.2539    0.2475    0.2412    0.235    0.229    0.2231    0.2174    0.2119    0.2065    0.2012    0.1961    0.1911    0.1862    0.1815    0.1769    0.1724    0.168    0.1637    0.1595    0.1555    0.1516    0.1477    0.144    0.1403    0.1368    0.1333    0.13    0.1267    0.1235    0.1204    
LA140    7.856e-17    0.0323    0.03438    0.03373    0.03291    0.0321    0.03131    0.03054    0.02979    0.02906    0.02835    0.02766    0.02699    0.02633    0.02569    0.02507    0.02446    0.02387    0.02329    0.02273    0.02218    0.02165    0.02113    0.02063    0.02013    0.01965    0.01919    0.01873    0.01829    0.01786    0.01744    0.01703    0.01664    
CE140    3.638e-17    0.4325    1.154    1.879    2.588    3.278    3.952    4.61    5.251    5.876    6.486    7.081    7.661    8.227    8.78    9.319    9.844    10.36    10.86    11.35    11.82    12.29    12.74    13.18    13.62    14.04    14.45    14.85    15.25    15.63    16    16.37    16.72    
CE141    1.361e-15    0.4113    0.5581    0.5979    0.6013    0.5923    0.5794    0.5654    0.5512    0.5372    0.5236    0.5103    0.4973    0.4846    0.4723    0.4603    0.4486    0.4372    0.4261    0.4153    0.4048    0.3946    0.3846    0.3749    0.3654    0.3562    0.3472    0.3385    0.33    0.3217    0.3136    0.3058    0.2981    
PR141    4.399e-17    0.2412    0.7742    1.396    2.037    2.673    3.296    3.904    4.496    5.073    5.634    6.181    6.712    7.23    7.734    8.224    8.701    9.166    9.617    10.06    10.49    10.9    11.31    11.7    12.08    12.46    12.82    13.17    13.52    13.85    14.18    14.5    14.8    
CE142    1.404e-15    0.6532    1.333    1.995    2.641    3.27    3.882    4.48    5.061    5.628    6.18    6.719    7.243    7.754    8.252    8.737    9.21    9.67    10.12    10.56    10.98    11.4    11.8    12.2    12.58    12.96    13.32    13.68    14.02    14.36    14.69    15.01    15.32    
ND142    2.743e-24    8.115e-05    0.0005774    0.001664    0.003389    0.005756    0.008754    0.01237    0.01658    0.02138    0.02675    0.03267    0.03912    0.0461    0.05358    0.06155    0.07    0.07891    0.08828    0.09808    0.1083    0.1189    0.13    0.1414    0.1532    0.1654    0.1779    0.1908    0.204    0.2176    0.2314    0.2456    0.26    
CE143    7.38e-16    0.02771    0.02701    0.02632    0.02565    0.02499    0.02436    0.02374    0.02313    0.02254    0.02197    0.02141    0.02087    0.02034    0.01982    0.01932    0.01883    0.01835    0.01789    0.01743    0.01699    0.01656    0.01615    0.01574    0.01534    0.01496    0.01458    0.01421    0.01386    0.01351    0.01317    0.01284    0.01252    
PR143    6.557e-16    0.2392    0.2579    0.2532    0.2469    0.2406    0.2345    0.2285    0.2227    0.217    0.2115    0.2061    0.2009    0.1958    0.1908    0.186    0.1813    0.1767    0.1722    0.1678    0.1636    0.1595    0.1554    0.1515    0.1477    0.144    0.1404    0.1368    0.1334    0.1301    0.1268    0.1236    0.1205    
ND143    3.786e-17    0.3943    1.059    1.722    2.362    2.98    3.575    4.147    4.699    5.229    5.739    6.23    6.702    7.155    7.59    8.008    8.409    8.794    9.162    9.516    9.854    10.18    10.49    10.78    11.07    11.34    11.59    11.84    12.07    12.3    12.51    12.71    12.9    
CE144    1.318e-15    0.5802    1.113    1.57    1.959    2.289    2.566    2.798    2.99    3.147    3.273    3.372    3.447    3.502    3.54    3.561    3.57    3.566    3.553    3.531    3.502    3.467    3.426    3.381    3.332    3.281    3.227    3.17    3.113    3.054    2.995    2.935    2.874    
ND144    5.03e-18    0.03737    0.1521    0.3339    0.5739    0.864    1.197    1.567    1.969    2.397    2.847    3.316    3.801    4.297    4.804    5.319    5.839    6.364    6.891    7.419    7.948    8.476    9.002    9.526    10.05    10.56    11.08    11.59    12.09    12.59    13.09    13.57    14.06    
ND145    9.574e-16    0.44    0.8966    1.338    1.764    2.176    2.574    2.959    3.33    3.688    4.034    4.368    4.69    5.001    5.301    5.589    5.868    6.136    6.394    6.643    6.883    7.113    7.335    7.548    7.753    7.95    8.139    8.321    8.495    8.662    8.822    8.976    9.122    
ND146    7.324e-16    0.343    0.7028    1.057    1.406    1.749    2.088    2.421    2.749    3.072    3.391    3.705    4.014    4.319    4.619    4.915    5.207    5.494    5.778    6.057    6.333    6.605    6.873    7.137    7.398    7.655    7.909    8.159    8.406    8.65    8.891    9.128    9.363    
ND147    5.216e-16    0.08453    0.08679    0.08478    0.08265    0.08057    0.07854    0.07656    0.07464    0.07276    0.07093    0.06916    0.06742    0.06573    0.06409    0.06249    0.06093    0.05941    0.05794    0.0565    0.05509    0.05373    0.0524    0.05111    0.04985    0.04862    0.04743    0.04626    0.04513    0.04403    0.04296    0.04191    0.0409    
PM147    5.053e-17    0.1739    0.4181    0.6382    0.8327    1.004    1.153    1.284    1.397    1.495    1.578    1.649    1.708    1.757    1.797    1.828    1.852    1.869    1.88    1.886    1.887    1.883    1.876    1.866    1.853    1.837    1.819    1.799    1.778    1.754    1.73    1.705    1.679    
SM147    3.768e-20    0.002365    0.01292    0.03147    0.05686    0.08801    0.124    0.1639    0.207    0.2525    0.3    0.3489    0.3986    0.4488    0.4992    0.5493    0.5989    0.6479    0.6959    0.7428    0.7885    0.8328    0.8756    0.9169    0.9566    0.9946    1.031    1.065    1.098    1.129    1.159    1.186    1.212    
ND148    4.254e-16    0.1987    0.4053    0.6064    0.8021    0.9927    1.178    1.359    1.535    1.706    1.872    2.034    2.192    2.346    2.495    2.641    2.782    2.92    3.054    3.184    3.311    3.435    3.555    3.672    3.786    3.897    4.005    4.11    4.212    4.311    4.407    4.501    4.593    
PM148M    1.877e-22    0.000648    0.002212    0.00377    0.005166    0.006396    0.007476    0.008419    0.009239    0.009948    0.01056    0.01107    0.01151    0.01187    0.01217    0.0124    0.01258    0.01272    0.01281    0.01286    0.01288    0.01287    0.01283    0.01277    0.01269    0.01259    0.01247    0.01234    0.0122    0.01205    0.01188    0.01171    0.01154    
SM148    2.035e-22    0.002093    0.01297    0.03353    0.06303    0.1006    0.1456    0.1973    0.2551    0.3183    0.3864    0.459    0.5356    0.6157    0.699    0.785    0.8736    0.9643    1.057    1.151    1.247    1.344    1.441    1.54    1.639    1.739    1.839    1.939    2.039    2.139    2.239    2.338    2.437    
SM149    9.672e-17    0.055    0.0661    0.06809    0.06863    0.06882    0.06883    0.0687    0.06844    0.06808    0.06763    0.06709    0.06649    0.06582    0.06509    0.06432    0.06352    0.06268    0.06181    0.06092    0.06002    0.0591    0.05818    0.05724    0.05631    0.05537    0.05444    0.05351    0.05259    0.05167    0.05077    0.04987    0.04899    
ND150    1.664e-16    0.07721    0.1572    0.2352    0.311    0.3849    0.4567    0.5267    0.5949    0.6612    0.7257    0.7886    0.8497    0.9093    0.9672    1.024    1.079    1.132    1.184    1.235    1.284    1.332    1.378    1.424    1.468    1.511    1.553    1.594    1.633    1.672    1.709    1.746    1.782    
SM150    1.23e-19    0.06494    0.1922    0.3287    0.4666    0.6044    0.7415    0.8777    1.013    1.146    1.278    1.408    1.536    1.662    1.785    1.906    2.025    2.142    2.255    2.367    2.475    2.581    2.685    2.786    2.884    2.979    3.073    3.163    3.251    3.336    3.419    3.5    3.578    
SM151    5.749e-17    0.04346    0.08104    0.1102    0.1327    0.1502    0.1637    0.174    0.182    0.1881    0.1927    0.1963    0.1989    0.2009    0.2024    0.2035    0.2043    0.2048    0.2052    0.2054    0.2056    0.2056    0.2056    0.2056    0.2055    0.2054    0.2053    0.2052    0.2051    0.2049    0.2048    0.2046    0.2045    
SM152    7.11e-17    0.03698    0.08191    0.1299    0.179    0.2278    0.2752    0.3206    0.3635    0.4037    0.441    0.4754    0.5069    0.5356    0.5616    0.5851    0.6062    0.625    0.6418    0.6567    0.6698    0.6813    0.6913    0.7    0.7074    0.7137    0.7189    0.7233    0.7268    0.7295    0.7316    0.733    0.7339    
EU153    1.704e-17    0.02011    0.0447    0.07152    0.1007    0.1321    0.1655    0.2008    0.2377    0.2758    0.3148    0.3546    0.3947    0.4349    0.4751    0.5149    0.5542    0.5929    0.6307    0.6677    0.7035    0.7383    0.7719    0.8042    0.8352    0.865    0.8934    0.9204    0.9461    0.9705    0.9936    1.015    1.036    
SM154    2.032e-17    0.00955    0.01947    0.02915    0.03858    0.04779    0.05677    0.06553    0.07408    0.08242    0.09055    0.09848    0.1062    0.1138    0.1211    0.1283    0.1353    0.1421    0.1487    0.1552    0.1615    0.1677    0.1736    0.1795    0.1852    0.1907    0.1961    0.2013    0.2064    0.2114    0.2163    0.221    0.2256    
EU154    4.842e-22    0.0004866    0.002129    0.004921    0.008865    0.01396    0.0202    0.02756    0.03602    0.04554    0.05607    0.06754    0.07988    0.09302    0.1069    0.1214    0.1364    0.1519    0.1678    0.1839    0.2003    0.2168    0.2334    0.25    0.2665    0.2828    0.299    0.315    0.3306    0.346    0.361    0.3756    0.3898    
EU155    1.004e-17    0.003386    0.005164    0.006102    0.006716    0.007255    0.00784    0.008527    0.009341    0.01029    0.01138    0.0126    0.01396    0.01543    0.01702    0.0187    0.02048    0.02233    0.02426    0.02624    0.02826    0.03032    0.03241    0.03451    0.03661    0.03872    0.04081    0.04288    0.04492    0.04693    0.04891    0.05084    0.05273    
GD156    2.924e-19    0.001771    0.006126    0.01172    0.01793    0.02452    0.03144    0.0387    0.04637    0.05455    0.06333    0.07281    0.08308    0.09423    0.1063    0.1195    0.1338    0.1492    0.1658    0.1838    0.203    0.2235    0.2454    0.2687    0.2933    0.3193    0.3467    0.3754    0.4054    0.4367    0.4694    0.5032    0.5383    
GD158    1.175e-18    0.001238    0.003013    0.00485    0.006699    0.008552    0.01041    0.01227    0.01414    0.01603    0.01794    0.01988    0.02186    0.02389    0.02597    0.02811    0.03032    0.03262    0.035    0.03748    0.04007    0.04278    0.04561    0.04857    0.05167    0.05492    0.05833    0.06191    0.06565    0.06958    0.07369    0.07799    0.08249    
