TIME    3   50   100   150   200   250   300   350   400   450   500   550   600   650   700   750   800   850   900   950   1000   1050   1100   1150   1200   1250   1300   1350   1400   1450   1500   1550   1600   
NEUT_PROD    0.895   1.08   1.28   1.47   1.65   1.82   1.97   2.13   2.27   2.4   2.53   2.65   2.77   2.88   2.99   3.09   3.18   3.28   3.36   3.45   3.53   3.6   3.68   3.75   3.82   3.88   3.94   4   4.06   4.12   4.17   4.22   4.27   
NEUT_DEST    2.32   2.44   2.56   2.68   2.78   2.89   2.99   3.09   3.18   3.27   3.36   3.44   3.53   3.61   3.68   3.76   3.83   3.9   3.97   4.04   4.1   4.16   4.22   4.28   4.34   4.4   4.45   4.51   4.56   4.61   4.66   4.71   4.76   
BUd    3.01e-16    0.158    0.201    0.235    0.267    0.298    0.327    0.354    0.38    0.405    0.428    0.45    0.471    0.491    0.51    0.528    0.545    0.562    0.578    0.593    0.607    0.621    0.634    0.647    0.659    0.67    0.682    0.692    0.703    0.712    0.722    0.731    0.74    
U238    1000    998.9    997.7    996.5    995.3    994.1    993    991.8    990.6    989.4    988.2    987.1    985.9    984.7    983.6    982.4    981.2    980.1    978.9    977.7    976.6    975.4    974.2    973.1    971.9    970.8    969.6    968.5    967.3    966.2    965    963.9    962.7    
NP237    2.272e-18    0.005997    0.0138    0.02139    0.02876    0.03591    0.04284    0.04957    0.0561    0.06244    0.06859    0.07455    0.08034    0.08595    0.0914    0.09668    0.1018    0.1068    0.1116    0.1163    0.1208    0.1252    0.1295    0.1336    0.1376    0.1415    0.1453    0.149    0.1525    0.156    0.1593    0.1625    0.1657    
NP239    1.365e-15    0.06967    0.06959    0.06951    0.06942    0.06934    0.06926    0.06918    0.06909    0.06901    0.06893    0.06885    0.06877    0.06868    0.0686    0.06852    0.06844    0.06836    0.06828    0.0682    0.06812    0.06803    0.06795    0.06787    0.06779    0.06771    0.06763    0.06755    0.06747    0.06739    0.06731    0.06723    0.06715    
PU238    0    6.357e-05    0.0003355    0.0008193    0.001505    0.002383    0.003445    0.004682    0.006087    0.007652    0.009371    0.01124    0.01325    0.0154    0.01769    0.02011    0.02267    0.02536    0.02817    0.03112    0.0342    0.03741    0.04075    0.04423    0.04784    0.0516    0.0555    0.05954    0.06373    0.06807    0.07257    0.07722    0.08203    
PU239    6.901e-16    0.8696    1.813    2.7    3.535    4.321    5.06    5.755    6.409    7.025    7.603    8.148    8.659    9.14    9.592    10.02    10.42    10.79    11.14    11.47    11.79    12.08    12.35    12.61    12.85    13.07    13.29    13.48    13.67    13.84    14.01    14.16    14.3    
PU240    0    0.009769    0.03963    0.08758    0.1518    0.2306    0.3225    0.4259    0.5397    0.6626    0.7933    0.931    1.075    1.223    1.376    1.533    1.692    1.853    2.016    2.18    2.345    2.51    2.675    2.839    3.002    3.164    3.325    3.483    3.64    3.795    3.948    4.098    4.246    
PU241    0    0.0001191    0.0009561    0.003149    0.007227    0.01362    0.02268    0.03466    0.04978    0.06818    0.08994    0.1151    0.1437    0.1757    0.211    0.2496    0.2913    0.3361    0.3838    0.4342    0.4873    0.5428    0.6006    0.6606    0.7225    0.7862    0.8515    0.9183    0.9865    1.056    1.126    1.197    1.269    
KR86    1.474e-18    0.0007372    0.001623    0.002608    0.003686    0.004851    0.0061    0.007427    0.008828    0.0103    0.01184    0.01344    0.0151    0.01681    0.01858    0.02041    0.02228    0.02419    0.02615    0.02815    0.0302    0.03228    0.03439    0.03655    0.03873    0.04095    0.04319    0.04547    0.04777    0.0501    0.05246    0.05484    0.05724    
RB87    1.843e-18    0.0009207    0.00203    0.003263    0.004613    0.006074    0.007639    0.009302    0.01106    0.0129    0.01483    0.01684    0.01892    0.02107    0.02329    0.02557    0.02792    0.03032    0.03278    0.03529    0.03785    0.04045    0.0431    0.0458    0.04853    0.05131    0.05412    0.05697    0.05985    0.06277    0.06572    0.06869    0.0717    
SR88    2.505e-18    0.001321    0.002912    0.004676    0.006604    0.008687    0.01092    0.01328    0.01578    0.0184    0.02114    0.02399    0.02694    0.02999    0.03314    0.03637    0.0397    0.0431    0.04658    0.05013    0.05375    0.05744    0.06119    0.065    0.06887    0.0728    0.07678    0.0808    0.08488    0.089    0.09317    0.09737    0.1016    
Y89    6.83e-20    0.0004345    0.001603    0.003254    0.005254    0.007531    0.01004    0.01276    0.01566    0.01874    0.02199    0.02538    0.02892    0.0326    0.03641    0.04034    0.04438    0.04854    0.0528    0.05716    0.06161    0.06616    0.07079    0.0755    0.08029    0.08516    0.09009    0.09509    0.1002    0.1053    0.1105    0.1157    0.121    
SR90    3.758e-18    0.001888    0.004173    0.006725    0.009527    0.01256    0.01582    0.01929    0.02295    0.02679    0.0308    0.03497    0.0393    0.04377    0.04837    0.05309    0.05794    0.0629    0.06796    0.07312    0.07837    0.08371    0.08913    0.09463    0.1002    0.1058    0.1115    0.1173    0.1231    0.129    0.1349    0.1409    0.1469    
ZR91    5.485e-20    0.000512    0.001953    0.004061    0.006679    0.009713    0.0131    0.01681    0.0208    0.02506    0.02956    0.0343    0.03925    0.04441    0.04977    0.0553    0.06102    0.0669    0.07293    0.07912    0.08544    0.0919    0.09849    0.1052    0.112    0.119    0.126    0.1332    0.1404    0.1477    0.1551    0.1626    0.1702    
ZR92    4.73e-18    0.002513    0.005624    0.00914    0.01304    0.0173    0.0219    0.02683    0.03206    0.03757    0.04336    0.04941    0.05571    0.06224    0.06899    0.07595    0.08311    0.09046    0.09799    0.1057    0.1136    0.1216    0.1298    0.1381    0.1465    0.1551    0.1638    0.1727    0.1816    0.1907    0.1998    0.2091    0.2184    
ZR93    4.692e-18    0.002958    0.006686    0.01094    0.01569    0.02091    0.02657    0.03264    0.0391    0.04593    0.05311    0.06063    0.06845    0.07657    0.08496    0.09362    0.1025    0.1117    0.1211    0.1306    0.1404    0.1504    0.1606    0.1709    0.1814    0.1921    0.2029    0.2138    0.2249    0.2361    0.2475    0.2589    0.2705    
ZR94    5.128e-18    0.002679    0.006149    0.01022    0.01486    0.02003    0.02571    0.03187    0.03848    0.04553    0.05298    0.06083    0.06904    0.0776    0.0865    0.09572    0.1052    0.115    0.1251    0.1355    0.1461    0.1569    0.168    0.1793    0.1908    0.2025    0.2144    0.2265    0.2387    0.2512    0.2638    0.2766    0.2895    
ZR95    6.484e-18    0.002684    0.004914    0.00673    0.008277    0.009638    0.01087    0.012    0.01304    0.01402    0.01494    0.01581    0.01663    0.0174    0.01814    0.01883    0.0195    0.02013    0.02072    0.02129    0.02184    0.02236    0.02285    0.02332    0.02377    0.0242    0.02461    0.02501    0.02538    0.02574    0.02609    0.02642    0.02673    
MO95    2.051e-21    0.0001814    0.00121    0.003298    0.006383    0.01035    0.01509    0.02052    0.02656    0.03317    0.04031    0.04792    0.05599    0.06447    0.07335    0.08259    0.09218    0.1021    0.1123    0.1228    0.1336    0.1446    0.1559    0.1673    0.179    0.1909    0.203    0.2152    0.2276    0.2402    0.2528    0.2657    0.2786    
ZR96    6.567e-18    0.003408    0.00777    0.01285    0.0186    0.02498    0.03196    0.03952    0.0476    0.0562    0.06527    0.0748    0.08477    0.09514    0.1059    0.117    0.1285    0.1403    0.1525    0.1649    0.1777    0.1907    0.2039    0.2175    0.2312    0.2452    0.2594    0.2739    0.2885    0.3033    0.3183    0.3335    0.3489    
MO97    4.634e-18    0.003484    0.008066    0.01342    0.0195    0.02627    0.03369    0.04172    0.05032    0.05948    0.06915    0.07931    0.08994    0.101    0.1125    0.1244    0.1366    0.1493    0.1622    0.1755    0.1891    0.203    0.2172    0.2316    0.2463    0.2613    0.2765    0.2919    0.3075    0.3233    0.3393    0.3556    0.3719    
MO98    7.135e-18    0.003727    0.008547    0.01419    0.02062    0.02779    0.03565    0.04417    0.05331    0.06304    0.07332    0.08413    0.09544    0.1072    0.1195    0.1321    0.1452    0.1587    0.1725    0.1867    0.2012    0.216    0.2312    0.2466    0.2623    0.2783    0.2945    0.311    0.3277    0.3446    0.3618    0.3791    0.3966    
TC99    2.099e-18    0.003603    0.008646    0.01452    0.02118    0.02856    0.03662    0.04531    0.0546    0.06444    0.07479    0.08563    0.09691    0.1086    0.1207    0.1332    0.146    0.1592    0.1726    0.1863    0.2003    0.2145    0.229    0.2436    0.2585    0.2735    0.2887    0.3041    0.3196    0.3352    0.351    0.3669    0.3829    
MO100    7.701e-18    0.004072    0.009441    0.01581    0.02314    0.03135    0.04042    0.05028    0.06089    0.07222    0.08424    0.09689    0.1102    0.124    0.1384    0.1533    0.1687    0.1846    0.201    0.2177    0.2349    0.2525    0.2705    0.2888    0.3074    0.3264    0.3457    0.3653    0.3852    0.4054    0.4258    0.4465    0.4675    
RU101    8.137e-18    0.004231    0.009626    0.01588    0.02295    0.03077    0.0393    0.04851    0.05834    0.06877    0.07976    0.09127    0.1033    0.1158    0.1287    0.142    0.1557    0.1698    0.1843    0.1991    0.2142    0.2296    0.2452    0.2612    0.2774    0.2938    0.3105    0.3273    0.3444    0.3617    0.3791    0.3967    0.4145    
RU102    8.339e-18    0.004349    0.009929    0.01644    0.02383    0.03206    0.04108    0.05086    0.06137    0.07256    0.08441    0.09689    0.11    0.1236    0.1378    0.1526    0.1678    0.1836    0.1998    0.2165    0.2336    0.2512    0.2691    0.2875    0.3062    0.3254    0.3448    0.3647    0.3848    0.4053    0.4262    0.4473    0.4688    
RU103    7.161e-18    0.002709    0.004651    0.006142    0.007409    0.008546    0.009597    0.01058    0.01151    0.01238    0.01321    0.014    0.01475    0.01546    0.01613    0.01677    0.01739    0.01797    0.01853    0.01906    0.01956    0.02005    0.02051    0.02096    0.02138    0.02179    0.02218    0.02255    0.02291    0.02326    0.02359    0.02391    0.02422    
RH103    1.881e-19    0.001198    0.004397    0.008939    0.0145    0.02088    0.02798    0.03569    0.04394    0.05267    0.06181    0.07131    0.08113    0.09121    0.1015    0.112    0.1227    0.1334    0.1443    0.1552    0.1662    0.1772    0.1882    0.1992    0.2101    0.221    0.2319    0.2427    0.2534    0.264    0.2745    0.2849    0.2951    
RU104    6.81e-18    0.003616    0.008414    0.01413    0.02071    0.02812    0.03629    0.0452    0.05481    0.06507    0.07596    0.08744    0.09949    0.1121    0.1252    0.1388    0.1528    0.1673    0.1823    0.1976    0.2133    0.2295    0.2459    0.2627    0.2799    0.2974    0.3151    0.3332    0.3516    0.3702    0.3891    0.4082    0.4276    
PD104    0    1.488e-05    0.0001162    0.0003658    0.0008078    0.001477    0.002401    0.003607    0.005114    0.006943    0.00911    0.01163    0.01451    0.01777    0.02142    0.02545    0.02988    0.03472    0.03996    0.04561    0.05168    0.05815    0.06504    0.07233    0.08004    0.08816    0.09668    0.1056    0.1149    0.1246    0.1348    0.1453    0.1561    
PD105    2.42e-18    0.00262    0.006327    0.01081    0.01601    0.02189    0.02841    0.03554    0.04324    0.05148    0.06022    0.06944    0.07912    0.08923    0.09975    0.1106    0.1219    0.1335    0.1455    0.1577    0.1703    0.1832    0.1963    0.2097    0.2233    0.2371    0.2512    0.2655    0.28    0.2947    0.3096    0.3247    0.3399    
RU106    3.615e-18    0.001922    0.004444    0.007376    0.01065    0.01419    0.01795    0.02189    0.02596    0.03012    0.03435    0.03862    0.0429    0.04718    0.05144    0.05567    0.05985    0.06398    0.06804    0.07204    0.07597    0.07982    0.08358    0.08727    0.09087    0.09439    0.09782    0.1012    0.1044    0.1076    0.1107    0.1137    0.1166    
PD106    1.025e-20    0.0002116    0.0007035    0.001506    0.002656    0.004181    0.006106    0.008451    0.01123    0.01445    0.01813    0.02226    0.02685    0.03191    0.03743    0.0434    0.04984    0.05672    0.06405    0.07182    0.08003    0.08866    0.09771    0.1072    0.117    0.1273    0.138    0.149    0.1604    0.1722    0.1843    0.1968    0.2097    
PD107    2.156e-18    0.001238    0.003065    0.005387    0.008175    0.0114    0.01504    0.01908    0.02348    0.02824    0.03333    0.03874    0.04445    0.05045    0.05673    0.06327    0.07006    0.07709    0.08436    0.09184    0.09954    0.1074    0.1155    0.1238    0.1323    0.141    0.1498    0.1588    0.1679    0.1772    0.1866    0.1962    0.2059    
PD108    1.424e-18    0.0008266    0.002064    0.003647    0.005555    0.00777    0.01027    0.01305    0.01608    0.01935    0.02286    0.02659    0.03052    0.03465    0.03897    0.04347    0.04814    0.05298    0.05797    0.06311    0.06839    0.07382    0.07937    0.08505    0.09085    0.09677    0.1028    0.1089    0.1152    0.1215    0.128    0.1345    0.1411    
AG109    8.194e-19    0.0006076    0.001479    0.002552    0.003809    0.005235    0.006813    0.008531    0.01038    0.01234    0.0144    0.01657    0.01882    0.02114    0.02355    0.02601    0.02854    0.03112    0.03375    0.03643    0.03914    0.04189    0.04468    0.04749    0.05033    0.05319    0.05607    0.05898    0.06189    0.06482    0.06777    0.07072    0.07368    
PD110    8.956e-19    0.0004662    0.001066    0.001766    0.002561    0.003447    0.004418    0.005471    0.006601    0.007805    0.009079    0.01042    0.01183    0.0133    0.01483    0.01641    0.01806    0.01975    0.0215    0.0233    0.02515    0.02704    0.02898    0.03096    0.03299    0.03506    0.03717    0.03932    0.04151    0.04373    0.04599    0.04829    0.05062    
I127    2.095e-19    0.00057    0.001367    0.002264    0.003251    0.004322    0.00547    0.00669    0.007975    0.009321    0.01072    0.01218    0.01368    0.01523    0.01683    0.01846    0.02013    0.02183    0.02356    0.02532    0.02711    0.02892    0.03076    0.03262    0.03449    0.03639    0.0383    0.04023    0.04217    0.04412    0.04608    0.04806    0.05004    
TE128    2.158e-18    0.001109    0.002451    0.003951    0.005598    0.007384    0.009301    0.01134    0.0135    0.01577    0.01814    0.02061    0.02318    0.02583    0.02857    0.03138    0.03427    0.03723    0.04026    0.04335    0.0465    0.04971    0.05298    0.05629    0.05966    0.06307    0.06653    0.07003    0.07356    0.07714    0.08075    0.0844    0.08808    
I129    2.25e-18    0.001318    0.003072    0.005125    0.007447    0.01002    0.01282    0.01584    0.01907    0.02249    0.02609    0.02986    0.0338    0.03789    0.04212    0.04648    0.05098    0.05559    0.06032    0.06515    0.07009    0.07512    0.08024    0.08545    0.09073    0.0961    0.1015    0.107    0.1126    0.1182    0.1239    0.1297    0.1354    
TE130    4.456e-18    0.002306    0.005239    0.008639    0.01248    0.01673    0.02138    0.02639    0.03176    0.03745    0.04346    0.04976    0.05635    0.0632    0.0703    0.07765    0.08522    0.09301    0.101    0.1092    0.1176    0.1261    0.1348    0.1437    0.1528    0.1619    0.1713    0.1807    0.1903    0.2    0.2098    0.2198    0.2298    
XE131    6.923e-19    0.002417    0.00637    0.01094    0.01607    0.02168    0.02775    0.03421    0.04103    0.04817    0.05559    0.06326    0.07114    0.07922    0.08746    0.09584    0.1043    0.1129    0.1216    0.1303    0.1391    0.1479    0.1567    0.1656    0.1744    0.1832    0.192    0.2007    0.2094    0.2181    0.2267    0.2352    0.2436    
XE132    2.311e-18    0.004128    0.0101    0.01722    0.02544    0.03472    0.04503    0.05633    0.06859    0.08177    0.09586    0.1108    0.1266    0.1433    0.1607    0.1789    0.1978    0.2175    0.2379    0.259    0.2807    0.3032    0.3262    0.3499    0.3742    0.399    0.4245    0.4505    0.4771    0.5042    0.5318    0.5599    0.5885    
CS133    9.335e-19    0.004651    0.01194    0.02049    0.03023    0.04107    0.05292    0.06572    0.0794    0.09389    0.1091    0.1251    0.1417    0.1589    0.1766    0.1949    0.2136    0.2328    0.2524    0.2724    0.2927    0.3133    0.3342    0.3554    0.3768    0.3984    0.4202    0.4422    0.4644    0.4867    0.5091    0.5316    0.5542    
XE134    1.212e-17    0.006418    0.01474    0.0245    0.03562    0.04802    0.06163    0.07639    0.09224    0.1091    0.127    0.1458    0.1654    0.1859    0.2072    0.2293    0.2521    0.2757    0.2998    0.3246    0.3501    0.3761    0.4027    0.4298    0.4574    0.4856    0.5142    0.5432    0.5728    0.6027    0.6331    0.6638    0.6949    
CS135    8.698e-18    0.003026    0.007085    0.01192    0.01748    0.02372    0.03062    0.03812    0.0462    0.05482    0.06395    0.07358    0.08366    0.09419    0.1051    0.1165    0.1282    0.1402    0.1526    0.1654    0.1784    0.1917    0.2053    0.2192    0.2333    0.2477    0.2623    0.2771    0.2922    0.3074    0.3229    0.3385    0.3543    
XE136    1.085e-17    0.008363    0.01938    0.03243    0.04738    0.06414    0.08261    0.1027    0.1243    0.1474    0.1718    0.1976    0.2246    0.2527    0.282    0.3124    0.3438    0.3762    0.4096    0.4438    0.4789    0.5148    0.5514    0.5889    0.6271    0.6659    0.7055    0.7456    0.7864    0.8278    0.8698    0.9123    0.9553    
CS137    9.918e-18    0.005242    0.01215    0.02033    0.02973    0.04025    0.05184    0.06444    0.07797    0.0924    0.1077    0.1237    0.1405    0.1581    0.1762    0.1951    0.2145    0.2344    0.255    0.276    0.2975    0.3194    0.3418    0.3646    0.3878    0.4114    0.4353    0.4595    0.4841    0.5089    0.534    0.5594    0.5851    
BA138    9.987e-18    0.005237    0.01202    0.01997    0.02903    0.03914    0.05023    0.06226    0.07517    0.08892    0.1035    0.1188    0.1348    0.1515    0.1689    0.1869    0.2055    0.2247    0.2444    0.2646    0.2853    0.3065    0.3282    0.3503    0.3728    0.3958    0.4191    0.4428    0.4669    0.4913    0.5161    0.5411    0.5665    
LA139    1.022e-17    0.005321    0.01216    0.02014    0.02919    0.03926    0.05027    0.06219    0.07496    0.08854    0.1029    0.118    0.1337    0.1501    0.1672    0.1848    0.203    0.2218    0.241    0.2608    0.281    0.3017    0.3228    0.3443    0.3662    0.3885    0.4111    0.4341    0.4575    0.4811    0.5051    0.5293    0.5538    
CE140    2.282e-19    0.003012    0.009005    0.01632    0.02477    0.03429    0.04483    0.05633    0.06874    0.08201    0.0961    0.111    0.1266    0.1429    0.1599    0.1776    0.1958    0.2147    0.2341    0.2541    0.2745    0.2955    0.3169    0.3388    0.3612    0.384    0.4071    0.4307    0.4547    0.479    0.5037    0.5287    0.554    
CE141    8.564e-18    0.002989    0.004836    0.006146    0.007234    0.00821    0.009114    0.009963    0.01076    0.01152    0.01224    0.01292    0.01357    0.01418    0.01476    0.01532    0.01585    0.01635    0.01683    0.01729    0.01773    0.01815    0.01855    0.01893    0.01929    0.01964    0.01998    0.0203    0.02061    0.02091    0.02119    0.02146    0.02173    
PR141    2.768e-19    0.001663    0.005922    0.01182    0.01897    0.02722    0.03645    0.04662    0.05765    0.0695    0.08214    0.0955    0.1096    0.1243    0.1396    0.1556    0.1721    0.1891    0.2066    0.2247    0.2431    0.2621    0.2814    0.3012    0.3213    0.3418    0.3626    0.3837    0.4052    0.427    0.4491    0.4714    0.494    
CE142    8.773e-18    0.004594    0.01056    0.01755    0.02552    0.03441    0.04417    0.05475    0.06611    0.0782    0.09099    0.1044    0.1185    0.1332    0.1485    0.1643    0.1806    0.1974    0.2146    0.2323    0.2505    0.269    0.288    0.3073    0.327    0.347    0.3674    0.388    0.409    0.4303    0.4518    0.4736    0.4957    
ND143    2.15e-19    0.002454    0.007365    0.0133    0.02009    0.02767    0.03597    0.04496    0.05457    0.06477    0.07552    0.08677    0.09849    0.1106    0.1232    0.1362    0.1494    0.163    0.177    0.1911    0.2056    0.2203    0.2351    0.2502    0.2655    0.2809    0.2965    0.3122    0.3281    0.3441    0.3601    0.3763    0.3925    
CE144    7.734e-18    0.003792    0.008148    0.01275    0.01753    0.02243    0.0274    0.03239    0.03738    0.04233    0.04722    0.05203    0.05675    0.06137    0.06587    0.07026    0.07452    0.07865    0.08266    0.08653    0.09029    0.09391    0.09741    0.1008    0.104    0.1072    0.1102    0.1131    0.116    0.1187    0.1213    0.1238    0.1262    
ND144    2.82e-20    0.0002346    0.001032    0.002439    0.004488    0.007205    0.01061    0.01471    0.01953    0.02505    0.03128    0.03822    0.04586    0.05419    0.06321    0.0729    0.08325    0.09425    0.1059    0.1181    0.131    0.1445    0.1585    0.1732    0.1884    0.2041    0.2204    0.2371    0.2544    0.2722    0.2905    0.3092    0.3285    
ND145    6.802e-18    0.003452    0.007786    0.01273    0.01824    0.02428    0.03082    0.03782    0.04526    0.0531    0.06131    0.06988    0.07878    0.08798    0.09748    0.1072    0.1173    0.1275    0.138    0.1487    0.1595    0.1706    0.1818    0.1931    0.2047    0.2163    0.2281    0.24    0.252    0.264    0.2762    0.2885    0.3008    
ND146    6.06e-18    0.003113    0.007011    0.01148    0.0165    0.02204    0.02808    0.03461    0.04159    0.04902    0.05688    0.06515    0.07382    0.08288    0.0923    0.1021    0.1122    0.1227    0.1335    0.1446    0.1561    0.1678    0.1798    0.1922    0.2048    0.2176    0.2308    0.2442    0.2579    0.2718    0.2859    0.3003    0.315    
PM147    4.099e-19    0.001529    0.004062    0.00683    0.00976    0.01281    0.01596    0.01917    0.02242    0.02569    0.02897    0.03224    0.03548    0.03869    0.04185    0.04497    0.04803    0.05102    0.05396    0.05683    0.05963    0.06235    0.06501    0.0676    0.07011    0.07255    0.07492    0.07723    0.07946    0.08162    0.08372    0.08576    0.08773    
ND148    4e-18    0.002055    0.004623    0.007556    0.01083    0.01444    0.01835    0.02255    0.02703    0.03176    0.03675    0.04196    0.0474    0.05305    0.0589    0.06495    0.07117    0.07757    0.08414    0.09086    0.09774    0.1048    0.1119    0.1192    0.1266    0.1342    0.1418    0.1496    0.1575    0.1655    0.1736    0.1817    0.19    
ND150    2.445e-18    0.001247    0.002796    0.004562    0.006532    0.008694    0.01104    0.01355    0.01623    0.01907    0.02205    0.02516    0.02841    0.03179    0.03528    0.03889    0.04261    0.04643    0.05035    0.05437    0.05848    0.06267    0.06695    0.0713    0.07573    0.08024    0.08481    0.08946    0.09417    0.09894    0.1038    0.1087    0.1136    
SM150    1.873e-22    0.0007825    0.00252    0.004671    0.007146    0.009919    0.01298    0.0163    0.01989    0.02372    0.02779    0.03209    0.03659    0.04131    0.04622    0.05131    0.05658    0.06203    0.06763    0.07339    0.07929    0.08534    0.09151    0.09782    0.1042    0.1108    0.1174    0.1242    0.131    0.138    0.145    0.1521    0.1593    
SM152    1.121e-18    0.0006538    0.001615    0.002816    0.004226    0.005815    0.007558    0.009431    0.01141    0.01348    0.01563    0.01782    0.02007    0.02234    0.02464    0.02695    0.02927    0.03158    0.03389    0.03619    0.03846    0.04072    0.04296    0.04517    0.04736    0.04952    0.05164    0.05374    0.05581    0.05784    0.05985    0.06182    0.06376    
EU153    3.162e-19    0.0004102    0.001001    0.001737    0.002625    0.003669    0.004873    0.006238    0.00776    0.009439    0.01127    0.01325    0.01537    0.01762    0.02001    0.02251    0.02513    0.02785    0.03068    0.03359    0.03659    0.03966    0.04281    0.04602    0.04928    0.05259    0.05595    0.05934    0.06277    0.06622    0.06969    0.07318    0.07669    
