TIME    3   50   100   150   200   250   300   350   400   450   500   550   600   650   700   750   800   850   900   950   1000   1050   1100   1150   1200   1250   1300   1350   1400   1450   1500   1550   1600   
NEUT_PROD    213   202   190   180   170   161   153   145   138   131   125   119   113   108   103   98.9   94.7   90.7   87   83.4   80.1   77   74.1   71.3   68.7   66.2   63.8   61.5   59.4   57.4   55.4   53.6   51.8   
NEUT_DEST    116   115   111   107   103   99.6   96.3   93.1   90.1   87.3   84.6   82.1   79.7   77.4   75.2   73.2   71.2   69.3   67.5   65.8   64.1   62.5   61   59.6   58.2   56.8   55.5   54.3   53   51.9   50.8   49.7   48.6   
BUd    7.51e-14    34.3    34.5    32.6    30.8    29.2    27.7    26.2    24.9    23.7    22.5    21.4    20.4    19.5    18.6    17.8    17    16.3    15.6    15    14.4    13.8    13.3    12.8    12.3    11.8    11.4    11    10.6    10.2    9.87    9.54    9.22    
U235    0.0002326    0.003728    0.007146    0.01027    0.01313    0.01573    0.0181    0.02024    0.02219    0.02394    0.02551    0.02691    0.02817    0.02928    0.03025    0.03111    0.03185    0.03249    0.03303    0.03349    0.03386    0.03417    0.0344    0.03458    0.03471    0.03479    0.03483    0.03483    0.03481    0.03476    0.0347    0.03462    0.03453    
U236    1.973e-20    0.0001419    0.0005805    0.001285    0.002227    0.00338    0.004718    0.006219    0.007861    0.009627    0.0115    0.01346    0.01549    0.01758    0.01972    0.0219    0.0241    0.02631    0.02854    0.03076    0.03298    0.03518    0.03736    0.03951    0.04164    0.04373    0.04579    0.0478    0.04978    0.0517    0.05358    0.05541    0.05719    
PU238    6.995e-18    0.003172    0.006311    0.009262    0.01214    0.0151    0.0184    0.02234    0.02726    0.03358    0.04172    0.05215    0.06535    0.08178    0.1019    0.1262    0.1551    0.189    0.2283    0.2732    0.3242    0.3813    0.445    0.5152    0.5921    0.6758    0.7664    0.8637    0.9677    1.078    1.196    1.319    1.449    
PU239    1000    945.7    891.2    839.8    791.3    745.7    702.7    662.2    624    588    554.1    522.1    492    463.6    436.9    411.7    388    365.6    344.5    324.6    305.9    288.3    271.7    256    241.2    227.3    214.2    201.9    190.3    179.3    169    159.2    150.1    
PU240    4.276e-14    19.2    37.75    54.49    69.56    83.09    95.18    105.9    115.5    123.9    131.2    137.6    143.1    147.8    151.8    155    157.6    159.6    161.1    162.2    162.7    162.9    162.7    162.2    161.3    160.2    158.9    157.3    155.6    153.7    151.6    149.4    147.1    
PU241    0    0.3342    1.347    2.929    4.979    7.409    10.14    13.1    16.24    19.49    22.81    26.16    29.51    32.81    36.06    39.22    42.28    45.23    48.04    50.71    53.24    55.61    57.83    59.89    61.79    63.53    65.11    66.53    67.81    68.93    69.91    70.74    71.44    
PU242    0    0.001568    0.01319    0.04391    0.1011    0.1907    0.3173    0.4844    0.6943    0.9486    1.248    1.593    1.983    2.417    2.893    3.411    3.968    4.561    5.189    5.85    6.539    7.256    7.997    8.759    9.541    10.34    11.15    11.97    12.8    13.64    14.48    15.32    16.16    
AM241    0    0.0006897    0.005734    0.01888    0.04298    0.08013    0.1318    0.1988    0.2816    0.3803    0.4945    0.6238    0.7672    0.9239    1.093    1.273    1.463    1.661    1.867    2.079    2.296    2.516    2.738    2.962    3.186    3.409    3.63    3.849    4.064    4.274    4.479    4.679    4.873    
AM243    0    5.683e-06    9.886e-05    0.0004996    0.001543    0.003651    0.007305    0.01303    0.02136    0.03285    0.04804    0.06744    0.09156    0.1208    0.1557    0.1966    0.2437    0.2975    0.358    0.4256    0.5003    0.5823    0.6715    0.768    0.8717    0.9826    1.101    1.225    1.357    1.495    1.639    1.79    1.946    
CM242    0    6.394e-06    0.0001069    0.0005192    0.00154    0.003502    0.006734    0.01155    0.01822    0.02697    0.03798    0.05138    0.06724    0.0856    0.1064    0.1297    0.1553    0.1832    0.2131    0.245    0.2786    0.3138    0.3504    0.3881    0.4268    0.4663    0.5063    0.5467    0.5873    0.6279    0.6682    0.7083    0.7478    
SE78    5.301e-18    0.002484    0.004993    0.007362    0.009602    0.01172    0.01372    0.01562    0.01742    0.01912    0.02073    0.02226    0.02372    0.0251    0.02641    0.02766    0.02885    0.02998    0.03106    0.03209    0.03307    0.034    0.0349    0.03575    0.03656    0.03734    0.03809    0.03881    0.03949    0.04015    0.04078    0.04138    0.04196    
SE79    1.169e-17    0.005358    0.01075    0.01583    0.02063    0.02516    0.02945    0.0335    0.03733    0.04096    0.0444    0.04765    0.05074    0.05367    0.05644    0.05908    0.06159    0.06397    0.06624    0.0684    0.07045    0.0724    0.07427    0.07604    0.07774    0.07936    0.0809    0.08238    0.08379    0.08513    0.08642    0.08766    0.08884    
SE80    2.722e-17    0.01244    0.02495    0.03675    0.04789    0.05841    0.06835    0.07775    0.08664    0.09505    0.103    0.1105    0.1177    0.1245    0.1309    0.137    0.1428    0.1483    0.1535    0.1584    0.1632    0.1676    0.1719    0.176    0.1799    0.1836    0.1871    0.1905    0.1937    0.1968    0.1997    0.2025    0.2052    
BR81    4.162e-17    0.01901    0.03808    0.05602    0.07291    0.08881    0.1038    0.1179    0.1312    0.1437    0.1555    0.1667    0.1772    0.1871    0.1964    0.2052    0.2136    0.2214    0.2289    0.2359    0.2425    0.2488    0.2547    0.2603    0.2655    0.2705    0.2752    0.2797    0.2839    0.2879    0.2916    0.2952    0.2986    
SE82    5.225e-17    0.02389    0.0479    0.07057    0.09198    0.1122    0.1313    0.1494    0.1666    0.1828    0.1982    0.2128    0.2267    0.2398    0.2523    0.2642    0.2755    0.2863    0.2966    0.3064    0.3157    0.3246    0.3331    0.3413    0.349    0.3565    0.3636    0.3704    0.3769    0.3832    0.3891    0.3949    0.4004    
KR83    7.68e-17    0.03662    0.07324    0.1074    0.1393    0.169    0.1967    0.2225    0.2466    0.2691    0.29    0.3095    0.3277    0.3447    0.3604    0.3751    0.3887    0.4014    0.4132    0.4241    0.4343    0.4437    0.4523    0.4604    0.4678    0.4746    0.4808    0.4866    0.4918    0.4966    0.501    0.5049    0.5085    
KR84    1.322e-16    0.06066    0.1221    0.1805    0.2362    0.2892    0.3397    0.388    0.4342    0.4784    0.5207    0.5612    0.6002    0.6376    0.6735    0.7082    0.7415    0.7737    0.8047    0.8346    0.8636    0.8916    0.9188    0.9451    0.9706    0.9953    1.019    1.043    1.065    1.087    1.109    1.13    1.15    
KR85    3.412e-17    0.01547    0.03097    0.04547    0.05902    0.07169    0.08353    0.09461    0.105    0.1146    0.1237    0.1322    0.1401    0.1475    0.1544    0.1608    0.1668    0.1724    0.1777    0.1826    0.1871    0.1914    0.1953    0.199    0.2024    0.2055    0.2084    0.2111    0.2136    0.2159    0.218    0.22    0.2217    
RB85    1.214e-16    0.05531    0.1114    0.1644    0.2146    0.2622    0.3074    0.3502    0.3909    0.4296    0.4665    0.5015    0.5349    0.5668    0.5972    0.6263    0.654    0.6806    0.706    0.7304    0.7538    0.7762    0.7977    0.8183    0.8382    0.8573    0.8757    0.8934    0.9105    0.927    0.9429    0.9582    0.973    
KR86    2.171e-16    0.09925    0.1991    0.2933    0.3823    0.4666    0.5463    0.6218    0.6934    0.7614    0.8259    0.8872    0.9456    1.001    1.054    1.104    1.153    1.199    1.242    1.284    1.325    1.363    1.4    1.435    1.469    1.502    1.533    1.563    1.592    1.62    1.647    1.672    1.697    
RB87    2.734e-16    0.1248    0.2505    0.3691    0.4812    0.5872    0.6875    0.7825    0.8726    0.958    1.039    1.116    1.189    1.259    1.325    1.388    1.449    1.506    1.561    1.614    1.664    1.712    1.758    1.802    1.844    1.885    1.923    1.961    1.997    2.031    2.064    2.096    2.127    
SR88    3.614e-16    0.1741    0.35    0.5159    0.6728    0.8211    0.9615    1.094    1.22    1.34    1.453    1.561    1.663    1.761    1.853    1.942    2.026    2.106    2.183    2.256    2.326    2.393    2.458    2.519    2.578    2.634    2.688    2.74    2.79    2.838    2.885    2.929    2.972    
SR89    4.764e-16    0.1634    0.2436    0.2749    0.2823    0.2781    0.2687    0.2571    0.2449    0.2327    0.221    0.2099    0.1994    0.1895    0.1802    0.1714    0.1632    0.1555    0.1483    0.1415    0.135    0.129    0.1233    0.1179    0.1129    0.1081    0.1036    0.0993    0.09525    0.09142    0.08778    0.08433    0.08106    
Y89    9.879e-18    0.059    0.2026    0.3824    0.5745    0.7672    0.9551    1.136    1.308    1.472    1.627    1.775    1.915    2.049    2.175    2.296    2.41    2.52    2.624    2.723    2.818    2.908    2.994    3.077    3.156    3.232    3.304    3.374    3.44    3.504    3.565    3.624    3.681    
SR90    6.046e-16    0.276    0.5526    0.8127    1.058    1.288    1.505    1.71    1.903    2.085    2.257    2.419    2.572    2.717    2.854    2.984    3.106    3.222    3.332    3.436    3.535    3.628    3.717    3.801    3.881    3.956    4.028    4.096    4.161    4.222    4.28    4.335    4.388    
ZR90    3.252e-20    0.00042    0.001777    0.004018    0.007094    0.01096    0.01556    0.02086    0.02682    0.0334    0.04057    0.04829    0.05654    0.06528    0.07448    0.08413    0.0942    0.1047    0.1155    0.1267    0.1382    0.1501    0.1622    0.1746    0.1873    0.2003    0.2135    0.2269    0.2406    0.2545    0.2685    0.2828    0.2972    
Y91    5.766e-16    0.2492    0.3868    0.4489    0.4704    0.4701    0.4587    0.4419    0.4227    0.4029    0.3834    0.3645    0.3465    0.3295    0.3135    0.2984    0.2842    0.2709    0.2584    0.2466    0.2355    0.2251    0.2152    0.2059    0.1972    0.1889    0.1811    0.1737    0.1667    0.1601    0.1538    0.1478    0.1422    
ZR91    9.126e-18    0.07677    0.2713    0.5225    0.7972    1.077    1.353    1.621    1.877    2.122    2.355    2.576    2.787    2.987    3.177    3.357    3.529    3.693    3.849    3.998    4.14    4.275    4.405    4.528    4.647    4.76    4.868    4.972    5.072    5.167    5.259    5.347    5.431    
ZR92    8.42e-16    0.4037    0.8129    1.199    1.565    1.91    2.237    2.547    2.84    3.119    3.383    3.635    3.874    4.101    4.318    4.524    4.721    4.909    5.089    5.261    5.425    5.582    5.733    5.877    6.015    6.148    6.276    6.398    6.516    6.629    6.738    6.843    6.944    
ZR93    9.314e-16    0.5257    1.061    1.565    2.042    2.491    2.916    3.317    3.697    4.057    4.398    4.721    5.028    5.319    5.596    5.859    6.109    6.347    6.574    6.79    6.996    7.193    7.38    7.559    7.731    7.894    8.051    8.201    8.344    8.481    8.613    8.739    8.86    
ZR94    1.305e-15    0.5967    1.198    1.766    2.303    2.812    3.294    3.751    4.186    4.598    4.99    5.363    5.719    6.058    6.381    6.69    6.984    7.266    7.536    7.795    8.043    8.28    8.508    8.728    8.938    9.141    9.336    9.524    9.705    9.879    10.05    10.21    10.37    
ZR95    1.456e-15    0.5289    0.8315    0.9783    1.037    1.045    1.026    0.9935    0.9539    0.9116    0.8691    0.8276    0.7878    0.7499    0.7141    0.6804    0.6486    0.6188    0.5907    0.5643    0.5395    0.5161    0.494    0.4733    0.4537    0.4351    0.4176    0.4011    0.3854    0.3705    0.3564    0.343    0.3303    
NB95    2.343e-17    0.1094    0.2891    0.4267    0.5093    0.5494    0.5614    0.5563    0.5416    0.5219    0.4999    0.4772    0.4548    0.4331    0.4124    0.3928    0.3742    0.3568    0.3404    0.3249    0.3104    0.2967    0.2838    0.2717    0.2603    0.2495    0.2393    0.2296    0.2205    0.2119    0.2037    0.1959    0.1886    
MO95    4.675e-19    0.03818    0.2355    0.5914    1.053    1.572    2.113    2.655    3.183    3.692    4.178    4.639    5.076    5.489    5.88    6.248    6.597    6.926    7.237    7.53    7.808    8.07    8.319    8.553    8.775    8.985    9.184    9.372    9.55    9.719    9.878    10.03    10.17    
ZR96    1.567e-15    0.7164    1.437    2.117    2.759    3.367    3.942    4.487    5.004    5.494    5.959    6.402    6.823    7.223    7.605    7.969    8.317    8.648    8.965    9.269    9.559    9.837    10.1    10.36    10.6    10.84    11.07    11.28    11.49    11.69    11.89    12.07    12.25    
MO96    7.455e-19    0.0006517    0.002037    0.004894    0.009787    0.01704    0.02679    0.03906    0.0538    0.07092    0.09033    0.1119    0.1355    0.1611    0.1884    0.2175    0.2483    0.2805    0.3142    0.3493    0.3856    0.4232    0.4619    0.5017    0.5425    0.5842    0.6269    0.6704    0.7147    0.7597    0.8055    0.852    0.8991    
MO97    1.157e-15    0.7587    1.539    2.276    2.972    3.63    4.252    4.841    5.399    5.928    6.431    6.908    7.362    7.793    8.204    8.596    8.969    9.326    9.666    9.991    10.3    10.6    10.89    11.16    11.42    11.67    11.91    12.14    12.37    12.58    12.79    12.98    13.18    
MO98    1.822e-15    0.8328    1.67    2.46    3.206    3.911    4.579    5.211    5.81    6.379    6.918    7.431    7.919    8.384    8.826    9.248    9.65    10.03    10.4    10.75    11.09    11.41    11.72    12.01    12.3    12.57    12.83    13.08    13.32    13.56    13.78    13.99    14.2    
MO99    1.342e-15    0.07187    0.06795    0.06431    0.06093    0.0578    0.05488    0.05217    0.04964    0.04729    0.04509    0.04305    0.04113    0.03935    0.03767    0.03611    0.03464    0.03326    0.03197    0.03075    0.0296    0.02852    0.0275    0.02654    0.02563    0.02477    0.02395    0.02317    0.02244    0.02174    0.02107    0.02043    0.01983    
TC99    5.263e-16    0.7935    1.667    2.485    3.251    3.969    4.643    5.275    5.868    6.425    6.948    7.44    7.903    8.338    8.747    9.132    9.495    9.836    10.16    10.46    10.75    11.01    11.27    11.5    11.73    11.94    12.14    12.32    12.5    12.66    12.82    12.96    13.1    
MO100    2.204e-15    1.008    2.021    2.977    3.881    4.736    5.546    6.312    7.04    7.73    8.386    9.009    9.603    10.17    10.71    11.22    11.71    12.18    12.63    13.06    13.47    13.86    14.24    14.6    14.95    15.28    15.61    15.92    16.21    16.5    16.78    17.04    17.3    
RU100    9.982e-20    0.003511    0.01526    0.03476    0.0615    0.09502    0.1349    0.1807    0.2321    0.2888    0.3504    0.4165    0.487    0.5616    0.64    0.7219    0.8073    0.8958    0.9873    1.082    1.178    1.278    1.379    1.483    1.589    1.697    1.807    1.918    2.031    2.145    2.261    2.378    2.496    
RU101    1.928e-15    0.8835    1.769    2.602    3.386    4.124    4.82    5.477    6.096    6.682    7.236    7.76    8.256    8.726    9.171    9.594    9.995    10.38    10.74    11.08    11.41    11.72    12.02    12.3    12.57    12.83    13.07    13.31    13.53    13.74    13.94    14.14    14.32    
RU102    1.98e-15    0.91    1.829    2.701    3.529    4.316    5.066    5.78    6.462    7.114    7.738    8.335    8.908    9.459    9.988    10.5    10.99    11.46    11.92    12.36    12.78    13.2    13.6    13.98    14.36    14.72    15.08    15.42    15.76    16.09    16.4    16.72    17.02    
RU103    2.222e-15    0.7056    0.9846    1.061    1.057    1.023    0.9774    0.93    0.8836    0.8394    0.7978    0.7589    0.7224    0.6883    0.6563    0.6264    0.5983    0.572    0.5473    0.5241    0.5022    0.4816    0.4622    0.4439    0.4267    0.4103    0.3949    0.3802    0.3663    0.3532    0.3407    0.3288    0.3174    
RH103    5.835e-17    0.3322    1.074    1.93    2.779    3.578    4.312    4.978    5.578    6.117    6.599    7.028    7.408    7.744    8.039    8.296    8.519    8.709    8.871    9.006    9.116    9.204    9.271    9.319    9.35    9.366    9.367    9.355    9.331    9.297    9.252    9.199    9.137    
RU104    2.003e-15    0.9169    1.841    2.714    3.54    4.323    5.064    5.768    6.436    7.072    7.678    8.254    8.805    9.331    9.833    10.31    10.78    11.22    11.64    12.05    12.44    12.82    13.18    13.53    13.86    14.19    14.5    14.8    15.1    15.38    15.65    15.92    16.17    
PD104    1.811e-21    0.00425    0.03029    0.08723    0.1767    0.2975    0.4473    0.6235    0.8236    1.045    1.286    1.544    1.817    2.103    2.401    2.709    3.026    3.35    3.681    4.018    4.358    4.702    5.049    5.397    5.747    6.097    6.448    6.797    7.146    7.493    7.839    8.182    8.523    
RH105    9.341e-16    0.03445    0.03255    0.03078    0.02915    0.02763    0.02622    0.02492    0.0237    0.02257    0.02152    0.02054    0.01963    0.01877    0.01798    0.01723    0.01653    0.01587    0.01526    0.01468    0.01413    0.01361    0.01313    0.01267    0.01223    0.01182    0.01143    0.01106    0.0107    0.01037    0.01004    0.009737    0.009443    
PD105    8.093e-16    0.7442    1.53    2.269    2.965    3.622    4.242    4.827    5.381    5.906    6.403    6.874    7.321    7.746    8.151    8.535    8.902    9.252    9.585    9.904    10.21    10.5    10.78    11.04    11.3    11.54    11.78    12    12.22    12.43    12.62    12.82    13    
RU106    1.454e-15    0.6378    1.22    1.715    2.134    2.485    2.777    3.017    3.212    3.368    3.489    3.581    3.647    3.691    3.716    3.725    3.719    3.702    3.675    3.639    3.596    3.548    3.495    3.438    3.378    3.315    3.251    3.185    3.119    3.053    2.986    2.919    2.853    
PD106    4.645e-18    0.06605    0.1966    0.3787    0.6044    0.8671    1.161    1.48    1.82    2.177    2.548    2.93    3.319    3.715    4.113    4.514    4.916    5.317    5.716    6.112    6.506    6.895    7.28    7.66    8.035    8.404    8.768    9.125    9.477    9.823    10.16    10.5    10.82    
PD107    1.091e-15    0.4985    0.9989    1.47    1.916    2.337    2.735    3.113    3.472    3.814    4.139    4.449    4.745    5.028    5.3    5.56    5.809    6.049    6.279    6.501    6.715    6.921    7.12    7.312    7.497    7.677    7.85    8.018    8.18    8.337    8.489    8.636    8.779    
PD108    7.675e-16    0.3506    0.7018    1.032    1.344    1.638    1.916    2.179    2.428    2.665    2.89    3.104    3.309    3.504    3.69    3.868    4.039    4.203    4.36    4.511    4.656    4.795    4.929    5.058    5.183    5.303    5.418    5.53    5.637    5.741    5.841    5.938    6.031    
AG109    3.713e-16    0.2236    0.446    0.6499    0.8367    1.008    1.165    1.309    1.442    1.563    1.674    1.777    1.871    1.957    2.036    2.109    2.176    2.237    2.294    2.346    2.393    2.437    2.477    2.513    2.547    2.577    2.605    2.63    2.653    2.674    2.693    2.71    2.725    
PD110    2.205e-16    0.1008    0.2023    0.2983    0.3893    0.4757    0.558    0.6364    0.7113    0.783    0.8517    0.9177    0.9811    1.042    1.101    1.158    1.213    1.266    1.318    1.368    1.417    1.464    1.51    1.555    1.598    1.641    1.682    1.723    1.762    1.801    1.838    1.875    1.911    
AG110M    4.56e-22    0.0001978    0.0007866    0.001679    0.0028    0.00409    0.005499    0.006985    0.008516    0.01007    0.01161    0.01314    0.01463    0.01608    0.01748    0.01883    0.02011    0.02134    0.0225    0.0236    0.02464    0.02562    0.02654    0.0274    0.02821    0.02896    0.02966    0.03032    0.03093    0.03149    0.03201    0.03249    0.03294    
CD110    4.232e-22    0.004487    0.01876    0.04205    0.07362    0.1128    0.159    0.2115    0.27    0.3338    0.4026    0.476    0.5535    0.6347    0.7195    0.8074    0.8983    0.9917    1.088    1.186    1.286    1.388    1.491    1.596    1.703    1.81    1.919    2.028    2.139    2.25    2.362    2.474    2.587    
CD111    1.29e-17    0.03628    0.08361    0.1285    0.171    0.2113    0.2498    0.2865    0.3217    0.3555    0.388    0.4194    0.4498    0.4793    0.5079    0.5358    0.563    0.5896    0.6157    0.6413    0.6664    0.6911    0.7155    0.7395    0.7632    0.7866    0.8098    0.8327    0.8554    0.878    0.9003    0.9225    0.9445    
CD112    2.697e-17    0.01937    0.03963    0.05896    0.07746    0.09521    0.1123    0.1287    0.1446    0.1601    0.175    0.1896    0.2038    0.2177    0.2312    0.2445    0.2576    0.2704    0.283    0.2954    0.3077    0.3198    0.3317    0.3435    0.3551    0.3667    0.3781    0.3894    0.4006    0.4117    0.4227    0.4335    0.4443    
CD114    1.983e-17    0.0143    0.03478    0.05637    0.07759    0.098    0.1175    0.1361    0.1539    0.171    0.1873    0.2031    0.2182    0.2328    0.2469    0.2605    0.2737    0.2865    0.299    0.3111    0.3229    0.3343    0.3455    0.3565    0.3671    0.3775    0.3877    0.3977    0.4074    0.417    0.4263    0.4354    0.4444    
IN115    4.646e-18    0.005615    0.01093    0.01512    0.01834    0.02075    0.0225    0.02372    0.02452    0.02499    0.0252    0.02522    0.02508    0.02483    0.02449    0.0241    0.02367    0.02321    0.02274    0.02226    0.02178    0.02131    0.02085    0.0204    0.01996    0.01954    0.01914    0.01875    0.01837    0.01801    0.01766    0.01733    0.01701    
CD116    1.429e-17    0.006535    0.01311    0.01933    0.02522    0.0308    0.03609    0.04113    0.04592    0.05048    0.05484    0.05901    0.06299    0.06681    0.07047    0.07398    0.07736    0.08062    0.08375    0.08677    0.08968    0.09249    0.09521    0.09785    0.1004    0.1029    0.1052    0.1076    0.1098    0.112    0.1141    0.1162    0.1182    
SN116    2.834e-22    0.0005234    0.00218    0.004748    0.008023    0.01183    0.01604    0.02052    0.0252    0.02999    0.03484    0.0397    0.04455    0.04936    0.0541    0.05877    0.06336    0.06785    0.07226    0.07656    0.08077    0.08489    0.08891    0.09284    0.09668    0.1004    0.1041    0.1077    0.1112    0.1147    0.118    0.1213    0.1246    
SN117    1.338e-17    0.006549    0.01317    0.01943    0.02534    0.03094    0.03624    0.04128    0.04606    0.0506    0.05493    0.05906    0.063    0.06676    0.07036    0.0738    0.0771    0.08027    0.08331    0.08623    0.08904    0.09175    0.09435    0.09686    0.09929    0.1016    0.1039    0.1061    0.1082    0.1102    0.1122    0.1141    0.116    
SN118    1.42e-17    0.006598    0.01324    0.01953    0.02548    0.03112    0.03647    0.04156    0.0464    0.05101    0.05541    0.05961    0.06363    0.06747    0.07116    0.0747    0.07809    0.08136    0.0845    0.08753    0.09045    0.09327    0.09599    0.09862    0.1012    0.1036    0.106    0.1083    0.1105    0.1127    0.1148    0.1169    0.1189    
SN119    1.462e-17    0.006704    0.01347    0.01987    0.02594    0.0317    0.03717    0.04238    0.04734    0.05207    0.05658    0.0609    0.06503    0.06898    0.07277    0.07641    0.0799    0.08326    0.0865    0.08961    0.09262    0.09551    0.09831    0.101    0.1036    0.1062    0.1086    0.111    0.1133    0.1155    0.1177    0.1198    0.1218    
SN120    1.496e-17    0.006843    0.01373    0.02023    0.02639    0.03222    0.03774    0.04299    0.04798    0.05273    0.05726    0.06157    0.0657    0.06964    0.07341    0.07702    0.08049    0.08381    0.08701    0.09008    0.09304    0.09589    0.09863    0.1013    0.1038    0.1063    0.1087    0.111    0.1132    0.1154    0.1175    0.1195    0.1215    
SB121    8.663e-18    0.006979    0.0142    0.02096    0.02731    0.03325    0.03884    0.04408    0.049    0.05363    0.05799    0.06209    0.06594    0.06958    0.073    0.07623    0.07927    0.08214    0.08484    0.0874    0.08981    0.09208    0.09422    0.09625    0.09816    0.09996    0.1017    0.1033    0.1048    0.1062    0.1075    0.1088    0.11    
SN122    1.67e-17    0.007636    0.01531    0.02257    0.02943    0.03592    0.04207    0.0479    0.05344    0.0587    0.0637    0.06846    0.07299    0.07732    0.08145    0.08539    0.08916    0.09277    0.09623    0.09954    0.1027    0.1058    0.1087    0.1115    0.1142    0.1168    0.1194    0.1218    0.1241    0.1264    0.1285    0.1306    0.1327    
SB123    1.532e-17    0.007213    0.01489    0.02245    0.02983    0.03698    0.04386    0.05046    0.05677    0.06279    0.06852    0.07396    0.07912    0.08403    0.08867    0.09308    0.09725    0.1012    0.1049    0.1085    0.1119    0.115    0.1181    0.1209    0.1236    0.1262    0.1286    0.1309    0.1331    0.1352    0.1371    0.139    0.1407    
SN124    2.522e-17    0.01153    0.02311    0.03404    0.04436    0.05412    0.06334    0.07207    0.08033    0.08817    0.0956    0.1026    0.1093    0.1157    0.1218    0.1275    0.133    0.1382    0.1432    0.148    0.1525    0.1569    0.161    0.165    0.1688    0.1724    0.1759    0.1793    0.1825    0.1855    0.1885    0.1913    0.194    
SB125    3.537e-17    0.02175    0.04556    0.06724    0.08688    0.1046    0.1206    0.135    0.1479    0.1594    0.1696    0.1786    0.1866    0.1935    0.1996    0.2047    0.2091    0.2128    0.2158    0.2182    0.2201    0.2214    0.2223    0.2227    0.2227    0.2224    0.2218    0.2209    0.2197    0.2182    0.2166    0.2147    0.2127    
TE125    2.797e-20    0.0002694    0.001249    0.002953    0.005344    0.008374    0.01199    0.01614    0.02077    0.02582    0.03126    0.03705    0.04313    0.04947    0.05605    0.06282    0.06975    0.07683    0.08403    0.09132    0.09868    0.1061    0.1135    0.121    0.1285    0.136    0.1434    0.1508    0.1582    0.1655    0.1728    0.18    0.1872    
SN126    8.27e-17    0.03781    0.07581    0.1117    0.1455    0.1775    0.2078    0.2364    0.2634    0.289    0.3133    0.3363    0.3581    0.3788    0.3984    0.4171    0.4348    0.4517    0.4677    0.483    0.4975    0.5114    0.5246    0.5372    0.5492    0.5607    0.5716    0.5821    0.5921    0.6017    0.6109    0.6197    0.6281    
TE126    1.224e-18    0.000942    0.002137    0.003305    0.004433    0.005523    0.006576    0.007595    0.008583    0.00954    0.01047    0.01137    0.01225    0.01311    0.01395    0.01476    0.01556    0.01634    0.0171    0.01785    0.01859    0.01931    0.02002    0.02071    0.0214    0.02208    0.02275    0.02341    0.02406    0.0247    0.02534    0.02598    0.0266    
TE127M    6.518e-18    0.009854    0.01818    0.0236    0.02696    0.02885    0.02972    0.02988    0.02955    0.0289    0.02803    0.02704    0.02598    0.02488    0.02379    0.02271    0.02166    0.02065    0.01968    0.01875    0.01787    0.01703    0.01624    0.01549    0.01478    0.01411    0.01347    0.01287    0.0123    0.01177    0.01126    0.01078    0.01032    
I127    2.828e-17    0.07081    0.1556    0.2375    0.3161    0.3911    0.4624    0.53    0.5939    0.6543    0.7112    0.7649    0.8154    0.8629    0.9076    0.9496    0.9891    1.026    1.061    1.094    1.125    1.154    1.181    1.206    1.23    1.252    1.273    1.293    1.311    1.328    1.344    1.359    1.373    
TE128    3.32e-16    0.1569    0.3151    0.4644    0.6053    0.7385    0.8644    0.9835    1.096    1.203    1.304    1.4    1.491    1.577    1.659    1.737    1.811    1.881    1.948    2.012    2.072    2.13    2.185    2.238    2.288    2.336    2.382    2.426    2.468    2.508    2.546    2.583    2.618    
XE128    4.01e-20    0.0001983    0.0008558    0.00196    0.003494    0.005439    0.007776    0.01048    0.01354    0.01693    0.02063    0.02463    0.0289    0.03343    0.0382    0.04321    0.04843    0.05385    0.05946    0.06525    0.0712    0.07731    0.08357    0.08996    0.09648    0.1031    0.1099    0.1167    0.1237    0.1307    0.1378    0.145    0.1523    
TE129M    8.648e-17    0.02588    0.03464    0.03634    0.0356    0.03409    0.03238    0.03068    0.02905    0.02751    0.02606    0.02469    0.02342    0.02222    0.02109    0.02003    0.01904    0.0181    0.01723    0.0164    0.01562    0.01488    0.01419    0.01354    0.01292    0.01234    0.01179    0.01127    0.01078    0.01032    0.009877    0.009461    0.009065    
I129    4.817e-16    0.2523    0.5247    0.7878    1.038    1.275    1.499    1.71    1.909    2.097    2.275    2.444    2.603    2.753    2.896    3.031    3.159    3.28    3.395    3.504    3.608    3.706    3.799    3.888    3.972    4.052    4.128    4.201    4.27    4.335    4.398    4.457    4.514    
TE130    1.022e-15    0.4673    0.9373    1.381    1.8    2.196    2.571    2.926    3.263    3.582    3.884    4.172    4.445    4.704    4.951    5.187    5.411    5.625    5.829    6.023    6.21    6.388    6.558    6.721    6.877    7.027    7.17    7.308    7.44    7.567    7.689    7.806    7.919    
XE130    1.757e-18    0.001261    0.003082    0.005373    0.008115    0.01128    0.01486    0.01881    0.02312    0.02777    0.03274    0.03802    0.04357    0.0494    0.05548    0.06181    0.06836    0.07513    0.0821    0.08927    0.09662    0.1041    0.1118    0.1197    0.1277    0.1358    0.1441    0.1525    0.161    0.1697    0.1784    0.1873    0.1962    
I131    1.272e-15    0.1712    0.1647    0.1556    0.1471    0.1392    0.1318    0.1249    0.1185    0.1125    0.1069    0.1017    0.0968    0.09222    0.08792    0.0839    0.08012    0.07657    0.07323    0.07009    0.06713    0.06434    0.06171    0.05923    0.05688    0.05466    0.05255    0.05056    0.04866    0.04686    0.04516    0.04353    0.04198    
XE131    1.653e-16    0.5369    1.244    1.894    2.488    3.029    3.523    3.972    4.379    4.748    5.082    5.383    5.654    5.897    6.113    6.306    6.477    6.627    6.758    6.871    6.968    7.05    7.118    7.173    7.217    7.249    7.271    7.283    7.287    7.283    7.272    7.254    7.229    
TE132    1.598e-15    0.0964    0.091    0.08598    0.08131    0.07697    0.07292    0.06915    0.06563    0.06235    0.05929    0.05643    0.05375    0.05125    0.0489    0.0467    0.04463    0.04269    0.04087    0.03915    0.03754    0.03601    0.03457    0.03321    0.03193    0.03071    0.02956    0.02846    0.02743    0.02644    0.0255    0.0246    0.02375    
XE132    6.026e-16    0.9212    1.973    2.987    3.967    4.913    5.829    6.715    7.574    8.407    9.215    10    10.76    11.5    12.23    12.93    13.61    14.28    14.93    15.57    16.19    16.79    17.38    17.96    18.52    19.07    19.61    20.14    20.65    21.16    21.65    22.14    22.61    
I133    1.104e-15    0.03452    0.03258    0.03079    0.02912    0.02758    0.02613    0.02479    0.02354    0.02237    0.02129    0.02027    0.01932    0.01843    0.0176    0.01682    0.01609    0.0154    0.01476    0.01415    0.01357    0.01304    0.01253    0.01204    0.01159    0.01116    0.01075    0.01036    0.009991    0.009641    0.009307    0.008989    0.008685    
XE133    1.536e-15    0.205    0.1943    0.1836    0.1737    0.1644    0.1558    0.1478    0.1404    0.1334    0.1269    0.1208    0.1152    0.1099    0.1049    0.1003    0.09591    0.09181    0.08797    0.08435    0.08094    0.07772    0.07469    0.07183    0.06912    0.06655    0.06412    0.06182    0.05963    0.05755    0.05556    0.05368    0.05187    
CS133    2.465e-16    1.091    2.439    3.698    4.873    5.969    6.992    7.947    8.839    9.671    10.45    11.18    11.85    12.49    13.08    13.63    14.15    14.63    15.08    15.49    15.88    16.25    16.58    16.9    17.19    17.46    17.71    17.94    18.15    18.35    18.53    18.69    18.84    
XE134    3.116e-15    1.437    2.885    4.254    5.548    6.773    7.934    9.036    10.08    11.08    12.02    12.93    13.79    14.61    15.4    16.15    16.87    17.56    18.22    18.86    19.47    20.05    20.62    21.16    21.69    22.19    22.68    23.15    23.61    24.05    24.47    24.88    25.28    
CS134    1.873e-19    0.005092    0.02468    0.05762    0.1023    0.1572    0.221    0.2925    0.3705    0.4542    0.5425    0.6346    0.7299    0.8276    0.9271    1.028    1.13    1.232    1.334    1.436    1.537    1.637    1.736    1.833    1.929    2.024    2.116    2.207    2.295    2.381    2.465    2.547    2.626    
BA134    3.042e-22    6.647e-05    0.0006975    0.002542    0.006176    0.0121    0.02075    0.03251    0.0477    0.06659    0.08941    0.1164    0.1476    0.1832    0.2234    0.2681    0.3174    0.3713    0.4299    0.493    0.5608    0.6331    0.71    0.7912    0.8768    0.9667    1.061    1.159    1.261    1.367    1.477    1.591    1.708    
CS135    2.579e-15    0.7722    1.558    2.298    2.996    3.655    4.278    4.866    5.424    5.952    6.453    6.928    7.38    7.809    8.218    8.607    8.978    9.333    9.671    9.994    10.3    10.6    10.88    11.15    11.41    11.66    11.9    12.13    12.36    12.57    12.77    12.97    13.16    
XE136    2.93e-15    2.018    4.057    5.983    7.805    9.529    11.16    12.71    14.19    15.58    16.92    18.18    19.39    20.55    21.65    22.71    23.71    24.68    25.61    26.5    27.35    28.17    28.96    29.72    30.46    31.16    31.84    32.5    33.13    33.75    34.34    34.91    35.46    
CS136    4.491e-17    0.008539    0.009459    0.009717    0.009918    0.01011    0.01028    0.01046    0.01062    0.01078    0.01093    0.01107    0.01121    0.01135    0.01148    0.01161    0.01174    0.01186    0.01198    0.01209    0.01221    0.01232    0.01243    0.01253    0.01264    0.01274    0.01284    0.01294    0.01304    0.01313    0.01322    0.01332    0.01341    
BA136    3.76e-18    0.01457    0.0388    0.06424    0.09025    0.1168    0.1438    0.1712    0.1991    0.2274    0.2561    0.2852    0.3147    0.3445    0.3747    0.4053    0.4361    0.4673    0.4988    0.5306    0.5627    0.5951    0.6278    0.6608    0.6941    0.7276    0.7614    0.7955    0.8298    0.8644    0.8992    0.9343    0.9696    
CS137    2.861e-15    1.306    2.616    3.848    5.009    6.103    7.136    8.11    9.031    9.902    10.73    11.51    12.25    12.95    13.61    14.25    14.85    15.42    15.96    16.48    16.97    17.44    17.89    18.32    18.72    19.11    19.48    19.84    20.18    20.5    20.81    21.1    21.38    
BA137    1.599e-18    0.002569    0.009407    0.02023    0.03481    0.05291    0.07435    0.09893    0.1265    0.1568    0.1898    0.2253    0.2632    0.3033    0.3456    0.3899    0.4361    0.4841    0.5338    0.5852    0.6382    0.6926    0.7485    0.8058    0.8643    0.924    0.9849    1.047    1.11    1.174    1.239    1.305    1.372    
BA138    2.556e-15    1.172    2.352    3.467    4.521    5.519    6.465    7.363    8.216    9.027    9.799    10.53    11.24    11.91    12.55    13.16    13.75    14.31    14.85    15.37    15.87    16.34    16.81    17.25    17.68    18.09    18.49    18.87    19.24    19.6    19.95    20.29    20.61    
LA139    2.496e-15    1.142    2.292    3.377    4.402    5.372    6.291    7.161    7.986    8.771    9.516    10.23    10.9    11.55    12.16    12.75    13.31    13.85    14.36    14.85    15.33    15.78    16.22    16.64    17.04    17.43    17.8    18.16    18.51    18.84    19.16    19.47    19.77    
BA140    2.263e-15    0.4012    0.4104    0.3898    0.3688    0.3492    0.331    0.314    0.2982    0.2835    0.2698    0.257    0.2451    0.2339    0.2235    0.2138    0.2046    0.196    0.1879    0.1804    0.1732    0.1665    0.1601    0.1541    0.1484    0.1431    0.138    0.1331    0.1285    0.1241    0.12    0.116    0.1122    
LA140    1.351e-16    0.05284    0.05461    0.05196    0.04921    0.04664    0.04426    0.04204    0.03997    0.03805    0.03626    0.03459    0.03303    0.03157    0.03021    0.02894    0.02774    0.02662    0.02557    0.02458    0.02365    0.02278    0.02195    0.02117    0.02043    0.01973    0.01907    0.01844    0.01784    0.01727    0.01673    0.01622    0.01572    
CE140    6.443e-17    0.7153    1.88    3.014    4.09    5.109    6.075    6.993    7.864    8.693    9.483    10.24    10.95    11.64    12.3    12.92    13.53    14.1    14.66    15.19    15.7    16.19    16.67    17.12    17.57    17.99    18.4    18.8    19.18    19.56    19.92    20.27    20.6    
CE141    2.335e-15    0.693    0.9187    0.9585    0.937    0.897    0.8528    0.8093    0.7679    0.729    0.6927    0.6587    0.6269    0.5971    0.5693    0.5432    0.5188    0.4958    0.4743    0.454    0.435    0.417    0.4001    0.3841    0.369    0.3547    0.3412    0.3284    0.3162    0.3047    0.2937    0.2833    0.2733    
PR141    7.546e-17    0.4092    1.297    2.307    3.319    4.296    5.226    6.108    6.944    7.736    8.488    9.2    9.878    10.52    11.13    11.72    12.27    12.8    13.31    13.79    14.25    14.69    15.11    15.52    15.9    16.27    16.63    16.97    17.3    17.61    17.91    18.2    18.48    
CE142    2.249e-15    1.03    2.07    3.052    3.98    4.858    5.69    6.479    7.227    7.938    8.613    9.256    9.868    10.45    11.01    11.54    12.05    12.53    13    13.45    13.87    14.28    14.68    15.05    15.42    15.77    16.1    16.43    16.74    17.04    17.33    17.61    17.88    
ND142    8.111e-23    0.0001376    0.0009707    0.002772    0.005594    0.009415    0.01419    0.01987    0.02641    0.03375    0.04187    0.05071    0.06024    0.07042    0.08122    0.0926    0.1045    0.117    0.13    0.1435    0.1574    0.1717    0.1865    0.2017    0.2172    0.2331    0.2494    0.266    0.2829    0.3001    0.3176    0.3354    0.3534    
CE143    1.062e-15    0.03868    0.03652    0.03452    0.03265    0.03092    0.02931    0.02781    0.02641    0.02511    0.0239    0.02276    0.0217    0.02071    0.01978    0.01891    0.0181    0.01733    0.01661    0.01593    0.01529    0.01469    0.01412    0.01359    0.01308    0.0126    0.01214    0.01171    0.0113    0.01091    0.01053    0.01018    0.00984    
PR143    9.44e-16    0.3374    0.3532    0.3364    0.3183    0.3013    0.2855    0.2708    0.2571    0.2443    0.2324    0.2213    0.2109    0.2012    0.1921    0.1836    0.1756    0.1681    0.1611    0.1545    0.1482    0.1424    0.1368    0.1316    0.1266    0.122    0.1175    0.1133    0.1093    0.1055    0.1019    0.09842    0.09513    
ND143    5.45e-17    0.5612    1.485    2.379    3.216    3.999    4.73    5.413    6.053    6.65    7.209    7.732    8.222    8.68    9.108    9.509    9.884    10.23    10.56    10.87    11.16    11.42    11.67    11.91    12.12    12.33    12.52    12.69    12.85    13    13.14    13.27    13.39    
CE144    1.738e-15    0.753    1.421    1.971    2.418    2.779    3.064    3.286    3.454    3.575    3.658    3.708    3.73    3.73    3.71    3.675    3.628    3.57    3.504    3.432    3.356    3.276    3.193    3.109    3.025    2.94    2.856    2.773    2.691    2.61    2.531    2.454    2.379    
ND144    6.458e-18    0.04907    0.1978    0.4299    0.7313    1.09    1.496    1.939    2.412    2.91    3.425    3.953    4.491    5.035    5.581    6.129    6.675    7.218    7.756    8.29    8.817    9.337    9.849    10.35    10.85    11.34    11.82    12.29    12.75    13.21    13.65    14.09    14.52    
ND145    1.415e-15    0.6402    1.284    1.887    2.452    2.982    3.479    3.945    4.383    4.795    5.182    5.545    5.888    6.21    6.513    6.799    7.069    7.323    7.562    7.788    8    8.201    8.39    8.569    8.737    8.896    9.045    9.186    9.319    9.444    9.562    9.673    9.777    
ND146    1.172e-15    0.5402    1.089    1.613    2.114    2.593    3.052    3.493    3.917    4.325    4.718    5.097    5.463    5.818    6.161    6.494    6.817    7.13    7.435    7.732    8.022    8.304    8.579    8.848    9.111    9.368    9.62    9.867    10.11    10.34    10.58    10.81    11.03    
ND147    8.832e-16    0.14    0.1395    0.1321    0.1251    0.1185    0.1124    0.1067    0.1014    0.09649    0.09192    0.08766    0.08368    0.07997    0.0765    0.07325    0.0702    0.06735    0.06467    0.06215    0.05978    0.05754    0.05543    0.05344    0.05156    0.04977    0.04808    0.04647    0.04495    0.04349    0.04211    0.04079    0.03952    
PM147    8.556e-17    0.2908    0.6887    1.035    1.328    1.576    1.782    1.953    2.092    2.204    2.292    2.359    2.408    2.441    2.46    2.467    2.465    2.453    2.435    2.41    2.381    2.347    2.309    2.269    2.226    2.182    2.136    2.089    2.042    1.995    1.947    1.9    1.853    
SM147    6.287e-20    0.00397    0.02147    0.05175    0.09253    0.1417    0.1976    0.2585    0.3232    0.3905    0.4594    0.529    0.5986    0.6677    0.7357    0.8022    0.8668    0.9293    0.9895    1.047    1.102    1.154    1.204    1.25    1.294    1.335    1.373    1.409    1.442    1.472    1.499    1.524    1.547    
ND148    8.007e-16    0.3681    0.739    1.089    1.42    1.733    2.029    2.31    2.577    2.83    3.071    3.3    3.518    3.727    3.926    4.116    4.298    4.472    4.638    4.798    4.952    5.099    5.241    5.377    5.508    5.635    5.756    5.873    5.987    6.096    6.201    6.303    6.401    
PM148    8.092e-22    0.001523    0.003631    0.005475    0.007041    0.008361    0.009463    0.01037    0.01112    0.01171    0.01218    0.01254    0.0128    0.01298    0.01308    0.01312    0.01311    0.01305    0.01295    0.01282    0.01266    0.01248    0.01228    0.01207    0.01184    0.01161    0.01136    0.01112    0.01087    0.01061    0.01036    0.01011    0.009858    
PM148M    9.476e-22    0.001087    0.003659    0.006144    0.008288    0.0101    0.01162    0.01288    0.01392    0.01476    0.01542    0.01593    0.01632    0.01658    0.01675    0.01683    0.01684    0.01679    0.01668    0.01653    0.01634    0.01612    0.01587    0.0156    0.01532    0.01502    0.01471    0.0144    0.01408    0.01375    0.01343    0.0131    0.01278    
SM148    1.87e-22    0.003514    0.02157    0.05521    0.1027    0.1624    0.2327    0.3123    0.3999    0.4944    0.5948    0.7003    0.8101    0.9235    1.04    1.158    1.279    1.401    1.524    1.648    1.773    1.897    2.022    2.146    2.269    2.393    2.515    2.636    2.757    2.876    2.994    3.111    3.226    
PM149    3.914e-16    0.01841    0.01784    0.01732    0.01681    0.01631    0.01582    0.01534    0.01487    0.01442    0.01398    0.01355    0.01314    0.01274    0.01235    0.01198    0.01162    0.01127    0.01093    0.01061    0.01029    0.009991    0.0097    0.009419    0.009149    0.008888    0.008636    0.008393    0.008159    0.007933    0.007715    0.007505    0.007302    
SM149    2.124e-16    0.1183    0.1377    0.1371    0.1336    0.1297    0.1259    0.1222    0.1185    0.115    0.1116    0.1083    0.1051    0.102    0.09896    0.09607    0.09328    0.09059    0.088    0.08551    0.08311    0.08079    0.07857    0.07642    0.07436    0.07237    0.07046    0.06862    0.06684    0.06513    0.06348    0.0619    0.06037    
ND150    4.777e-16    0.2183    0.4377    0.6448    0.8405    1.026    1.201    1.368    1.525    1.676    1.818    1.954    2.084    2.208    2.326    2.439    2.548    2.651    2.751    2.846    2.938    3.026    3.111    3.193    3.271    3.347    3.42    3.491    3.559    3.624    3.688    3.749    3.809    
SM150    7.465e-19    0.1412    0.4107    0.6902    0.9628    1.226    1.48    1.724    1.96    2.186    2.405    2.614    2.816    3.01    3.196    3.376    3.548    3.713    3.872    4.024    4.171    4.311    4.446    4.576    4.7    4.819    4.934    5.044    5.149    5.25    5.347    5.44    5.529    
SM151    1.998e-16    0.1485    0.2714    0.3611    0.4253    0.4701    0.5002    0.5192    0.5299    0.5344    0.5343    0.531    0.5254    0.5183    0.5101    0.5014    0.4924    0.4833    0.4743    0.4655    0.4571    0.4489    0.4411    0.4337    0.4267    0.42    0.4137    0.4077    0.4021    0.3968    0.3917    0.3869    0.3824    
SM152    2.935e-16    0.147    0.3154    0.4869    0.655    0.8152    0.9647    1.102    1.226    1.336    1.434    1.518    1.591    1.653    1.704    1.746    1.779    1.805    1.824    1.837    1.844    1.847    1.846    1.842    1.834    1.824    1.811    1.797    1.781    1.764    1.745    1.726    1.706    
SM153    1.135e-16    0.005614    0.006189    0.006801    0.007415    0.008008    0.008563    0.00907    0.009525    0.009924    0.01027    0.01056    0.0108    0.01099    0.01114    0.01125    0.01132    0.01136    0.01138    0.01136    0.01133    0.01127    0.0112    0.01111    0.01102    0.01091    0.01079    0.01067    0.01054    0.01041    0.01027    0.01013    0.009993    
EU153    7.125e-17    0.08275    0.1805    0.2835    0.3918    0.5049    0.622    0.7423    0.8647    0.9881    1.112    1.234    1.355    1.473    1.588    1.7    1.807    1.909    2.007    2.1    2.187    2.269    2.346    2.417    2.483    2.544    2.599    2.65    2.696    2.737    2.774    2.806    2.835    
SM154    1.391e-16    0.06408    0.1285    0.1894    0.2471    0.3017    0.3535    0.4027    0.4495    0.494    0.5365    0.577    0.6157    0.6528    0.6882    0.7222    0.7548    0.786    0.8161    0.845    0.8727    0.8995    0.9252    0.9501    0.974    0.9971    1.019    1.041    1.062    1.082    1.101    1.12    1.138    
EU154    1.493e-20    0.00202    0.008707    0.01985    0.03527    0.05479    0.07822    0.1053    0.1359    0.1697    0.2063    0.2455    0.2869    0.3302    0.375    0.4211    0.468    0.5155    0.5633    0.6111    0.6586    0.7056    0.7518    0.7971    0.8412    0.8841    0.9256    0.9656    1.004    1.041    1.076    1.109    1.14    
GD154    0    7.017e-06    6.2e-05    0.0002145    0.0005115    0.0009973    0.001714    0.002701    0.003994    0.005627    0.007629    0.01003    0.01284    0.01609    0.01979    0.02395    0.02858    0.03368    0.03925    0.04528    0.05178    0.05872    0.06611    0.07392    0.08213    0.09074    0.09973    0.1091    0.1187    0.1287    0.139    0.1495    0.1603    
EU155    8.802e-17    0.0291    0.04311    0.04899    0.05138    0.05248    0.05334    0.05442    0.05594    0.05797    0.06052    0.06357    0.06708    0.071    0.07528    0.07988    0.08473    0.0898    0.09503    0.1004    0.1058    0.1112    0.1167    0.1221    0.1274    0.1326    0.1377    0.1427    0.1475    0.1521    0.1565    0.1608    0.1648    
EU156    4.723e-17    0.01685    0.02321    0.02544    0.02602    0.02597    0.02575    0.02558    0.02555    0.0257    0.02604    0.02656    0.02725    0.02809    0.02907    0.03017    0.03138    0.03267    0.03403    0.03544    0.0369    0.03838    0.03987    0.04137    0.04285    0.04432    0.04576    0.04716    0.04852    0.04984    0.0511    0.05231    0.05345    
GD156    3.001e-18    0.02145    0.06875    0.1251    0.1842    0.2436    0.3023    0.3603    0.4178    0.4751    0.5327    0.5911    0.6505    0.7115    0.7743    0.8392    0.9065    0.9765    1.049    1.125    1.203    1.285    1.37    1.458    1.549    1.643    1.74    1.84    1.943    2.048    2.156    2.267    2.379    
GD158    2.25e-17    0.02232    0.05271    0.08272    0.1117    0.1396    0.1665    0.1925    0.2177    0.2422    0.2661    0.2894    0.3122    0.3347    0.3568    0.3787    0.4004    0.422    0.4435    0.465    0.4865    0.5081    0.5298    0.5516    0.5737    0.5959    0.6184    0.6412    0.6643    0.6877    0.7115    0.7356    0.7601    
TB159    8.005e-18    0.005451    0.01104    0.01629    0.02124    0.02591    0.03034    0.03453    0.03852    0.04232    0.04595    0.04941    0.05274    0.05593    0.059    0.06196    0.06481    0.06757    0.07025    0.07284    0.07537    0.07782    0.08021    0.08255    0.08483    0.08706    0.08925    0.0914    0.09351    0.09558    0.09762    0.09964    0.1016    
GD160    6.214e-18    0.002844    0.005705    0.008411    0.01097    0.01341    0.01572    0.01793    0.02003    0.02204    0.02397    0.02581    0.02759    0.02929    0.03094    0.03252    0.03406    0.03554    0.03697    0.03836    0.03971    0.04102    0.04229    0.04353    0.04473    0.0459    0.04704    0.04815    0.04923    0.05029    0.05132    0.05233    0.05331    
