TIME    3   50   100   150   200   250   300   350   400   450   500   550   600   650   700   750   800   850   900   950   1000   1050   1100   1150   1200   1250   1300   1350   1400   1450   1500   1550   1600   
NEUT_PROD    5.2   13.8   22   29.3   35.9   41.7   46.8   51.3   55.3   58.7   61.6   64.1   66.3   68   69.4   70.5   71.4   71.9   72.3   72.5   72.5   72.3   71.9   71.5   70.9   70.2   69.5   68.6   67.7   66.7   65.7   64.6   63.5   
NEUT_DEST    73.5   75   76.6   77.7   78.7   79.4   79.9   80.3   80.5   80.6   80.6   80.4   80.1   79.7   79.2   78.7   78.1   77.4   76.7   75.9   75.1   74.2   73.3   72.4   71.5   70.5   69.5   68.6   67.6   66.6   65.6   64.6   63.6   
BUd    1.68e-15    1.5    3.06    4.41    5.61    6.68    7.63    8.47    9.2    9.84    10.4    10.9    11.3    11.6    11.9    12.1    12.3    12.4    12.5    12.5    12.5    12.5    12.5    12.4    12.3    12.2    12.1    11.9    11.8    11.6    11.4    11.2    11.1    
HE4    1.451e-05    0.0002391    0.0004863    0.0007805    0.001176    0.001737    0.002529    0.003618    0.005068    0.006937    0.009276    0.01213    0.01554    0.01954    0.02414    0.02938    0.03525    0.04177    0.04893    0.05673    0.06517    0.07422    0.08388    0.09412    0.1049    0.1163    0.1282    0.1405    0.1533    0.1666    0.1803    0.1944    0.2088    
U236    0.0008564    0.01397    0.02728    0.03996    0.05204    0.06354    0.07448    0.08488    0.09477    0.1042    0.1131    0.1215    0.1296    0.1372    0.1444    0.1512    0.1576    0.1637    0.1695    0.1749    0.18    0.1848    0.1893    0.1936    0.1976    0.2013    0.2048    0.208    0.2111    0.2139    0.2165    0.219    0.2212    
NP237    8.527e-22    5.299e-05    0.0002756    0.0007024    0.001356    0.002251    0.003398    0.004802    0.006464    0.008382    0.01055    0.01296    0.0156    0.01846    0.02153    0.02479    0.02823    0.03183    0.03557    0.03945    0.04344    0.04752    0.05169    0.05593    0.06022    0.06454    0.0689    0.07326    0.07762    0.08196    0.08629    0.09057    0.09481    
PU238    8.138e-21    6.708e-05    0.001084    0.005278    0.01576    0.03608    0.06994    0.121    0.1925    0.2875    0.4086    0.5579    0.7372    0.9476    1.19    1.465    1.771    2.11    2.48    2.881    3.311    3.768    4.252    4.761    5.292    5.845    6.416    7.005    7.609    8.226    8.854    9.492    10.14    
PU239    2.718e-18    0.001221    0.002406    0.003509    0.004599    0.005786    0.007222    0.0091    0.01165    0.01512    0.0198    0.02598    0.03397    0.04406    0.05656    0.07176    0.08994    0.1113    0.1362    0.1648    0.1972    0.2336    0.2742    0.3191    0.3683    0.4218    0.4797    0.542    0.6087    0.6796    0.7547    0.8338    0.917    
PU240    1000    964.9    929    894.4    861    828.9    798.1    768.3    739.7    712.1    685.6    660.1    635.5    611.8    589    567.1    545.9    525.6    506    487.2    469    451.6    434.8    418.6    403    388    373.6    359.7    346.3    333.4    321.1    309.1    297.7    
PU241    7.45e-14    33.33    65.24    93.79    119.2    141.9    161.8    179.4    194.8    208.2    219.7    229.5    237.8    244.6    250.2    254.6    257.9    260.3    261.8    262.5    262.5    261.9    260.7    258.9    256.7    254.1    251.2    247.9    244.3    240.6    236.6    232.4    228.1    
PU242    0    0.2351    0.963    2.127    3.674    5.555    7.725    10.14    12.78    15.58    18.54    21.61    24.78    28.01    31.3    34.61    37.94    41.26    44.56    47.84    51.08    54.26    57.39    60.45    63.44    66.35    69.18    71.92    74.57    77.13    79.59    81.96    84.22    
AM241    1.473e-17    0.1031    0.4157    0.9042    1.538    2.29    3.136    4.055    5.028    6.038    7.071    8.115    9.158    10.19    11.21    12.2    13.15    14.08    14.96    15.8    16.6    17.35    18.05    18.71    19.31    19.87    20.37    20.83    21.24    21.6    21.92    22.2    22.43    
AM242M    0    0.0001906    0.001504    0.004706    0.0102    0.01814    0.02851    0.04115    0.05585    0.07236    0.0904    0.1097    0.1299    0.1509    0.1723    0.1939    0.2155    0.237    0.2581    0.2787    0.2988    0.3182    0.3367    0.3544    0.3713    0.3871    0.4019    0.4158    0.4286    0.4404    0.4511    0.4609    0.4696    
AM243    0    0.001135    0.009611    0.03217    0.07442    0.1409    0.2354    0.3606    0.5186    0.7109    0.9384    1.201    1.5    1.833    2.201    2.602    3.034    3.498    3.99    4.509    5.053    5.62    6.209    6.817    7.442    8.082    8.736    9.401    10.07    10.76    11.44    12.14    12.83    
CM242    0    0.001264    0.0102    0.03246    0.0714    0.1287    0.2046    0.2986    0.4096    0.5358    0.6755    0.8266    0.987    1.155    1.328    1.505    1.683    1.862    2.039    2.214    2.385    2.552    2.713    2.867    3.015    3.156    3.289    3.414    3.53    3.638    3.738    3.829    3.912    
CM243    0    1.336e-06    2.246e-05    0.0001085    0.0003199    0.0007229    0.001383    0.002358    0.003699    0.005448    0.007632    0.01027    0.01337    0.01694    0.02096    0.02541    0.03028    0.03553    0.04113    0.04704    0.05323    0.05966    0.06628    0.07305    0.07994    0.08691    0.0939    0.1009    0.1079    0.1148    0.1215    0.1282    0.1347    
CM244    0    1.307e-05    0.0002297    0.001169    0.003637    0.008665    0.01746    0.03136    0.05178    0.08021    0.1181    0.167    0.2284    0.3036    0.3941    0.501    0.6256    0.769    0.9322    1.116    1.321    1.549    1.799    2.072    2.369    2.689    3.033    3.401    3.793    4.208    4.647    5.109    5.594    
SE80    0    0.0001156    0.0009149    0.001844    0.002935    0.004183    0.005575    0.007095    0.008729    0.01046    0.01228    0.01417    0.01612    0.01812    0.02016    0.02224    0.02433    0.02644    0.02856    0.03069    0.03281    0.03494    0.03705    0.03915    0.04123    0.0433    0.04534    0.04737    0.04936    0.05133    0.05328    0.05519    0.05708    
BR81    0    0.0001719    0.001378    0.00277    0.004399    0.006256    0.008321    0.01057    0.01299    0.01555    0.01822    0.021    0.02386    0.02678    0.02976    0.03278    0.03582    0.03888    0.04195    0.04502    0.04808    0.05112    0.05415    0.05714    0.06011    0.06305    0.06594    0.0688    0.07161    0.07437    0.07708    0.07975    0.08236    
SE82    0    0.0003061    0.002102    0.004307    0.006967    0.01005    0.01353    0.01735    0.02148    0.02587    0.03049    0.03531    0.04029    0.0454    0.05063    0.05594    0.06131    0.06673    0.07218    0.07765    0.08312    0.08857    0.09401    0.09941    0.1048    0.1101    0.1153    0.1205    0.1257    0.1307    0.1357    0.1406    0.1455    
KR83    0    0.0005462    0.003538    0.007281    0.01181    0.01707    0.02297    0.02942    0.03636    0.0437    0.05138    0.05932    0.06748    0.07578    0.0842    0.09268    0.1012    0.1097    0.1182    0.1266    0.1349    0.1431    0.1512    0.1591    0.1669    0.1745    0.1819    0.1892    0.1962    0.2031    0.2097    0.2162    0.2224    
KR84    0    0.0009701    0.006141    0.01275    0.02089    0.03045    0.04132    0.05336    0.06645    0.08046    0.09529    0.1108    0.127    0.1436    0.1608    0.1782    0.196    0.2141    0.2323    0.2507    0.2691    0.2876    0.3062    0.3247    0.3432    0.3617    0.38    0.3982    0.4163    0.4343    0.4521    0.4697    0.4871    
KR85    0    0.0002085    0.001404    0.002878    0.004652    0.006704    0.009005    0.01152    0.01423    0.0171    0.02009    0.0232    0.02639    0.02965    0.03295    0.03629    0.03964    0.04299    0.04634    0.04967    0.05297    0.05624    0.05947    0.06264    0.06576    0.06883    0.07183    0.07476    0.07762    0.08041    0.08313    0.08577    0.08834    
RB85    0    0.0007765    0.005159    0.01065    0.01732    0.0251    0.0339    0.0436    0.0541    0.06531    0.07713    0.08946    0.1022    0.1154    0.1288    0.1425    0.1564    0.1705    0.1846    0.1988    0.2131    0.2273    0.2415    0.2557    0.2698    0.2837    0.2976    0.3113    0.3249    0.3383    0.3516    0.3646    0.3775    
KR86    0    0.001692    0.01046    0.02172    0.03559    0.05186    0.0703    0.09068    0.1128    0.1363    0.1612    0.1871    0.214    0.2416    0.2698    0.2985    0.3276    0.357    0.3865    0.4161    0.4458    0.4754    0.5048    0.5341    0.5632    0.592    0.6206    0.6487    0.6766    0.704    0.731    0.7576    0.7838    
RB87    0    0.002063    0.0129    0.02676    0.04378    0.06374    0.08634    0.1113    0.1383    0.1672    0.1976    0.2293    0.2622    0.2959    0.3305    0.3656    0.4011    0.437    0.4731    0.5093    0.5455    0.5816    0.6176    0.6534    0.6889    0.724    0.7588    0.7932    0.8272    0.8607    0.8936    0.926    0.9579    
SR88    0    0.002688    0.01723    0.03566    0.0582    0.08455    0.1144    0.1473    0.1829    0.2208    0.2608    0.3026    0.3458    0.3902    0.4356    0.4818    0.5285    0.5757    0.6232    0.6708    0.7185    0.766    0.8134    0.8605    0.9073    0.9536    0.9995    1.045    1.09    1.134    1.177    1.22    1.262    
SR89    0    0.00269    0.01496    0.02437    0.03267    0.04019    0.047    0.05313    0.0586    0.06343    0.06765    0.07129    0.07439    0.077    0.07916    0.08092    0.08231    0.08337    0.08414    0.08464    0.0849    0.08494    0.08479    0.08447    0.08399    0.08337    0.08263    0.08177    0.08083    0.0798    0.0787    0.07754    0.07633    
Y89    0    0.0006139    0.006485    0.01988    0.03939    0.06435    0.09424    0.1286    0.1669    0.2087    0.2536    0.3012    0.3512    0.4031    0.4566    0.5114    0.5674    0.6242    0.6816    0.7394    0.7976    0.8558    0.9139    0.9719    1.03    1.087    1.144    1.2    1.256    1.311    1.365    1.419    1.471    
SR90    0    0.00419    0.02696    0.0556    0.09051    0.1312    0.1771    0.2277    0.2823    0.3403    0.4014    0.4649    0.5304    0.5976    0.6661    0.7356    0.8057    0.8763    0.947    1.018    1.088    1.158    1.228    1.297    1.365    1.433    1.499    1.564    1.628    1.691    1.753    1.814    1.873    
Y91    0    0.004215    0.02359    0.03972    0.05439    0.06788    0.08022    0.09139    0.1014    0.1103    0.1181    0.1248    0.1306    0.1355    0.1396    0.143    0.1456    0.1477    0.1492    0.1503    0.1509    0.151    0.1509    0.1504    0.1496    0.1486    0.1473    0.1459    0.1443    0.1425    0.1406    0.1385    0.1364    
ZR91    0    0.0008247    0.008798    0.02752    0.05544    0.09174    0.1357    0.1867    0.2439    0.3067    0.3744    0.4465    0.5222    0.6011    0.6826    0.7663    0.8517    0.9386    1.026    1.115    1.204    1.293    1.383    1.472    1.56    1.648    1.736    1.822    1.908    1.992    2.076    2.158    2.239    
ZR92    0    0.006429    0.04081    0.08472    0.1385    0.2015    0.2728    0.3515    0.4367    0.5277    0.6235    0.7235    0.8271    0.9335    1.042    1.153    1.265    1.378    1.492    1.607    1.721    1.835    1.949    2.062    2.174    2.285    2.395    2.504    2.612    2.718    2.822    2.925    3.026    
ZR93    0    0.008525    0.05387    0.112    0.1833    0.2667    0.3611    0.4653    0.578    0.6982    0.8248    0.9567    1.093    1.233    1.376    1.522    1.669    1.817    1.967    2.116    2.265    2.414    2.562    2.709    2.855    2.999    3.141    3.282    3.42    3.557    3.691    3.823    3.952    
ZR94    0    0.00949    0.06012    0.1245    0.2035    0.296    0.4008    0.5165    0.6419    0.7758    0.917    1.064    1.217    1.374    1.535    1.699    1.865    2.032    2.201    2.37    2.54    2.71    2.879    3.047    3.214    3.38    3.545    3.707    3.868    4.027    4.184    4.338    4.491    
ZR95    0    0.009834    0.05335    0.09149    0.1273    0.1607    0.1916    0.2197    0.2451    0.2676    0.2875    0.3047    0.3196    0.3322    0.3427    0.3514    0.3584    0.3639    0.368    0.3708    0.3725    0.3732    0.373    0.3719    0.3701    0.3677    0.3647    0.3612    0.3572    0.3528    0.3481    0.3431    0.3378    
NB95    0    0.001402    0.01219    0.03034    0.04986    0.06903    0.0872    0.1041    0.1195    0.1334    0.1458    0.1567    0.1662    0.1744    0.1814    0.1873    0.1921    0.196    0.1991    0.2014    0.203    0.204    0.2044    0.2043    0.2038    0.2029    0.2016    0.1999    0.198    0.1959    0.1935    0.1909    0.1882    
MO95    0    0.0003496    0.005979    0.02666    0.06599    0.1243    0.2006    0.2939    0.4027    0.5253    0.6604    0.8062    0.9615    1.125    1.295    1.47    1.65    1.834    2.02    2.207    2.396    2.585    2.774    2.963    3.15    3.335    3.519    3.7    3.879    4.055    4.227    4.397    4.563    
ZR96    0    0.013    0.07876    0.164    0.2694    0.3933    0.5339    0.6894    0.858    1.038    1.228    1.426    1.631    1.842    2.058    2.277    2.499    2.723    2.949    3.175    3.401    3.627    3.852    4.076    4.297    4.517    4.734    4.949    5.161    5.37    5.575    5.777    5.976    
MO96    0    3.737e-05    0.0001908    0.0004891    0.001012    0.001841    0.003058    0.004737    0.006946    0.009747    0.01319    0.01734    0.02222    0.02787    0.03432    0.04159    0.0497    0.05868    0.06852    0.07923    0.09082    0.1033    0.1166    0.1308    0.1459    0.1618    0.1786    0.1962    0.2146    0.2338    0.2538    0.2746    0.2962    
MO97    0    0.01367    0.08374    0.1756    0.289    0.4222    0.5734    0.7405    0.9217    1.115    1.319    1.532    1.752    1.979    2.21    2.445    2.684    2.924    3.166    3.409    3.651    3.893    4.134    4.373    4.61    4.845    5.078    5.307    5.534    5.757    5.976    6.192    6.404    
MO98    0    0.01576    0.09422    0.1965    0.3232    0.4724    0.6419    0.8293    1.033    1.25    1.478    1.717    1.964    2.219    2.479    2.743    3.011    3.281    3.552    3.824    4.096    4.368    4.638    4.907    5.173    5.437    5.698    5.956    6.21    6.46    6.706    6.948    7.186    
MO99    0    0.003058    0.009227    0.01093    0.01297    0.01492    0.0167    0.0183    0.01971    0.02094    0.02199    0.02289    0.02363    0.02425    0.02475    0.02514    0.02544    0.02565    0.02579    0.02585    0.02586    0.02581    0.02571    0.02557    0.02538    0.02516    0.02491    0.02463    0.02433    0.02401    0.02367    0.02331    0.02294    
TC99    0    0.01673    0.1004    0.2161    0.3591    0.5273    0.7181    0.9285    1.156    1.398    1.652    1.917    2.189    2.467    2.751    3.037    3.325    3.614    3.903    4.191    4.477    4.76    5.039    5.315    5.586    5.852    6.113    6.368    6.618    6.861    7.098    7.328    7.552    
MO100    0    0.01895    0.1135    0.2367    0.3893    0.569    0.7731    0.9989    1.244    1.505    1.781    2.069    2.367    2.674    2.988    3.307    3.63    3.956    4.284    4.614    4.943    5.271    5.599    5.924    6.247    6.566    6.883    7.195    7.504    7.808    8.107    8.402    8.691    
RU100    0    4.868e-05    0.0005646    0.002038    0.004712    0.008829    0.01461    0.02223    0.03188    0.04368    0.05777    0.07424    0.09316    0.1146    0.1386    0.1653    0.1945    0.2264    0.2609    0.2981    0.3379    0.3802    0.4251    0.4725    0.5224    0.5748    0.6295    0.6866    0.7459    0.8075    0.8712    0.937    1.005    
RU101    0    0.01877    0.1083    0.2268    0.3742    0.5481    0.7456    0.9639    1.2    1.453    1.718    1.995    2.28    2.574    2.873    3.176    3.482    3.791    4.1    4.409    4.717    5.023    5.327    5.628    5.925    6.219    6.508    6.792    7.071    7.344    7.612    7.875    8.131    
RU102    0    0.02019    0.1153    0.2424    0.4019    0.5911    0.8071    1.047    1.309    1.589    1.885    2.196    2.519    2.852    3.194    3.542    3.897    4.256    4.618    4.983    5.349    5.716    6.082    6.448    6.812    7.174    7.534    7.891    8.245    8.595    8.941    9.283    9.621    
RU103    0    0.01523    0.07465    0.1183    0.1563    0.1906    0.2215    0.2492    0.2739    0.2955    0.3144    0.3306    0.3444    0.3559    0.3655    0.3732    0.3793    0.384    0.3873    0.3894    0.3904    0.3904    0.3896    0.3879    0.3856    0.3827    0.3791    0.3752    0.3707    0.3659    0.3608    0.3554    0.3498    
RH103    0    0.004484    0.04261    0.1241    0.2381    0.3794    0.5436    0.7272    0.9266    1.139    1.36    1.589    1.822    2.057    2.293    2.528    2.76    2.988    3.211    3.428    3.638    3.841    4.036    4.223    4.401    4.571    4.731    4.882    5.024    5.156    5.279    5.394    5.499    
RU104    0    0.02229    0.1241    0.2617    0.4347    0.64    0.8743    1.134    1.417    1.72    2.039    2.373    2.719    3.075    3.44    3.811    4.187    4.567    4.949    5.332    5.715    6.098    6.479    6.858    7.233    7.606    7.974    8.338    8.697    9.05    9.398    9.74    10.08    
PD104    0    4.189e-05    0.0007745    0.003829    0.01061    0.02226    0.0397    0.06375    0.09506    0.1342    0.1815    0.2373    0.3019    0.3753    0.4576    0.5487    0.6486    0.7572    0.8743    0.9996    1.133    1.274    1.422    1.578    1.74    1.909    2.084    2.265    2.451    2.642    2.838    3.038    3.242    
RH105    0    0.001676    0.004834    0.005827    0.006963    0.008034    0.009008    0.009879    0.01065    0.01131    0.01188    0.01237    0.01277    0.0131    0.01336    0.01357    0.01373    0.01383    0.0139    0.01393    0.01392    0.01389    0.01382    0.01373    0.01362    0.01349    0.01334    0.01318    0.01301    0.01282    0.01262    0.01242    0.01221    
PD105    0    0.01792    0.102    0.2178    0.3628    0.5345    0.7301    0.9468    1.182    1.433    1.698    1.974    2.26    2.553    2.852    3.156    3.464    3.773    4.084    4.394    4.704    5.013    5.319    5.623    5.923    6.22    6.512    6.8    7.083    7.361    7.633    7.9    8.161    
RU106    0    0.01952    0.1004    0.2057    0.3322    0.4754    0.6308    0.7944    0.9628    1.133    1.303    1.47    1.632    1.789    1.939    2.081    2.214    2.339    2.455    2.562    2.659    2.747    2.825    2.895    2.956    3.009    3.053    3.09    3.12    3.142    3.157    3.167    3.17    
PD106    0    0.001462    0.01097    0.03129    0.06451    0.1124    0.1762    0.2569    0.355    0.4708    0.6042    0.7551    0.923    1.107    1.308    1.523    1.753    1.996    2.251    2.519    2.797    3.084    3.381    3.685    3.997    4.315    4.638    4.966    5.297    5.632    5.97    6.309    6.649    
PD107    0    0.01772    0.09043    0.1929    0.3238    0.4803    0.6595    0.8588    1.076    1.307    1.552    1.808    2.073    2.345    2.623    2.906    3.192    3.48    3.769    4.059    4.348    4.635    4.921    5.205    5.485    5.762    6.035    6.303    6.567    6.827    7.081    7.33    7.574    
PD108    0    0.01342    0.06748    0.1442    0.2422    0.3595    0.4938    0.6431    0.8052    0.9785    1.161    1.352    1.549    1.751    1.958    2.167    2.379    2.591    2.805    3.018    3.23    3.44    3.649    3.856    4.059    4.26    4.458    4.651    4.841    5.027    5.209    5.386    5.56    
AG109    0    0.007866    0.04025    0.08542    0.1422    0.2092    0.2849    0.3678    0.4567    0.5505    0.648    0.7483    0.8505    0.9539    1.058    1.162    1.265    1.367    1.467    1.566    1.663    1.757    1.849    1.938    2.025    2.108    2.188    2.265    2.339    2.41    2.477    2.541    2.602    
PD110    0    0.004208    0.02086    0.04477    0.07553    0.1125    0.155    0.2023    0.254    0.3094    0.3681    0.4295    0.4932    0.5589    0.6261    0.6946    0.7641    0.8343    0.9049    0.9758    1.047    1.118    1.188    1.258    1.328    1.397    1.465    1.532    1.599    1.664    1.728    1.792    1.854    
CD110    0    0.0001049    0.001054    0.003666    0.008447    0.01586    0.02631    0.04012    0.0576    0.07896    0.1044    0.134    0.1679    0.2063    0.249    0.2961    0.3476    0.4034    0.4635    0.5278    0.5963    0.6688    0.7451    0.8253    0.9091    0.9964    1.087    1.181    1.278    1.378    1.481    1.587    1.695    
CD111    0    0.001408    0.008434    0.01984    0.03481    0.05303    0.07415    0.09784    0.1238    0.1518    0.1814    0.2126    0.245    0.2784    0.3128    0.3479    0.3835    0.4197    0.4561    0.4928    0.5296    0.5665    0.6033    0.6401    0.6767    0.7131    0.7493    0.7852    0.8208    0.8561    0.891    0.9255    0.9597    
CD112    0    0.001014    0.004932    0.01075    0.01832    0.02748    0.03808    0.04996    0.06299    0.07703    0.09196    0.1077    0.1241    0.141    0.1585    0.1764    0.1946    0.2131    0.2318    0.2507    0.2697    0.2888    0.308    0.3271    0.3462    0.3653    0.3843    0.4031    0.4219    0.4405    0.4589    0.4772    0.4953    
CD114    0    0.0005826    0.003415    0.008349    0.01519    0.02375    0.03386    0.04535    0.05806    0.07184    0.08654    0.102    0.1182    0.135    0.1522    0.1698    0.1877    0.2059    0.2242    0.2426    0.261    0.2795    0.2979    0.3162    0.3344    0.3524    0.3703    0.3879    0.4054    0.4226    0.4395    0.4561    0.4725    
IN115    0    0.0002373    0.00117    0.002424    0.003896    0.005514    0.00721    0.008935    0.01065    0.01231    0.01391    0.01542    0.01684    0.01815    0.01934    0.02043    0.02141    0.02229    0.02305    0.02372    0.0243    0.02479    0.02519    0.02551    0.02576    0.02595    0.02607    0.02614    0.02615    0.02611    0.02604    0.02592    0.02577    
CD116    0    0.0001968    0.00104    0.002211    0.003697    0.005471    0.007503    0.009762    0.01222    0.01486    0.01764    0.02056    0.02358    0.02669    0.02988    0.03313    0.03642    0.03974    0.04308    0.04644    0.0498    0.05315    0.05649    0.05981    0.0631    0.06637    0.06959    0.07278    0.07593    0.07903    0.08208    0.08508    0.08803    
SN116    0    1.459e-05    0.0001457    0.0004959    0.001113    0.002032    0.003272    0.004845    0.00675    0.008981    0.01153    0.01437    0.0175    0.02089    0.02452    0.02836    0.03241    0.03663    0.041    0.04551    0.05014    0.05486    0.05967    0.06455    0.06947    0.07444    0.07943    0.08443    0.08944    0.09444    0.09943    0.1044    0.1093    
SN117    0    0.0001551    0.0008713    0.001838    0.00305    0.004488    0.006129    0.00795    0.009929    0.01205    0.01428    0.01662    0.01905    0.02155    0.0241    0.02671    0.02935    0.03202    0.03471    0.0374    0.04011    0.04281    0.0455    0.04818    0.05084    0.05347    0.05609    0.05867    0.06123    0.06375    0.06623    0.06868    0.07109    
SN118    0    0.0001777    0.0009643    0.002041    0.003403    0.005023    0.006875    0.008934    0.01118    0.01357    0.01611    0.01876    0.02151    0.02435    0.02725    0.0302    0.0332    0.03623    0.03927    0.04233    0.04539    0.04845    0.0515    0.05453    0.05754    0.06052    0.06347    0.06639    0.06927    0.07211    0.0749    0.07766    0.08036    
SN119    0    0.000178    0.0009694    0.002052    0.003421    0.00505    0.006915    0.008989    0.01125    0.01367    0.01622    0.0189    0.02168    0.02454    0.02748    0.03047    0.0335    0.03656    0.03965    0.04275    0.04585    0.04895    0.05205    0.05512    0.05818    0.06121    0.06421    0.06717    0.0701    0.07299    0.07584    0.07865    0.0814    
SN120    0    0.0001735    0.0009551    0.002016    0.003354    0.004942    0.006757    0.008772    0.01096    0.01331    0.01579    0.01838    0.02107    0.02383    0.02666    0.02954    0.03247    0.03542    0.03839    0.04137    0.04435    0.04733    0.05029    0.05324    0.05617    0.05907    0.06194    0.06478    0.06758    0.07034    0.07305    0.07573    0.07835    
SB121    0    0.0001578    0.0009065    0.00192    0.003181    0.004668    0.006356    0.00822    0.01024    0.01238    0.01464    0.01698    0.0194    0.02187    0.02438    0.02693    0.02949    0.03206    0.03463    0.03719    0.03974    0.04226    0.04475    0.0472    0.04962    0.05199    0.05432    0.0566    0.05882    0.061    0.06311    0.06517    0.06717    
SN122    0    0.0001539    0.0009027    0.001888    0.003115    0.004562    0.006209    0.008033    0.01001    0.01213    0.01436    0.0167    0.01911    0.0216    0.02414    0.02673    0.02936    0.03201    0.03467    0.03735    0.04003    0.0427    0.04536    0.04801    0.05064    0.05325    0.05582    0.05837    0.06089    0.06337    0.06581    0.06821    0.07058    
SB123    0    0.0001363    0.0008237    0.001751    0.002923    0.004321    0.005927    0.007719    0.009676    0.01178    0.014    0.01634    0.01876    0.02125    0.02381    0.02641    0.02904    0.0317    0.03437    0.03704    0.03971    0.04237    0.04501    0.04763    0.05022    0.05277    0.05529    0.05777    0.06021    0.0626    0.06494    0.06723    0.06946    
SN124    0    0.0001828    0.001159    0.002397    0.003915    0.00569    0.007699    0.009915    0.01231    0.01487    0.01757    0.02038    0.02328    0.02627    0.02932    0.03243    0.03557    0.03874    0.04192    0.04512    0.04831    0.0515    0.05467    0.05782    0.06095    0.06404    0.0671    0.07013    0.07311    0.07605    0.07894    0.08179    0.08459    
SB125    0    0.0002129    0.001663    0.003462    0.005521    0.007825    0.01034    0.01304    0.01587    0.01881    0.02183    0.02489    0.02797    0.03105    0.0341    0.03712    0.04008    0.04297    0.04579    0.04852    0.05116    0.0537    0.05614    0.05847    0.06069    0.06279    0.06479    0.06667    0.06843    0.07009    0.07163    0.07306    0.07438    
SN126    0    0.000416    0.003046    0.006191    0.009941    0.01426    0.01911    0.02442    0.03015    0.03623    0.04263    0.04928    0.05616    0.06321    0.07041    0.07773    0.08513    0.09259    0.1001    0.1076    0.1151    0.1226    0.1301    0.1375    0.1449    0.1522    0.1595    0.1666    0.1737    0.1806    0.1875    0.1943    0.2009    
I127    0    0.0008477    0.006331    0.01382    0.02284    0.03334    0.04523    0.05834    0.07255    0.08771    0.1037    0.1203    0.1375    0.1551    0.1731    0.1914    0.2098    0.2283    0.2468    0.2654    0.2838    0.3022    0.3204    0.3384    0.3561    0.3736    0.3909    0.4078    0.4244    0.4406    0.4565    0.472    0.4872    
TE128    0    0.001736    0.01269    0.02583    0.04149    0.05955    0.0798    0.102    0.1259    0.1514    0.1781    0.206    0.2347    0.2642    0.2944    0.325    0.356    0.3872    0.4186    0.4501    0.4816    0.513    0.5443    0.5754    0.6063    0.6369    0.6672    0.6972    0.7267    0.7559    0.7847    0.813    0.8409    
I129    0    0.003149    0.02221    0.04672    0.07656    0.1113    0.1505    0.1937    0.2404    0.29    0.3423    0.3968    0.4531    0.5108    0.5697    0.6296    0.6901    0.7511    0.8123    0.8736    0.9348    0.9958    1.056    1.117    1.176    1.235    1.294    1.351    1.408    1.463    1.518    1.572    1.625    
TE130    0    0.007102    0.04571    0.09442    0.1539    0.2235    0.3021    0.3888    0.4826    0.5827    0.6881    0.798    0.9118    1.029    1.148    1.27    1.393    1.517    1.642    1.767    1.892    2.017    2.142    2.266    2.389    2.511    2.631    2.75    2.868    2.984    3.098    3.21    3.321    
I131    0    0.004793    0.01778    0.02164    0.02594    0.03002    0.03373    0.03705    0.03998    0.04253    0.04471    0.04656    0.0481    0.04936    0.05038    0.05118    0.05178    0.0522    0.05245    0.05257    0.05255    0.05241    0.05217    0.05184    0.05142    0.05093    0.05038    0.04976    0.0491    0.0484    0.04765    0.04688    0.04608    
XE131    0    0.008018    0.05969    0.1384    0.2341    0.3456    0.4708    0.6075    0.7536    0.9071    1.066    1.23    1.396    1.563    1.73    1.896    2.061    2.223    2.383    2.538    2.689    2.836    2.978    3.114    3.245    3.37    3.49    3.603    3.711    3.813    3.908    3.998    4.082    
TE132    0    0.003734    0.01165    0.01362    0.01607    0.01841    0.02056    0.02249    0.02418    0.02566    0.02691    0.02797    0.02885    0.02956    0.03013    0.03057    0.0309    0.03112    0.03124    0.03129    0.03126    0.03116    0.03099    0.03078    0.03052    0.03021    0.02987    0.02949    0.02909    0.02866    0.02821    0.02774    0.02726    
XE132    0    0.01733    0.1087    0.2364    0.3958    0.5855    0.8036    1.048    1.315    1.604    1.913    2.238    2.579    2.933    3.3    3.677    4.063    4.457    4.857    5.263    5.674    6.089    6.507    6.926    7.347    7.769    8.191    8.613    9.033    9.453    9.87    10.29    10.7    
I133    0    0.001424    0.004342    0.005116    0.006057    0.006954    0.007773    0.008507    0.009154    0.009715    0.01019    0.0106    0.01093    0.01121    0.01142    0.01159    0.01172    0.0118    0.01185    0.01187    0.01186    0.01182    0.01176    0.01168    0.01158    0.01146    0.01133    0.01119    0.01103    0.01087    0.0107    0.01052    0.01034    
XE133    0    0.007057    0.02374    0.02877    0.0345    0.03991    0.04483    0.04923    0.05311    0.05648    0.05937    0.06181    0.06384    0.06551    0.06686    0.06791    0.0687    0.06925    0.06958    0.06973    0.0697    0.06951    0.06919    0.06874    0.06819    0.06753    0.06679    0.06597    0.06509    0.06415    0.06316    0.06213    0.06106    
CS133    0    0.01927    0.132    0.2995    0.5065    0.7505    1.027    1.333    1.664    2.015    2.384    2.766    3.16    3.562    3.97    4.382    4.795    5.209    5.621    6.03    6.436    6.836    7.23    7.617    7.997    8.368    8.73    9.083    9.427    9.76    10.08    10.4    10.7    
XE134    0    0.03332    0.1879    0.3957    0.6562    0.9649    1.317    1.708    2.132    2.586    3.066    3.567    4.086    4.621    5.168    5.725    6.289    6.859    7.432    8.008    8.583    9.158    9.73    10.3    10.86    11.42    11.98    12.53    13.06    13.6    14.12    14.64    15.14    
CS134    0    6.046e-05    0.0008152    0.003145    0.007426    0.01399    0.0231    0.03497    0.04976    0.06757    0.08846    0.1124    0.1395    0.1696    0.2027    0.2386    0.2772    0.3185    0.3623    0.4084    0.4567    0.507    0.5591    0.613    0.6684    0.7251    0.7831    0.842    0.9019    0.9625    1.024    1.085    1.147    
BA134    0    5.933e-07    1.595e-05    0.0001004    0.0003354    0.0008184    0.00166    0.002983    0.004917    0.007598    0.01117    0.01576    0.02153    0.0286    0.03711    0.04721    0.059    0.07263    0.08819    0.1058    0.1256    0.1476    0.1719    0.1987    0.2279    0.2597    0.294    0.3311    0.3708    0.4132    0.4584    0.5064    0.5571    
CS135    0    0.01544    0.09121    0.1914    0.3157    0.4623    0.6288    0.8129    1.013    1.226    1.45    1.685    1.927    2.176    2.431    2.689    2.951    3.215    3.48    3.746    4.012    4.277    4.54    4.801    5.06    5.317    5.57    5.82    6.067    6.309    6.548    6.782    7.012    
XE136    0    0.04471    0.2556    0.5374    0.8899    1.307    1.783    2.31    2.883    3.495    4.142    4.818    5.518    6.239    6.977    7.727    8.488    9.257    10.03    10.81    11.58    12.36    13.13    13.9    14.66    15.41    16.16    16.9    17.63    18.34    19.05    19.75    20.43    
BA136    0    4.082e-05    0.0007567    0.001998    0.003532    0.005439    0.007777    0.01059    0.01392    0.01779    0.02222    0.02723    0.03284    0.03906    0.04589    0.05336    0.06145    0.07017    0.07953    0.08952    0.1001    0.1114    0.1233    0.1358    0.1489    0.1626    0.1769    0.1918    0.2073    0.2234    0.24    0.2572    0.2749    
CS137    0    0.02729    0.1582    0.331    0.546    0.7996    1.088    1.406    1.751    2.119    2.507    2.911    3.329    3.757    4.195    4.639    5.088    5.539    5.993    6.446    6.898    7.348    7.795    8.238    8.675    9.107    9.533    9.952    10.36    10.77    11.17    11.55    11.93    
BA137    0    2.883e-05    0.0003264    0.001109    0.002509    0.004653    0.007656    0.01162    0.01664    0.02278    0.03012    0.03871    0.0486    0.05983    0.07242    0.08641    0.1018    0.1186    0.1369    0.1565    0.1776    0.2001    0.2241    0.2494    0.2761    0.3042    0.3336    0.3643    0.3964    0.4297    0.4643    0.5001    0.5371    
BA138    0    0.027    0.1525    0.3208    0.5318    0.7819    1.067    1.383    1.727    2.095    2.483    2.889    3.31    3.743    4.186    4.636    5.094    5.555    6.02    6.486    6.952    7.418    7.882    8.343    8.8    9.254    9.703    10.15    10.58    11.02    11.44    11.86    12.27    
LA139    0    0.0263    0.1486    0.3125    0.518    0.7613    1.039    1.346    1.68    2.037    2.414    2.807    3.215    3.634    4.063    4.499    4.941    5.387    5.835    6.284    6.733    7.181    7.628    8.071    8.51    8.945    9.375    9.799    10.22    10.63    11.03    11.43    11.82    
BA140    0    0.01233    0.04621    0.06051    0.07426    0.08706    0.09865    0.109    0.1181    0.126    0.1329    0.1387    0.1435    0.1475    0.1508    0.1534    0.1553    0.1567    0.1576    0.1581    0.1581    0.1578    0.1571    0.1561    0.1549    0.1535    0.1518    0.15    0.148    0.1459    0.1436    0.1413    0.1389    
LA140    0    0.001619    0.006092    0.008016    0.009846    0.01155    0.0131    0.01448    0.01571    0.01677    0.0177    0.01848    0.01914    0.0197    0.02015    0.02051    0.02078    0.02099    0.02113    0.0212    0.02123    0.0212    0.02113    0.02103    0.02088    0.02071    0.02051    0.02028    0.02004    0.01977    0.01949    0.0192    0.01889    
CE140    0    0.01229    0.09603    0.2421    0.4294    0.655    0.9154    1.207    1.526    1.87    2.235    2.618    3.016    3.427    3.849    4.28    4.717    5.16    5.606    6.055    6.505    6.954    7.403    7.85    8.294    8.735    9.172    9.605    10.03    10.45    10.87    11.28    11.68    
CE141    0    0.01534    0.07293    0.1114    0.1443    0.1737    0.2003    0.2241    0.2452    0.2637    0.2797    0.2934    0.3051    0.3148    0.3227    0.3291    0.3341    0.3379    0.3405    0.342    0.3426    0.3424    0.3414    0.3397    0.3375    0.3347    0.3314    0.3277    0.3237    0.3193    0.3146    0.3098    0.3047    
PR141    0    0.005574    0.05221    0.15    0.2859    0.4551    0.6541    0.8798    1.129    1.399    1.688    1.992    2.309    2.637    2.975    3.32    3.67    4.025    4.383    4.743    5.103    5.464    5.823    6.181    6.536    6.889    7.237    7.582    7.922    8.257    8.588    8.912    9.231    
CE142    0    0.02058    0.1212    0.2536    0.4183    0.6126    0.8337    1.078    1.344    1.628    1.927    2.24    2.564    2.898    3.239    3.586    3.937    4.292    4.65    5.008    5.366    5.724    6.08    6.435    6.786    7.135    7.479    7.82    8.156    8.487    8.814    9.135    9.45    
CE143    0    0.001618    0.004909    0.005796    0.006868    0.007888    0.00882    0.009655    0.01039    0.01103    0.01158    0.01204    0.01242    0.01273    0.01298    0.01317    0.01331    0.01341    0.01347    0.01349    0.01348    0.01344    0.01337    0.01328    0.01317    0.01304    0.01289    0.01273    0.01255    0.01237    0.01218    0.01198    0.01177    
PR143    0    0.009589    0.03739    0.04919    0.06024    0.07056    0.07993    0.08829    0.09568    0.1021    0.1076    0.1123    0.1163    0.1196    0.1222    0.1243    0.1259    0.127    0.1278    0.1281    0.1282    0.1279    0.1274    0.1266    0.1257    0.1245    0.1232    0.1217    0.1201    0.1184    0.1166    0.1148    0.1128    
ND143    0    0.009026    0.07266    0.1838    0.3246    0.4926    0.6849    0.8986    1.131    1.379    1.64    1.912    2.192    2.479    2.771    3.067    3.364    3.661    3.959    4.254    4.547    4.837    5.123    5.405    5.681    5.951    6.216    6.474    6.725    6.97    7.208    7.438    7.661    
CE144    0    0.0175    0.09578    0.192    0.304    0.4279    0.5597    0.6961    0.8341    0.9714    1.106    1.236    1.361    1.479    1.589    1.693    1.788    1.875    1.953    2.024    2.087    2.142    2.19    2.23    2.264    2.291    2.312    2.327    2.337    2.341    2.341    2.337    2.328    
ND144    0    0.0007446    0.007842    0.0269    0.06018    0.1096    0.1767    0.2623    0.3671    0.4912    0.6346    0.7969    0.9776    1.176    1.391    1.623    1.869    2.13    2.404    2.689    2.986    3.293    3.609    3.934    4.265    4.603    4.947    5.295    5.648    6.003    6.361    6.722    7.083    
ND145    0    0.01393    0.08001    0.1678    0.2768    0.4053    0.5509    0.7116    0.8852    1.07    1.264    1.466    1.673    1.886    2.102    2.321    2.541    2.762    2.983    3.203    3.421    3.638    3.851    4.062    4.27    4.474    4.674    4.87    5.061    5.248    5.43    5.607    5.779    
ND146    0    0.01222    0.06949    0.1466    0.2438    0.3594    0.492    0.6398    0.8013    0.975    1.159    1.353    1.556    1.765    1.981    2.201    2.427    2.656    2.888    3.123    3.359    3.597    3.835    4.074    4.314    4.552    4.791    5.028    5.264    5.499    5.733    5.964    6.194    
ND147    0    0.004661    0.01671    0.02162    0.02649    0.03102    0.03513    0.03879    0.04202    0.04483    0.04725    0.04931    0.05103    0.05246    0.05363    0.05455    0.05525    0.05575    0.05608    0.05625    0.05627    0.05617    0.05595    0.05562    0.0552    0.0547    0.05413    0.05349    0.0528    0.05206    0.05128    0.05047    0.04962    
PM147    0    0.005396    0.03881    0.09131    0.1546    0.2266    0.3053    0.3887    0.4751    0.5629    0.6507    0.7375    0.8223    0.9044    0.9832    1.058    1.129    1.195    1.257    1.314    1.367    1.414    1.458    1.496    1.53    1.56    1.585    1.606    1.624    1.638    1.648    1.655    1.659    
SM147    0    5.141e-05    0.0007403    0.003008    0.007277    0.01384    0.02291    0.03461    0.049    0.06608    0.08579    0.1081    0.1327    0.1597    0.1887    0.2196    0.2522    0.2863    0.3218    0.3583    0.3957    0.4338    0.4724    0.5113    0.5504    0.5895    0.6284    0.6671    0.7053    0.7429    0.7799    0.8162    0.8515    
ND148    0    0.008859    0.04947    0.1043    0.1732    0.2548    0.348    0.4513    0.5636    0.6836    0.8103    0.9427    1.08    1.221    1.365    1.512    1.661    1.811    1.961    2.113    2.264    2.415    2.565    2.714    2.861    3.008    3.152    3.295    3.436    3.574    3.71    3.844    3.976    
SM148    0    4.475e-05    0.0007038    0.003068    0.007764    0.01525    0.02592    0.04006    0.05792    0.07966    0.1054    0.1352    0.169    0.2069    0.2487    0.2944    0.3439    0.3971    0.4537    0.5137    0.577    0.6432    0.7123    0.7841    0.8584    0.935    1.014    1.095    1.177    1.261    1.347    1.434    1.522    
SM149    0    0.003679    0.01469    0.02101    0.0267    0.03206    0.03704    0.04162    0.0458    0.04957    0.05296    0.05597    0.05863    0.06097    0.06301    0.06476    0.06626    0.06753    0.06856    0.0694    0.07004    0.07051    0.07082    0.07098    0.071    0.0709    0.07069    0.07037    0.06996    0.06947    0.06891    0.06827    0.06758    
ND150    0    0.005494    0.0303    0.06392    0.1062    0.1565    0.2139    0.2775    0.3467    0.4207    0.4988    0.5804    0.665    0.7521    0.841    0.9316    1.023    1.116    1.209    1.302    1.396    1.489    1.581    1.673    1.765    1.855    1.944    2.032    2.119    2.205    2.289    2.371    2.453    
SM150    0    0.002573    0.02151    0.05774    0.106    0.1652    0.2348    0.3136    0.4009    0.4958    0.5974    0.7049    0.8175    0.9345    1.055    1.179    1.305    1.434    1.564    1.695    1.826    1.958    2.09    2.222    2.352    2.482    2.611    2.738    2.864    2.988    3.11    3.229    3.347    
SM151    0    0.003771    0.01994    0.03898    0.06003    0.08225    0.1049    0.1275    0.1495    0.1707    0.1907    0.2096    0.2271    0.2433    0.2581    0.2717    0.284    0.2951    0.305    0.3139    0.3217    0.3286    0.3347    0.3399    0.3444    0.3482    0.3514    0.354    0.356    0.3576    0.3588    0.3595    0.3599    
SM152    0    0.003573    0.02064    0.04569    0.07848    0.1183    0.1642    0.2152    0.2704    0.3289    0.3897    0.452    0.515    0.578    0.6406    0.7021    0.7621    0.8203    0.8764    0.9301    0.9812    1.03    1.075    1.118    1.158    1.194    1.228    1.259    1.288    1.313    1.336    1.357    1.375    
EU153    0    0.002399    0.01338    0.02988    0.05187    0.07941    0.1124    0.1507    0.1941    0.2423    0.2951    0.3521    0.4129    0.4772    0.5445    0.6144    0.6865    0.7605    0.8358    0.9122    0.9891    1.066    1.144    1.22    1.296    1.371    1.445    1.517    1.588    1.657    1.724    1.788    1.85    
SM154    0    0.001818    0.00974    0.02065    0.03446    0.05091    0.06974    0.09065    0.1134    0.1378    0.1635    0.1905    0.2184    0.2471    0.2765    0.3064    0.3367    0.3673    0.3981    0.4289    0.4598    0.4906    0.5212    0.5516    0.5818    0.6116    0.6411    0.6702    0.6989    0.7271    0.7548    0.782    0.8088    
EU154    0    3.96e-05    0.00042    0.001485    0.003436    0.006465    0.01074    0.01642    0.02361    0.03243    0.04294    0.05519    0.06922    0.08502    0.1026    0.1219    0.1428    0.1654    0.1895    0.215    0.2418    0.2699    0.299    0.3291    0.36    0.3917    0.4239    0.4566    0.4896    0.5228    0.556    0.5893    0.6223    
EU155    0    0.0009039    0.004078    0.006941    0.009697    0.01236    0.01496    0.01749    0.01999    0.02248    0.02498    0.02753    0.03013    0.03281    0.03559    0.03847    0.04146    0.04458    0.04781    0.05116    0.05463    0.0582    0.06188    0.06565    0.06951    0.07343    0.07742    0.08145    0.08551    0.0896    0.09369    0.09778    0.1019    
EU156    0    0.0005848    0.002432    0.003939    0.005361    0.006705    0.00797    0.009163    0.01029    0.01137    0.01241    0.01341    0.01439    0.01536    0.01633    0.0173    0.01828    0.01928    0.02029    0.02131    0.02236    0.02343    0.02451    0.02562    0.02674    0.02787    0.02902    0.03017    0.03133    0.03249    0.03365    0.03481    0.03596    
GD156    0    0.0004589    0.003872    0.01113    0.02177    0.03556    0.05232    0.07183    0.09394    0.1185    0.1454    0.1745    0.2058    0.2392    0.2746    0.3122    0.3518    0.3936    0.4374    0.4835    0.5317    0.5821    0.6349    0.6899    0.7473    0.807    0.8691    0.9336    1.001    1.07    1.142    1.216    1.292    
GD158    0    0.0007604    0.004487    0.01058    0.01861    0.02844    0.0399    0.05283    0.06708    0.08251    0.09899    0.1164    0.1347    0.1536    0.1733    0.1934    0.2141    0.2353    0.2568    0.2787    0.3008    0.3233    0.346    0.3689    0.392    0.4153    0.4387    0.4623    0.4861    0.5099    0.534    0.5582    0.5825    
TB159    0    0.0002569    0.001259    0.002718    0.004593    0.00684    0.009414    0.01227    0.01538    0.0187    0.02219    0.02583    0.02958    0.03344    0.03736    0.04133    0.04534    0.04937    0.0534    0.05742    0.06142    0.06539    0.06932    0.07321    0.07704    0.08081    0.08452    0.08817    0.09174    0.09524    0.09867    0.102    0.1053    
GD160    0    0.0001146    0.0005717    0.001225    0.002066    0.003074    0.004232    0.005524    0.006932    0.008441    0.01004    0.01171    0.01344    0.01523    0.01706    0.01892    0.02081    0.02272    0.02464    0.02657    0.02849    0.03042    0.03233    0.03424    0.03612    0.03799    0.03984    0.04167    0.04346    0.04524    0.04698    0.04869    0.05037    
