TIME    3   50   100   150   200   250   300   350   400   450   500   550   600   650   700   750   800   850   900   950   1000   1050   1100   1150   1200   1250   1300   1350   1400   1450   1500   1550   1600   
NEUT_PROD    263   247   231   216   202   189   177   165   155   145   136   127   119   111   104   97.9   91.8   86   80.7   75.7   71   66.7   62.6   58.8   55.3   52   49   46.1   43.4   41   38.7   36.5   34.5   
NEUT_DEST    118   117   112   107   102   97.5   93.2   89.2   85.3   81.7   78.4   75.2   72.2   69.3   66.7   64.1   61.8   59.5   57.4   55.4   53.6   51.8   50.2   48.6   47.1   45.7   44.4   43.2   42   40.9   39.8   38.9   37.9   
BUd    9.12e-14    41.5    41.4    38.7    36.2    33.9    31.7    29.6    27.7    26    24.3    22.7    21.3    19.9    18.7    17.5    16.4    15.4    14.4    13.5    12.7    11.9    11.2    10.5    9.84    9.25    8.7    8.18    7.7    7.26    6.84    6.45    6.09    
HE4    2.04e-07    0.0001573    0.001127    0.00347    0.007546    0.01357    0.02163    0.03175    0.04387    0.0579    0.07372    0.09119    0.1101    0.1304    0.1519    0.1744    0.1978    0.2219    0.2465    0.2717    0.2972    0.323    0.3489    0.3749    0.4009    0.4268    0.4525    0.4781    0.5034    0.5284    0.5531    0.5774    0.6014    
U234    0    2.262e-06    3.46e-05    0.0001636    0.0004813    0.001094    0.002112    0.003645    0.005797    0.008662    0.01232    0.01685    0.02231    0.02874    0.03618    0.04465    0.05416    0.0647    0.07629    0.08889    0.1025    0.117    0.1325    0.1489    0.1661    0.1841    0.2029    0.2223    0.2424    0.263    0.2842    0.3059    0.3279    
NP237    3.888e-06    0.0008011    0.002839    0.005898    0.009808    0.01442    0.0196    0.02524    0.03121    0.03744    0.04384    0.05033    0.05686    0.06336    0.06979    0.07611    0.08229    0.08829    0.09408    0.09966    0.105    0.1101    0.1149    0.1194    0.1237    0.1277    0.1315    0.1349    0.1381    0.141    0.1436    0.146    0.1481    
PU238    3.191e-20    0.008481    0.06355    0.1975    0.4301    0.7721    1.227    1.794    2.467    3.239    4.101    5.043    6.054    7.122    8.239    9.392    10.57    11.77    12.98    14.2    15.4    16.6    17.78    18.94    20.07    21.17    22.24    23.28    24.27    25.23    26.14    27.01    27.84    
PU239    3.259e-20    4.38e-05    0.0004714    0.002116    0.006105    0.0137    0.02619    0.04479    0.0706    0.1046    0.1475    0.2    0.2625    0.3353    0.4185    0.512    0.6156    0.7292    0.8523    0.9844    1.125    1.273    1.429    1.592    1.76    1.933    2.111    2.293    2.477    2.664    2.853    3.042    3.232    
PU240    2.343e-17    0.01048    0.02054    0.02968    0.0381    0.0461    0.05401    0.06217    0.07098    0.08085    0.09219    0.1054    0.121    0.1393    0.1607    0.1856    0.2143    0.2473    0.2847    0.3269    0.3741    0.4265    0.4842    0.5474    0.6162    0.6907    0.771    0.8569    0.9485    1.046    1.149    1.257    1.371    
PU241    999.6    937.8    876.3    818.8    765.1    714.9    668    624.2    583.3    545    509.3    475.9    444.6    415.5    388.2    362.8    339    316.8    296    276.6    258.4    241.5    225.7    210.9    197.1    184.2    172.1    160.9    150.3    140.5    131.3    122.8    114.8    
PU242    2.964e-14    13.42    26.61    38.76    49.94    60.21    69.63    78.26    86.15    93.35    99.9    105.9    111.2    116.1    120.5    124.4    127.9    131    133.8    136.2    138.3    140    141.6    142.8    143.8    144.6    145.2    145.6    145.9    146    145.9    145.7    145.4    
AM241    0.3953    6.212    11.67    16.44    20.59    24.17    27.24    29.85    32.04    33.86    35.34    36.51    37.41    38.07    38.51    38.76    38.84    38.76    38.55    38.23    37.8    37.28    36.69    36.03    35.32    34.57    33.77    32.95    32.1    31.23    30.35    29.47    28.58    
AM242M    2.458e-18    0.01793    0.06306    0.1248    0.1956    0.27    0.3442    0.4157    0.4827    0.5441    0.5995    0.6485    0.6911    0.7276    0.7581    0.783    0.8026    0.8175    0.8279    0.8343    0.8371    0.8367    0.8333    0.8273    0.8191    0.8089    0.797    0.7836    0.7689    0.7531    0.7364    0.7191    0.7011    
AM242    8.847e-18    0.006002    0.01128    0.01589    0.01991    0.02337    0.02635    0.02887    0.03099    0.03275    0.03418    0.03532    0.03619    0.03683    0.03726    0.03749    0.03757    0.0375    0.03729    0.03698    0.03657    0.03607    0.0355    0.03486    0.03417    0.03344    0.03267    0.03187    0.03105    0.03022    0.02937    0.02851    0.02765    
AM243    0    0.09721    0.3988    0.8799    1.517    2.289    3.177    4.161    5.225    6.356    7.538    8.76    10.01    11.28    12.56    13.84    15.12    16.39    17.64    18.87    20.07    21.25    22.39    23.5    24.58    25.61    26.61    27.56    28.47    29.34    30.17    30.95    31.69    
CM242    9.091e-18    0.1196    0.4332    0.8754    1.397    1.96    2.537    3.106    3.654    4.168    4.644    5.075    5.461    5.8    6.094    6.342    6.548    6.714    6.842    6.935    6.995    7.026    7.031    7.011    6.97    6.909    6.831    6.738    6.633    6.515    6.389    6.254    6.112    
CM243    0    0.0001791    0.00132    0.00403    0.008625    0.01521    0.02374    0.03407    0.04599    0.05925    0.0736    0.08875    0.1045    0.1205    0.1366    0.1526    0.1683    0.1835    0.1982    0.2121    0.2253    0.2377    0.2491    0.2596    0.2691    0.2776    0.2852    0.2917    0.2974    0.3021    0.3059    0.3088    0.3109    
CM244    0    0.001493    0.01273    0.04276    0.09926    0.1886    0.3162    0.4861    0.7017    0.9655    1.279    1.644    2.06    2.527    3.045    3.613    4.23    4.894    5.603    6.356    7.15    7.984    8.853    9.757    10.69    11.66    12.65    13.66    14.7    15.76    16.83    17.91    19.01    
CM245    0    6.012e-06    0.0001051    0.000532    0.001645    0.003897    0.007809    0.01395    0.0229    0.03528    0.05167    0.07266    0.09882    0.1307    0.1687    0.2133    0.2649    0.3239    0.3905    0.4651    0.5478    0.6387    0.7379    0.8456    0.9617    1.086    1.219    1.36    1.509    1.666    1.83    2.002    2.181    
SE78    3.044e-18    0.001468    0.002943    0.004325    0.00562    0.006833    0.007971    0.009038    0.01004    0.01098    0.01186    0.01269    0.01347    0.0142    0.01489    0.01554    0.01614    0.01672    0.01726    0.01777    0.01825    0.0187    0.01913    0.01953    0.01992    0.02028    0.02062    0.02095    0.02126    0.02156    0.02184    0.0221    0.02236    
SE79    7.076e-18    0.003235    0.006473    0.009502    0.01234    0.01499    0.01748    0.01981    0.02199    0.02404    0.02596    0.02776    0.02945    0.03104    0.03253    0.03392    0.03524    0.03647    0.03763    0.03872    0.03975    0.04072    0.04163    0.04249    0.0433    0.04407    0.04479    0.04547    0.04612    0.04674    0.04732    0.04788    0.0484    
SE80    1.452e-17    0.006609    0.01323    0.01942    0.02522    0.03065    0.03574    0.04051    0.04499    0.04918    0.05312    0.05681    0.06028    0.06354    0.0666    0.06948    0.07218    0.07473    0.07712    0.07938    0.0815    0.0835    0.08539    0.08718    0.08886    0.09046    0.09197    0.0934    0.09476    0.09605    0.09727    0.09844    0.09955    
BR81    2.147e-17    0.009822    0.01964    0.0288    0.03735    0.04533    0.05279    0.05976    0.06627    0.07235    0.07803    0.08334    0.0883    0.09293    0.09726    0.1013    0.1051    0.1086    0.1119    0.115    0.1179    0.1206    0.1231    0.1255    0.1277    0.1297    0.1317    0.1335    0.1352    0.1368    0.1383    0.1397    0.141    
SE82    3.843e-17    0.0175    0.03499    0.05136    0.06667    0.08101    0.09443    0.107    0.1188    0.1298    0.1402    0.1498    0.1589    0.1675    0.1755    0.183    0.19    0.1966    0.2028    0.2087    0.2141    0.2193    0.2242    0.2287    0.2331    0.2371    0.241    0.2446    0.248    0.2512    0.2543    0.2572    0.26    
KR83    6.311e-17    0.03116    0.06213    0.09074    0.1172    0.1415    0.164    0.1847    0.2037    0.2212    0.2373    0.252    0.2655    0.2778    0.289    0.2992    0.3085    0.317    0.3246    0.3314    0.3376    0.3431    0.348    0.3524    0.3562    0.3595    0.3624    0.3649    0.367    0.3688    0.3702    0.3713    0.3722    
KR84    1.202e-16    0.0555    0.1113    0.1639    0.2135    0.2602    0.3043    0.3459    0.3851    0.4223    0.4574    0.4906    0.522    0.5518    0.58    0.6068    0.6322    0.6564    0.6793    0.7012    0.722    0.7418    0.7607    0.7788    0.796    0.8125    0.8284    0.8435    0.8581    0.872    0.8855    0.8984    0.9109    
KR85    2.4e-17    0.0119    0.02376    0.03475    0.04492    0.05434    0.06305    0.0711    0.07855    0.08542    0.09175    0.09759    0.103    0.1079    0.1125    0.1166    0.1204    0.1239    0.1271    0.13    0.1327    0.1351    0.1372    0.1392    0.1409    0.1425    0.1439    0.1452    0.1463    0.1472    0.1481    0.1488    0.1494    
RB85    8.909e-17    0.0444    0.08914    0.1311    0.1704    0.2073    0.242    0.2745    0.3051    0.3338    0.3608    0.3862    0.4101    0.4326    0.4538    0.4737    0.4925    0.5102    0.527    0.5428    0.5577    0.5718    0.5851    0.5977    0.6097    0.6211    0.6318    0.6421    0.6518    0.6611    0.6699    0.6783    0.6864    
KR86    2.123e-16    0.09668    0.1933    0.2836    0.3681    0.4471    0.5211    0.5904    0.6552    0.7159    0.7728    0.826    0.8759    0.9227    0.9665    1.008    1.046    1.082    1.116    1.148    1.178    1.206    1.232    1.257    1.28    1.302    1.323    1.342    1.361    1.378    1.394    1.41    1.424    
RB87    2.527e-16    0.1179    0.2359    0.3462    0.4493    0.5459    0.6362    0.7207    0.7998    0.8739    0.9433    1.008    1.069    1.126    1.18    1.23    1.277    1.321    1.362    1.401    1.437    1.471    1.503    1.533    1.562    1.588    1.613    1.637    1.659    1.68    1.7    1.719    1.736    
SR88    3.176e-16    0.1536    0.3078    0.452    0.5869    0.7132    0.8314    0.9421    1.046    1.143    1.234    1.319    1.399    1.474    1.544    1.61    1.672    1.73    1.784    1.835    1.884    1.929    1.971    2.011    2.049    2.084    2.118    2.149    2.179    2.207    2.234    2.259    2.283    
SR89    4.041e-16    0.1387    0.2059    0.231    0.2354    0.23    0.2201    0.2085    0.1965    0.1846    0.1732    0.1624    0.1523    0.1427    0.1338    0.1255    0.1177    0.1104    0.1036    0.09726    0.09134    0.08581    0.08065    0.07584    0.07135    0.06717    0.06327    0.05963    0.05625    0.05309    0.05016    0.04743    0.04489    
Y89    8.378e-18    0.05016    0.1717    0.3232    0.484    0.644    0.7986    0.9456    1.085    1.215    1.338    1.453    1.561    1.662    1.757    1.845    1.929    2.007    2.08    2.149    2.213    2.274    2.331    2.384    2.435    2.482    2.527    2.569    2.608    2.646    2.681    2.714    2.746    
SR90    5.26e-16    0.2394    0.4777    0.6998    0.9068    1.1    1.279    1.447    1.603    1.748    1.883    2.009    2.126    2.235    2.337    2.431    2.518    2.6    2.676    2.746    2.811    2.872    2.928    2.98    3.028    3.073    3.114    3.153    3.188    3.221    3.252    3.28    3.305    
ZR90    1.154e-20    0.0003419    0.001491    0.003401    0.006022    0.009305    0.01321    0.01768    0.0227    0.02821    0.03419    0.04061    0.04743    0.05462    0.06216    0.07003    0.0782    0.08665    0.09536    0.1043    0.1135    0.1229    0.1325    0.1422    0.1522    0.1622    0.1725    0.1828    0.1933    0.2039    0.2146    0.2254    0.2363    
Y91    5.113e-16    0.2202    0.3405    0.3928    0.4086    0.4051    0.3916    0.3735    0.3536    0.3332    0.3132    0.2941    0.2759    0.2587    0.2426    0.2275    0.2134    0.2002    0.1878    0.1763    0.1656    0.1555    0.1461    0.1374    0.1292    0.1216    0.1145    0.1079    0.1018    0.09604    0.0907    0.08573    0.0811    
ZR91    7.793e-18    0.06782    0.2392    0.4595    0.6988    0.9409    1.178    1.405    1.62    1.823    2.015    2.194    2.363    2.521    2.669    2.808    2.937    3.059    3.173    3.281    3.381    3.475    3.564    3.647    3.725    3.798    3.867    3.931    3.992    4.05    4.104    4.155    4.203    
ZR92    7.117e-16    0.3675    0.7377    1.084    1.408    1.711    1.995    2.261    2.51    2.744    2.962    3.167    3.359    3.539    3.708    3.866    4.015    4.154    4.285    4.409    4.524    4.633    4.735    4.831    4.922    5.007    5.088    5.164    5.235    5.303    5.367    5.428    5.486    
ZR93    8.645e-16    0.4872    0.9799    1.44    1.87    2.272    2.647    2.998    3.326    3.632    3.918    4.186    4.436    4.669    4.888    5.092    5.283    5.461    5.628    5.784    5.93    6.067    6.194    6.314    6.426    6.53    6.629    6.72    6.806    6.887    6.963    7.034    7.101    
ZR94    1.183e-15    0.5425    1.085    1.594    2.07    2.516    2.935    3.327    3.695    4.04    4.364    4.668    4.954    5.222    5.474    5.711    5.934    6.144    6.342    6.528    6.703    6.868    7.024    7.172    7.311    7.443    7.567    7.685    7.797    7.904    8.005    8.101    8.192    
ZR95    1.427e-15    0.5176    0.8105    0.9478    0.997    0.9969    0.9701    0.9295    0.8827    0.8336    0.7848    0.7374    0.6921    0.6492    0.6087    0.5708    0.5352    0.5019    0.4707    0.4416    0.4145    0.3891    0.3654    0.3433    0.3227    0.3034    0.2855    0.2687    0.2531    0.2386    0.2251    0.2125    0.2007    
NB95    2.273e-17    0.1071    0.2822    0.4148    0.4924    0.5276    0.5349    0.5254    0.5065    0.4828    0.457    0.4309    0.4053    0.3806    0.3571    0.3349    0.3141    0.2945    0.2762    0.2591    0.2431    0.2281    0.2141    0.2011    0.1889    0.1776    0.167    0.1571    0.1479    0.1393    0.1313    0.1239    0.1169    
MO95    4.515e-19    0.03739    0.2303    0.5769    1.025    1.525    2.042    2.555    3.052    3.525    3.971    4.389    4.78    5.145    5.484    5.799    6.091    6.362    6.613    6.846    7.061    7.26    7.444    7.614    7.77    7.915    8.047    8.17    8.282    8.385    8.479    8.565    8.644    
ZR96    1.631e-15    0.7431    1.485    2.179    2.828    3.435    4.003    4.534    5.031    5.496    5.931    6.339    6.72    7.078    7.412    7.725    8.019    8.294    8.552    8.794    9.02    9.233    9.432    9.62    9.795    9.961    10.12    10.26    10.4    10.53    10.65    10.77    10.87    
MO96    2.784e-18    0.002181    0.005117    0.009373    0.0155    0.0238    0.0344    0.04731    0.06246    0.07975    0.09906    0.1203    0.1433    0.1679    0.1941    0.2216    0.2506    0.2807    0.3119    0.3442    0.3774    0.4115    0.4465    0.4821    0.5185    0.5555    0.593    0.6311    0.6697    0.7087    0.7481    0.7878    0.8279    
MO97    1.188e-15    0.7814    1.58    2.327    3.025    3.678    4.288    4.858    5.392    5.891    6.358    6.795    7.203    7.585    7.943    8.278    8.592    8.885    9.16    9.417    9.658    9.884    10.1    10.29    10.48    10.66    10.82    10.97    11.12    11.26    11.38    11.5    11.62    
MO98    1.979e-15    0.9009    1.8    2.64    3.425    4.159    4.846    5.487    6.088    6.649    7.174    7.664    8.124    8.553    8.955    9.331    9.683    10.01    10.32    10.61    10.88    11.13    11.37    11.59    11.8    12    12.18    12.35    12.51    12.67    12.81    12.94    13.07    
MO99    1.621e-15    0.08611    0.08102    0.07581    0.07099    0.06651    0.06233    0.05843    0.05479    0.05139    0.04822    0.04525    0.04248    0.03989    0.03748    0.03522    0.03311    0.03114    0.0293    0.02758    0.02598    0.02449    0.02309    0.02179    0.02057    0.01944    0.01838    0.0174    0.01648    0.01562    0.01483    0.01409    0.0134    
TC99    6.361e-16    0.9551    1.999    2.967    3.863    4.693    5.461    6.171    6.827    7.433    7.993    8.508    8.983    9.42    9.821    10.19    10.53    10.83    11.12    11.37    11.61    11.82    12.01    12.18    12.34    12.48    12.6    12.72    12.81    12.9    12.97    13.04    13.09    
MO100    2.379e-15    1.083    2.164    3.175    4.121    5.005    5.832    6.606    7.33    8.008    8.642    9.236    9.792    10.31    10.8    11.26    11.68    12.09    12.46    12.81    13.14    13.45    13.74    14.02    14.27    14.51    14.74    14.95    15.15    15.34    15.52    15.69    15.85    
RU100    4.128e-21    0.004179    0.01824    0.04151    0.0733    0.113    0.1599    0.2137    0.2736    0.3393    0.4102    0.4861    0.5664    0.6508    0.739    0.8307    0.9255    1.023    1.124    1.226    1.331    1.438    1.547    1.657    1.769    1.882    1.996    2.111    2.227    2.344    2.461    2.579    2.697    
RU101    2.339e-15    1.072    2.139    3.133    4.057    4.917    5.718    6.463    7.155    7.8    8.398    8.954    9.471    9.951    10.4    10.81    11.19    11.55    11.88    12.18    12.46    12.72    12.96    13.18    13.39    13.58    13.75    13.91    14.06    14.19    14.31    14.43    14.53    
RU102    2.523e-15    1.154    2.311    3.398    4.418    5.376    6.278    7.125    7.922    8.673    9.379    10.05    10.67    11.26    11.82    12.35    12.85    13.32    13.76    14.19    14.58    14.96    15.32    15.66    15.99    16.3    16.59    16.87    17.14    17.39    17.64    17.87    18.09    
RU103    2.417e-15    0.7641    1.061    1.136    1.122    1.074    1.015    0.9545    0.8954    0.8393    0.7864    0.7369    0.6905    0.6472    0.6067    0.5689    0.5336    0.5006    0.4698    0.4411    0.4143    0.3892    0.3658    0.344    0.3237    0.3047    0.287    0.2705    0.2551    0.2408    0.2274    0.215    0.2035    
RH103    6.35e-17    0.3604    1.162    2.08    2.984    3.825    4.588    5.27    5.875    6.408    6.874    7.278    7.625    7.921    8.17    8.376    8.542    8.673    8.771    8.84    8.882    8.9    8.897    8.874    8.834    8.778    8.708    8.626    8.534    8.432    8.321    8.204    8.081    
RU104    2.779e-15    1.274    2.548    3.739    4.852    5.894    6.868    7.779    8.631    9.428    10.17    10.87    11.52    12.13    12.71    13.24    13.74    14.21    14.65    15.06    15.44    15.81    16.14    16.46    16.76    17.04    17.3    17.54    17.77    17.99    18.19    18.39    18.57    
PD104    3.16e-23    0.004613    0.03281    0.09427    0.1905    0.3199    0.4796    0.6667    0.878    1.111    1.362    1.63    1.912    2.205    2.509    2.821    3.14    3.464    3.792    4.123    4.456    4.79    5.124    5.457    5.788    6.117    6.444    6.767    7.087    7.403    7.714    8.021    8.323    
RH105    1.205e-15    0.04718    0.04432    0.04143    0.03876    0.03627    0.03395    0.03178    0.02976    0.02787    0.0261    0.02445    0.02291    0.02147    0.02013    0.01887    0.0177    0.01661    0.01558    0.01463    0.01374    0.0129    0.01213    0.0114    0.01073    0.01009    0.009506    0.008957    0.008445    0.007968    0.007524    0.00711    0.006724    
PD105    1.044e-15    1.024    2.096    3.095    4.025    4.891    5.698    6.448    7.147    7.797    8.402    8.965    9.488    9.975    10.43    10.85    11.24    11.6    11.94    12.25    12.54    12.81    13.06    13.29    13.5    13.7    13.88    14.05    14.21    14.35    14.48    14.61    14.72    
RU106    2.517e-15    1.099    2.094    2.928    3.621    4.189    4.648    5.012    5.293    5.501    5.646    5.737    5.782    5.786    5.757    5.699    5.617    5.515    5.396    5.264    5.122    4.972    4.816    4.656    4.493    4.329    4.165    4.002    3.841    3.683    3.527    3.375    3.227    
PD106    7.155e-18    0.1007    0.3099    0.6056    0.9736    1.401    1.877    2.393    2.938    3.507    4.092    4.689    5.292    5.897    6.501    7.1    7.693    8.278    8.851    9.413    9.962    10.5    11.02    11.52    12.01    12.49    12.94    13.39    13.81    14.23    14.62    15.01    15.38    
PD107    2.209e-15    1.012    2.02    2.958    3.831    4.645    5.403    6.108    6.765    7.376    7.945    8.474    8.966    9.423    9.848    10.24    10.61    10.95    11.27    11.56    11.83    12.08    12.32    12.53    12.73    12.92    13.09    13.24    13.39    13.52    13.65    13.76    13.86    
PD108    1.685e-15    0.7664    1.527    2.233    2.89    3.5    4.066    4.591    5.079    5.531    5.949    6.337    6.696    7.028    7.335    7.618    7.88    8.121    8.343    8.547    8.735    8.907    9.064    9.209    9.34    9.46    9.57    9.669    9.758    9.839    9.912    9.977    10.04    
AG109    7.455e-16    0.4477    0.8898    1.291    1.653    1.981    2.276    2.542    2.78    2.993    3.182    3.351    3.499    3.63    3.745    3.844    3.93    4.003    4.065    4.116    4.158    4.19    4.216    4.233    4.245    4.251    4.251    4.247    4.238    4.226    4.21    4.192    4.17    
PD110    5.282e-16    0.2405    0.4803    0.7044    0.9138    1.11    1.293    1.464    1.624    1.773    1.913    2.043    2.166    2.28    2.387    2.486    2.58    2.667    2.749    2.825    2.897    2.964    3.026    3.085    3.14    3.191    3.239    3.284    3.326    3.365    3.402    3.437    3.47    
AG110M    8.318e-22    0.0003965    0.001573    0.003347    0.005564    0.008099    0.01085    0.01372    0.01665    0.01959    0.02249    0.02531    0.02802    0.03062    0.03308    0.03539    0.03756    0.03957    0.04142    0.04312    0.04467    0.04608    0.04734    0.04847    0.04947    0.05034    0.05111    0.05176    0.05231    0.05277    0.05314    0.05342    0.05364    
CD110    7.447e-22    0.008995    0.03751    0.08386    0.1464    0.2236    0.314    0.4164    0.5295    0.6522    0.7834    0.9223    1.068    1.219    1.376    1.537    1.702    1.87    2.04    2.213    2.388    2.564    2.741    2.918    3.096    3.274    3.452    3.629    3.806    3.982    4.157    4.331    4.504    
AG111    2.359e-16    0.02753    0.02614    0.02446    0.02289    0.02143    0.02006    0.01879    0.0176    0.01649    0.01545    0.01448    0.01358    0.01273    0.01194    0.0112    0.01051    0.009869    0.009268    0.008706    0.008181    0.00769    0.007232    0.006805    0.006405    0.006032    0.005684    0.005359    0.005055    0.004772    0.004507    0.00426    0.00403    
CD111    3.445e-17    0.0965    0.2213    0.3382    0.4473    0.5491    0.6442    0.7331    0.8163    0.8941    0.967    1.035    1.099    1.16    1.216    1.269    1.319    1.367    1.411    1.453    1.493    1.531    1.567    1.601    1.634    1.665    1.695    1.723    1.751    1.777    1.803    1.827    1.851    
CD112    8.116e-17    0.05804    0.1181    0.1746    0.2278    0.2779    0.3251    0.3696    0.4116    0.4512    0.4886    0.5239    0.5574    0.589    0.619    0.6474    0.6743    0.6999    0.7241    0.7472    0.7692    0.7902    0.8102    0.8293    0.8475    0.865    0.8818    0.8978    0.9133    0.9281    0.9424    0.9562    0.9696    
CD113    7.908e-17    0.02488    0.03282    0.03399    0.03294    0.03123    0.02938    0.02756    0.02583    0.0242    0.02268    0.02126    0.01993    0.01869    0.01753    0.01645    0.01543    0.01449    0.01361    0.01278    0.01201    0.0113    0.01063    0.01    0.009416    0.008871    0.008363    0.007888    0.007446    0.007034    0.006649    0.006291    0.005956    
CD114    4.97e-17    0.0375    0.09217    0.1496    0.2054    0.2582    0.3079    0.3544    0.398    0.4386    0.4767    0.5122    0.5455    0.5765    0.6056    0.6328    0.6582    0.6819    0.7041    0.7249    0.7443    0.7625    0.7795    0.7954    0.8103    0.8243    0.8373    0.8496    0.861    0.8718    0.8818    0.8913    0.9001    
IN115    1.101e-17    0.0133    0.02574    0.03538    0.04259    0.0478    0.05136    0.0536    0.05478    0.05515    0.05486    0.05409    0.05294    0.05151    0.04989    0.04814    0.04631    0.04443    0.04254    0.04067    0.03883    0.03703    0.03529    0.03361    0.032    0.03046    0.02899    0.0276    0.02628    0.02503    0.02385    0.02274    0.02169    
CD116    2.469e-17    0.01125    0.02248    0.03299    0.0428    0.05199    0.06057    0.0686    0.07611    0.08313    0.0897    0.09584    0.1016    0.107    0.112    0.1167    0.1211    0.1252    0.1291    0.1327    0.1361    0.1393    0.1423    0.145    0.1476    0.1501    0.1524    0.1545    0.1566    0.1585    0.1603    0.1619    0.1635    
SN116    3.929e-23    0.001242    0.005154    0.01118    0.01881    0.02762    0.03726    0.04744    0.05794    0.06857    0.07919    0.0897    0.1    0.1101    0.1198    0.1292    0.1383    0.147    0.1553    0.1632    0.1708    0.178    0.1849    0.1914    0.1976    0.2035    0.2091    0.2144    0.2195    0.2243    0.2288    0.2332    0.2373    
SN117    1.771e-17    0.008866    0.01777    0.02609    0.03387    0.04114    0.04795    0.05433    0.06029    0.06588    0.07112    0.07603    0.08063    0.08494    0.08899    0.09279    0.09636    0.0997    0.1029    0.1058    0.1086    0.1112    0.1137    0.116    0.1182    0.1202    0.1222    0.124    0.1258    0.1274    0.129    0.1304    0.1318    
SN118    2.196e-17    0.01016    0.02031    0.0298    0.03868    0.04699    0.05476    0.06204    0.06884    0.07522    0.08118    0.08677    0.092    0.0969    0.1015    0.1058    0.1098    0.1136    0.1171    0.1205    0.1236    0.1265    0.1293    0.1318    0.1343    0.1365    0.1387    0.1407    0.1426    0.1444    0.1461    0.1477    0.1492    
SN119    2.219e-17    0.01018    0.02036    0.0299    0.03883    0.04721    0.05506    0.06241    0.0693    0.07576    0.08182    0.0875    0.09282    0.09781    0.1025    0.1069    0.111    0.1149    0.1185    0.1219    0.1251    0.1281    0.1309    0.1336    0.1361    0.1384    0.1406    0.1427    0.1447    0.1465    0.1482    0.1499    0.1515    
SN120    2.177e-17    0.009916    0.01981    0.02907    0.03772    0.04581    0.05338    0.06047    0.06709    0.07329    0.0791    0.08453    0.08962    0.09438    0.09884    0.103    0.1069    0.1106    0.114    0.1172    0.1203    0.1231    0.1257    0.1282    0.1306    0.1328    0.1348    0.1368    0.1386    0.1403    0.1419    0.1435    0.1449    
SB121    1.122e-17    0.009011    0.01826    0.02684    0.0348    0.04216    0.04898    0.05529    0.06113    0.06652    0.0715    0.07609    0.08032    0.08421    0.08779    0.09108    0.0941    0.09686    0.09938    0.1017    0.1038    0.1057    0.1074    0.109    0.1104    0.1116    0.1128    0.1138    0.1147    0.1154    0.1161    0.1167    0.1172    
SN122    1.933e-17    0.008799    0.01758    0.0258    0.03349    0.04068    0.04741    0.05371    0.05961    0.06513    0.0703    0.07514    0.07968    0.08393    0.08791    0.09164    0.09514    0.09842    0.1015    0.1044    0.1071    0.1096    0.112    0.1143    0.1164    0.1184    0.1202    0.122    0.1237    0.1252    0.1267    0.1281    0.1294    
SB123    1.666e-17    0.007851    0.01603    0.02393    0.03151    0.03873    0.04557    0.05203    0.05811    0.06382    0.06916    0.07415    0.07882    0.08316    0.0872    0.09095    0.09444    0.09767    0.1007    0.1034    0.106    0.1084    0.1105    0.1126    0.1144    0.1161    0.1177    0.1191    0.1204    0.1216    0.1227    0.1237    0.1246    
SN124    2.295e-17    0.01045    0.02088    0.03063    0.03975    0.04828    0.05625    0.06371    0.07069    0.07722    0.08333    0.08905    0.0944    0.09941    0.1041    0.1085    0.1126    0.1165    0.1201    0.1235    0.1266    0.1296    0.1324    0.135    0.1375    0.1398    0.142    0.144    0.1459    0.1477    0.1494    0.1511    0.1526    
SB125    2.357e-17    0.01254    0.02554    0.03727    0.0478    0.05722    0.06562    0.07308    0.07969    0.0855    0.09059    0.09501    0.09881    0.1021    0.1048    0.1071    0.1089    0.1104    0.1115    0.1122    0.1127    0.113    0.1129    0.1127    0.1123    0.1117    0.111    0.1101    0.1091    0.108    0.1068    0.1056    0.1042    
TE125    1.854e-20    0.0001597    0.0007146    0.001664    0.002986    0.00465    0.006624    0.008877    0.01138    0.0141    0.01702    0.0201    0.02334    0.02669    0.03016    0.03371    0.03733    0.04102    0.04475    0.04851    0.05229    0.05609    0.05989    0.06368    0.06747    0.07123    0.07497    0.07868    0.08235    0.08599    0.08959    0.09314    0.09664    
SN126    5.223e-17    0.02378    0.04756    0.06982    0.09065    0.1102    0.1284    0.1455    0.1616    0.1766    0.1907    0.2039    0.2163    0.228    0.2389    0.2491    0.2588    0.2678    0.2763    0.2843    0.2918    0.2989    0.3056    0.3119    0.3178    0.3235    0.3288    0.3338    0.3385    0.343    0.3473    0.3513    0.3552    
TE127M    4.251e-18    0.006745    0.01241    0.01605    0.01824    0.01941    0.01986    0.01983    0.01946    0.01888    0.01816    0.01736    0.01651    0.01566    0.01482    0.01399    0.01319    0.01243    0.01171    0.01102    0.01037    0.00976    0.009187    0.008649    0.008146    0.007675    0.007235    0.006824    0.00644    0.006083    0.00575    0.00544    0.005151    
I127    1.882e-17    0.04875    0.1068    0.1626    0.2155    0.2657    0.3129    0.3572    0.3987    0.4374    0.4736    0.5072    0.5385    0.5675    0.5945    0.6195    0.6426    0.664    0.6838    0.702    0.7189    0.7344    0.7486    0.7618    0.7738    0.7849    0.795    0.8043    0.8127    0.8205    0.8275    0.8338    0.8396    
TE128    2.127e-16    0.09925    0.1987    0.2918    0.379    0.4606    0.537    0.6087    0.6758    0.7388    0.7978    0.8532    0.9051    0.9538    0.9996    1.043    1.083    1.121    1.157    1.19    1.222    1.251    1.28    1.306    1.331    1.354    1.377    1.398    1.418    1.437    1.454    1.472    1.488    
XE128    1.593e-23    0.0001241    0.0005634    0.001309    0.002345    0.003659    0.005232    0.007051    0.009099    0.01136    0.01382    0.01647    0.01929    0.02227    0.0254    0.02866    0.03205    0.03556    0.03918    0.04289    0.0467    0.05059    0.05456    0.0586    0.06271    0.06687    0.07109    0.07535    0.07966    0.08401    0.0884    0.09282    0.09727    
TE129M    5.151e-17    0.01678    0.02239    0.02334    0.02269    0.02154    0.02028    0.01904    0.01785    0.01673    0.01569    0.01471    0.0138    0.01295    0.01215    0.01141    0.01071    0.01006    0.009456    0.008891    0.008364    0.007872    0.007414    0.006986    0.006588    0.006217    0.005871    0.005549    0.005249    0.004971    0.004712    0.004471    0.004248    
I129    3.422e-16    0.1827    0.3775    0.5638    0.7392    0.9035    1.057    1.201    1.335    1.46    1.577    1.687    1.789    1.884    1.974    2.057    2.135    2.207    2.275    2.339    2.398    2.453    2.505    2.553    2.599    2.641    2.681    2.718    2.752    2.785    2.815    2.844    2.87    
TE130    8.879e-16    0.4059    0.8116    1.191    1.546    1.878    2.189    2.48    2.753    3.008    3.247    3.471    3.681    3.878    4.062    4.235    4.397    4.55    4.692    4.826    4.952    5.071    5.182    5.287    5.385    5.478    5.565    5.648    5.725    5.799    5.868    5.934    5.996    
XE130    2.554e-20    0.0001817    0.0007555    0.001709    0.003022    0.004672    0.006638    0.008898    0.01143    0.01422    0.01725    0.02051    0.02397    0.02762    0.03146    0.03546    0.03963    0.04393    0.04838    0.05295    0.05764    0.06245    0.06735    0.07235    0.07744    0.08262    0.08787    0.0932    0.09859    0.1041    0.1096    0.1151    0.1208    
I131    1.341e-15    0.176    0.1684    0.1575    0.1473    0.1378    0.129    0.1207    0.113    0.1058    0.0991    0.09282    0.08696    0.08148    0.07636    0.07158    0.06711    0.06294    0.05905    0.05541    0.05202    0.04885    0.0459    0.04314    0.04057    0.03818    0.03594    0.03386    0.03192    0.03011    0.02843    0.02686    0.0254    
XE131    1.761e-16    0.5537    1.276    1.935    2.529    3.065    3.547    3.978    4.362    4.704    5.007    5.273    5.505    5.707    5.88    6.027    6.151    6.252    6.333    6.396    6.442    6.473    6.49    6.494    6.487    6.469    6.442    6.407    6.364    6.314    6.258    6.197    6.131    
TE132    1.76e-15    0.1053    0.09897    0.09249    0.08649    0.08091    0.07571    0.07085    0.06632    0.06209    0.05814    0.05445    0.051    0.04778    0.04477    0.04196    0.03934    0.03689    0.0346    0.03246    0.03047    0.0286    0.02687    0.02525    0.02373    0.02232    0.02101    0.01979    0.01864    0.01758    0.01659    0.01567    0.01481    
XE132    6.225e-16    0.993    2.12    3.197    4.225    5.207    6.147    7.045    7.905    8.728    9.516    10.27    11    11.69    12.36    13    13.61    14.2    14.77    15.31    15.84    16.34    16.83    17.3    17.75    18.19    18.61    19.01    19.41    19.78    20.15    20.5    20.85    
I133    1.283e-15    0.04007    0.03765    0.03519    0.0329    0.03078    0.0288    0.02695    0.02522    0.02361    0.02211    0.0207    0.01939    0.01816    0.01701    0.01594    0.01494    0.01401    0.01314    0.01232    0.01156    0.01085    0.01019    0.009573    0.008997    0.00846    0.007959    0.007491    0.007056    0.00665    0.006272    0.00592    0.005593    
XE133    1.776e-15    0.2369    0.2233    0.2088    0.1952    0.1827    0.1709    0.16    0.1498    0.1402    0.1313    0.123    0.1152    0.1079    0.1011    0.09478    0.08885    0.08332    0.07816    0.07333    0.06883    0.06463    0.06071    0.05705    0.05364    0.05046    0.04749    0.04472    0.04215    0.03974    0.03751    0.03542    0.03349    
CS133    2.849e-16    1.265    2.817    4.253    5.578    6.799    7.925    8.961    9.913    10.79    11.59    12.32    13    13.61    14.17    14.67    15.13    15.55    15.92    16.26    16.56    16.83    17.07    17.28    17.46    17.62    17.76    17.87    17.97    18.05    18.11    18.15    18.18    
XE134    4.06e-15    1.905    3.811    5.592    7.259    8.817    10.27    11.64    12.91    14.11    15.23    16.27    17.25    18.17    19.03    19.83    20.58    21.29    21.95    22.57    23.15    23.69    24.2    24.68    25.13    25.56    25.95    26.33    26.68    27.01    27.32    27.61    27.89    
CS134    1.764e-20    0.005823    0.02839    0.06627    0.1174    0.18    0.2524    0.333    0.4205    0.5136    0.6113    0.7126    0.8165    0.9223    1.029    1.137    1.244    1.351    1.457    1.561    1.664    1.765    1.863    1.959    2.052    2.143    2.231    2.315    2.397    2.475    2.55    2.623    2.691    
BA134    2.439e-23    7.522e-05    0.0008003    0.002923    0.007097    0.01389    0.02378    0.03719    0.05445    0.07585    0.1016    0.1319    0.1669    0.2067    0.2514    0.3009    0.3553    0.4145    0.4786    0.5475    0.621    0.6991    0.7817    0.8687    0.96    1.055    1.155    1.258    1.365    1.475    1.589    1.706    1.826    
CS135    2.626e-15    0.8819    1.774    2.606    3.382    4.106    4.782    5.413    6.002    6.551    7.064    7.543    7.99    8.408    8.798    9.162    9.502    9.819    10.12    10.39    10.65    10.89    11.12    11.33    11.53    11.72    11.89    12.05    12.2    12.35    12.48    12.6    12.72    
XE136    3.908e-15    2.555    5.118    7.514    9.755    11.85    13.81    15.65    17.36    18.97    20.48    21.88    23.2    24.44    25.59    26.68    27.69    28.64    29.53    30.37    31.15    31.89    32.58    33.23    33.84    34.41    34.95    35.45    35.93    36.38    36.8    37.2    37.57    
BA136    6.969e-19    0.00314    0.009684    0.0182    0.02846    0.04033    0.0537    0.06849    0.08458    0.1019    0.1204    0.1399    0.1605    0.1819    0.2043    0.2274    0.2513    0.2759    0.3012    0.3271    0.3536    0.3806    0.4082    0.4362    0.4646    0.4935    0.5228    0.5524    0.5824    0.6127    0.6433    0.6742    0.7054    
CS137    3.425e-15    1.559    3.11    4.555    5.902    7.156    8.325    9.413    10.43    11.37    12.25    13.06    13.82    14.53    15.19    15.8    16.36    16.89    17.38    17.83    18.25    18.64    19.01    19.34    19.65    19.93    20.2    20.44    20.67    20.88    21.07    21.24    21.41    
BA137    5.181e-19    0.002433    0.009937    0.02217    0.03882    0.05956    0.08413    0.1123    0.1437    0.1782    0.2156    0.2556    0.2981    0.343    0.3899    0.4389    0.4896    0.5421    0.5962    0.6518    0.7087    0.7668    0.8262    0.8866    0.948    1.01    1.073    1.137    1.202    1.267    1.333    1.4    1.467    
BA138    3.342e-15    1.543    3.086    4.527    5.876    7.137    8.317    9.421    10.45    11.42    12.33    13.17    13.97    14.71    15.4    16.06    16.67    17.24    17.77    18.28    18.75    19.19    19.6    19.99    20.36    20.7    21.03    21.33    21.62    21.89    22.14    22.38    22.6    
LA139    3.207e-15    1.503    3.005    4.408    5.719    6.943    8.087    9.157    10.16    11.09    11.96    12.78    13.54    14.25    14.92    15.54    16.12    16.67    17.17    17.65    18.09    18.51    18.9    19.26    19.6    19.92    20.22    20.5    20.76    21    21.23    21.45    21.65    
BA140    2.867e-15    0.5055    0.5138    0.4831    0.452    0.4228    0.3955    0.3701    0.3463    0.3241    0.3034    0.284    0.266    0.2491    0.2333    0.2185    0.2047    0.1919    0.1799    0.1687    0.1582    0.1484    0.1393    0.1308    0.1228    0.1154    0.1085    0.1021    0.09607    0.09047    0.08525    0.08039    0.07587    
LA140    1.658e-16    0.06637    0.06818    0.06422    0.06015    0.05633    0.05277    0.04944    0.04633    0.04343    0.04072    0.03819    0.03582    0.03361    0.03155    0.02962    0.02782    0.02613    0.02456    0.0231    0.02173    0.02045    0.01926    0.01814    0.0171    0.01614    0.01523    0.01439    0.0136    0.01287    0.01219    0.01156    0.01096    
CE140    7.677e-17    0.8991    2.357    3.765    5.087    6.324    7.483    8.569    9.586    10.54    11.43    12.27    13.06    13.79    14.48    15.13    15.74    16.31    16.85    17.36    17.83    18.28    18.7    19.09    19.47    19.82    20.15    20.46    20.76    21.04    21.3    21.55    21.79    
CE141    2.341e-15    0.7509    0.9906    1.025    0.9932    0.9408    0.8844    0.829    0.7765    0.7271    0.6808    0.6376    0.5972    0.5595    0.5242    0.4913    0.4605    0.4318    0.405    0.3799    0.3565    0.3347    0.3144    0.2954    0.2776    0.2611    0.2457    0.2313    0.2179    0.2054    0.1938    0.183    0.1729    
PR141    7.565e-17    0.4442    1.403    2.488    3.566    4.595    5.565    6.474    7.324    8.119    8.862    9.557    10.21    10.81    11.38    11.91    12.41    12.87    13.3    13.71    14.09    14.44    14.78    15.09    15.38    15.65    15.91    16.14    16.37    16.58    16.77    16.96    17.13    
CE142    2.499e-15    1.177    2.355    3.458    4.489    5.453    6.356    7.2    7.99    8.73    9.422    10.07    10.68    11.24    11.78    12.28    12.74    13.18    13.59    13.98    14.34    14.68    14.99    15.29    15.57    15.84    16.08    16.32    16.54    16.74    16.94    17.12    17.29    
ND142    0    0.0001497    0.001054    0.003002    0.006043    0.01014    0.01524    0.02128    0.0282    0.03594    0.04444    0.05366    0.06354    0.07404    0.08511    0.09673    0.1088    0.1214    0.1345    0.1479    0.1617    0.1759    0.1903    0.2051    0.2202    0.2356    0.2511    0.267    0.283    0.2992    0.3156    0.3322    0.349    
CE143    1.255e-15    0.04552    0.04278    0.03998    0.03739    0.03498    0.03273    0.03063    0.02868    0.02685    0.02514    0.02354    0.02205    0.02066    0.01936    0.01815    0.01701    0.01595    0.01496    0.01404    0.01318    0.01237    0.01162    0.01092    0.01026    0.009655    0.009086    0.008556    0.008062    0.007602    0.007173    0.006773    0.006401    
PR143    1.115e-15    0.3982    0.4144    0.3908    0.3657    0.3422    0.3202    0.2996    0.2805    0.2626    0.2459    0.2302    0.2156    0.202    0.1893    0.1774    0.1663    0.1559    0.1462    0.1371    0.1287    0.1208    0.1135    0.1066    0.1002    0.09422    0.08865    0.08346    0.07862    0.07411    0.06991    0.06599    0.06235    
ND143    6.44e-17    0.664    1.75    2.793    3.76    4.652    5.475    6.234    6.933    7.576    8.167    8.709    9.205    9.66    10.07    10.45    10.8    11.11    11.39    11.65    11.88    12.08    12.27    12.43    12.58    12.7    12.81    12.91    12.99    13.05    13.11    13.15    13.19    
CE144    2.273e-15    0.981    1.844    2.544    3.105    3.546    3.885    4.137    4.315    4.431    4.495    4.514    4.497    4.45    4.379    4.288    4.181    4.062    3.935    3.8    3.662    3.521    3.379    3.237    3.096    2.958    2.822    2.69    2.562    2.437    2.318    2.202    2.092    
ND144    8.293e-18    0.06339    0.2548    0.5522    0.9363    1.391    1.901    2.454    3.041    3.653    4.281    4.919    5.563    6.207    6.848    7.483    8.109    8.724    9.327    9.917    10.49    11.05    11.6    12.12    12.64    13.13    13.61    14.08    14.53    14.97    15.39    15.79    16.19    
ND145    1.553e-15    0.7955    1.59    2.326    3.008    3.639    4.224    4.764    5.264    5.726    6.152    6.545    6.908    7.241    7.548    7.83    8.088    8.325    8.541    8.739    8.918    9.082    9.23    9.365    9.486    9.595    9.692    9.779    9.856    9.924    9.983    10.04    10.08    
ND146    1.511e-15    0.6992    1.404    2.07    2.699    3.294    3.857    4.391    4.896    5.375    5.83    6.262    6.672    7.062    7.434    7.788    8.125    8.448    8.755    9.049    9.331    9.601    9.859    10.11    10.35    10.58    10.8    11.01    11.21    11.41    11.6    11.79    11.97    
ND147    1.166e-15    0.1844    0.1825    0.1711    0.16    0.1498    0.1402    0.1312    0.1228    0.115    0.1077    0.1009    0.09453    0.08858    0.08302    0.07783    0.07298    0.06846    0.06423    0.06028    0.0566    0.05316    0.04995    0.04696    0.04417    0.04156    0.03913    0.03687    0.03476    0.03279    0.03096    0.02925    0.02766    
PM147    1.129e-16    0.384    0.9059    1.355    1.73    2.041    2.295    2.498    2.658    2.779    2.868    2.927    2.961    2.974    2.969    2.948    2.914    2.869    2.814    2.753    2.685    2.613    2.537    2.458    2.378    2.297    2.215    2.134    2.053    1.973    1.894    1.818    1.743    
SM147    8.298e-20    0.005248    0.0283    0.06804    0.1213    0.1852    0.2572    0.3354    0.4176    0.5025    0.5887    0.6749    0.7604    0.8441    0.9256    1.004    1.08    1.151    1.219    1.283    1.343    1.398    1.449    1.496    1.539    1.578    1.612    1.643    1.67    1.693    1.713    1.729    1.742    
ND148    1.107e-15    0.5069    1.014    1.487    1.929    2.342    2.728    3.089    3.426    3.74    4.035    4.309    4.566    4.806    5.03    5.24    5.435    5.618    5.789    5.949    6.098    6.238    6.368    6.49    6.604    6.711    6.811    6.904    6.992    7.073    7.15    7.221    7.289    
PM148    2.508e-22    0.002011    0.004777    0.00717    0.009173    0.01083    0.01218    0.01327    0.01412    0.01477    0.01524    0.01556    0.01575    0.01582    0.01579    0.01568    0.0155    0.01526    0.01497    0.01464    0.01429    0.0139    0.0135    0.01308    0.01265    0.01222    0.01179    0.01135    0.01092    0.0105    0.01008    0.009673    0.009274    
PM148M    3.106e-22    0.001436    0.004818    0.008058    0.01082    0.01311    0.015    0.01652    0.01773    0.01866    0.01935    0.01984    0.02014    0.02028    0.02029    0.02019    0.01999    0.01972    0.01937    0.01897    0.01852    0.01804    0.01753    0.017    0.01646    0.0159    0.01535    0.01479    0.01424    0.01369    0.01315    0.01262    0.0121    
SM148    6.757e-23    0.004645    0.02844    0.07261    0.1347    0.2123    0.3032    0.4055    0.5174    0.6373    0.7639    0.8959    1.032    1.172    1.314    1.458    1.603    1.748    1.893    2.038    2.182    2.324    2.465    2.605    2.742    2.877    3.01    3.14    3.267    3.393    3.515    3.635    3.752    
PM149    5.242e-16    0.02531    0.02437    0.02338    0.02241    0.02147    0.02055    0.01966    0.01879    0.01795    0.01713    0.01634    0.01558    0.01485    0.01414    0.01347    0.01282    0.0122    0.01161    0.01104    0.0105    0.009989    0.009499    0.009034    0.008591    0.008171    0.007773    0.007396    0.007038    0.0067    0.00638    0.006078    0.005793    
SM149    2.845e-16    0.1633    0.1888    0.1859    0.1791    0.1718    0.1646    0.1576    0.1508    0.1442    0.1378    0.1316    0.1257    0.1199    0.1144    0.1091    0.1041    0.0992    0.09457    0.09015    0.08593    0.08191    0.07809    0.07446    0.07101    0.06774    0.06464    0.0617    0.05892    0.0563    0.05382    0.05147    0.04926    
ND150    6.9e-16    0.314    0.6271    0.9195    1.193    1.448    1.686    1.909    2.117    2.312    2.493    2.663    2.822    2.97    3.109    3.238    3.359    3.472    3.578    3.677    3.769    3.855    3.936    4.011    4.082    4.148    4.21    4.267    4.321    4.372    4.419    4.464    4.505    
SM150    2.153e-19    0.195    0.5651    0.9457    1.313    1.663    1.996    2.313    2.613    2.898    3.168    3.423    3.665    3.892    4.107    4.309    4.499    4.678    4.846    5.003    5.15    5.288    5.417    5.538    5.65    5.755    5.852    5.943    6.026    6.104    6.176    6.243    6.304    
SM151    2.795e-16    0.2077    0.3779    0.5    0.5852    0.6422    0.678    0.6977    0.7053    0.7041    0.6965    0.6842    0.6688    0.6513    0.6325    0.6131    0.5935    0.574    0.555    0.5365    0.5187    0.5017    0.4855    0.47    0.4555    0.4417    0.4287    0.4165    0.405    0.3943    0.3842    0.3747    0.3658    
SM152    4.2e-16    0.2093    0.4466    0.6854    0.9168    1.134    1.334    1.515    1.674    1.813    1.931    2.03    2.111    2.175    2.223    2.258    2.28    2.291    2.292    2.285    2.271    2.25    2.223    2.192    2.158    2.12    2.08    2.038    1.995    1.951    1.906    1.861    1.816    
SM153    1.928e-16    0.009278    0.009959    0.01065    0.01134    0.012    0.0126    0.01312    0.01357    0.01393    0.01421    0.01442    0.01456    0.01462    0.01463    0.01458    0.01449    0.01435    0.01418    0.01397    0.01374    0.01349    0.01322    0.01294    0.01265    0.01235    0.01204    0.01174    0.01143    0.01112    0.01082    0.01052    0.01023    
EU153    1.21e-16    0.1387    0.298    0.4607    0.627    0.7964    0.9678    1.14    1.312    1.482    1.648    1.811    1.967    2.118    2.261    2.396    2.524    2.642    2.752    2.853    2.944    3.027    3.101    3.166    3.223    3.272    3.313    3.347    3.373    3.393    3.407    3.414    3.416    
SM154    2.263e-16    0.1039    0.2076    0.3044    0.395    0.4796    0.5586    0.6326    0.7017    0.7662    0.8266    0.883    0.9357    0.985    1.031    1.074    1.114    1.152    1.187    1.219    1.25    1.278    1.305    1.33    1.353    1.374    1.395    1.413    1.431    1.447    1.462    1.477    1.49    
EU154    3.321e-21    0.003394    0.01449    0.03269    0.05745    0.08828    0.1247    0.1662    0.2122    0.2624    0.316    0.3725    0.4314    0.4922    0.5543    0.6171    0.6803    0.7433    0.8056    0.867    0.9271    0.9854    1.042    1.096    1.148    1.197    1.243    1.287    1.328    1.366    1.4    1.432    1.461    
GD154    0    1.18e-05    0.0001036    0.0003559    0.0008418    0.001628    0.002776    0.00434    0.006368    0.008904    0.01198    0.01563    0.01988    0.02474    0.03022    0.03634    0.04308    0.05044    0.05841    0.06698    0.07613    0.08583    0.09606    0.1068    0.118    0.1296    0.1417    0.1541    0.1668    0.1798    0.1931    0.2067    0.2204    
EU155    1.399e-16    0.04637    0.06836    0.07715    0.08026    0.08124    0.08177    0.08259    0.08402    0.08617    0.08906    0.09262    0.0968    0.1015    0.1067    0.1123    0.1181    0.1242    0.1304    0.1367    0.1431    0.1493    0.1555    0.1616    0.1675    0.1732    0.1786    0.1837    0.1886    0.1932    0.1974    0.2013    0.2048    
EU156    8.197e-17    0.02833    0.03834    0.04148    0.04192    0.04134    0.04048    0.03968    0.0391    0.03878    0.03875    0.03898    0.03946    0.04016    0.04106    0.04212    0.04333    0.04464    0.04605    0.04752    0.04904    0.05057    0.05212    0.05365    0.05515    0.05662    0.05803    0.05938    0.06067    0.06188    0.063    0.06404    0.06499    
GD156    4.885e-18    0.03629    0.1149    0.2071    0.3027    0.3976    0.4903    0.5807    0.669    0.7558    0.8418    0.9277    1.014    1.101    1.19    1.281    1.373    1.469    1.567    1.668    1.772    1.879    1.99    2.103    2.22    2.339    2.462    2.587    2.714    2.844    2.977    3.111    3.247    
GD157    5.825e-17    0.01418    0.01511    0.01463    0.01401    0.0134    0.01283    0.0123    0.01181    0.01138    0.01098    0.01063    0.01033    0.01006    0.009834    0.009643    0.009487    0.009365    0.009274    0.009214    0.009181    0.009174    0.009193    0.009234    0.009297    0.00938    0.009482    0.0096    0.009735    0.009883    0.01005    0.01022    0.0104    
GD158    5.323e-17    0.04891    0.1133    0.1759    0.2352    0.2913    0.3444    0.3947    0.4424    0.4876    0.5306    0.5716    0.6107    0.6481    0.6841    0.7186    0.752    0.7842    0.8155    0.846    0.8758    0.905    0.9336    0.9619    0.9898    1.018    1.045    1.072    1.1    1.127    1.155    1.182    1.21    
TB159    2.15e-17    0.01466    0.0295    0.04323    0.05593    0.06768    0.07854    0.08857    0.09784    0.1064    0.1143    0.1215    0.1282    0.1344    0.1401    0.1453    0.1501    0.1545    0.1586    0.1623    0.1657    0.1688    0.1717    0.1743    0.1767    0.1789    0.181    0.1828    0.1846    0.1862    0.1876    0.189    0.1903    
GD160    1.437e-17    0.006551    0.01308    0.01918    0.02488    0.03021    0.03518    0.03983    0.04418    0.04824    0.05203    0.05558    0.05889    0.06199    0.06488    0.06759    0.07011    0.07248    0.07468    0.07675    0.07868    0.08048    0.08217    0.08374    0.08522    0.08659    0.08788    0.08909    0.09022    0.09127    0.09226    0.09319    0.09405    
DY161    9.255e-19    0.002394    0.005275    0.00781    0.01004    0.01202    0.01377    0.01534    0.01675    0.01803    0.01919    0.02027    0.02127    0.0222    0.02309    0.02393    0.02474    0.02553    0.02629    0.02704    0.02777    0.0285    0.02921    0.02992    0.03063    0.03133    0.03203    0.03272    0.03341    0.0341    0.03478    0.03546    0.03614    
DY162    2.143e-18    0.001004    0.0021    0.003211    0.004318    0.005407    0.006468    0.007494    0.008479    0.009421    0.01032    0.01117    0.01198    0.01275    0.01348    0.01417    0.01482    0.01545    0.01604    0.01661    0.01716    0.01769    0.01819    0.01869    0.01917    0.01963    0.02009    0.02054    0.02098    0.02142    0.02185    0.02228    0.02271    
