TIME    3   50   100   150   200   250   300   350   400   450   500   550   600   650   700   750   800   850   900   950   1000   1050   1100   1150   1200   1250   1300   1350   1400   1450   1500   1550   1600   
NEUT_PROD    4.2   4.21   4.22   4.25   4.3   4.36   4.45   4.55   4.68   4.84   5.02   5.22   5.45   5.71   5.99   6.3   6.63   6.98   7.36   7.76   8.18   8.62   9.08   9.55   10   10.6   11.1   11.6   12.1   12.7   13.3   13.8   14.4   
NEUT_DEST    30.9   31.8   32.7   33.7   34.5   35.2   35.9   36.6   37.2   37.8   38.4   38.9   39.4   39.9   40.3   40.8   41.2   41.6   41.9   42.3   42.6   42.9   43.2   43.5   43.8   44   44.3   44.5   44.7   44.9   45.1   45.3   45.5   
BUd    1.3e-15    0.619    0.663    0.664    0.668    0.674    0.683    0.695    0.71    0.728    0.75    0.776    0.805    0.838    0.875    0.915    0.959    1.01    1.06    1.11    1.17    1.23    1.29    1.35    1.42    1.49    1.56    1.63    1.71    1.78    1.86    1.94    2.02    
HE4    2.432e-07    1.42e-05    8.949e-05    0.0002829    0.0006462    0.001227    0.002067    0.003204    0.004674    0.006508    0.008731    0.01137    0.01444    0.01797    0.02196    0.02644    0.03141    0.03688    0.04286    0.04935    0.05636    0.06389    0.07194    0.0805    0.08959    0.09918    0.1093    0.1199    0.131    0.1426    0.1547    0.1672    0.1802    
PU240    6.763e-20    0.0005526    0.004519    0.01514    0.03523    0.06722    0.1132    0.1749    0.2537    0.3509    0.4673    0.6037    0.7606    0.9382    1.137    1.356    1.596    1.857    2.138    2.439    2.758    3.097    3.453    3.826    4.216    4.621    5.041    5.474    5.921    6.38    6.85    7.33    7.82    
PU241    7.213e-18    0.003265    0.006535    0.009792    0.01333    0.01752    0.02278    0.02958    0.03842    0.04981    0.06425    0.08226    0.1043    0.1309    0.1625    0.1996    0.2424    0.2914    0.347    0.4093    0.4787    0.5554    0.6395    0.7312    0.8306    0.9378    1.053    1.176    1.306    1.445    1.59    1.744    1.905    
PU242    1000    985    969.2    953.7    938.5    923.5    908.7    894.2    879.9    865.8    852    838.4    825    811.8    798.8    786    773.5    761.1    748.9    737    725.2    713.6    702.2    691    680    669.1    658.4    647.9    637.6    627.4    617.4    607.6    597.9    
PU243    3.081e-15    0.09102    0.08956    0.08813    0.08672    0.08533    0.08397    0.08263    0.08131    0.08001    0.07873    0.07747    0.07623    0.07501    0.07381    0.07263    0.07147    0.07033    0.06921    0.0681    0.06701    0.06594    0.06489    0.06385    0.06283    0.06183    0.06084    0.05987    0.05892    0.05798    0.05705    0.05614    0.05525    
PU244    0    0.001188    0.002709    0.00447    0.006453    0.008643    0.01102    0.01358    0.0163    0.01918    0.02219    0.02532    0.02857    0.03193    0.03538    0.03892    0.04254    0.04623    0.04998    0.05378    0.05763    0.06152    0.06545    0.06941    0.07339    0.07739    0.08141    0.08543    0.08946    0.09349    0.09752    0.1015    0.1056    
AM243    3.102e-14    14.05    28.15    41.34    53.67    65.16    75.88    85.86    95.15    103.8    111.8    119.2    126    132.3    138.1    143.4    148.3    152.8    156.8    160.5    163.9    166.8    169.5    171.9    174    175.8    177.4    178.7    179.8    180.7    181.4    181.9    182.3    
CM244    0    0.3233    1.342    2.996    5.226    7.98    11.21    14.86    18.88    23.25    27.92    32.85    38    43.36    48.88    54.54    60.31    66.18    72.11    78.09    84.1    90.12    96.14    102.1    108.1    114    119.9    125.7    131.4    137    142.6    148    153.3    
CM245    0    0.00173    0.01467    0.04919    0.114    0.2163    0.3619    0.5556    0.8008    1.1    1.456    1.869    2.339    2.867    3.451    4.092    4.786    5.533    6.33    7.175    8.066    8.999    9.973    10.99    12.03    13.11    14.22    15.35    16.51    17.68    18.88    20.09    21.31    
CM246    0    3.351e-06    5.903e-05    0.000302    0.0009445    0.002263    0.004585    0.008281    0.01375    0.02143    0.03174    0.04515    0.06212    0.08309    0.1085    0.1388    0.1745    0.2159    0.2634    0.3174    0.3783    0.4464    0.5219    0.6053    0.6967    0.7965    0.9047    1.022    1.147    1.282    1.426    1.579    1.741    
KR84    0    9.63e-08    4.096e-07    0.001872    0.003486    0.004996    0.006459    0.007906    0.009355    0.01082    0.01232    0.01385    0.01543    0.01707    0.01878    0.02055    0.02241    0.02435    0.02638    0.02852    0.03076    0.03311    0.03558    0.03817    0.04089    0.04374    0.04673    0.04986    0.05313    0.05655    0.06012    0.06385    0.06773    
RB85    0    7.726e-08    3.299e-07    0.001707    0.003183    0.004555    0.005877    0.007178    0.008476    0.009784    0.01111    0.01247    0.01387    0.01531    0.01681    0.01836    0.01999    0.02168    0.02346    0.02532    0.02726    0.02931    0.03145    0.03369    0.03605    0.03851    0.04109    0.04379    0.04661    0.04955    0.05262    0.05582    0.05915    
KR86    0    1.677e-07    7.109e-07    0.003063    0.005682    0.008113    0.01045    0.01275    0.01504    0.01734    0.01967    0.02206    0.02451    0.02703    0.02965    0.03237    0.03521    0.03817    0.04126    0.0445    0.0479    0.05146    0.05519    0.0591    0.0632    0.06749    0.07199    0.07668    0.08159    0.08671    0.09205    0.09761    0.1034    
RB87    0    2.046e-07    8.685e-07    0.003852    0.007153    0.01022    0.01316    0.01605    0.01893    0.02183    0.02477    0.02777    0.03085    0.03403    0.03732    0.04074    0.0443    0.04802    0.05191    0.05599    0.06026    0.06473    0.06942    0.07433    0.07948    0.08487    0.09051    0.09641    0.1026    0.109    0.1157    0.1227    0.13    
SR88    0    2.67e-07    1.136e-06    0.005375    0.009999    0.01429    0.01841    0.02246    0.02649    0.03055    0.03467    0.03887    0.04318    0.04764    0.05225    0.05704    0.06204    0.06725    0.0727    0.07841    0.08439    0.09066    0.09723    0.1041    0.1113    0.1189    0.1268    0.135    0.1437    0.1527    0.1621    0.1719    0.182    
Y89    0    6.066e-08    4.586e-07    0.001696    0.005766    0.01065    0.01578    0.02095    0.02611    0.03127    0.03645    0.04169    0.04702    0.05248    0.05809    0.06389    0.0699    0.07616    0.08268    0.08949    0.09662    0.1041    0.1119    0.1201    0.1286    0.1376    0.147    0.1569    0.1672    0.1779    0.1891    0.2008    0.213    
SR90    0    4.163e-07    1.766e-06    0.008518    0.01577    0.02248    0.02891    0.03521    0.04145    0.04771    0.05405    0.06049    0.0671    0.0739    0.08093    0.08822    0.0958    0.1037    0.112    0.1206    0.1296    0.1391    0.149    0.1593    0.1702    0.1815    0.1934    0.2057    0.2187    0.2321    0.2462    0.2608    0.2759    
Y91    0    4.191e-07    1.507e-06    0.00786    0.01109    0.01234    0.01277    0.01289    0.01291    0.01295    0.01305    0.01322    0.01347    0.01381    0.01421    0.01469    0.01524    0.01585    0.01653    0.01727    0.01806    0.0189    0.0198    0.02074    0.02172    0.02275    0.02381    0.02491    0.02604    0.0272    0.02838    0.02959    0.03082    
ZR91    0    8.143e-08    6.321e-07    0.002207    0.007752    0.01462    0.02198    0.02952    0.03711    0.04472    0.05238    0.06013    0.06801    0.07606    0.08433    0.09287    0.1017    0.1109    0.1205    0.1305    0.1409    0.1519    0.1633    0.1753    0.1879    0.2011    0.2148    0.2293    0.2443    0.2601    0.2765    0.2937    0.3116    
ZR92    0    6.382e-07    2.72e-06    0.01246    0.02325    0.03324    0.04286    0.05229    0.06169    0.07114    0.08073    0.09052    0.1006    0.1109    0.1217    0.1329    0.1445    0.1566    0.1694    0.1827    0.1966    0.2112    0.2265    0.2426    0.2594    0.277    0.2954    0.3147    0.3348    0.3559    0.3778    0.4006    0.4243    
ZR93    0    8.459e-07    3.612e-06    0.01624    0.03038    0.04345    0.05599    0.06827    0.08049    0.09276    0.1052    0.1179    0.1309    0.1443    0.1581    0.1725    0.1875    0.2032    0.2196    0.2367    0.2546    0.2734    0.2931    0.3137    0.3353    0.3579    0.3815    0.4062    0.432    0.4589    0.487    0.5162    0.5466    
ZR94    0    9.419e-07    3.999e-06    0.01841    0.03419    0.04885    0.06297    0.07686    0.09071    0.1046    0.1188    0.1333    0.1481    0.1635    0.1794    0.196    0.2132    0.2312    0.2501    0.2698    0.2905    0.3122    0.335    0.3588    0.3838    0.41    0.4374    0.4661    0.4961    0.5273    0.56    0.5939    0.6293    
ZR95    0    9.759e-07    3.528e-06    0.01664    0.02377    0.02684    0.02809    0.02856    0.02877    0.02894    0.02921    0.02962    0.03018    0.03092    0.03182    0.03288    0.0341    0.03547    0.03697    0.03861    0.04038    0.04227    0.04427    0.04638    0.04859    0.05089    0.05328    0.05575    0.05829    0.0609    0.06357    0.0663    0.06907    
NB95    0    1.383e-07    8.651e-07    0.003161    0.008194    0.01172    0.01375    0.01479    0.0153    0.01557    0.01576    0.01596    0.01621    0.01654    0.01696    0.01746    0.01805    0.01872    0.01947    0.0203    0.02121    0.02218    0.02322    0.02432    0.02548    0.02669    0.02795    0.02927    0.03062    0.03202    0.03345    0.03491    0.03641    
MO95    0    3.435e-08    4.733e-07    0.001079    0.006749    0.01666    0.02922    0.04318    0.05782    0.07275    0.08782    0.103    0.1184    0.1339    0.1498    0.166    0.1827    0.1999    0.2178    0.2363    0.2557    0.2758    0.2969    0.3189    0.3419    0.366    0.3912    0.4175    0.445    0.4738    0.5038    0.5351    0.5677    
ZR96    0    1.288e-06    5.452e-06    0.02211    0.04101    0.05855    0.07543    0.092    0.1085    0.1251    0.1419    0.1591    0.1767    0.1949    0.2138    0.2334    0.2538    0.2751    0.2974    0.3208    0.3452    0.3709    0.3977    0.4259    0.4554    0.4863    0.5187    0.5525    0.5878    0.6247    0.6632    0.7033    0.745    
MO97    0    1.354e-06    5.803e-06    0.02345    0.04419    0.06332    0.08168    0.09967    0.1176    0.1355    0.1537    0.1723    0.1914    0.2111    0.2314    0.2526    0.2746    0.2976    0.3217    0.3468    0.3732    0.4008    0.4298    0.4602    0.492    0.5253    0.5601    0.5966    0.6346    0.6744    0.7158    0.759    0.8039    
MO98    0    1.56e-06    6.6e-06    0.0257    0.04767    0.06804    0.08763    0.1069    0.126    0.1452    0.1648    0.1847    0.2051    0.2262    0.2481    0.2708    0.2944    0.3191    0.3449    0.372    0.4003    0.43    0.4611    0.4937    0.5279    0.5637    0.6011    0.6403    0.6812    0.7239    0.7685    0.8149    0.8631    
TC99    0    1.654e-06    7.326e-06    0.02464    0.04868    0.07033    0.09077    0.1106    0.1301    0.1495    0.169    0.1887    0.2089    0.2296    0.2509    0.2729    0.2958    0.3196    0.3444    0.3702    0.3973    0.4256    0.4552    0.4862    0.5186    0.5524    0.5878    0.6247    0.6632    0.7033    0.7451    0.7886    0.8337    
MO100    0    1.876e-06    7.936e-06    0.0311    0.05769    0.08236    0.1061    0.1294    0.1526    0.1759    0.1996    0.2238    0.2486    0.2742    0.3008    0.3283    0.3571    0.3871    0.4185    0.4513    0.4857    0.5218    0.5597    0.5994    0.6409    0.6845    0.73    0.7777    0.8275    0.8794    0.9336    0.9901    1.049    
RU101    0    1.855e-06    7.828e-06    0.02727    0.05051    0.07197    0.09253    0.1126    0.1326    0.1526    0.1728    0.1934    0.2145    0.2362    0.2586    0.2819    0.3061    0.3313    0.3577    0.3853    0.4141    0.4444    0.476    0.5092    0.5439    0.5803    0.6183    0.658    0.6995    0.7427    0.7878    0.8347    0.8835    
RU102    0    1.994e-06    8.426e-06    0.02808    0.05221    0.07471    0.09644    0.1179    0.1393    0.1609    0.183    0.2055    0.2287    0.2528    0.2777    0.3037    0.3309    0.3593    0.389    0.4202    0.453    0.4874    0.5235    0.5614    0.6012    0.6429    0.6866    0.7324    0.7802    0.8303    0.8826    0.9371    0.9939    
RU103    0    1.51e-06    5.029e-06    0.02248    0.02822    0.02908    0.02869    0.02817    0.02785    0.02779    0.02797    0.02838    0.02899    0.02978    0.03073    0.03185    0.0331    0.0345    0.03603    0.03768    0.03945    0.04133    0.04332    0.0454    0.04758    0.04984    0.05218    0.05459    0.05707    0.05961    0.0622    0.06485    0.06753    
RH103    0    4.417e-07    3.179e-06    0.009559    0.03056    0.0536    0.07608    0.09742    0.1177    0.1371    0.1559    0.1743    0.1925    0.2107    0.2289    0.2474    0.2663    0.2856    0.3055    0.326    0.3473    0.3694    0.3923    0.4162    0.4411    0.4669    0.4938    0.5217    0.5508    0.5809    0.6122    0.6446    0.678    
RU104    0    2.199e-06    9.275e-06    0.0283    0.05255    0.07507    0.09674    0.118    0.1392    0.1605    0.1821    0.2042    0.2269    0.2503    0.2746    0.2998    0.3261    0.3535    0.3823    0.4124    0.4439    0.477    0.5117    0.5481    0.5863    0.6263    0.6682    0.712    0.7578    0.8056    0.8556    0.9076    0.9618    
PD104    0    4.111e-09    6.335e-08    0.0001204    0.0008688    0.002467    0.004932    0.008226    0.01231    0.01714    0.02269    0.02894    0.03588    0.04351    0.05181    0.06081    0.07051    0.08093    0.09208    0.104    0.1167    0.1302    0.1445    0.1597    0.1759    0.193    0.211    0.2301    0.2503    0.2715    0.2939    0.3175    0.3424    
PD105    0    1.768e-06    7.645e-06    0.02304    0.0442    0.06353    0.08196    0.09994    0.1178    0.1356    0.1536    0.172    0.1908    0.2101    0.2301    0.2509    0.2725    0.295    0.3186    0.3432    0.369    0.3961    0.4244    0.4541    0.4852    0.5178    0.5519    0.5875    0.6247    0.6636    0.7041    0.7463    0.7902    
RU106    0    1.922e-06    7.835e-06    0.01975    0.03484    0.04734    0.05812    0.06766    0.07628    0.08422    0.09166    0.09875    0.1056    0.1124    0.1192    0.126    0.1329    0.1401    0.1475    0.1552    0.1633    0.1717    0.1805    0.1897    0.1993    0.2094    0.2199    0.2308    0.2421    0.2539    0.2661    0.2787    0.2917    
PD106    0    1.439e-07    8.722e-07    0.001976    0.00564    0.01061    0.01673    0.02385    0.0319    0.04079    0.0505    0.06097    0.07219    0.08416    0.09687    0.1103    0.1246    0.1396    0.1554    0.1721    0.1897    0.2083    0.2278    0.2483    0.2699    0.2926    0.3165    0.3416    0.3679    0.3956    0.4246    0.455    0.4869    
PD107    0    1.742e-06    7.309e-06    0.01539    0.02852    0.04066    0.0523    0.0637    0.07502    0.08639    0.0979    0.1096    0.1217    0.1341    0.1469    0.1603    0.1742    0.1887    0.2039    0.2198    0.2365    0.254    0.2724    0.2917    0.3119    0.3331    0.3553    0.3785    0.4028    0.4282    0.4547    0.4824    0.5111    
PD108    0    1.318e-06    5.523e-06    0.01083    0.02003    0.02853    0.03667    0.04462    0.05251    0.06041    0.0684    0.07653    0.08486    0.09344    0.1023    0.1115    0.1211    0.1311    0.1416    0.1525    0.164    0.1761    0.1887    0.202    0.2158    0.2304    0.2457    0.2616    0.2783    0.2957    0.3139    0.3329    0.3526    
AG109    0    7.734e-07    3.247e-06    0.006916    0.01279    0.01803    0.02291    0.02756    0.03206    0.03648    0.04085    0.04524    0.04966    0.05415    0.05875    0.06347    0.06836    0.07342    0.07868    0.08417    0.08989    0.09587    0.1021    0.1087    0.1155    0.1226    0.1301    0.1379    0.146    0.1544    0.1632    0.1724    0.1818    
PD110    0    4.132e-07    1.732e-06    0.003113    0.005775    0.008245    0.01062    0.01296    0.01529    0.01763    0.02001    0.02243    0.02493    0.02751    0.03019    0.03297    0.03588    0.03892    0.04211    0.04545    0.04896    0.05265    0.05652    0.06059    0.06486    0.06935    0.07405    0.07898    0.08414    0.08954    0.09518    0.1011    0.1072    
CD111    0    1.379e-07    7.179e-07    0.001068    0.002366    0.003537    0.00465    0.005735    0.006813    0.007896    0.008994    0.01012    0.01127    0.01247    0.01371    0.015    0.01636    0.01778    0.01927    0.02084    0.02249    0.02423    0.02607    0.028    0.03003    0.03217    0.03442    0.03678    0.03926    0.04187    0.04459    0.04745    0.05044    
I127    0    8.462e-08    3.943e-07    0.002202    0.004592    0.0068    0.008926    0.01101    0.01308    0.01515    0.01724    0.01936    0.02152    0.02374    0.02602    0.02838    0.03082    0.03336    0.03601    0.03877    0.04165    0.04466    0.0478    0.05109    0.05453    0.05812    0.06187    0.06578    0.06986    0.07411    0.07853    0.08313    0.08791    
TE128    0    1.737e-07    7.439e-07    0.004842    0.009    0.01286    0.01657    0.02021    0.02384    0.02748    0.03119    0.03496    0.03884    0.04284    0.04699    0.05129    0.05577    0.06045    0.06534    0.07046    0.07582    0.08144    0.08732    0.09348    0.09994    0.1067    0.1138    0.1211    0.1288    0.1369    0.1453    0.154    0.1631    
I129    0    3.139e-07    1.377e-06    0.00776    0.015    0.02184    0.02844    0.0349    0.0413    0.04772    0.05422    0.06083    0.0676    0.07456    0.08177    0.08924    0.09701    0.1051    0.1136    0.1224    0.1317    0.1414    0.1515    0.1622    0.1733    0.1849    0.1971    0.2098    0.2231    0.2369    0.2514    0.2664    0.282    
TE130    0    7.054e-07    2.997e-06    0.01442    0.02676    0.03821    0.04922    0.06004    0.07081    0.08165    0.09264    0.1039    0.1154    0.1273    0.1396    0.1524    0.1657    0.1796    0.1942    0.2094    0.2254    0.2421    0.2597    0.278    0.2973    0.3174    0.3385    0.3606    0.3836    0.4076    0.4327    0.4588    0.4859    
XE131    0    7.916e-07    4.211e-06    0.01577    0.03527    0.05227    0.06785    0.08256    0.0967    0.1105    0.1241    0.1376    0.1511    0.1648    0.1788    0.193    0.2077    0.2228    0.2384    0.2547    0.2715    0.289    0.3073    0.3263    0.3461    0.3667    0.3882    0.4105    0.4337    0.4577    0.4826    0.5085    0.5352    
XE132    0    1.715e-06    7.725e-06    0.0286    0.05774    0.08476    0.111    0.1371    0.1635    0.1903    0.2178    0.2462    0.2756    0.3062    0.338    0.3714    0.4063    0.4429    0.4813    0.5217    0.5641    0.6087    0.6556    0.7049    0.7566    0.8109    0.8679    0.9276    0.9902    1.056    1.124    1.195    1.27    
CS133    0    1.901e-06    9.587e-06    0.03244    0.06971    0.1028    0.1339    0.1638    0.1932    0.2223    0.2514    0.2809    0.3108    0.3415    0.373    0.4055    0.4391    0.4741    0.5105    0.5485    0.5881    0.6295    0.6727    0.7179    0.7652    0.8145    0.866    0.9198    0.9758    1.034    1.095    1.158    1.223    
XE134    0    3.289e-06    1.389e-05    0.04435    0.0824    0.1177    0.1516    0.185    0.2182    0.2516    0.2855    0.3201    0.3557    0.3924    0.4304    0.47    0.5112    0.5542    0.5993    0.6465    0.696    0.7479    0.8023    0.8594    0.9192    0.9819    1.048    1.116    1.188    1.263    1.341    1.423    1.508    
CS134    0    5.939e-09    6.481e-08    0.0001446    0.0007117    0.001634    0.002863    0.004366    0.006119    0.008106    0.01032    0.01274    0.01536    0.01819    0.02122    0.02445    0.02789    0.03153    0.03538    0.03945    0.04374    0.04826    0.05303    0.05804    0.06331    0.06885    0.07467    0.08078    0.08719    0.09391    0.1009    0.1083    0.116    
CS135    0    1.527e-06    6.497e-06    0.02385    0.04462    0.06378    0.08214    0.1001    0.118    0.1359    0.1541    0.1726    0.1916    0.2112    0.2315    0.2526    0.2745    0.2974    0.3214    0.3464    0.3727    0.4002    0.429    0.4593    0.4909    0.5241    0.5588    0.5951    0.633    0.6726    0.7139    0.7568    0.8016    
XE136    0    4.416e-06    1.868e-05    0.0623    0.1159    0.1657    0.2135    0.2605    0.3072    0.3543    0.402    0.4508    0.5009    0.5526    0.6061    0.6618    0.7198    0.7804    0.8439    0.9103    0.98    1.053    1.13    1.21    1.294    1.382    1.475    1.571    1.672    1.778    1.888    2.002    2.122    
CS137    0    2.697e-06    1.138e-05    0.04032    0.07467    0.1064    0.1369    0.1667    0.1963    0.226    0.256    0.2866    0.3179    0.3502    0.3836    0.4182    0.4542    0.4918    0.5311    0.5722    0.6152    0.6603    0.7075    0.7569    0.8087    0.8628    0.9195    0.9787    1.041    1.105    1.172    1.242    1.315    
BA138    0    2.666e-06    1.125e-05    0.03618    0.06715    0.0959    0.1236    0.1507    0.1778    0.205    0.2326    0.2609    0.2898    0.3198    0.3508    0.383    0.4166    0.4517    0.4884    0.5269    0.5672    0.6095    0.6539    0.7005    0.7492    0.8004    0.8539    0.9099    0.9685    1.03    1.093    1.16    1.229    
LA139    0    2.596e-06    1.096e-05    0.03525    0.06545    0.09344    0.1203    0.1468    0.173    0.1994    0.2262    0.2535    0.2816    0.3105    0.3405    0.3716    0.4041    0.438    0.4734    0.5106    0.5495    0.5903    0.633    0.6779    0.7249    0.7741    0.8256    0.8796    0.9359    0.9947    1.056    1.12    1.187    
BA140    0    1.222e-06    3.167e-06    0.01366    0.01213    0.01099    0.01039    0.01008    0.009949    0.009944    0.01004    0.01021    0.01045    0.01075    0.01111    0.01153    0.012    0.01251    0.01307    0.01368    0.01432    0.01501    0.01573    0.01648    0.01726    0.01808    0.01892    0.01978    0.02067    0.02158    0.02251    0.02345    0.02441    
CE140    0    1.21e-06    7.247e-06    0.02086    0.05358    0.08366    0.112    0.1396    0.1669    0.1942    0.2218    0.2499    0.2787    0.3084    0.3392    0.3711    0.4043    0.439    0.4753    0.5133    0.5532    0.595    0.6388    0.6848    0.733    0.7835    0.8364    0.8918    0.9498    1.01    1.073    1.139    1.208    
CE141    0    1.521e-06    4.89e-06    0.02224    0.0264    0.0263    0.0255    0.02486    0.02452    0.02446    0.02463    0.02501    0.02557    0.02628    0.02714    0.02813    0.02926    0.0305    0.03185    0.03332    0.03488    0.03655    0.0383    0.04014    0.04206    0.04405    0.04611    0.04823    0.05041    0.05264    0.05492    0.05724    0.05959    
PR141    0    5.49e-07    3.888e-06    0.01179    0.03692    0.06414    0.09099    0.1172    0.1429    0.1685    0.1943    0.2203    0.2469    0.2741    0.3022    0.3313    0.3615    0.3929    0.4257    0.4601    0.496    0.5336    0.573    0.6143    0.6576    0.703    0.7505    0.8001    0.8521    0.9063    0.9629    1.022    1.083    
CE142    0    2.036e-06    8.618e-06    0.0318    0.05911    0.08445    0.1088    0.1328    0.1566    0.1806    0.2049    0.2297    0.2553    0.2816    0.3088    0.3372    0.3667    0.3976    0.4298    0.4636    0.4991    0.5362    0.5751    0.6159    0.6587    0.7035    0.7504    0.7995    0.8508    0.9043    0.9601    1.018    1.079    
ND143    0    8.889e-07    5.424e-06    0.01635    0.04262    0.0665    0.08869    0.1099    0.1307    0.1512    0.1718    0.1925    0.2135    0.235    0.2571    0.2799    0.3035    0.328    0.3535    0.3801    0.4078    0.4368    0.4671    0.4988    0.5319    0.5665    0.6027    0.6404    0.6797    0.7207    0.7633    0.8076    0.8536    
CE144    0    1.728e-06    7.006e-06    0.02334    0.04057    0.05437    0.06587    0.07573    0.08438    0.09213    0.09925    0.1059    0.1123    0.1186    0.1248    0.1311    0.1375    0.1442    0.1512    0.1584    0.166    0.174    0.1824    0.1912    0.2005    0.2102    0.2202    0.2308    0.2417    0.253    0.2648    0.2769    0.2893    
ND144    0    7.317e-08    6.22e-07    0.001408    0.005649    0.01206    0.02025    0.02998    0.04105    0.05334    0.06675    0.08121    0.09668    0.1131    0.1306    0.149    0.1685    0.189    0.2106    0.2334    0.2573    0.2824    0.3089    0.3368    0.366    0.3968    0.4292    0.4632    0.4989    0.5363    0.5756    0.6168    0.66    
ND145    0    1.377e-06    5.821e-06    0.01977    0.03673    0.05229    0.06712    0.08156    0.09582    0.1101    0.1244    0.139    0.1539    0.1691    0.1849    0.2012    0.2181    0.2358    0.2542    0.2734    0.2935    0.3145    0.3365    0.3595    0.3836    0.4088    0.4351    0.4625    0.4912    0.521    0.5521    0.5845    0.6181    
ND146    0    1.206e-06    5.108e-06    0.01667    0.0311    0.04463    0.05779    0.07084    0.08394    0.09724    0.1108    0.1248    0.1392    0.1542    0.1698    0.1861    0.2032    0.2211    0.2398    0.2595    0.2803    0.302    0.3249    0.349    0.3743    0.4008    0.4286    0.4578    0.4884    0.5204    0.5538    0.5887    0.6252    
PM147    0    5.311e-07    2.923e-06    0.00849    0.01948    0.02845    0.03606    0.04274    0.04873    0.05422    0.05934    0.0642    0.06889    0.07348    0.07804    0.08263    0.08729    0.09207    0.097    0.1021    0.1074    0.113    0.1188    0.1248    0.1312    0.1378    0.1446    0.1518    0.1592    0.1669    0.1749    0.1832    0.1917    
SM147    0    5.041e-09    6.083e-08    0.0001122    0.0006144    0.001456    0.002566    0.003898    0.005417    0.007095    0.008914    0.01086    0.01291    0.01508    0.01734    0.0197    0.02216    0.02471    0.02736    0.03011    0.03297    0.03595    0.03903    0.04224    0.04558    0.04904    0.05265    0.05641    0.06031    0.06437    0.0686    0.07299    0.07755    
ND148    0    8.742e-07    3.69e-06    0.01136    0.02109    0.03012    0.03879    0.04731    0.05578    0.06429    0.07292    0.08173    0.09078    0.1001    0.1098    0.1198    0.1303    0.1412    0.1526    0.1646    0.1772    0.1903    0.2041    0.2186    0.2337    0.2496    0.2663    0.2837    0.3018    0.3208    0.3406    0.3613    0.3828    
SM148    0    4.387e-09    5.852e-08    0.0001002    0.0006194    0.001558    0.002856    0.004476    0.006389    0.008576    0.01102    0.01372    0.01666    0.01985    0.02328    0.02695    0.03087    0.03504    0.03948    0.04419    0.04918    0.05446    0.06005    0.06595    0.07219    0.07878    0.08572    0.09304    0.1008    0.1089    0.1174    0.1264    0.1358    
ND150    0    5.419e-07    2.283e-06    0.006738    0.01249    0.01783    0.02296    0.028    0.03301    0.03805    0.04316    0.04837    0.05373    0.05925    0.06497    0.07092    0.07712    0.08359    0.09037    0.09746    0.1049    0.1127    0.1209    0.1294    0.1384    0.1479    0.1577    0.168    0.1788    0.1901    0.2018    0.2141    0.2268    
SM150    0    2.53e-07    1.683e-06    0.004108    0.01191    0.01951    0.02681    0.03396    0.0411    0.0483    0.05562    0.06311    0.07079    0.07873    0.08694    0.09547    0.1043    0.1136    0.1233    0.1334    0.144    0.155    0.1666    0.1788    0.1915    0.2049    0.2188    0.2334    0.2487    0.2646    0.2812    0.2985    0.3166    
SM151    0    3.722e-07    1.483e-06    0.004633    0.007819    0.01003    0.01165    0.01289    0.01389    0.01474    0.0155    0.01621    0.01692    0.01765    0.01841    0.01922    0.02009    0.02103    0.02203    0.02311    0.02427    0.0255    0.02681    0.0282    0.02965    0.03119    0.03279    0.03447    0.03621    0.03801    0.03988    0.04181    0.04379    
SM152    0    3.523e-07    1.562e-06    0.004514    0.009022    0.01353    0.01798    0.02233    0.02656    0.03067    0.03466    0.03855    0.04236    0.04612    0.04985    0.05359    0.05736    0.06118    0.06509    0.06911    0.07326    0.07755    0.082    0.08663    0.09145    0.09648    0.1017    0.1072    0.1128    0.1187    0.1248    0.1312    0.1377    
EU153    0    2.362e-07    1.052e-06    0.002556    0.005223    0.007958    0.01085    0.01394    0.01723    0.02072    0.02441    0.02829    0.03235    0.0366    0.04102    0.04563    0.05042    0.0554    0.06057    0.06594    0.07151    0.0773    0.08331    0.08956    0.09606    0.1028    0.1098    0.1171    0.1247    0.1326    0.1407    0.1492    0.158    
SM154    0    1.791e-07    7.536e-07    0.001978    0.00367    0.005239    0.006749    0.008232    0.009709    0.0112    0.0127    0.01424    0.01582    0.01745    0.01915    0.0209    0.02274    0.02465    0.02665    0.02875    0.03095    0.03326    0.03567    0.03821    0.04087    0.04366    0.04658    0.04963    0.05283    0.05616    0.05965    0.06327    0.06705    
GD156    0    4.501e-08    3.153e-07    0.0006191    0.001959    0.003483    0.005056    0.006649    0.008265    0.009921    0.01164    0.01344    0.01533    0.01736    0.01952    0.02184    0.02434    0.02703    0.02993    0.03306    0.03644    0.04007    0.04397    0.04816    0.05265    0.05745    0.06258    0.06805    0.07388    0.08007    0.08665    0.09361    0.101    
