TIME    0.000961869   0.0320623   0.070537   0.109012   0.147487   0.185961   0.224436   0.262911   0.333448   0.371923   0.410397   0.448872   0.487347   0.525822   0.564296   0.602771   0.641246   0.679721   0.718195   0.75667   0.795145   0.83362   0.872094   0.910569   0.949044   0.987519   1.02599   1.06447   1.10294   1.14142   1.17989   1.21837   1.25684   1.29532   1.33379   1.37227   
NEUT_PROD    14.5307   11.0868   9.60067   8.86697   8.45311   8.18428   7.99751   7.86955   7.72364   7.67111   7.63645   7.60022   7.58649   7.57072   7.56034   7.54403   7.53873   7.52514   7.52181   7.5085   7.50542   7.49149   7.4874   7.47327   7.468   7.45229   7.44647   7.43008   7.42339   7.40624   7.39926   7.38175   7.37381   7.35595   7.33805   7.33005   
NEUT_DEST    12.1329   12.7636   10.6285   10.297   10.1139   9.99851   9.93405   9.89292   9.88396   9.89289   9.90778   9.93063   9.95653   9.98333   10.0081   10.0402   10.0648   10.0954   10.1263   10.1502   10.1765   10.1943   10.2227   10.2428   10.2628   10.2836   10.3059   10.3292   10.3513   10.3666   10.3803   10.4049   10.4199   10.4359   10.4521   10.4582   
BUd    0.154223    4.36797    3.66352    3.27447    3.07378    2.94972    2.86693    2.81118    5.52025    2.73139    2.70678    2.69956    2.68826    2.68038    2.675    2.66154    2.65885    2.65683    2.65501    2.6439    2.64256    2.64123    2.62998    2.62858    2.62708    2.6254    2.61365    2.61171    2.60977    2.59782    2.59581    2.59339    2.59113    2.57913    2.57661    2.57437    
U236    3.30318    3.26303    3.21928    3.17457    3.1289    3.08337    3.03794    2.9928    2.90417    2.8605    2.81742    2.7753    2.73346    2.69228    2.65174    2.61186    2.57229    2.53372    2.49548    2.4579    2.42065    2.38439    2.34845    2.31285    2.27824    2.24364    2.21002    2.17673    2.14378    2.1115    2.07953    2.04824    2.0176    1.98697    1.957    1.92769    
U238    981.328    978.582    975.739    972.895    970.15    967.306    964.462    961.717    956.128    953.382    950.636    947.89    945.145    942.399    939.653    937.005    934.259    931.513    928.865    926.119    923.471    920.823    918.175    915.527    912.879    910.231    907.582    904.934    902.286    899.736    897.088    894.537    891.889    889.339    886.788    884.14    
NP237    0.971384    0.896335    0.831446    0.774235    0.723712    0.678841    0.639109    0.603817    0.544189    0.519165    0.496654    0.476498    0.458307    0.441802    0.426998    0.413373    0.400973    0.389642    0.379204    0.369581    0.360699    0.352392    0.344693    0.337477    0.330669    0.324271    0.318221    0.312467    0.307024    0.301779    0.296803    0.292005    0.287396    0.282981    0.278669    0.27451    
PU238    0.924547    0.773668    0.656564    0.567774    0.499362    0.44544    0.401895    0.366282    0.310848    0.289973    0.271961    0.256391    0.242983    0.231313    0.221063    0.212074    0.2041    0.197028    0.190709    0.185    0.17984    0.175195    0.170927    0.167009    0.163422    0.160115    0.157014    0.15412    0.151395    0.148868    0.146441    0.144153    0.141983    0.139921    0.137929    0.136044    
PU239    5.45842    4.09843    3.51389    3.25498    3.13168    3.06465    3.02357    2.99438    2.95684    2.93633    2.91971    2.90444    2.89122    2.87791    2.86532    2.85434    2.8429    2.83192    2.82131    2.81201    2.802    2.7922    2.78264    2.77323    2.76396    2.75484    2.7458    2.73687    2.72798    2.71921    2.71147    2.7028    2.69418    2.6856    2.67705    2.66854    
PU240    3.25327    3.31699    3.14503    2.93657    2.75459    2.61122    2.50492    2.42676    2.32343    2.29352    2.26944    2.25124    2.23687    2.22457    2.21441    2.2051    2.19774    2.19074    2.18466    2.17823    2.17223    2.16748    2.16196    2.15656    2.15124    2.14595    2.1407    2.13545    2.1302    2.12494    2.11968    2.11442    2.10914    2.10386    2.09858    2.0933    
PU241    2.0602    1.5786    1.37305    1.24961    1.1563    1.08329    1.02682    0.984353    0.92992    0.911734    0.898799    0.889067    0.881553    0.875555    0.870783    0.866669    0.863242    0.860233    0.857493    0.85494    0.852554    0.85034    0.84815    0.846039    0.843982    0.841954    0.839942    0.837847    0.835849    0.833852    0.831854    0.829753    0.827749    0.825643    0.823635    0.821527    
PU242    2.31083    2.61022    2.82191    2.98144    3.10409    3.19879    3.27053    3.32593    3.40135    3.42722    3.44737    3.46295    3.4762    3.48676    3.49491    3.50155    3.50706    3.51138    3.51481    3.51722    3.51839    3.51921    3.52034    3.51933    3.51926    3.51778    3.51586    3.51392    3.512    3.50895    3.50566    3.50169    3.49804    3.49464    3.49023    3.48572    
AM243    0.00389913    0.140561    0.270741    0.387823    0.491577    0.582732    0.661876    0.730433    0.839484    0.882265    0.918444    0.949263    0.975149    0.997253    1.01566    1.0313    1.04441    1.05543    1.06462    1.07225    1.07859    1.08404    1.08856    1.09199    1.09492    1.09734    1.09912    1.10054    1.1015    1.10221    1.10252    1.10268    1.10254    1.10227    1.10172    1.10115    
BR81    7.37664e-05    0.00516807    0.0068753    0.00837603    0.00977226    0.0111051    0.0123935    0.0136478    0.0160747    0.0172613    0.0184282    0.0195724    0.0207126    0.0218324    0.0229304    0.0240289    0.025106    0.0261642    0.0272112    0.0282583    0.0292741    0.0302904    0.0312874    0.032273    0.0332485    0.034213    0.0351672    0.0361016    0.0370343    0.0379476    0.0388498    0.0397417    0.0406226    0.041492    0.0423419    0.04319    
SE82    9.88155e-05    0.00660021    0.00895853    0.0110693    0.0130565    0.0149753    0.0168486    0.0186929    0.0223129    0.0241108    0.0258959    0.0276749    0.029449    0.0312186    0.0329868    0.0347438    0.036509    0.038264    0.0400172    0.0417608    0.0435126    0.0452547    0.046995    0.048735    0.0504636    0.0522019    0.0539292    0.0556537    0.0573784    0.059103    0.0608148    0.0625254    0.0642457    0.065944    0.0676498    0.0693451    
KR84    0.000255142    0.0175433    0.0264431    0.034861    0.0430112    0.0509911    0.0588238    0.0665478    0.0817491    0.0892601    0.0967199    0.104151    0.111545    0.118923    0.126275    0.133627    0.140973    0.148274    0.155573    0.162855    0.170221    0.177496    0.184756    0.192101    0.199361    0.206608    0.213936    0.22117    0.228514    0.235733    0.242959    0.250285    0.257487    0.264695    0.271993    0.279193    
KR85    5.83634e-05    0.00416915    0.0056012    0.00682367    0.00794166    0.00898874    0.00998433    0.0109387    0.0127899    0.0136562    0.014496    0.0153172    0.0161147    0.0168929    0.017661    0.0183987    0.0191274    0.0198376    0.0205387    0.02122    0.0218825    0.0225359    0.0231707    0.0237959    0.0244023    0.0249999    0.0255769    0.0261547    0.0267036    0.0272522    0.0277826    0.0283022    0.0288131    0.0293141    0.029795    0.0302763    
RB85    0.000208431    0.0149788    0.0205782    0.0255515    0.0302522    0.0347966    0.0392632    0.0436615    0.052306    0.0566358    0.0609556    0.0652706    0.0695917    0.0739061    0.0782315    0.0825565    0.0868884    0.0912275    0.0955737    0.0999115    0.104271    0.108623    0.112982    0.117347    0.12171    0.126081    0.130435    0.13481    0.139181    0.143547    0.148006    0.152366    0.156715    0.161066    0.16551    0.169848    
KR86    0.0004295    0.0273704    0.0375937    0.0467308    0.0553055    0.0635437    0.0715811    0.0794631    0.0949172    0.10257    0.110173    0.117742    0.125272    0.132794    0.140293    0.147801    0.155257    0.162696    0.170132    0.177663    0.185089    0.192416    0.199837    0.207251    0.214669    0.221972    0.22938    0.236779    0.244067    0.25136    0.258743    0.266021    0.273295    0.280557    0.287828    0.295078    
RB87    0.000522657    0.0341843    0.0469769    0.0583469    0.0690129    0.0792641    0.0892351    0.0990319    0.118216    0.127707    0.137141    0.146515    0.155815    0.165142    0.174448    0.183738    0.193032    0.202215    0.21148    0.220652    0.229825    0.238984    0.248142    0.257293    0.266335    0.275481    0.284519    0.293649    0.302675    0.311694    0.320701    0.329716    0.338608    0.347599    0.35648    0.365462    
SR88    0.000700988    0.0481185    0.0660536    0.0819165    0.0968302    0.111173    0.125161    0.138879    0.165817    0.179113    0.192431    0.205584    0.218787    0.231857    0.245012    0.258065    0.271097    0.284115    0.297136    0.310144    0.323144    0.336044    0.349044    0.361928    0.374808    0.387682    0.400537    0.413397    0.426247    0.438989    0.451825    0.464544    0.477352    0.490059    0.502746    0.515422    
SR89    0.000917755    0.0386719    0.0194498    0.0145071    0.0129297    0.0122548    0.0118849    0.0116495    0.0120254    0.0114218    0.0112338    0.0111612    0.0111212    0.0110846    0.0110566    0.0110338    0.0110144    0.0109971    0.010981    0.0109556    0.0109404    0.0109253    0.01091    0.0108946    0.0108692    0.0108533    0.0108371    0.0108206    0.0108037    0.0107865    0.010759    0.010741    0.0107226    0.0107039    0.0106751    0.0106557    
Y89    1.90804e-05    0.0223269    0.0638765    0.0886627    0.108832    0.127355    0.145077    0.16231    0.19519    0.2122    0.228707    0.244881    0.261087    0.277133    0.293049    0.308941    0.324813    0.340583    0.356323    0.372068    0.387702    0.403229    0.418738    0.434247    0.449648    0.464942    0.480312    0.495483    0.510745    0.525891    0.54093    0.555961    0.570968    0.585866    0.600661    0.615519    
SR90    0.00117263    0.0758366    0.102927    0.126758    0.148855    0.169857    0.190096    0.209757    0.248029    0.266521    0.28472    0.302718    0.320459    0.337938    0.355205    0.372341    0.389268    0.405984    0.422494    0.43889    0.455083    0.471068    0.486853    0.502521    0.517979    0.533236    0.548382    0.563418    0.578153    0.592763    0.607264    0.621559    0.63565    0.649614    0.663377    0.677021    
ZR90    7.26616e-08    0.000182446    0.000851063    0.0016485    0.00251969    0.00343496    0.00438166    0.00534877    0.00718324    0.00818262    0.00918669    0.0101952    0.0112059    0.0122207    0.0132361    0.0142531    0.0152721    0.0162922    0.0173139    0.0183385    0.0193584    0.020387    0.0214095    0.0224335    0.0234628    0.0244876    0.0255175    0.0265426    0.0275695    0.0285969    0.0296321    0.0306504    0.0316857    0.0327128    0.0337348    0.0347539    
Y91    0.0011207    0.0605506    0.034087    0.0255318    0.0224825    0.0211639    0.0204784    0.020056    0.0208178    0.0197604    0.0194256    0.0192895    0.0192249    0.0191853    0.0191516    0.019128    0.0191106    0.0190969    0.0190758    0.0190658    0.0190467    0.0190374    0.0190182    0.0190087    0.0189887    0.0189783    0.0189576    0.0189461    0.0189339    0.0189113    0.018888    0.0188738    0.0188493    0.0188241    0.0188081    0.018782    
ZR91    1.7636e-05    0.0298835    0.0905322    0.128812    0.159755    0.187869    0.214642    0.240632    0.290066    0.315932    0.340873    0.365409    0.389911    0.414237    0.438511    0.462631    0.486741    0.510818    0.534786    0.558634    0.582576    0.606296    0.630104    0.653709    0.67739    0.70096    0.724422    0.747863    0.771278    0.794583    0.817872    0.841047    0.864093    0.887221    0.910227    0.933112    
ZR92    0.00151525    0.111589    0.153496    0.190362    0.225033    0.258392    0.290989    0.322962    0.385902    0.417027    0.448055    0.478974    0.509831    0.540567    0.571299    0.602077    0.632696    0.663354    0.694    0.724575    0.755194    0.785793    0.816315    0.846887    0.877429    0.907926    0.938426    0.96894    0.999313    1.02973    1.06016    1.09057    1.12087    1.15118    1.18143    1.21176    
ZR93    0.00179877    0.145074    0.19916    0.245813    0.289406    0.331007    0.37121    0.410499    0.4869    0.524451    0.561516    0.598188    0.634513    0.670687    0.706464    0.741992    0.777297    0.812367    0.847065    0.881596    0.915928    0.950003    0.983879    1.01741    1.05085    1.08393    1.11681    1.14953    1.18195    1.21385    1.24571    1.2776    1.30942    1.34019    1.37193    1.4027    
ZR94    0.00247586    0.163018    0.222994    0.276749    0.327622    0.376835    0.424942    0.472569    0.566607    0.6135    0.660229    0.707174    0.754003    0.800859    0.847976    0.895098    0.942379    0.989755    1.03732    1.08497    1.13269    1.18052    1.2285    1.27664    1.32511    1.37357    1.42192    1.47027    1.5187    1.56788    1.61619    1.66546    1.71467    1.76373    1.81293    1.86198    
ZR95    0.00282916    0.128453    0.0762305    0.0577326    0.0505293    0.0472842    0.0455525    0.0444942    0.0460482    0.0437157    0.0428888    0.0425326    0.0423362    0.0422016    0.042097    0.0420077    0.0419252    0.0418526    0.0417861    0.041723    0.041662    0.0415916    0.0415309    0.0414703    0.0414085    0.0413457    0.0412918    0.0412267    0.0411606    0.041093    0.0410235    0.040953    0.0408809    0.0407974    0.0407227    0.0406375    
NB95    4.55467e-05    0.0344096    0.045803    0.0338963    0.0279436    0.0253496    0.0240847    0.0233768    0.024708    0.0232099    0.022496    0.0221981    0.0220578    0.0219686    0.0219054    0.0218588    0.0218129    0.0217737    0.0217388    0.021706    0.0216747    0.021644    0.0216132    0.0215724    0.0215411    0.0215093    0.0214767    0.0214438    0.0214101    0.0213756    0.0213402    0.0213044    0.0212676    0.0212305    0.0211826    0.0211443    
MO95    9.08664e-07    0.0230149    0.129953    0.216612    0.280494    0.333477    0.380937    0.425038    0.501679    0.543261    0.581243    0.617144    0.65166    0.685015    0.717447    0.749031    0.779639    0.80931    0.838187    0.866278    0.893634    0.920211    0.945961    0.97109    0.995557    1.01929    1.04226    1.06468    1.08645    1.10755    1.12808    1.14807    1.16768    1.18593    1.2042    1.22249    
ZR96    0.00309549    0.198347    0.271717    0.33714    0.39852    0.457614    0.514977    0.571272    0.681617    0.736185    0.790344    0.844244    0.897989    0.951533    1.00492    1.05813    1.11127    1.16441    1.21728    1.27009    1.32283    1.37592    1.42838    1.48082    1.53233    1.58475    1.63711    1.68948    1.74076    1.79306    1.84429    1.89653    1.94763    1.99881    2.04982    2.10078    
MO96    2.39717e-06    0.000389419    0.00280702    0.00771722    0.0144278    0.0225647    0.0319425    0.042458    0.066458    0.079947    0.0944252    0.109797    0.126032    0.143088    0.160965    0.179608    0.19894    0.219123    0.239902    0.261477    0.283555    0.306339    0.329823    0.353812    0.378407    0.403522    0.429142    0.455381    0.482117    0.509287    0.536868    0.564965    0.593576    0.622516    0.651868    0.681553    
MO97    0.00228044    0.213278    0.295574    0.365592    0.430946    0.493537    0.554201    0.613614    0.729145    0.786164    0.842533    0.89859    0.954268    1.00953    1.06461    1.11936    1.17378    1.22808    1.28215    1.33637    1.3892    1.44304    1.49588    1.5488    1.60153    1.65433    1.70604    1.75879    1.81054    1.86214    1.9128    1.96433    2.01583    2.06643    2.11686    2.16727    
MO98    0.00362648    0.231739    0.318469    0.396233    0.469436    0.540212    0.609247    0.677093    0.810989    0.87745    0.943778    1.00992    1.07598    1.14206    1.20824    1.27438    1.34069    1.40713    1.47325    1.53926    1.60625    1.67217    1.73917    1.80612    1.87301    1.93989    2.0066    2.07349    2.14017    2.20786    2.27456    2.34212    2.40867    2.47619    2.54358    2.61107    
TC99    0.00108335    0.235693    0.333787    0.402584    0.463234    0.518398    0.568969    0.616216    0.701528    0.740992    0.778254    0.813701    0.847447    0.879707    0.910273    0.939671    0.967577    0.994234    1.01965    1.04398    1.06721    1.08938    1.11052    1.13076    1.14999    1.16842    1.18555    1.20256    1.21873    1.23406    1.24854    1.26217    1.27493    1.28781    1.29981    1.31092    
MO100    0.00436643    0.279453    0.382577    0.474586    0.560854    0.643716    0.724374    0.803344    0.958058    1.03466    1.11066    1.18621    1.26166    1.3366    1.41144    1.48599    1.56023    1.6345    1.70881    1.78292    1.85705    1.93021    2.00426    2.0772    2.15028    2.22319    2.29601    2.36887    2.44165    2.5144    2.58612    2.65866    2.73024    2.80169    2.87321    2.94458    
RU100    6.40009e-07    0.00396162    0.0167701    0.0327118    0.0513036    0.0722335    0.0952829    0.120263    0.175368    0.205229    0.236511    0.269141    0.302914    0.337942    0.37394    0.411023    0.448969    0.487795    0.52739    0.567838    0.608907    0.650606    0.692934    0.735799    0.779118    0.822974    0.867112    0.911777    0.956617    1.00185    1.04743    1.09307    1.13904    1.18509    1.23135    1.27775    
RU101    0.00391172    0.246034    0.337346    0.417869    0.492805    0.564245    0.633053    0.700213    0.830071    0.893894    0.956982    1.01939    1.08124    1.14279    1.2038    1.26463    1.32496    1.38549    1.44504    1.50475    1.56335    1.62208    1.68071    1.73945    1.79816    1.85584    1.91355    1.97127    2.02798    2.08566    2.14225    2.1989    2.25557    2.31118    2.36677    2.42321    
RU102    0.0040857    0.255189    0.354482    0.444031    0.528786    0.610829    0.69122    0.770618    0.927257    1.00544    1.08361    1.16188    1.24029    1.3189    1.3977    1.47719    1.55606    1.63589    1.71566    1.79535    1.87602    1.95662    2.03824    2.11874    2.20021    2.2826    2.36411    2.44646    2.52868    2.61199    2.69419    2.77828    2.86138    2.94449    3.02846    3.11238    
RU103    0.00436287    0.162968    0.068247    0.0521823    0.0478587    0.0459168    0.0447634    0.0439955    0.0451443    0.0431568    0.0427895    0.0426511    0.0425824    0.042547    0.0425349    0.0425256    0.0425308    0.0425446    0.0425538    0.0425758    0.0425995    0.0426139    0.0426381    0.0426618    0.0426848    0.0427068    0.042728    0.0427479    0.0427659    0.0427927    0.042808    0.0428224    0.0428346    0.0428459    0.0428456    0.0428547    
RH103    0.000114626    0.113573    0.253307    0.285923    0.296399    0.299619    0.299632    0.29809    0.292589    0.29206    0.290127    0.288285    0.286665    0.28542    0.284461    0.283648    0.283077    0.282685    0.282441    0.282145    0.282113    0.281985    0.282006    0.282043    0.282065    0.282151    0.282281    0.282343    0.282527    0.282628    0.282736    0.282849    0.282962    0.282976    0.283086    0.283192    
RU104    0.00419165    0.259922    0.361088    0.450874    0.535068    0.615892    0.694201    0.770796    0.920596    0.99441    1.06769    1.1405    1.21296    1.2852    1.35719    1.42879    1.49978    1.57179    1.64266    1.71352    1.78441    1.85419    1.92488    1.99458    2.06528    2.13479    2.20437    2.27389    2.34332    2.41182    2.4811    2.54939    2.61767    2.68587    2.75399    2.82201    
PD104    3.27021e-07    0.0103249    0.0711542    0.149645    0.233036    0.317887    0.403021    0.487783    0.65356    0.73618    0.818064    0.899327    0.980043    1.06022    1.13988    1.21933    1.2983    1.37708    1.45573    1.53416    1.61187    1.69027    1.76846    1.8465    1.92344    2.00128    2.07905    2.15675    2.23431    2.31089    2.38841    2.4658    2.54222    2.61954    2.69585    2.77295    
PD105    0.00136544    0.157148    0.221309    0.271654    0.317495    0.360389    0.401062    0.439894    0.512968    0.548193    0.582396    0.615798    0.648406    0.680234    0.711413    0.741934    0.771719    0.800968    0.829522    0.857659    0.885091    0.912099    0.938419    0.964289    0.989668    1.01452    1.03886    1.06272    1.08614    1.10907    1.13154    1.1536    1.1747    1.19669    1.21672    1.23773    
RU106    0.00329399    0.181719    0.215878    0.235572    0.247282    0.254102    0.25779    0.259465    0.267476    0.265183    0.263094    0.261092    0.259283    0.257639    0.256162    0.254878    0.253736    0.252798    0.25185    0.251103    0.25038    0.249716    0.249062    0.248471    0.24801    0.247456    0.246983    0.246473    0.246015    0.245493    0.245099    0.244628    0.244173    0.243631    0.243193    0.24266    
PD106    0.000644339    0.0889581    0.165775    0.24691    0.331136    0.417537    0.505346    0.594428    0.766881    0.859486    0.952165    1.045    1.13803    1.23143    1.32515    1.4192    1.51359    1.60865    1.70386    1.79946    1.8947    1.99158    2.08813    2.18551    2.28349    2.38134    2.48005    2.57855    2.67793    2.77705    2.87712    2.97709    3.07791    3.17856    3.28014    3.38158    
PD107    0.00261847    0.150891    0.210278    0.26203    0.309462    0.353823    0.395895    0.436207    0.512534    0.549237    0.585039    0.619981    0.65423    0.687804    0.720691    0.75311    0.784785    0.815974    0.846639    0.876734    0.906371    0.935455    0.963975    0.992162    1.01969    1.04688    1.07352    1.09984    1.12553    1.15093    1.1759    1.2001    1.22423    1.24831    1.27147    1.29358    
PD108    0.00190973    0.107873    0.152412    0.191878    0.228474    0.263165    0.296473    0.328702    0.390678    0.420831    0.450567    0.479811    0.508714    0.537221    0.565413    0.593352    0.620876    0.648131    0.675186    0.701877    0.728336    0.754423    0.780292    0.805801    0.831018    0.855995    0.880624    0.90495    0.929022    0.952874    0.976285    0.999467    1.0224    1.04495    1.06725    1.08929    
AG109    0.000870155    0.0640243    0.0815718    0.0936493    0.103035    0.110685    0.117171    0.122854    0.132651    0.137155    0.141472    0.145637    0.149751    0.153764    0.157649    0.161584    0.165506    0.1693    0.173133    0.176881    0.180621    0.18424    0.187926    0.191559    0.195132    0.198731    0.202159    0.205606    0.20907    0.212441    0.215816    0.219098    0.222382    0.225565    0.228748    0.231834    
PD110    0.000572619    0.0316741    0.0452561    0.0573951    0.0687529    0.0796042    0.0900797    0.100287    0.120152    0.129933    0.139612    0.149228    0.158808    0.168333    0.177844    0.18724    0.196719    0.20608    0.21554    0.224885    0.234228    0.243562    0.252793    0.262115    0.271328    0.280532    0.289745    0.298943    0.308135    0.317225    0.326299    0.335465    0.344533    0.353495    0.362539    0.371487    
CD110    2.09999e-06    0.00501316    0.0194112    0.0364445    0.0553683    0.0756989    0.0971183    0.119383    0.165884    0.190006    0.214613    0.23959    0.265077    0.290768    0.316963    0.343446    0.370227    0.397428    0.424772    0.452493    0.480466    0.508658    0.537185    0.565876    0.594876    0.624016    0.653451    0.683001    0.712753    0.742585    0.772814    0.802949    0.833359    0.863777    0.894448    0.925191    
CD111    3.47395e-05    0.013538    0.0220579    0.0279298    0.0335684    0.0391412    0.0447573    0.0504467    0.0622176    0.0683666    0.0747096    0.0812374    0.0879723    0.0949026    0.102053    0.109394    0.116953    0.124713    0.132677    0.140852    0.149257    0.157801    0.166565    0.175518    0.184671    0.19402    0.203572    0.213213    0.223137    0.233161    0.243379    0.253774    0.264362    0.275035    0.285897    0.296948    
CD112    7.48858e-05    0.00645863    0.0101812    0.013715    0.0172815    0.0209245    0.0246787    0.0285741    0.0367986    0.0411802    0.0457501    0.0505071    0.0554828    0.0606696    0.0660813    0.0717267    0.0775966    0.0837187    0.0901001    0.0967273    0.103616    0.110778    0.118217    0.125941    0.133956    0.14225    0.15088    0.159753    0.168963    0.178515    0.188303    0.198442    0.209015    0.21982    0.230972    0.242462    
CD114    8.62145e-05    0.0072814    0.0109035    0.0140727    0.017076    0.0199769    0.022804    0.0255943    0.0310661    0.0337871    0.0364934    0.0392148    0.0419271    0.044645    0.0473731    0.050107    0.0528562    0.0556186    0.0583912    0.0611794    0.0639804    0.0668098    0.0696418    0.0724977    0.0753788    0.0782746    0.0811989    0.0841368    0.087112    0.0901006    0.0931239    0.0961646    0.0992402    0.102342    0.105482    0.108646    
SN124    5.0462e-05    0.00310657    0.00439131    0.00557068    0.0066984    0.00779569    0.00887308    0.00993708    0.0120324    0.0130707    0.0141069    0.0151366    0.0161549    0.0171813    0.0181969    0.0192122    0.0202164    0.0212312    0.0222349    0.0232384    0.0242316    0.0252248    0.0262176    0.0272093    0.028201    0.0291828    0.0301641    0.0311444    0.0321146    0.0330846    0.0340537    0.035022    0.03598    0.0369379    0.0378943    0.0388499    
SB125    6.23934e-05    0.00595228    0.00828665    0.0097031    0.0109018    0.0119502    0.0128791    0.013713    0.0153169    0.0159133    0.0164691    0.0169644    0.017418    0.0178308    0.0182108    0.0185564    0.0188679    0.0191535    0.0194116    0.019652    0.0198636    0.0200643    0.0202445    0.0204033    0.0205494    0.0206824    0.0208016    0.0209165    0.0210066    0.0210915    0.0211704    0.0212433    0.0212998    0.0213492    0.0214015    0.0214364    
SN126    0.000144229    0.00975635    0.01327    0.0164458    0.0194594    0.022382    0.0252454    0.0280741    0.0336426    0.0364034    0.0391637    0.0419067    0.0446334    0.0473569    0.0500789    0.052788    0.0554961    0.0581935    0.0608799    0.0635752    0.0662494    0.0689235    0.0715951    0.0742563    0.0769164    0.0795648    0.0822122    0.0848467    0.0874805    0.0901127    0.0927333    0.0953412    0.0979481    0.100552    0.103144    0.105724    
I127    4.82681e-05    0.0204283    0.0314231    0.0390508    0.045937    0.0523842    0.0585269    0.0644359    0.0756173    0.0811045    0.086459    0.0916872    0.0967992    0.101825    0.106746    0.111585    0.116331    0.120978    0.125554    0.130075    0.134431    0.138771    0.143016    0.147173    0.151324    0.155276    0.159229    0.163173    0.16694    0.170687    0.174341    0.177893    0.181443    0.184894    0.18824    0.191593    
TE128    0.000575412    0.0411823    0.0555837    0.068425    0.0805624    0.0923022    0.103807    0.115135    0.137466    0.148564    0.159614    0.170629    0.181629    0.192509    0.203466    0.214419    0.225281    0.23613    0.247074    0.257909    0.26874    0.279472    0.290285    0.301105    0.31182    0.32252    0.33332    0.344015    0.354701    0.365374    0.376041    0.386607    0.397255    0.407802    0.418329    0.428948    
I129    0.000830079    0.0666075    0.0917596    0.109455    0.124563    0.138053    0.150324    0.161608    0.181595    0.190684    0.199217    0.207141    0.214563    0.221586    0.228137    0.234299    0.24007    0.24555    0.250635    0.255423    0.259901    0.264171    0.268118    0.271849    0.275351    0.278716    0.281743    0.28463    0.287282    0.289873    0.292222    0.29441    0.296442    0.298311    0.300019    0.301659    
TE130    0.00188924    0.126015    0.171044    0.211248    0.249103    0.285575    0.321163    0.356048    0.424588    0.458624    0.492332    0.525954    0.559455    0.592886    0.626223    0.659338    0.692494    0.7256    0.758576    0.791572    0.824426    0.857248    0.890008    0.922701    0.955317    0.987863    1.02036    1.05277    1.0851    1.11736    1.14955    1.18167    1.21381    1.24547    1.2771    1.30974    
XE130    2.98382e-06    0.00168051    0.00640816    0.0122459    0.0189637    0.0264403    0.0345887    0.0433363    0.0624244    0.072678    0.0833238    0.0943704    0.105745    0.117444    0.129433    0.141668    0.154154    0.166847    0.179696    0.192821    0.206024    0.219326    0.232808    0.246393    0.260092    0.273785    0.287602    0.301447    0.315408    0.3293    0.343308    0.357257    0.371249    0.385175    0.399148    0.413063    
XE131    0.000320843    0.168907    0.24343    0.267566    0.28418    0.296095    0.30475    0.311129    0.319232    0.322108    0.324408    0.326108    0.32758    0.328707    0.329748    0.330554    0.331224    0.331942    0.332511    0.333053    0.333497    0.333973    0.334442    0.334844    0.335254    0.335725    0.336037    0.336463    0.336789    0.337192    0.337459    0.337778    0.33814    0.338432    0.338754    0.338997    
XE132    0.00116687    0.281371    0.445586    0.583043    0.717858    0.851697    0.984661    1.11725    1.38109    1.51311    1.6449    1.77652    1.90801    2.04002    2.17073    2.30245    2.43328    2.56442    2.69588    2.82579    2.95722    3.08733    3.21811    3.34849    3.47771    3.60763    3.73836    3.868    3.99728    4.12653    4.25557    4.3845    4.51328    4.64181    4.77035    4.8987    
CS133    0.000496776    0.338034    0.504911    0.597974    0.677713    0.74782    0.810775    0.867803    0.966525    1.01086    1.05196    1.09016    1.1257    1.15893    1.18992    1.21892    1.24599    1.27164    1.29488    1.31769    1.33822    1.35732    1.37594    1.39215    1.40877    1.42291    1.43745    1.45039    1.46269    1.47336    1.48432    1.4936    1.50313    1.51094    1.51897    1.52623    
XE134    0.00648161    0.417186    0.577635    0.720175    0.853748    0.981862    1.10631    1.22822    1.46661    1.58424    1.70114    1.81717    1.93264    2.04784    2.16269    2.27738    2.39199    2.50649    2.61984    2.73323    2.84656    2.9597    3.07284    3.18596    3.29799    3.4109    3.52278    3.63462    3.74534    3.85699    3.96856    4.07906    4.18946    4.29974    4.40995    4.52001    
CS134    5.25111e-07    0.0075013    0.0296459    0.0502583    0.0689223    0.0856798    0.100662    0.114127    0.138724    0.148138    0.156852    0.164916    0.172432    0.179352    0.185848    0.191964    0.197531    0.202784    0.207721    0.212264    0.21652    0.220571    0.224309    0.227757    0.231108    0.234133    0.236957    0.239653    0.242224    0.244468    0.246677    0.248745    0.250579    0.25236    0.253989    0.255564    
BA134    5.84361e-10    0.000206918    0.00205445    0.0062469    0.0125838    0.0208418    0.030809    0.0422926    0.0670867    0.0823664    0.0985918    0.115666    0.133503    0.152069    0.171289    0.191144    0.211429    0.232332    0.253668    0.275428    0.297644    0.320119    0.342969    0.366103    0.389434    0.413079    0.436936    0.461022    0.485235    0.509612    0.534134    0.558815    0.583572    0.608412    0.633311    0.65832    
CS135    0.000244834    0.0182076    0.0323138    0.0489029    0.0700484    0.0953335    0.124293    0.156486    0.229127    0.269114    0.310929    0.354341    0.399112    0.445068    0.492198    0.540229    0.589135    0.638808    0.688976    0.739598    0.790791    0.842157    0.893981    0.945763    0.997823    1.04994    1.102    1.154    1.20596    1.25779    1.30944    1.36034    1.4124    1.46314    1.51358    1.56379    
XE136    0.0115899    0.772015    1.06412    1.32479    1.56936    1.80403    2.03205    2.25567    2.69376    2.90976    3.12469    3.3383    3.55197    3.76402    3.97557    4.18677    4.39792    4.60877    4.81853    5.02817    5.2376    5.44703    5.6553    5.86442    6.07241    6.27944    6.48726    6.69395    6.90039    7.10682    7.31299    7.51806    7.72394    7.92867    8.13227    8.3366    
BA136    5.29708e-06    0.00371809    0.00692835    0.00894651    0.0111382    0.0136198    0.0164731    0.0197627    0.0280661    0.0329745    0.0384723    0.0445959    0.0513795    0.0588501    0.0670117    0.0758906    0.0855196    0.0958617    0.106971    0.118848    0.13149    0.144911    0.159103    0.174051    0.189872    0.206472    0.223758    0.242005    0.26091    0.28067    0.301176    0.322521    0.344603    0.36752    0.391165    0.415535    
CS137    0.00582172    0.365779    0.50059    0.619611    0.730218    0.835193    0.93661    1.03513    1.2269    1.31999    1.41168    1.5023    1.5916    1.68048    1.76806    1.85467    1.94106    2.02636    2.11061    2.19395    2.27703    2.3592    2.44038    2.52136    2.60136    2.68041    2.7592    2.83713    2.914    2.98968    3.06533    3.14094    3.21455    3.28796    3.3604    3.43274    
BA137    2.46447e-06    0.00103472    0.00427571    0.00845465    0.0134718    0.0192723    0.0258144    0.033067    0.0481948    0.057485    0.0673981    0.0779274    0.0890705    0.100817    0.113146    0.126064    0.139544    0.153561    0.168136    0.183297    0.198925    0.215127    0.231801    0.248934    0.266654    0.284839    0.303487    0.322612    0.342207    0.362176    0.382706    0.403606    0.424985    0.446716    0.468932    0.491509    
BA138    0.00530505    0.331225    0.458697    0.572302    0.678727    0.780841    0.880053    0.977172    1.16729    1.26129    1.35463    1.44754    1.5402    1.63241    1.72491    1.81733    1.90859    2.00082    2.09197    2.18416    2.27529    2.36744    2.45858    2.54968    2.64165    2.73272    2.8236    2.91558    3.00651    3.09737    3.18823    3.27898    3.37077    3.46137    3.55204    3.64254    
LA139    0.0051077    0.323148    0.443656    0.548921    0.645907    0.737641    0.825402    0.910037    1.07224    1.15084    1.22767    1.30322    1.37759    1.45058    1.52285    1.59328    1.66374    1.73208    1.80037    1.86673    1.93299    1.99833    2.0625    2.12582    2.18804    2.24927    2.30952    2.36974    2.42784    2.48607    2.54308    2.59929    2.65426    2.70928    2.76334    2.81621    
BA140    0.00472309    0.0879748    0.021455    0.0193191    0.0182588    0.0175913    0.0171422    0.0168303    0.0164541    0.0163217    0.0162197    0.0161365    0.0160835    0.0160404    0.0160005    0.0159593    0.0159329    0.0159003    0.0158698    0.0158503    0.0158218    0.0157934    0.0157652    0.0157468    0.0157185    0.0156902    0.0156709    0.0156418    0.0156121    0.0155819    0.0155607    0.0155294    0.0154974    0.015465    0.0154319    0.0154084    
CE140    0.000132334    0.232764    0.436817    0.555991    0.668301    0.777151    0.88401    0.989784    1.20586    1.31125    1.41686    1.5228    1.62949    1.73643    1.84422    1.95274    2.06115    2.17047    2.28063    2.39172    2.50377    2.61565    2.7285    2.8413    2.95485    3.06947    3.18487    3.30025    3.4155    3.53268    3.64977    3.76674    3.88455    4.00323    4.12182    4.2413    
CE141    0.00424754    0.156131    0.0569731    0.0450044    0.0418227    0.0402038    0.0391822    0.0384802    0.0390378    0.0375459    0.0372576    0.0371208    0.0370229    0.0369603    0.0369076    0.0368637    0.0368319    0.0368075    0.0367876    0.0367608    0.0367447    0.0367293    0.0367134    0.0366977    0.0366813    0.0366638    0.036646    0.0366268    0.0366062    0.0365846    0.0365616    0.0365471    0.0365115    0.0364848    0.0364571    0.0364283    
PR141    0.000137678    0.14543    0.350756    0.454178    0.540981    0.620913    0.69634    0.768303    0.902789    0.968914    1.03227    1.09377    1.15376    1.2124    1.26974    1.32572    1.38068    1.43429    1.48701    1.53774    1.5885    1.63735    1.68522    1.73223    1.77911    1.82419    1.86826    1.91139    1.95348    1.9946    2.03581    2.07504    2.11423    2.1515    2.18878    2.225    
CE142    0.00442872    0.291688    0.403133    0.501099    0.592759    0.680434    0.765771    0.849342    1.01263    1.09302    1.17293    1.25238    1.3313    1.40992    1.48819    1.56638    1.64343    1.72143    1.79842    1.87627    1.95211    2.02897    2.10574    2.18141    2.25805    2.33369    2.4093    2.48379    2.55929    2.63371    2.70802    2.78234    2.85651    2.93065    3.00382    3.07686    
ND142    1.21847e-08    0.00095589    0.00671561    0.0149647    0.0249002    0.0362791    0.0489438    0.0628079    0.0936311    0.110514    0.128305    0.146921    0.166312    0.186424    0.207256    0.228588    0.250593    0.273186    0.296263    0.319828    0.343901    0.36827    0.393055    0.418156    0.443589    0.46934    0.49543    0.521646    0.548018    0.574731    0.601509    0.62843    0.655529    0.68266    0.709889    0.737188    
PR143    0.00192859    0.0746359    0.0182381    0.0164202    0.0155507    0.0150191    0.0146659    0.014426    0.0142932    0.0140596    0.0139934    0.0139586    0.0139284    0.0139142    0.0139007    0.0138841    0.0138813    0.0138718    0.0138735    0.0138663    0.0138596    0.013863    0.0138568    0.0138601    0.0138536    0.0138565    0.0138494    0.0138419    0.0138441    0.0138357    0.0138368    0.0138274    0.0138176    0.0138171    0.0138064    0.0137953    
ND143    0.000111223    0.158031    0.223612    0.2158    0.206073    0.197241    0.190124    0.184604    0.1793    0.176987    0.17533    0.174516    0.174189    0.17437    0.174761    0.175506    0.176301    0.177362    0.178439    0.179586    0.180878    0.1821    0.183432    0.184868    0.186203    0.187631    0.189145    0.190554    0.192049    0.193528    0.194997    0.19655    0.197993    0.199518    0.200934    0.202439    
CE144    0.00368814    0.208175    0.23265    0.24263    0.245747    0.245459    0.243505    0.240776    0.24375    0.238986    0.235004    0.23186    0.229209    0.227053    0.22533    0.223948    0.222737    0.221763    0.220928    0.220248    0.219662    0.219021    0.218588    0.218138    0.217645    0.217196    0.216877    0.216478    0.216093    0.21562    0.215248    0.214879    0.214509    0.214038    0.213664    0.213187    
ND144    1.69162e-05    0.0499574    0.214253    0.382022    0.546385    0.706291    0.861239    1.01188    1.29949    1.44347    1.58462    1.72346    1.86091    1.99652    2.13057    2.26434    2.39739    2.52869    2.66065    2.79221    2.92361    3.05391    3.18505    3.31501    3.4451    3.57505    3.70494    3.83481    3.96464    4.09353    4.2233    4.35212    4.48178    4.61035    4.73898    4.86848    
ND145    0.00260456    0.178993    0.237017    0.283873    0.324807    0.361462    0.395075    0.426138    0.482166    0.507957    0.532408    0.555699    0.577898    0.59929    0.619687    0.639387    0.65828    0.676571    0.694231    0.71126    0.727729    0.743722    0.759239    0.774344    0.788936    0.803202    0.81703    0.83059    0.843788    0.856718    0.869259    0.881605    0.893739    0.905573    0.917086    0.928472    
ND146    0.00246195    0.158184    0.231404    0.30167    0.371493    0.441887    0.513144    0.585627    0.734116    0.810493    0.888055    0.966813    1.04688    1.12823    1.21058    1.2942    1.37877    1.46431    1.55088    1.63871    1.72735    1.81665    1.90669    1.99751    2.08909    2.18147    2.27459    2.36845    2.46231    2.55782    2.65318    2.74936    2.84644    2.94337    3.04199    3.13958    
PM147    0.000179719    0.0779484    0.0935022    0.0854326    0.0788563    0.0739833    0.0705138    0.0680937    0.0663692    0.0651493    0.0644139    0.063989    0.0637627    0.063684    0.0636957    0.063772    0.0638931    0.064036    0.0642066    0.0643933    0.0645921    0.0647966    0.0650048    0.0652234    0.0654431    0.0656705    0.0658971    0.066121    0.0663533    0.066583    0.0668106    0.0670455    0.0672684    0.0674984    0.0677269    0.0679533    
SM147    1.32343e-07    0.0020124    0.00949643    0.015702    0.0205764    0.0244137    0.0274604    0.029907    0.0330196    0.034529    0.0357883    0.0368537    0.0377615    0.0385574    0.0392568    0.0398713    0.0404284    0.0409346    0.0413939    0.0418117    0.042192    0.0425486    0.0428868    0.0431932    0.0434819    0.0437612    0.044024    0.0442801    0.0445158    0.044749    0.0449674    0.0451878    0.0453905    0.045593    0.0457937    0.0459914    
ND148    0.0017161    0.106304    0.147228    0.183484    0.217292    0.24955    0.280768    0.311065    0.370154    0.399078    0.427695    0.45601    0.484083    0.51187    0.539568    0.566946    0.594265    0.621378    0.648253    0.675019    0.701665    0.728095    0.754314    0.780401    0.806288    0.832161    0.857709    0.883136    0.908438    0.933537    0.958505    0.983348    1.00797    1.03238    1.05665    1.08081    
SM148    6.07021e-08    0.00741839    0.0345451    0.0609935    0.085901    0.109618    0.132472    0.154714    0.198935    0.220514    0.241797    0.26302    0.284101    0.30522    0.32622    0.347266    0.368372    0.389368    0.410375    0.431415    0.452471    0.473487    0.494457    0.515477    0.536456    0.557404    0.578323    0.599314    0.620277    0.64121    0.662127    0.683015    0.703894    0.724751    0.74558    0.766393    
ND150    0.00103665    0.0628623    0.0873011    0.109074    0.129448    0.148922    0.16779    0.186214    0.222043    0.239703    0.257195    0.274543    0.291799    0.308918    0.325979    0.342907    0.359725    0.376522    0.393206    0.409883    0.426445    0.442995    0.459439    0.475776    0.492096    0.508302    0.524408    0.540498    0.556472    0.572427    0.588289    0.604123    0.619847    0.635462    0.651053    0.666534    
SM150    0.000271936    0.0792491    0.122211    0.150982    0.172736    0.189448    0.202482    0.212854    0.22927    0.235004    0.239786    0.243911    0.247497    0.250645    0.253613    0.25625    0.258715    0.261128    0.263342    0.265409    0.267487    0.269431    0.271306    0.273168    0.275    0.276879    0.27858    0.280284    0.282076    0.283741    0.285367    0.287044    0.288666    0.290226    0.291814    0.29342    
SM152    0.000700902    0.0769657    0.0952034    0.104882    0.112836    0.11952    0.125145    0.129872    0.137229    0.140205    0.142764    0.144858    0.146634    0.148274    0.149651    0.150933    0.152094    0.15311    0.154042    0.154966    0.155865    0.156609    0.157478    0.158159    0.158934    0.159589    0.160313    0.160997    0.161629    0.162204    0.162815    0.163454    0.164018    0.164604    0.165205    0.16582    
EU153    0.000161339    0.0291475    0.0502697    0.0632701    0.0722349    0.0788165    0.0839028    0.0879633    0.0939734    0.0963598    0.0983859    0.100107    0.101568    0.102826    0.103912    0.104875    0.105716    0.106476    0.107168    0.1078    0.108387    0.108931    0.109448    0.109943    0.110434    0.11089    0.111304    0.111767    0.11217    0.112509    0.112877    0.11327    0.113683    0.114014    0.114361    0.114718    
SM154    0.000310933    0.0189497    0.026812    0.0338873    0.040542    0.0469267    0.0531201    0.0591557    0.0709182    0.0766599    0.0823374    0.0879542    0.0935082    0.0989945    0.104436    0.109827    0.115155    0.120436    0.12566    0.130844    0.135938    0.141084    0.146029    0.151059    0.15599    0.160815    0.165727    0.170439    0.175245    0.179845    0.184536    0.189127    0.193613    0.198096    0.202568    0.20694    
EU154    1.17969e-06    0.00465357    0.0141713    0.0202699    0.0243148    0.0271721    0.0293045    0.0309822    0.0333528    0.0343281    0.0351291    0.035813    0.0363889    0.0368882    0.0373069    0.0376824    0.0380059    0.038302    0.0385651    0.0388046    0.0390173    0.0392244    0.039422    0.0396033    0.0397751    0.039943    0.0401025    0.0402615    0.0404064    0.040555    0.0406954    0.0408361    0.0409748    0.0411006    0.0412314    0.0413583    
GD156    7.08341e-06    0.0110315    0.033437    0.0641979    0.103859    0.149457    0.19912    0.251744    0.37898    0.437137    0.495858    0.55555    0.615814    0.676554    0.737592    0.798917    0.860312    0.921857    0.983246    1.04464    1.10602    1.16725    1.22828    1.28931    1.34996    1.4103    1.47089    1.53109    1.59107    1.65084    1.70943    1.76885    1.82813    1.88622    1.94532    2.00313    
GD158    0.00012228    0.0103998    0.0173946    0.0254455    0.0348043    0.0451993    0.0564627    0.0685027    0.0985523    0.112751    0.127526    0.142892    0.158825    0.175312    0.192374    0.209886    0.227897    0.246415    0.265447    0.28501    0.304995    0.325417    0.346292    0.367606    0.38938    0.411512    0.4341    0.457146    0.48056    0.504439    0.528695    0.553299    0.578291    0.603741    0.629487    0.655678    
