TIME    3   50   100   150   200   250   300   350   400   450   500   550   600   650   700   750   800   850   900   950   1000   1050   1100   1150   1200   1250   1300   1350   1400   1450   1500   1550   1600   
NEUT_PROD    1.5   1.52   1.55   1.59   1.64   1.71   1.78   1.87   1.98   2.1   2.23   2.38   2.54   2.72   2.91   3.12   3.33   3.57   3.81   4.07   4.33   4.61   4.9   5.19   5.5   5.81   6.13   6.46   6.79   7.13   7.48   7.83   8.18   
NEUT_DEST    21.3   21.8   22.4   22.9   23.3   23.8   24.3   24.7   25.2   25.6   26.1   26.5   26.9   27.4   27.8   28.2   28.6   29   29.5   29.9   30.3   30.7   31.1   31.5   31.9   32.3   32.7   33.1   33.4   33.8   34.2   34.6   35   
BUd    5.29e-16    0.252    0.282    0.291    0.301    0.313    0.328    0.344    0.363    0.385    0.409    0.435    0.464    0.495    0.529    0.566    0.604    0.645    0.688    0.733    0.78    0.829    0.88    0.932    0.986    1.04    1.1    1.16    1.21    1.27    1.34    1.4    1.46    
U234    4.742e-20    5.058e-05    0.0003794    0.001323    0.00319    0.006258    0.01077    0.01696    0.025    0.03508    0.04734    0.06191    0.07889    0.09838    0.1204    0.1451    0.1725    0.2026    0.2354    0.2709    0.3091    0.3501    0.3937    0.4399    0.4888    0.5402    0.5941    0.6505    0.7092    0.7702    0.8335    0.899    0.9665    
U235    5.572e-18    0.002556    0.005142    0.007608    0.009976    0.01227    0.01454    0.0168    0.01911    0.0215    0.02402    0.02672    0.02965    0.03284    0.03635    0.04023    0.04451    0.04925    0.05449    0.06027    0.06664    0.07362    0.08125    0.08958    0.09862    0.1084    0.119    0.1304    0.1426    0.1556    0.1695    0.1843    0.2    
U236    1000    989.9    979.2    968.7    958.2    947.9    937.7    927.6    917.6    907.7    897.9    888.2    878.7    869.2    859.8    850.6    841.4    832.3    823.4    814.5    805.7    797    788.4    780    771.6    763.2    755    746.9    738.8    730.9    723    715.2    707.5    
U237    1.824e-14    2.016    2.01    1.988    1.967    1.946    1.925    1.904    1.883    1.863    1.843    1.823    1.803    1.784    1.765    1.746    1.727    1.708    1.69    1.672    1.654    1.636    1.618    1.601    1.584    1.567    1.55    1.533    1.516    1.5    1.484    1.468    1.452    
U238    0    0.06162    0.143    0.2235    0.3031    0.3816    0.4593    0.536    0.6117    0.6866    0.7605    0.8335    0.9056    0.9769    1.047    1.117    1.185    1.253    1.32    1.386    1.452    1.516    1.58    1.643    1.705    1.767    1.827    1.887    1.946    2.005    2.062    2.119    2.175    
NP237    2.954e-15    7.726    17.64    27.11    36.14    44.75    52.96    60.78    68.22    75.3    82.03    88.43    94.5    100.3    105.7    110.9    115.8    120.5    124.9    129    132.9    136.6    140    143.3    146.4    149.2    151.9    154.4    156.7    158.9    160.9    162.7    164.5    
NP238    0    0.01626    0.03715    0.05713    0.07618    0.09435    0.1117    0.1281    0.1438    0.1588    0.173    0.1865    0.1993    0.2114    0.223    0.2339    0.2442    0.254    0.2633    0.272    0.2803    0.288    0.2953    0.3022    0.3086    0.3147    0.3203    0.3256    0.3305    0.3351    0.3393    0.3432    0.3468    
PU238    0    0.0989    0.5194    1.259    2.295    3.604    5.166    6.961    8.968    11.17    13.55    16.1    18.78    21.61    24.55    27.59    30.73    33.95    37.24    40.59    43.99    47.43    50.9    54.4    57.91    61.44    64.97    68.49    72.01    75.51    78.99    82.44    85.87    
PU239    0    0.0007088    0.007422    0.02649    0.06306    0.1212    0.2042    0.3143    0.4533    0.6223    0.8219    1.052    1.313    1.604    1.925    2.274    2.65    3.053    3.48    3.931    4.404    4.898    5.41    5.94    6.486    7.047    7.62    8.205    8.799    9.403    10.01    10.63    11.25    
PU240    0    6.826e-06    0.0001496    0.0008121    0.002599    0.006274    0.01271    0.02285    0.03767    0.05814    0.08522    0.1198    0.1629    0.2151    0.2773    0.3501    0.4341    0.5297    0.6375    0.7578    0.8907    1.037    1.195    1.367    1.552    1.75    1.96    2.184    2.419    2.666    2.925    3.196    3.477    
PU241    0    6.904e-08    3.108e-06    2.555e-05    0.0001091    0.000328    0.0007927    0.001651    0.003085    0.00531    0.008569    0.01313    0.01928    0.02732    0.03755    0.05029    0.06584    0.08451    0.1066    0.1324    0.1621    0.1961    0.2345    0.2776    0.3255    0.3784    0.4364    0.4997    0.5683    0.6423    0.7217    0.8066    0.897    
KR84    0    1.772e-07    0.001579    0.002937    0.004259    0.005593    0.006962    0.008379    0.009855    0.0114    0.01301    0.01471    0.0165    0.01838    0.02036    0.02244    0.02464    0.02695    0.02938    0.03193    0.03461    0.03742    0.04036    0.04344    0.04666    0.05002    0.05353    0.05719    0.061    0.06496    0.06786    0.07088    0.07403    
RB85    0    1.695e-07    0.001542    0.002864    0.004137    0.00541    0.006706    0.008038    0.009416    0.01085    0.01234    0.0139    0.01553    0.01724    0.01904    0.02091    0.02289    0.02495    0.02712    0.02938    0.03175    0.03423    0.03681    0.03951    0.04233    0.04525    0.0483    0.05146    0.05475    0.05815    0.06043    0.0628    0.06526    
KR86    0    3.399e-07    0.003132    0.005787    0.008342    0.01089    0.01348    0.01614    0.01888    0.02172    0.02467    0.02775    0.03095    0.03431    0.03781    0.04147    0.0453    0.04931    0.05349    0.05786    0.06242    0.06717    0.07212    0.07727    0.08263    0.08819    0.09397    0.09996    0.1062    0.1126    0.1165    0.1205    0.1247    
RB87    0    4.372e-07    0.004047    0.007484    0.01079    0.01409    0.01744    0.02087    0.02441    0.02808    0.03189    0.03586    0.03999    0.04432    0.04883    0.05355    0.05848    0.06363    0.06901    0.07463    0.08048    0.08658    0.09294    0.09955    0.1064    0.1136    0.121    0.1286    0.1366    0.1448    0.1497    0.1547    0.16    
SR88    0    6.271e-07    0.00582    0.01078    0.01555    0.02031    0.02514    0.03009    0.03519    0.04048    0.04597    0.05169    0.05765    0.06387    0.07037    0.07716    0.08426    0.09166    0.0994    0.1075    0.1159    0.1246    0.1338    0.1433    0.1531    0.1633    0.1739    0.1849    0.1963    0.2081    0.215    0.2221    0.2296    
SR89    0    6.794e-07    0.005786    0.007742    0.008513    0.008877    0.00912    0.009349    0.009608    0.009907    0.01025    0.01064    0.01106    0.01152    0.01201    0.01253    0.01308    0.01365    0.01425    0.01486    0.01549    0.01614    0.0168    0.01747    0.01815    0.01885    0.01955    0.02026    0.02097    0.0217    0.01722    0.01525    0.01454    
Y89    0    1.465e-07    0.001918    0.006494    0.01201    0.01791    0.02403    0.03032    0.03678    0.04343    0.05031    0.05744    0.06484    0.07255    0.08058    0.08896    0.09771    0.1068    0.1164    0.1263    0.1366    0.1474    0.1587    0.1704    0.1825    0.1952    0.2083    0.2219    0.2359    0.2505    0.2636    0.2746    0.2848    
SR90    0    9.979e-07    0.009306    0.01716    0.02469    0.03219    0.03977    0.04752    0.05548    0.06371    0.07224    0.08109    0.09031    0.09991    0.1099    0.1204    0.1312    0.1426    0.1544    0.1667    0.1795    0.1929    0.2067    0.2211    0.236    0.2515    0.2675    0.2841    0.3012    0.3189    0.3286    0.3388    0.3495    
Y91    0    8.794e-07    0.00742    0.01039    0.01175    0.01247    0.01296    0.01337    0.0138    0.01427    0.01479    0.01538    0.01602    0.01673    0.01748    0.01828    0.01913    0.02002    0.02095    0.02191    0.0229    0.02392    0.02496    0.02603    0.02712    0.02823    0.02936    0.0305    0.03165    0.03282    0.02795    0.02563    0.02479    
ZR91    0    1.615e-07    0.002101    0.00735    0.01387    0.02101    0.02851    0.03628    0.0443    0.05258    0.06116    0.07007    0.07934    0.08901    0.0991    0.1097    0.1207    0.1323    0.1443    0.157    0.1702    0.184    0.1984    0.2135    0.2292    0.2455    0.2625    0.2801    0.2984    0.3175    0.3352    0.3509    0.3657    
ZR92    0    1.108e-06    0.009901    0.0184    0.02656    0.03472    0.04301    0.05153    0.06035    0.06951    0.07908    0.08907    0.09955    0.1105    0.1221    0.1342    0.1469    0.1603    0.1743    0.189    0.2044    0.2206    0.2374    0.2551    0.2735    0.2926    0.3126    0.3334    0.355    0.3774    0.3935    0.4101    0.4276    
ZR93    0    1.237e-06    0.01075    0.02004    0.02893    0.03781    0.04684    0.05612    0.06573    0.07573    0.08618    0.09714    0.1086    0.1208    0.1335    0.1469    0.1611    0.1759    0.1916    0.2081    0.2254    0.2436    0.2626    0.2826    0.3034    0.3252    0.348    0.3717    0.3964    0.4221    0.4424    0.4635    0.4855    
ZR94    0    1.241e-06    0.01061    0.01964    0.02835    0.03709    0.04602    0.05523    0.06481    0.07483    0.08535    0.09643    0.1081    0.1205    0.1335    0.1473    0.1619    0.1774    0.1937    0.2109    0.2291    0.2482    0.2683    0.2895    0.3117    0.3349    0.3593    0.3848    0.4113    0.4391    0.4629    0.4878    0.5138    
ZR95    0    1.138e-06    0.008762    0.01244    0.01428    0.01535    0.01611    0.01677    0.01746    0.01821    0.01905    0.02    0.02105    0.02221    0.02348    0.02484    0.02629    0.02783    0.02946    0.03116    0.03294    0.03478    0.03669    0.03866    0.04068    0.04275    0.04487    0.04703    0.04923    0.05146    0.05041    0.05071    0.05181    
NB95    0    1.487e-07    0.001678    0.004332    0.006224    0.007412    0.008163    0.008689    0.00912    0.009531    0.009962    0.01044    0.01096    0.01154    0.01217    0.01286    0.01361    0.0144    0.01525    0.01614    0.01707    0.01804    0.01905    0.02009    0.02117    0.02228    0.02341    0.02457    0.02576    0.02696    0.02749    0.02762    0.02794    
MO95    0    3.5e-08    0.000574    0.003577    0.008818    0.01552    0.02312    0.03129    0.03988    0.04883    0.05814    0.06785    0.07799    0.08861    0.09978    0.1115    0.1239    0.137    0.1508    0.1654    0.1808    0.1971    0.2142    0.2323    0.2513    0.2713    0.2922    0.3142    0.3372    0.3612    0.3861    0.4111    0.4361    
ZR96    0    1.327e-06    0.01094    0.02022    0.02917    0.03815    0.04731    0.05679    0.06665    0.07698    0.08785    0.09933    0.1115    0.1243    0.138    0.1525    0.1678    0.1841    0.2014    0.2196    0.2389    0.2593    0.2809    0.3035    0.3274    0.3525    0.3788    0.4063    0.4351    0.4652    0.4931    0.5222    0.5526    
MO97    0    1.267e-06    0.01013    0.01903    0.02754    0.03607    0.04478    0.05379    0.0632    0.07307    0.08349    0.09452    0.1062    0.1187    0.1319    0.146    0.1611    0.177    0.194    0.212    0.2312    0.2514    0.2729    0.2955    0.3193    0.3444    0.3708    0.3985    0.4276    0.458    0.4881    0.5195    0.5522    
MO98    0    1.32e-06    0.01037    0.01917    0.02766    0.03619    0.04492    0.05397    0.06343    0.07339    0.08392    0.09509    0.107    0.1196    0.1331    0.1476    0.1629    0.1793    0.1967    0.2153    0.235    0.2559    0.2781    0.3015    0.3262    0.3523    0.3797    0.4086    0.4388    0.4705    0.5029    0.5367    0.572    
TC99    0    1.246e-06    0.009778    0.01917    0.02789    0.03646    0.04512    0.05398    0.06317    0.07276    0.08282    0.09345    0.1047    0.1166    0.1293    0.1428    0.1571    0.1723    0.1885    0.2057    0.2238    0.2431    0.2634    0.2848    0.3074    0.3312    0.3561    0.3822    0.4095    0.4381    0.4673    0.4977    0.5294    
MO100    0    1.481e-06    0.01141    0.02109    0.03045    0.03986    0.0495    0.05952    0.07002    0.0811    0.09284    0.1053    0.1187    0.1329    0.1482    0.1645    0.1819    0.2005    0.2204    0.2416    0.2642    0.2882    0.3137    0.3407    0.3692    0.3994    0.4312    0.4646    0.4998    0.5366    0.5759    0.6169    0.6597    
RU101    0    1.25e-06    0.009323    0.01721    0.0248    0.03242    0.04021    0.04829    0.05674    0.06566    0.07512    0.08519    0.09594    0.1074    0.1197    0.1329    0.147    0.1621    0.1782    0.1954    0.2138    0.2333    0.254    0.276    0.2992    0.3238    0.3497    0.377    0.4056    0.4357    0.4686    0.503    0.5389    
RU102    0    1.127e-06    0.007895    0.01464    0.02121    0.02787    0.03475    0.04197    0.04961    0.05776    0.06648    0.07587    0.086    0.09693    0.1087    0.1215    0.1353    0.1501    0.1661    0.1833    0.2017    0.2214    0.2425    0.265    0.2889    0.3144    0.3413    0.3698    0.4    0.4317    0.469    0.5081    0.5489    
RH103    0    1.877e-07    0.001765    0.005608    0.00985    0.01412    0.01837    0.02266    0.02705    0.03163    0.03646    0.04161    0.04715    0.05314    0.05964    0.0667    0.07436    0.08267    0.09167    0.1014    0.1119    0.1231    0.1351    0.148    0.1617    0.1762    0.1915    0.2077    0.2248    0.2426    0.2643    0.2901    0.3179    
RU104    0    7.15e-07    0.003601    0.006686    0.009707    0.01281    0.01607    0.01958    0.02341    0.02762    0.03229    0.03748    0.04326    0.0497    0.05687    0.06483    0.07364    0.08337    0.09407    0.1058    0.1186    0.1325    0.1477    0.164    0.1816    0.2006    0.2209    0.2425    0.2656    0.2901    0.3262    0.3639    0.4034    
PD105    0    4.647e-07    0.001787    0.003427    0.005018    0.006665    0.008435    0.01038    0.01257    0.01504    0.01786    0.02108    0.02476    0.02894    0.03369    0.03905    0.04508    0.05182    0.05932    0.06763    0.07678    0.08681    0.09777    0.1097    0.1226    0.1365    0.1515    0.1676    0.1848    0.2031    0.2322    0.263    0.2952    
I129    0    2.501e-07    0.001538    0.002959    0.004353    0.005762    0.007217    0.008743    0.01036    0.0121    0.01398    0.01602    0.01824    0.02066    0.0233    0.02617    0.0293    0.03271    0.03639    0.04038    0.04468    0.04931    0.05427    0.05958    0.06525    0.07129    0.0777    0.08449    0.09166    0.09923    0.1092    0.1197    0.1307    
TE130    0    5.395e-07    0.003603    0.006668    0.009639    0.01264    0.01574    0.019    0.02244    0.02612    0.03006    0.03432    0.03892    0.0439    0.0493    0.05514    0.06146    0.06829    0.07565    0.08358    0.09209    0.1012    0.111    0.1214    0.1325    0.1442    0.1567    0.1699    0.1839    0.1986    0.2167    0.2356    0.2554    
XE131    0    5.395e-07    0.004891    0.01082    0.01606    0.02105    0.02597    0.03093    0.03598    0.0412    0.04665    0.05237    0.05842    0.06483    0.07164    0.07889    0.08661    0.09484    0.1036    0.1129    0.1227    0.1332    0.1442    0.1558    0.168    0.1809    0.1944    0.2084    0.2231    0.2384    0.256    0.2747    0.2938    
XE132    0    1.26e-06    0.009422    0.019    0.02823    0.03762    0.04741    0.05773    0.0687    0.08042    0.09299    0.1065    0.1211    0.1368    0.1537    0.172    0.1916    0.2128    0.2355    0.2599    0.2861    0.314    0.3438    0.3756    0.4094    0.4453    0.4833    0.5236    0.5661    0.6109    0.6602    0.7122    0.7668    
CS133    0    1.391e-06    0.01273    0.02714    0.04022    0.05298    0.06579    0.07886    0.09234    0.1064    0.1211    0.1365    0.1529    0.1702    0.1885    0.208    0.2287    0.2507    0.2741    0.2988    0.325    0.3528    0.382    0.4129    0.4453    0.4794    0.5152    0.5526    0.5917    0.6326    0.6747    0.7184    0.7638    
XE134    0    2.348e-06    0.01866    0.03456    0.0499    0.0653    0.08106    0.09739    0.1145    0.1324    0.1514    0.1715    0.1928    0.2156    0.2398    0.2656    0.2932    0.3225    0.3537    0.3869    0.4221    0.4595    0.4991    0.5409    0.5851    0.6317    0.6807    0.7322    0.7862    0.8428    0.8996    0.959    1.021    
CS135    0    6.265e-07    0.004784    0.008907    0.01288    0.01686    0.02096    0.02523    0.02972    0.03447    0.03953    0.04494    0.05073    0.05695    0.06363    0.0708    0.0785    0.08676    0.0956    0.1051    0.1152    0.126    0.1374    0.1496    0.1626    0.1763    0.1907    0.206    0.2221    0.2391    0.2574    0.2766    0.2967    
XE136    0    3.493e-06    0.02696    0.05002    0.07227    0.09463    0.1176    0.1414    0.1663    0.1926    0.2205    0.2502    0.2819    0.3157    0.3519    0.3906    0.432    0.4762    0.5235    0.5738    0.6275    0.6845    0.7451    0.8092    0.8771    0.9488    1.024    1.104    1.188    1.275    1.369    1.466    1.567    
CS137    0    1.952e-06    0.01514    0.02795    0.04029    0.05265    0.06529    0.07838    0.09205    0.1064    0.1217    0.1378    0.155    0.1734    0.193    0.2139    0.2363    0.2601    0.2856    0.3126    0.3414    0.372    0.4044    0.4387    0.475    0.5132    0.5534    0.5958    0.6402    0.6867    0.7358    0.7869    0.8403    
BA138    0    2.076e-06    0.01696    0.03138    0.04529    0.05924    0.0735    0.08824    0.1036    0.1197    0.1367    0.1547    0.1737    0.1939    0.2154    0.2382    0.2625    0.2882    0.3155    0.3445    0.3752    0.4077    0.442    0.4782    0.5163    0.5564    0.5986    0.6428    0.6891    0.7376    0.7837    0.832    0.8823    
LA139    0    1.996e-06    0.01618    0.02994    0.04319    0.05647    0.07004    0.08406    0.09867    0.114    0.1301    0.1472    0.1653    0.1845    0.2049    0.2265    0.2496    0.274    0.3    0.3275    0.3567    0.3876    0.4202    0.4546    0.4909    0.5291    0.5691    0.6112    0.6552    0.7013    0.7455    0.7917    0.84    
CE140    0    8.961e-07    0.009497    0.02432    0.03815    0.05173    0.06548    0.07963    0.09434    0.1098    0.126    0.1431    0.1613    0.1807    0.2012    0.2231    0.2463    0.2711    0.2974    0.3253    0.3549    0.3863    0.4196    0.4547    0.4917    0.5307    0.5718    0.6149    0.6601    0.7075    0.7548    0.803    0.8533    
CE141    0    1.405e-06    0.009753    0.01147    0.0117    0.01176    0.01194    0.01226    0.01272    0.0133    0.01399    0.01478    0.01566    0.01663    0.01768    0.01881    0.02002    0.02129    0.02263    0.02403    0.02549    0.027    0.02856    0.03017    0.03183    0.03352    0.03526    0.03702    0.03882    0.04064    0.04072    0.04194    0.04358    
PR141    0    4.521e-07    0.005228    0.01629    0.02836    0.0406    0.05299    0.06565    0.07872    0.09234    0.1066    0.1217    0.1376    0.1544    0.1723    0.1913    0.2115    0.233    0.2559    0.2802    0.3059    0.3332    0.362    0.3925    0.4247    0.4586    0.4942    0.5316    0.5709    0.612    0.654    0.6966    0.7408    
CE142    0    1.84e-06    0.01507    0.02792    0.04031    0.05273    0.06543    0.07856    0.09225    0.1066    0.1217    0.1377    0.1546    0.1726    0.1916    0.2119    0.2334    0.2563    0.2805    0.3062    0.3334    0.3622    0.3926    0.4246    0.4583    0.4938    0.5311    0.5701    0.611    0.6538    0.6943    0.7367    0.7809    
ND143    0    7.879e-07    0.008604    0.02211    0.03433    0.04594    0.05734    0.06877    0.08036    0.09222    0.1044    0.1171    0.1303    0.1441    0.1585    0.1737    0.1896    0.2062    0.2238    0.2421    0.2614    0.2816    0.3028    0.3249    0.348    0.372    0.3971    0.4231    0.4502    0.4782    0.5038    0.5282    0.5535    
CE144    0    1.607e-06    0.01339    0.02318    0.03142    0.03873    0.04541    0.05167    0.05766    0.06349    0.06926    0.07506    0.08093    0.08695    0.09315    0.09957    0.1062    0.1132    0.1204    0.1279    0.1358    0.1439    0.1523    0.1611    0.1701    0.1795    0.1891    0.199    0.2092    0.2197    0.2241    0.2294    0.2355    
ND144    0    6.709e-08    0.0008703    0.003567    0.007718    0.01314    0.01973    0.02742    0.03617    0.04596    0.05678    0.06865    0.08158    0.0956    0.1107    0.1271    0.1446    0.1634    0.1835    0.205    0.228    0.2525    0.2785    0.3062    0.3355    0.3667    0.3996    0.4344    0.4712    0.51    0.5504    0.592    0.635    
ND145    0    1.229e-06    0.01012    0.01868    0.02683    0.0349    0.04305    0.05139    0.06001    0.06896    0.07831    0.08812    0.09843    0.1093    0.1208    0.1329    0.1457    0.1592    0.1734    0.1885    0.2043    0.221    0.2385    0.2569    0.2762    0.2964    0.3176    0.3396    0.3626    0.3866    0.4079    0.4301    0.4532    
ND146    0    9.807e-07    0.007918    0.01476    0.02147    0.02829    0.03534    0.04271    0.05047    0.05868    0.06739    0.07665    0.08653    0.09707    0.1083    0.1203    0.1331    0.1467    0.1613    0.1767    0.1932    0.2106    0.229    0.2486    0.2692    0.291    0.3139    0.3381    0.3635    0.3901    0.4158    0.4427    0.4709    
PM147    0    3.692e-07    0.003699    0.00817    0.01162    0.01449    0.017    0.01929    0.02143    0.02349    0.02552    0.02758    0.02968    0.03186    0.03413    0.03652    0.03904    0.04169    0.04448    0.04741    0.05049    0.05372    0.0571    0.06062    0.06428    0.06807    0.072    0.07605    0.08023    0.08452    0.08815    0.09165    0.09537    
ND148    0    5.904e-07    0.004567    0.008458    0.01221    0.01597    0.01982    0.02381    0.02798    0.03237    0.03701    0.04193    0.04716    0.05273    0.05868    0.06502    0.07179    0.07901    0.08669    0.09487    0.1036    0.1128    0.1226    0.1329    0.1438    0.1553    0.1675    0.1802    0.1936    0.2076    0.222    0.237    0.2527    
SM148    0    6.08e-09    9.375e-05    0.0005567    0.001355    0.002425    0.003732    0.005252    0.006972    0.008883    0.01098    0.01327    0.01575    0.01843    0.02132    0.02443    0.02776    0.03133    0.03516    0.03925    0.04363    0.04829    0.05327    0.05856    0.0642    0.07018    0.07652    0.08324    0.09034    0.09784    0.1057    0.114    0.1226    
ND150    0    2.641e-07    0.001771    0.003275    0.00473    0.006199    0.007714    0.009298    0.01097    0.01276    0.01467    0.01673    0.01895    0.02135    0.02394    0.02675    0.02978    0.03305    0.03658    0.04037    0.04444    0.04881    0.05348    0.05846    0.06376    0.06939    0.07537    0.0817    0.08837    0.09542    0.1039    0.1129    0.1222    
SM150    0    2.548e-07    0.002241    0.005311    0.008321    0.01145    0.01474    0.01822    0.0219    0.0258    0.02993    0.03433    0.03901    0.04399    0.0493    0.05496    0.06098    0.0674    0.07422    0.08148    0.08918    0.09735    0.106    0.1151    0.1248    0.135    0.1457    0.1569    0.1688    0.1811    0.1944    0.2083    0.2227    
SM152    0    1.525e-07    0.0009989    0.002197    0.003432    0.004661    0.005883    0.007114    0.008377    0.009693    0.01108    0.01257    0.01416    0.01588    0.01774    0.01976    0.02194    0.0243    0.02683    0.02956    0.03248    0.0356    0.03893    0.04246    0.0462    0.05014    0.0543    0.05867    0.06325    0.06804    0.07444    0.08135    0.08853    
