TIME    3   50   100   150   200   250   300   350   400   450   500   550   600   650   700   750   800   850   900   950   1000   1050   1100   1150   1200   1250   1300   1350   1400   1450   1500   1550   1600   
NEUT_PROD    0.777   1.17   1.58   1.95   2.27   2.56   2.83   3.07   3.28   3.48   3.65   3.82   3.97   4.1   4.23   4.35   4.46   4.56   4.65   4.74   4.82   4.9   4.97   5.04   5.1   5.16   5.22   5.27   5.32   5.37   5.41   5.45   5.49   
NEUT_DEST    2.51   2.76   3.01   3.24   3.44   3.64   3.82   3.99   4.14   4.29   4.43   4.56   4.68   4.8   4.91   5.01   5.11   5.21   5.3   5.39   5.47   5.55   5.63   5.7   5.77   5.84   5.9   5.97   6.03   6.09   6.14   6.2   6.25   
BUd    2.63e-16    0.159    0.238    0.306    0.367    0.421    0.47    0.514    0.554    0.59    0.623    0.653    0.68    0.706    0.729    0.75    0.77    0.788    0.805    0.821    0.836    0.85    0.863    0.875    0.887    0.897    0.907    0.917    0.926    0.934    0.942    0.95    0.957    
U238    1000    998.8    997.5    996.2    994.9    993.7    992.4    991.1    989.8    988.6    987.3    986    984.8    983.5    982.2    981    979.7    978.5    977.2    975.9    974.7    973.4    972.2    970.9    969.7    968.4    967.2    966    964.7    963.5    962.2    961    959.8    
NP237    1.619e-18    0.004251    0.009751    0.01506    0.02018    0.02511    0.02987    0.03445    0.03887    0.04313    0.04724    0.05119    0.055    0.05868    0.06222    0.06563    0.06892    0.07208    0.07513    0.07807    0.0809    0.08363    0.08626    0.08879    0.09123    0.09358    0.09584    0.09802    0.1001    0.1021    0.1041    0.106    0.1078    
NP239    1.523e-15    0.07773    0.07763    0.07753    0.07743    0.07733    0.07723    0.07713    0.07703    0.07693    0.07683    0.07673    0.07664    0.07654    0.07644    0.07634    0.07624    0.07614    0.07605    0.07595    0.07585    0.07575    0.07566    0.07556    0.07546    0.07537    0.07527    0.07517    0.07508    0.07498    0.07488    0.07479    0.07469    
PU239    7.701e-16    0.944    1.913    2.772    3.534    4.209    4.808    5.338    5.808    6.224    6.593    6.918    7.206    7.461    7.686    7.884    8.059    8.213    8.349    8.468    8.572    8.664    8.744    8.814    8.875    8.927    8.973    9.012    9.046    9.074    9.099    9.119    9.136    
PU240    0    0.02054    0.08322    0.1808    0.3069    0.4561    0.6238    0.8057    0.9984    1.199    1.405    1.613    1.823    2.033    2.241    2.446    2.647    2.844    3.036    3.223    3.404    3.578    3.747    3.909    4.065    4.215    4.358    4.495    4.626    4.751    4.87    4.983    5.091    
PU241    0    0.0003743    0.003012    0.009728    0.02177    0.03995    0.06467    0.0961    0.1342    0.1786    0.2291    0.2851    0.3462    0.4119    0.4815    0.5544    0.6303    0.7084    0.7883    0.8695    0.9516    1.034    1.117    1.199    1.281    1.362    1.442    1.52    1.597    1.672    1.746    1.817    1.887    
PU242    0    2.784e-06    4.559e-05    0.0002247    0.00068    0.001579    0.003104    0.005442    0.008775    0.01328    0.01912    0.02643    0.03535    0.04599    0.05843    0.07275    0.08899    0.1072    0.1274    0.1495    0.1737    0.1998    0.2278    0.2576    0.2893    0.3227    0.3578    0.3945    0.4326    0.4723    0.5133    0.5555    0.5989    
KR84    8.534e-19    0.0004625    0.001091    0.001848    0.00272    0.003698    0.004772    0.005935    0.00718    0.008501    0.009891    0.01135    0.01286    0.01444    0.01606    0.01774    0.01947    0.02124    0.02305    0.0249    0.02679    0.02872    0.03068    0.03268    0.03471    0.03677    0.03886    0.04098    0.04313    0.0453    0.0475    0.04972    0.05196    
KR86    1.286e-18    0.0007008    0.001659    0.002813    0.00414    0.005624    0.007246    0.008995    0.01086    0.01282    0.01487    0.01701    0.01923    0.02151    0.02386    0.02626    0.02872    0.03123    0.03379    0.03638    0.03902    0.04169    0.04439    0.04712    0.04989    0.05268    0.05549    0.05833    0.0612    0.06408    0.06698    0.0699    0.07283    
RB87    1.609e-18    0.0008763    0.002077    0.003524    0.00519    0.007052    0.009088    0.01128    0.01362    0.01608    0.01866    0.02134    0.02412    0.02699    0.02993    0.03295    0.03603    0.03918    0.04238    0.04563    0.04893    0.05228    0.05566    0.05909    0.06255    0.06604    0.06956    0.07312    0.07669    0.0803    0.08393    0.08758    0.09125    
SR88    2.187e-18    0.001255    0.002971    0.005032    0.0074    0.01004    0.01293    0.01604    0.01935    0.02284    0.02649    0.03028    0.03421    0.03826    0.04242    0.04668    0.05103    0.05547    0.05999    0.06457    0.06923    0.07394    0.07871    0.08354    0.08841    0.09333    0.09829    0.1033    0.1083    0.1134    0.1185    0.1236    0.1288    
Y89    5.945e-20    0.0004024    0.001577    0.00337    0.005679    0.008429    0.01156    0.01504    0.01881    0.02286    0.02715    0.03165    0.03635    0.04123    0.04627    0.05145    0.05677    0.06221    0.06776    0.07341    0.07916    0.08499    0.0909    0.09688    0.1029    0.109    0.1152    0.1214    0.1277    0.134    0.1404    0.1468    0.1532    
SR90    3.282e-18    0.00181    0.004326    0.007381    0.01091    0.01487    0.0192    0.02387    0.02883    0.03406    0.03953    0.04521    0.05109    0.05713    0.06333    0.06966    0.07612    0.08269    0.08936    0.09613    0.103    0.1099    0.1169    0.1239    0.131    0.1381    0.1453    0.1525    0.1598    0.1671    0.1744    0.1817    0.189    
Y91    3.151e-18    0.00167    0.003221    0.004566    0.005745    0.006785    0.007709    0.008532    0.009268    0.009928    0.01052    0.01106    0.01154    0.01198    0.01238    0.01274    0.01308    0.01338    0.01366    0.01391    0.01415    0.01437    0.01457    0.01475    0.01492    0.01508    0.01523    0.01537    0.0155    0.01562    0.01573    0.01584    0.01593    
ZR91    4.8e-20    0.0004793    0.001951    0.00428    0.007356    0.01109    0.0154    0.02023    0.02552    0.03123    0.0373    0.04371    0.05042    0.0574    0.06462    0.07207    0.07972    0.08756    0.09557    0.1037    0.112    0.1205    0.129    0.1377    0.1465    0.1554    0.1643    0.1734    0.1825    0.1917    0.2009    0.2102    0.2196    
ZR92    4.13e-18    0.002429    0.005908    0.01019    0.01519    0.02084    0.02705    0.03379    0.04099    0.04861    0.05661    0.06495    0.07361    0.08255    0.09175    0.1012    0.1108    0.1207    0.1307    0.141    0.1513    0.1619    0.1725    0.1833    0.1942    0.2052    0.2163    0.2275    0.2388    0.2502    0.2617    0.2732    0.2848    
ZR93    4.107e-18    0.002895    0.007151    0.01246    0.01869    0.02576    0.03357    0.04205    0.05112    0.06073    0.07082    0.08134    0.09226    0.1035    0.1151    0.127    0.1392    0.1516    0.1643    0.1771    0.1901    0.2033    0.2167    0.2302    0.2439    0.2576    0.2715    0.2855    0.2996    0.3138    0.328    0.3423    0.3567    
ZR94    4.481e-18    0.002689    0.006842    0.01218    0.01858    0.02593    0.03414    0.04311    0.05277    0.06306    0.07392    0.0853    0.09714    0.1094    0.1221    0.1351    0.1485    0.1622    0.1762    0.1904    0.2049    0.2196    0.2345    0.2497    0.265    0.2805    0.2962    0.312    0.328    0.3441    0.3603    0.3767    0.3932    
ZR95    5.664e-18    0.002681    0.005496    0.008164    0.01063    0.01289    0.01494    0.0168    0.01847    0.01998    0.02135    0.02259    0.02371    0.02473    0.02566    0.02651    0.02729    0.028    0.02866    0.02926    0.02982    0.03034    0.03081    0.03126    0.03167    0.03206    0.03242    0.03275    0.03306    0.03336    0.03363    0.03389    0.03413    
NB95    9.021e-20    0.0005142    0.001684    0.003062    0.004455    0.005782    0.007013    0.008137    0.009158    0.01008    0.01092    0.01167    0.01236    0.01298    0.01354    0.01406    0.01453    0.01496    0.01535    0.01571    0.01605    0.01635    0.01664    0.0169    0.01715    0.01738    0.01759    0.01779    0.01797    0.01814    0.0183    0.01845    0.0186    
MO95    1.792e-21    0.0001705    0.001222    0.003543    0.007224    0.01223    0.01846    0.02582    0.03419    0.04347    0.05357    0.06439    0.07585    0.0879    0.1005    0.1135    0.1269    0.1407    0.1548    0.1693    0.1839    0.1989    0.214    0.2293    0.2448    0.2604    0.2761    0.292    0.308    0.324    0.3401    0.3563    0.3726    
ZR96    5.747e-18    0.003399    0.008559    0.01513    0.02297    0.03194    0.04192    0.05282    0.06453    0.07698    0.09011    0.1038    0.1181    0.1329    0.1482    0.1639    0.18    0.1964    0.2132    0.2303    0.2476    0.2653    0.2831    0.3013    0.3196    0.3381    0.3568    0.3757    0.3948    0.414    0.4333    0.4528    0.4724    
MO97    4.045e-18    0.003485    0.008934    0.01592    0.02427    0.03385    0.04452    0.05618    0.06873    0.08207    0.09613    0.1109    0.1262    0.142    0.1584    0.1752    0.1924    0.2101    0.228    0.2463    0.2649    0.2838    0.303    0.3223    0.342    0.3618    0.3818    0.402    0.4224    0.4429    0.4636    0.4844    0.5053    
MO98    6.231e-18    0.003742    0.00952    0.01695    0.02584    0.03605    0.04744    0.05989    0.0733    0.08756    0.1026    0.1184    0.1348    0.1518    0.1693    0.1873    0.2058    0.2247    0.244    0.2637    0.2836    0.3039    0.3245    0.3454    0.3665    0.3878    0.4094    0.4311    0.4531    0.4752    0.4975    0.5199    0.5425    
TC99    1.834e-18    0.003608    0.009583    0.01723    0.02633    0.03673    0.04825    0.06076    0.07414    0.08829    0.1031    0.1185    0.1345    0.1509    0.1677    0.1848    0.2023    0.22    0.2379    0.2561    0.2744    0.2929    0.3115    0.3301    0.3489    0.3677    0.3865    0.4054    0.4243    0.4432    0.4621    0.4809    0.4997    
MO100    6.739e-18    0.00415    0.01074    0.01931    0.02967    0.04162    0.055    0.06966    0.08547    0.1023    0.1201    0.1388    0.1583    0.1785    0.1993    0.2207    0.2428    0.2653    0.2883    0.3117    0.3355    0.3598    0.3844    0.4093    0.4345    0.46    0.4858    0.5118    0.5381    0.5646    0.5913    0.6182    0.6453    
RU101    7.128e-18    0.004218    0.01059    0.01868    0.0283    0.03928    0.05147    0.06475    0.079    0.09412    0.11    0.1266    0.1439    0.1617    0.1801    0.1989    0.2182    0.2379    0.258    0.2784    0.299    0.32    0.3412    0.3627    0.3844    0.4062    0.4283    0.4505    0.4729    0.4954    0.518    0.5407    0.5635    
RU102    7.298e-18    0.004332    0.01091    0.01932    0.02935    0.04087    0.05372    0.06778    0.08295    0.09914    0.1163    0.1342    0.153    0.1725    0.1927    0.2135    0.235    0.257    0.2795    0.3026    0.3261    0.3501    0.3745    0.3993    0.4245    0.4501    0.4761    0.5023    0.529    0.5559    0.5831    0.6107    0.6385    
RU103    6.278e-18    0.002841    0.005619    0.008125    0.01037    0.01239    0.0142    0.01582    0.01729    0.01861    0.01981    0.0209    0.0219    0.0228    0.02364    0.0244    0.02511    0.02576    0.02636    0.02692    0.02744    0.02792    0.02838    0.0288    0.0292    0.02957    0.02991    0.03024    0.03055    0.03084    0.03111    0.03137    0.03161    
RH103    1.649e-19    0.001186    0.004826    0.01059    0.01815    0.02722    0.03755    0.04891    0.0611    0.07397    0.08737    0.1012    0.1153    0.1296    0.144    0.1585    0.1731    0.1875    0.2019    0.2161    0.2302    0.2442    0.2579    0.2714    0.2847    0.2977    0.3105    0.323    0.3352    0.3472    0.3589    0.3703    0.3814    
RU104    5.964e-18    0.003699    0.009615    0.01735    0.02672    0.03754    0.04968    0.063    0.0774    0.09278    0.109    0.1261    0.144    0.1625    0.1817    0.2014    0.2217    0.2425    0.2638    0.2856    0.3078    0.3303    0.3532    0.3765    0.4001    0.424    0.4482    0.4727    0.4974    0.5224    0.5476    0.573    0.5986    
PD104    0    1.68e-05    0.0001424    0.0004787    0.001113    0.002118    0.003556    0.005477    0.007921    0.01092    0.01451    0.0187    0.0235    0.02894    0.03501    0.04173    0.04908    0.05707    0.0657    0.07496    0.08484    0.09534    0.1064    0.1181    0.1304    0.1433    0.1567    0.1707    0.1852    0.2002    0.2158    0.2319    0.2484    
PD105    2.114e-18    0.002685    0.007298    0.01343    0.0209    0.02958    0.03932    0.05003    0.0616    0.07394    0.08698    0.1007    0.1149    0.1297    0.145    0.1607    0.1768    0.1932    0.21    0.2272    0.2446    0.2623    0.2802    0.2983    0.3167    0.3352    0.354    0.3729    0.3919    0.4111    0.4304    0.4498    0.4694    
RU106    3.158e-18    0.002055    0.005419    0.00974    0.0148    0.02042    0.02645    0.03278    0.03929    0.04591    0.05257    0.05923    0.06583    0.07234    0.07874    0.085    0.09112    0.09707    0.1029    0.1085    0.1139    0.1192    0.1242    0.1291    0.1338    0.1384    0.1428    0.147    0.151    0.1549    0.1586    0.1622    0.1657    
PD106    8.954e-21    0.0002606    0.0009265    0.002081    0.003802    0.006145    0.009154    0.01286    0.01728    0.02244    0.02832    0.03495    0.0423    0.05038    0.05918    0.06867    0.07886    0.08972    0.1012    0.1134    0.1262    0.1395    0.1535    0.1681    0.1832    0.1988    0.215    0.2317    0.2488    0.2665    0.2846    0.3031    0.3221    
PD107    1.877e-18    0.001369    0.003901    0.007417    0.01181    0.017    0.0229    0.02944    0.03657    0.04423    0.05239    0.061    0.07002    0.07943    0.08921    0.09932    0.1097    0.1205    0.1315    0.1427    0.1542    0.166    0.1779    0.1901    0.2024    0.2149    0.2276    0.2405    0.2535    0.2667    0.28    0.2934    0.3069    
PD108    1.235e-18    0.000923    0.002658    0.005084    0.008125    0.01172    0.01581    0.02035    0.0253    0.03062    0.03629    0.04227    0.04854    0.05508    0.06187    0.0689    0.07614    0.08359    0.09123    0.09904    0.107    0.1152    0.1235    0.1319    0.1405    0.1492    0.158    0.1669    0.1759    0.185    0.1942    0.2034    0.2128    
AG109    7.064e-19    0.0006518    0.001811    0.003371    0.005271    0.007458    0.009889    0.01252    0.01533    0.01829    0.02136    0.02454    0.02779    0.03112    0.03451    0.03794    0.0414    0.04489    0.0484    0.05193    0.05546    0.059    0.06253    0.06606    0.06958    0.07309    0.07659    0.08006    0.08352    0.08696    0.09038    0.09377    0.09714    
PD110    7.695e-19    0.0004599    0.001166    0.002073    0.003161    0.004411    0.005809    0.007342    0.009    0.01077    0.01265    0.01463    0.0167    0.01886    0.02111    0.02343    0.02583    0.02829    0.03083    0.03342    0.03608    0.0388    0.04158    0.0444    0.04728    0.05021    0.05319    0.05621    0.05927    0.06237    0.06552    0.0687    0.07192    
I127    1.801e-19    0.0005313    0.001365    0.00238    0.003557    0.004877    0.006324    0.007883    0.009542    0.01129    0.01311    0.015    0.01696    0.01896    0.02101    0.0231    0.02522    0.02737    0.02955    0.03175    0.03397    0.03621    0.03846    0.04072    0.04298    0.04525    0.04753    0.04981    0.05209    0.05438    0.05666    0.05894    0.06121    
TE128    1.863e-18    0.001049    0.002506    0.004274    0.006319    0.008611    0.01112    0.01383    0.01672    0.01976    0.02295    0.02626    0.02969    0.03322    0.03685    0.04056    0.04434    0.0482    0.05212    0.0561    0.06013    0.06422    0.06834    0.07251    0.07671    0.08095    0.08521    0.08951    0.09384    0.09818    0.1026    0.1069    0.1114    
I129    1.953e-18    0.001288    0.003291    0.005854    0.008908    0.01239    0.01626    0.02047    0.02497    0.02974    0.03474    0.03995    0.04534    0.05089    0.05659    0.06241    0.06835    0.07438    0.08051    0.0867    0.09297    0.09929    0.1057    0.1121    0.1185    0.125    0.1315    0.1381    0.1446    0.1512    0.1578    0.1643    0.1709    
TE130    3.868e-18    0.002276    0.005705    0.01006    0.01524    0.02116    0.02773    0.0349    0.0426    0.05077    0.05938    0.06838    0.07774    0.08742    0.09739    0.1076    0.1181    0.1288    0.1397    0.1509    0.1621    0.1736    0.1852    0.1969    0.2088    0.2208    0.2329    0.2451    0.2574    0.2698    0.2822    0.2948    0.3074    
XE131    6.029e-19    0.002355    0.006872    0.01267    0.01952    0.02726    0.03573    0.04479    0.05434    0.06427    0.0745    0.08496    0.09557    0.1063    0.1171    0.1278    0.1386    0.1493    0.16    0.1705    0.181    0.1912    0.2014    0.2114    0.2212    0.2309    0.2403    0.2496    0.2587    0.2676    0.2763    0.2848    0.2931    
XE132    2.012e-18    0.004145    0.01127    0.02063    0.03206    0.04539    0.0605    0.07726    0.09557    0.1153    0.1365    0.1589    0.1825    0.2073    0.2332    0.2601    0.2881    0.3169    0.3467    0.3774    0.4089    0.4412    0.4742    0.508    0.5425    0.5777    0.6135    0.65    0.6871    0.7248    0.763    0.8017    0.841    
CS133    8.166e-19    0.004614    0.01318    0.02432    0.03769    0.05301    0.07003    0.08851    0.1083    0.1291    0.151    0.1736    0.197    0.221    0.2455    0.2705    0.2959    0.3215    0.3474    0.3735    0.3998    0.4262    0.4526    0.4791    0.5057    0.5322    0.5586    0.5851    0.6114    0.6376    0.6638    0.6898    0.7156    
XE134    1.06e-17    0.006453    0.01644    0.02929    0.04469    0.06238    0.08213    0.1037    0.127    0.1519    0.1781    0.2056    0.2342    0.264    0.2947    0.3264    0.3589    0.3922    0.4262    0.461    0.4964    0.5323    0.5689    0.606    0.6436    0.6817    0.7202    0.7592    0.7985    0.8382    0.8783    0.9187    0.9595    
CS134    1.818e-23    2.855e-05    0.0001666    0.0004527    0.0009148    0.001574    0.002446    0.003541    0.004866    0.006425    0.008217    0.01024    0.0125    0.01498    0.01767    0.02058    0.02369    0.027    0.03049    0.03416    0.038    0.042    0.04615    0.05044    0.05486    0.0594    0.06407    0.06883    0.0737    0.07865    0.08369    0.0888    0.09398    
CS135    7.605e-18    0.001758    0.004597    0.008311    0.01281    0.01801    0.02384    0.03024    0.03717    0.04457    0.05242    0.06067    0.06929    0.07827    0.08758    0.0972    0.1071    0.1173    0.1278    0.1385    0.1494    0.1606    0.172    0.1837    0.1955    0.2075    0.2198    0.2322    0.2449    0.2577    0.2706    0.2838    0.2971    
XE136    9.473e-18    0.009846    0.02547    0.04578    0.07029    0.09856    0.1302    0.1649    0.2024    0.2423    0.2846    0.3289    0.3751    0.4231    0.4726    0.5237    0.5762    0.6299    0.6848    0.7409    0.798    0.856    0.915    0.9749    1.035    1.097    1.159    1.222    1.285    1.349    1.414    1.479    1.544    
CS137    8.657e-18    0.005337    0.01381    0.02484    0.03814    0.05347    0.07061    0.08937    0.1096    0.1311    0.1538    0.1776    0.2023    0.2279    0.2543    0.2815    0.3093    0.3377    0.3667    0.3962    0.4261    0.4565    0.4873    0.5184    0.5499    0.5817    0.6137    0.6461    0.6786    0.7114    0.7444    0.7775    0.8108    
BA138    8.732e-18    0.005258    0.01338    0.02381    0.03632    0.05068    0.06672    0.08426    0.1032    0.1233    0.1446    0.1669    0.1902    0.2143    0.2393    0.265    0.2914    0.3184    0.346    0.3742    0.403    0.4322    0.4619    0.492    0.5225    0.5535    0.5847    0.6164    0.6483    0.6806    0.7132    0.746    0.7791    
LA139    8.945e-18    0.005318    0.01344    0.02381    0.03619    0.05036    0.06616    0.0834    0.102    0.1217    0.1425    0.1644    0.1871    0.2106    0.2349    0.2599    0.2856    0.3119    0.3387    0.366    0.3938    0.4221    0.4508    0.4799    0.5093    0.5391    0.5692    0.5997    0.6304    0.6613    0.6926    0.724    0.7557    
CE140    1.995e-19    0.002962    0.009837    0.01923    0.03081    0.04434    0.05962    0.07649    0.09479    0.1144    0.1352    0.1571    0.18    0.2037    0.2284    0.2538    0.28    0.3068    0.3343    0.3624    0.391    0.4202    0.4498    0.4799    0.5105    0.5415    0.5728    0.6046    0.6367    0.6691    0.7018    0.7349    0.7682    
CE141    7.488e-18    0.003083    0.005725    0.007966    0.009925    0.01166    0.01322    0.01461    0.01587    0.017    0.01803    0.01896    0.01982    0.02059    0.02131    0.02196    0.02257    0.02312    0.02364    0.02412    0.02456    0.02497    0.02536    0.02572    0.02606    0.02637    0.02667    0.02694    0.0272    0.02745    0.02768    0.02789    0.0281    
PR141    2.42e-19    0.001625    0.006387    0.01373    0.02329    0.0348    0.04804    0.06283    0.07899    0.0964    0.1149    0.1345    0.1549    0.1762    0.1982    0.2209    0.2443    0.2682    0.2926    0.3175    0.3428    0.3686    0.3947    0.4212    0.448    0.4751    0.5024    0.53    0.5579    0.5859    0.6142    0.6426    0.6712    
CE142    7.647e-18    0.004609    0.01175    0.02095    0.03198    0.04465    0.0588    0.07426    0.09093    0.1087    0.1274    0.147    0.1675    0.1887    0.2106    0.2331    0.2562    0.2798    0.304    0.3286    0.3537    0.3791    0.405    0.4312    0.4577    0.4845    0.5116    0.539    0.5667    0.5946    0.6227    0.6511    0.6796    
ND143    1.883e-19    0.00239    0.007908    0.0153    0.02422    0.03445    0.04579    0.05808    0.07117    0.08492    0.09924    0.114    0.1292    0.1446    0.1603    0.1762    0.1922    0.2083    0.2244    0.2406    0.2567    0.2728    0.2888    0.3047    0.3206    0.3363    0.3518    0.3672    0.3825    0.3976    0.4125    0.4272    0.4417    
CE144    6.767e-18    0.003766    0.008947    0.01502    0.02173    0.02885    0.03623    0.04373    0.05125    0.0587    0.06601    0.07315    0.08008    0.08677    0.0932    0.09938    0.1053    0.1109    0.1163    0.1214    0.1263    0.1309    0.1353    0.1395    0.1434    0.1471    0.1507    0.154    0.1572    0.1602    0.163    0.1657    0.1682    
ND144    2.467e-20    0.000241    0.001174    0.002984    0.005808    0.009745    0.01487    0.02123    0.02885    0.03776    0.04795    0.05941    0.07214    0.08612    0.1013    0.1177    0.1353    0.154    0.1738    0.1946    0.2165    0.2395    0.2633    0.2882    0.3139    0.3406    0.3681    0.3964    0.4255    0.4554    0.4861    0.5175    0.5496    
ND145    5.955e-18    0.003392    0.008376    0.01458    0.02186    0.03009    0.03914    0.04892    0.05935    0.07034    0.08183    0.09376    0.1061    0.1187    0.1317    0.1449    0.1584    0.1721    0.1859    0.1999    0.214    0.2283    0.2426    0.257    0.2715    0.286    0.3006    0.3152    0.3298    0.3444    0.3591    0.3737    0.3883    
ND146    5.308e-18    0.003046    0.007496    0.01308    0.01968    0.02724    0.03565    0.04487    0.05483    0.06548    0.07677    0.08867    0.1011    0.1142    0.1277    0.1417    0.1562    0.1711    0.1865    0.2023    0.2184    0.235    0.2519    0.2692    0.2869    0.3048    0.3231    0.3418    0.3607    0.3799    0.3995    0.4193    0.4394    
PM147    3.584e-19    0.001436    0.004086    0.007196    0.01059    0.01415    0.01777    0.0214    0.02498    0.02847    0.03185    0.0351    0.0382    0.04116    0.04396    0.04662    0.04913    0.0515    0.05373    0.05583    0.05781    0.05967    0.06143    0.06308    0.06463    0.06609    0.06747    0.06877    0.06999    0.07115    0.07224    0.07326    0.07424    
ND148    3.501e-18    0.002015    0.004957    0.008629    0.01295    0.01786    0.02329    0.02918    0.03551    0.04222    0.04929    0.05667    0.06435    0.07229    0.08049    0.08891    0.09755    0.1064    0.1154    0.1246    0.1339    0.1434    0.1531    0.1628    0.1727    0.1827    0.1928    0.203    0.2133    0.2237    0.2341    0.2447    0.2553    
SM148    0    3.516e-05    0.0002398    0.0006815    0.001395    0.002402    0.003716    0.005344    0.007287    0.009543    0.01211    0.01497    0.01813    0.02156    0.02527    0.02924    0.03346    0.03791    0.0426    0.0475    0.05261    0.05793    0.06343    0.06911    0.07497    0.08099    0.08717    0.09351    0.09998    0.1066    0.1133    0.1202    0.1272    
ND150    2.141e-18    0.001218    0.002983    0.005177    0.007757    0.01068    0.01391    0.01743    0.02119    0.02519    0.02939    0.03379    0.03836    0.04309    0.04797    0.05299    0.05814    0.06341    0.06879    0.07427    0.07985    0.08552    0.09127    0.09711    0.103    0.109    0.115    0.1212    0.1273    0.1335    0.1398    0.1461    0.1525    
SM150    1.607e-22    0.001176    0.003461    0.006451    0.0101    0.01435    0.01917    0.0245    0.0303    0.03652    0.04314    0.05011    0.05739    0.06496    0.07278    0.08083    0.08908    0.09751    0.1061    0.1148    0.1236    0.1326    0.1416    0.1507    0.1598    0.169    0.1782    0.1875    0.1967    0.206    0.2152    0.2245    0.2337    
SM152    9.792e-19    0.0007705    0.002217    0.004185    0.006567    0.009273    0.01223    0.01538    0.01867    0.02206    0.02552    0.02903    0.03255    0.03608    0.0396    0.0431    0.04657    0.05002    0.05342    0.05678    0.06009    0.06336    0.06659    0.06976    0.07289    0.07596    0.07899    0.08197    0.0849    0.08778    0.09062    0.09341    0.09616    
EU153    2.764e-19    0.0004104    0.001123    0.002121    0.003415    0.005007    0.006891    0.009059    0.0115    0.01419    0.01712    0.02027    0.02362    0.02715    0.03084    0.03468    0.03865    0.04273    0.04691    0.05117    0.0555    0.05989    0.06433    0.06881    0.07331    0.07783    0.08237    0.0869    0.09143    0.09595    0.1005    0.1049    0.1094    
