TIME    3   50   100   150   200   250   300   350   400   450   500   550   600   650   700   750   800   850   900   950   1000   1050   1100   1150   1200   1250   1300   1350   1400   1450   1500   1550   1600   
NEUT_PROD    156   150   144   138   133   127   122   117   112   108   103   99.1   95.1   91.2   87.5   84   80.6   77.3   74.2   71.2   68.3   65.6   62.9   60.4   58   55.7   53.4   51.3   49.3   47.3   45.5   43.7   42   
NEUT_DEST    82.5   83.7   81.4   79.1   76.8   74.6   72.5   70.4   68.4   66.5   64.6   62.8   61   59.4   57.7   56.2   54.7   53.2   51.8   50.5   49.2   47.9   46.7   45.6   44.5   43.4   42.4   41.4   40.4   39.5   38.6   37.8   37   
BUd    6.26e-14    28.9    29.5    28.3    27.1    26    25    24    23    22    21.1    20.3    19.5    18.7    17.9    17.2    16.5    15.8    15.2    14.6    14    13.4    12.9    12.4    11.9    11.4    10.9    10.5    10.1    9.67    9.29    8.92    8.57    
U234    5.652e-18    0.002576    0.005147    0.007556    0.009818    0.01195    0.01397    0.0159    0.01775    0.01956    0.02134    0.02311    0.02491    0.02674    0.02864    0.03062    0.0327    0.03492    0.03728    0.0398    0.04251    0.04542    0.04856    0.05192    0.05554    0.05942    0.06357    0.06802    0.07276    0.07781    0.08318    0.08887    0.09489    
U235    1000    961.5    922.3    884.6    848.4    813.8    780.5    748.6    718.1    688.7    660.6    633.6    607.7    582.9    559.1    536.2    514.3    493.3    473.2    453.8    435.3    417.5    400.5    384.1    368.4    353.4    338.9    325.1    311.8    299.1    286.8    275.1    263.9    
U236    1.826e-14    8.372    16.83    24.85    32.45    39.65    46.45    52.9    58.98    64.73    70.16    75.28    80.1    84.64    88.91    92.93    96.69    100.2    103.5    106.6    109.5    112.2    114.7    117    119.2    121.2    123    124.7    126.2    127.7    128.9    130.1    131.2    
U237    0    0.0137    0.03118    0.04778    0.06351    0.0784    0.0925    0.1058    0.1184    0.1304    0.1416    0.1522    0.1622    0.1716    0.1805    0.1888    0.1966    0.2039    0.2108    0.2172    0.2232    0.2288    0.234    0.2388    0.2433    0.2474    0.2513    0.2548    0.258    0.2609    0.2636    0.266    0.2682    
U238    0    0.0002212    0.00113    0.002725    0.004971    0.007832    0.01127    0.01527    0.01978    0.02478    0.03024    0.03613    0.04243    0.04912    0.05616    0.06354    0.07124    0.07924    0.08751    0.09604    0.1048    0.1138    0.123    0.1324    0.1419    0.1517    0.1615    0.1715    0.1817    0.1919    0.2023    0.2127    0.2232    
NP237    0    0.02786    0.1407    0.3356    0.6053    0.9428    1.342    1.796    2.3    2.848    3.435    4.057    4.71    5.388    6.09    6.81    7.546    8.294    9.052    9.817    10.59    11.36    12.13    12.9    13.67    14.44    15.19    15.94    16.68    17.41    18.13    18.83    19.53    
PU238    0    0.0002451    0.00277    0.01041    0.0257    0.05087    0.08787    0.1384    0.2039    0.2855    0.3843    0.5011    0.6366    0.7911    0.9651    1.159    1.372    1.605    1.858    2.13    2.421    2.731    3.059    3.405    3.768    4.148    4.544    4.955    5.38    5.82    6.273    6.739    7.216    
PU239    0    1.414e-06    3.106e-05    0.0001709    0.000551    0.001337    0.002721    0.004911    0.008125    0.01258    0.01851    0.02612    0.03561    0.04719    0.06102    0.07729    0.09614    0.1177    0.1421    0.1694    0.1998    0.2332    0.2698    0.3095    0.3524    0.3985    0.4478    0.5003    0.5558    0.6145    0.6762    0.7409    0.8085    
SE78    4.644e-18    0.002197    0.004455    0.006625    0.008711    0.01072    0.01264    0.0145    0.01628    0.01799    0.01964    0.02122    0.02274    0.02421    0.02562    0.02697    0.02828    0.02954    0.03074    0.03191    0.03303    0.03411    0.03515    0.03615    0.03711    0.03804    0.03894    0.0398    0.04063    0.04144    0.04221    0.04296    0.04368    
SE79    1.174e-17    0.005424    0.01097    0.01628    0.02138    0.02627    0.03096    0.03546    0.03977    0.04391    0.04788    0.05168    0.05533    0.05883    0.06219    0.06541    0.0685    0.07146    0.07431    0.07703    0.07965    0.08216    0.08456    0.08687    0.08909    0.09121    0.09325    0.09521    0.09709    0.09889    0.1006    0.1023    0.1039    
SE80    2.819e-17    0.01299    0.02627    0.039    0.05122    0.06294    0.07418    0.08496    0.09531    0.1052    0.1148    0.1239    0.1326    0.1411    0.1491    0.1569    0.1643    0.1714    0.1782    0.1848    0.1911    0.1971    0.2029    0.2085    0.2138    0.2189    0.2239    0.2286    0.2331    0.2375    0.2417    0.2457    0.2495    
BR81    4.824e-17    0.0222    0.0448    0.06639    0.087    0.1067    0.1255    0.1434    0.1605    0.1768    0.1923    0.2072    0.2213    0.2348    0.2476    0.2598    0.2714    0.2825    0.293    0.3031    0.3126    0.3216    0.3302    0.3384    0.3462    0.3535    0.3605    0.3671    0.3733    0.3793    0.3849    0.3901    0.3952    
SE82    7.561e-17    0.03485    0.07046    0.1046    0.1374    0.1688    0.1989    0.2279    0.2556    0.2822    0.3077    0.3322    0.3557    0.3782    0.3999    0.4206    0.4405    0.4596    0.4779    0.4955    0.5123    0.5285    0.544    0.5589    0.5732    0.5869    0.6001    0.6127    0.6249    0.6365    0.6477    0.6584    0.6687    
KR83    1.183e-16    0.05654    0.1134    0.1666    0.2165    0.2631    0.3066    0.3472    0.385    0.4201    0.4528    0.483    0.511    0.5369    0.5607    0.5825    0.6026    0.6209    0.6376    0.6527    0.6663    0.6786    0.6895    0.6992    0.7077    0.7151    0.7215    0.7269    0.7314    0.735    0.7377    0.7397    0.741    
KR84    2.408e-16    0.1116    0.227    0.3389    0.4475    0.5528    0.6551    0.7543    0.8506    0.9441    1.035    1.123    1.209    1.292    1.372    1.451    1.527    1.601    1.673    1.742    1.81    1.876    1.94    2.003    2.063    2.122    2.179    2.235    2.289    2.342    2.393    2.443    2.492    
KR85    6.395e-17    0.02923    0.05903    0.08735    0.1143    0.1398    0.1641    0.1872    0.209    0.2298    0.2494    0.268    0.2856    0.3023    0.3181    0.333    0.3471    0.3604    0.3729    0.3847    0.3958    0.4062    0.416    0.4253    0.4339    0.442    0.4495    0.4566    0.4631    0.4692    0.4749    0.4801    0.485    
RB85    2.372e-16    0.1089    0.2211    0.329    0.4327    0.5323    0.6282    0.7204    0.809    0.8943    0.9763    1.055    1.131    1.204    1.274    1.342    1.407    1.47    1.53    1.588    1.644    1.698    1.75    1.8    1.848    1.894    1.939    1.982    2.023    2.063    2.102    2.139    2.175    
KR86    4.802e-16    0.2213    0.4475    0.6644    0.8725    1.072    1.264    1.447    1.623    1.792    1.955    2.11    2.259    2.403    2.54    2.672    2.798    2.919    3.036    3.147    3.254    3.357    3.456    3.551    3.641    3.729    3.812    3.892    3.97    4.044    4.115    4.183    4.248    
RB87    6.212e-16    0.2859    0.5785    0.8591    1.128    1.386    1.634    1.871    2.099    2.318    2.527    2.728    2.921    3.106    3.283    3.453    3.616    3.773    3.923    4.067    4.205    4.338    4.465    4.587    4.704    4.816    4.924    5.027    5.127    5.222    5.313    5.401    5.485    
SR88    8.448e-16    0.4111    0.8329    1.237    1.626    1.998    2.355    2.698    3.027    3.342    3.645    3.935    4.214    4.481    4.737    4.983    5.219    5.446    5.663    5.872    6.072    6.264    6.448    6.625    6.795    6.958    7.114    7.265    7.409    7.547    7.68    7.808    7.93    
SR89    1.156e-15    0.4003    0.6031    0.6888    0.7162    0.715    0.6999    0.6785    0.6544    0.6295    0.6048    0.5806    0.5572    0.5347    0.513    0.4922    0.4722    0.453    0.4346    0.417    0.4001    0.3839    0.3683    0.3534    0.3391    0.3254    0.3123    0.2997    0.2876    0.2761    0.265    0.2544    0.2442    
Y89    2.397e-17    0.144    0.4976    0.9455    1.43    1.922    2.408    2.881    3.338    3.778    4.201    4.607    4.997    5.371    5.73    6.074    6.404    6.72    7.024    7.315    7.595    7.863    8.12    8.366    8.603    8.83    9.047    9.256    9.456    9.649    9.833    10.01    10.18    
SR90    1.428e-15    0.6575    1.327    1.967    2.579    3.163    3.721    4.254    4.763    5.249    5.714    6.156    6.579    6.982    7.367    7.734    8.083    8.416    8.734    9.036    9.324    9.598    9.859    10.11    10.34    10.57    10.78    10.98    11.18    11.36    11.53    11.69    11.85    
ZR90    2.722e-18    0.002195    0.00668    0.0133    0.02198    0.03263    0.04517    0.0595    0.07556    0.09326    0.1125    0.1333    0.1555    0.1791    0.2039    0.23    0.2573    0.2857    0.3152    0.3458    0.3772    0.4097    0.443    0.4771    0.5121    0.5478    0.5842    0.6213    0.6591    0.6975    0.7365    0.776    0.8161    
Y91    1.179e-15    0.5145    0.8069    0.9472    1.004    1.017    1.005    0.9799    0.949    0.9154    0.8809    0.8467    0.8132    0.7806    0.7492    0.719    0.69    0.6621    0.6353    0.6097    0.5851    0.5614    0.5388    0.5171    0.4963    0.4764    0.4572    0.4389    0.4213    0.4045    0.3883    0.3729    0.358    
ZR91    1.796e-17    0.1577    0.5611    1.088    1.671    2.272    2.873    3.462    4.034    4.586    5.118    5.629    6.12    6.592    7.044    7.477    7.893    8.292    8.674    9.041    9.392    9.73    10.05    10.36    10.66    10.95    11.22    11.48    11.73    11.97    12.2    12.43    12.64    
ZR92    1.446e-15    0.6992    1.42    2.111    2.774    3.41    4.021    4.607    5.169    5.709    6.226    6.723    7.2    7.658    8.097    8.519    8.924    9.312    9.685    10.04    10.39    10.72    11.03    11.34    11.63    11.91    12.18    12.44    12.69    12.93    13.16    13.38    13.59    
ZR93    1.334e-15    0.7592    1.544    2.296    3.016    3.706    4.367    4.999    5.605    6.185    6.74    7.272    7.781    8.268    8.734    9.181    9.608    10.02    10.41    10.78    11.14    11.48    11.81    12.12    12.42    12.71    12.98    13.24    13.49    13.73    13.96    14.18    14.39    
ZR94    1.626e-15    0.7499    1.517    2.255    2.963    3.644    4.298    4.927    5.531    6.112    6.67    7.207    7.723    8.219    8.696    9.155    9.596    10.02    10.43    10.82    11.2    11.56    11.91    12.25    12.58    12.89    13.19    13.48    13.76    14.03    14.29    14.54    14.78    
ZR95    1.662e-15    0.6088    0.9669    1.15    1.233    1.258    1.251    1.225    1.19    1.15    1.108    1.066    1.025    0.984    0.9446    0.9066    0.87    0.8348    0.8011    0.7687    0.7376    0.7078    0.6792    0.6518    0.6256    0.6004    0.5763    0.5532    0.5311    0.5098    0.4895    0.47    0.4514    
NB95    2.648e-17    0.1255    0.3343    0.4977    0.6001    0.6542    0.676    0.6777    0.6675    0.6505    0.6301    0.6079    0.5853    0.5627    0.5405    0.5189    0.4981    0.478    0.4587    0.4402    0.4224    0.4053    0.389    0.3733    0.3582    0.3438    0.33    0.3167    0.304    0.2918    0.2802    0.269    0.2583    
MO95    5.26e-19    0.04369    0.2709    0.6839    1.225    1.838    2.484    3.137    3.782    4.41    5.015    5.596    6.152    6.682    7.188    7.669    8.126    8.561    8.974    9.367    9.739    10.09    10.43    10.74    11.04    11.33    11.6    11.85    12.09    12.31    12.53    12.73    12.92    
ZR96    1.676e-15    0.7727    1.562    2.319    3.045    3.742    4.41    5.05    5.664    6.253    6.818    7.359    7.878    8.376    8.854    9.312    9.751    10.17    10.58    10.96    11.33    11.69    12.03    12.36    12.67    12.98    13.27    13.54    13.81    14.06    14.31    14.54    14.77    
MO96    9.193e-20    0.0001837    0.001319    0.004501    0.01055    0.01994    0.03292    0.04956    0.06983    0.09364    0.1209    0.1514    0.185    0.2217    0.2611    0.3033    0.3481    0.3953    0.4448    0.4965    0.5502    0.606    0.6636    0.7229    0.7839    0.8465    0.9105    0.9759    1.043    1.111    1.18    1.25    1.321    
ZR97    5.071e-16    0.01544    0.01481    0.01421    0.01364    0.01309    0.01256    0.01205    0.01156    0.0111    0.01065    0.01022    0.00981    0.009415    0.009037    0.008674    0.008327    0.007994    0.007674    0.007368    0.007075    0.006793    0.006524    0.006265    0.006018    0.00578    0.005553    0.005335    0.005127    0.004927    0.004735    0.004552    0.004376    
MO97    1.075e-15    0.7147    1.462    2.178    2.865    3.523    4.154    4.759    5.338    5.894    6.426    6.936    7.425    7.894    8.343    8.774    9.186    9.582    9.961    10.32    10.67    11.01    11.33    11.63    11.93    12.21    12.48    12.74    12.98    13.22    13.45    13.67    13.88    
MO98    1.589e-15    0.7324    1.48    2.197    2.885    3.544    4.176    4.782    5.362    5.919    6.453    6.964    7.455    7.925    8.375    8.807    9.222    9.619    9.999    10.36    10.71    11.05    11.37    11.68    11.97    12.26    12.53    12.79    13.04    13.28    13.51    13.73    13.94    
MO99    1.154e-15    0.06282    0.06035    0.05797    0.0557    0.05351    0.05142    0.04941    0.04749    0.04564    0.04387    0.04217    0.04054    0.03898    0.03749    0.03605    0.03468    0.03336    0.03209    0.03088    0.02972    0.02861    0.02754    0.02652    0.02554    0.0246    0.0237    0.02284    0.02202    0.02123    0.02047    0.01974    0.01905    
TC99    4.527e-16    0.6862    1.45    2.174    2.859    3.507    4.12    4.699    5.246    5.762    6.249    6.707    7.139    7.545    7.927    8.285    8.621    8.935    9.229    9.504    9.761    9.999    10.22    10.43    10.62    10.79    10.96    11.11    11.24    11.37    11.48    11.58    11.68    
MO100    1.748e-15    0.8057    1.629    2.418    3.175    3.901    4.597    5.265    5.905    6.519    7.108    7.672    8.214    8.733    9.231    9.709    10.17    10.61    11.03    11.43    11.82    12.19    12.55    12.89    13.22    13.53    13.84    14.13    14.4    14.67    14.93    15.17    15.41    
RU100    6.275e-21    0.004315    0.01897    0.04345    0.07723    0.1198    0.1707    0.2294    0.2955    0.3686    0.4482    0.534    0.6257    0.7228    0.825    0.932    1.044    1.159    1.279    1.402    1.529    1.659    1.792    1.927    2.065    2.205    2.348    2.492    2.638    2.786    2.935    3.086    3.237    
RU101    1.425e-15    0.6583    1.329    1.969    2.581    3.165    3.722    4.255    4.763    5.247    5.71    6.151    6.572    6.973    7.355    7.72    8.067    8.398    8.713    9.012    9.298    9.569    9.827    10.07    10.31    10.53    10.74    10.94    11.13    11.31    11.48    11.64    11.8    
RU102    1.203e-15    0.5576    1.13    1.682    2.214    2.727    3.222    3.699    4.16    4.604    5.033    5.447    5.847    6.234    6.607    6.968    7.316    7.653    7.979    8.294    8.6    8.895    9.181    9.458    9.726    9.986    10.24    10.48    10.72    10.95    11.17    11.39    11.6    
RU103    8.816e-16    0.2825    0.3987    0.4352    0.4394    0.4306    0.417    0.4017    0.3862    0.371    0.3562    0.342    0.3283    0.3152    0.3027    0.2906    0.2791    0.268    0.2574    0.2473    0.2376    0.2283    0.2193    0.2108    0.2026    0.1948    0.1873    0.1802    0.1733    0.1667    0.1605    0.1545    0.1487    
RH103    2.315e-17    0.1323    0.4294    0.7743    1.12    1.447    1.75    2.028    2.28    2.508    2.713    2.896    3.06    3.205    3.332    3.444    3.54    3.622    3.692    3.75    3.796    3.832    3.859    3.877    3.887    3.89    3.886    3.876    3.86    3.84    3.814    3.785    3.751    
RU104    5.499e-16    0.254    0.5143    0.7642    1.004    1.234    1.455    1.667    1.87    2.065    2.251    2.431    2.602    2.767    2.925    3.077    3.223    3.362    3.496    3.625    3.748    3.867    3.98    4.089    4.194    4.294    4.391    4.483    4.572    4.658    4.74    4.819    4.895    
PD104    2.237e-23    0.001984    0.01418    0.04095    0.08318    0.1404    0.2117    0.2958    0.3916    0.4981    0.6141    0.7386    0.8707    1.01    1.154    1.305    1.459    1.617    1.779    1.943    2.11    2.278    2.447    2.617    2.788    2.959    3.13    3.3    3.469    3.638    3.805    3.971    4.135    
PD105    1.375e-16    0.1255    0.2598    0.3881    0.5106    0.6276    0.7392    0.8459    0.9477    1.045    1.138    1.226    1.311    1.392    1.469    1.542    1.613    1.68    1.744    1.805    1.863    1.919    1.973    2.024    2.072    2.119    2.163    2.206    2.246    2.285    2.323    2.358    2.392    
RU106    1.25e-16    0.05526    0.1066    0.151    0.1892    0.2219    0.2496    0.2729    0.2922    0.308    0.3207    0.3306    0.338    0.3433    0.3467    0.3484    0.3486    0.3476    0.3455    0.3424    0.3385    0.334    0.3288    0.3232    0.3172    0.3109    0.3043    0.2976    0.2907    0.2838    0.2769    0.2699    0.2631    
PD106    3.534e-19    0.01083    0.02812    0.0502    0.07645    0.1063    0.1392    0.1748    0.2126    0.2522    0.2934    0.3358    0.3792    0.4234    0.4681    0.5132    0.5585    0.604    0.6494    0.6947    0.7397    0.7845    0.8289    0.8729    0.9164    0.9595    1.002    1.044    1.085    1.126    1.166    1.206    1.245    
PD107    5.993e-17    0.02761    0.05574    0.08263    0.1083    0.1329    0.1564    0.1788    0.2003    0.2208    0.2403    0.2591    0.2769    0.294    0.3104    0.326    0.3409    0.3552    0.3688    0.3819    0.3943    0.4063    0.4178    0.4287    0.4392    0.4493    0.459    0.4683    0.4773    0.4859    0.4942    0.5022    0.51    
PD108    2.929e-17    0.0135    0.02727    0.04043    0.05302    0.06507    0.07659    0.0876    0.09813    0.1082    0.1178    0.127    0.1358    0.1443    0.1523    0.16    0.1674    0.1744    0.1812    0.1876    0.1938    0.1998    0.2055    0.211    0.2162    0.2213    0.2261    0.2308    0.2354    0.2397    0.244    0.2481    0.2521    
AG109    1.094e-17    0.006617    0.01326    0.01939    0.02504    0.03025    0.03504    0.03945    0.04349    0.0472    0.0506    0.05371    0.05655    0.05914    0.06151    0.06366    0.06561    0.06738    0.06899    0.07044    0.07176    0.07295    0.07402    0.07499    0.07587    0.07666    0.07738    0.07803    0.07862    0.07916    0.07966    0.08012    0.08055    
PD110    1.091e-17    0.00503    0.01017    0.0151    0.01982    0.02435    0.0287    0.03287    0.03687    0.0407    0.04438    0.04791    0.05129    0.05454    0.05766    0.06066    0.06353    0.06629    0.06895    0.0715    0.07396    0.07632    0.0786    0.0808    0.08291    0.08496    0.08693    0.08884    0.09069    0.09248    0.09422    0.09591    0.09755    
CD110    0    0.0001723    0.0007223    0.001623    0.002848    0.004372    0.006172    0.008226    0.01051    0.01301    0.01571    0.01858    0.02162    0.0248    0.02812    0.03156    0.03511    0.03876    0.0425    0.04631    0.0502    0.05414    0.05815    0.0622    0.0663    0.07044    0.0746    0.0788    0.08303    0.08727    0.09154    0.09582    0.1001    
CD111    1.108e-18    0.003132    0.007266    0.01123    0.01502    0.01865    0.02212    0.02544    0.02862    0.03166    0.03458    0.03737    0.04005    0.04261    0.04507    0.04744    0.0497    0.05188    0.05397    0.05598    0.05792    0.05978    0.06158    0.06331    0.06498    0.0666    0.06816    0.06967    0.07113    0.07256    0.07394    0.07528    0.07659    
CD112    4.107e-18    0.002941    0.006052    0.00905    0.01194    0.01472    0.01741    0.01999    0.02249    0.0249    0.02722    0.02946    0.03163    0.03372    0.03573    0.03768    0.03957    0.04139    0.04315    0.04485    0.0465    0.0481    0.04965    0.05115    0.0526    0.05402    0.05539    0.05672    0.05801    0.05927    0.0605    0.06169    0.06286    
CD114    6.053e-18    0.004852    0.01068    0.01629    0.02168    0.02684    0.03179    0.03653    0.04108    0.04543    0.04961    0.05362    0.05745    0.06113    0.06466    0.06804    0.07128    0.07439    0.07737    0.08023    0.08297    0.0856    0.08812    0.09054    0.09286    0.09508    0.09722    0.09927    0.1012    0.1031    0.1049    0.1067    0.1084    
CD116    6.025e-18    0.002778    0.005617    0.00834    0.01095    0.01346    0.01586    0.01817    0.02038    0.0225    0.02453    0.02648    0.02835    0.03014    0.03186    0.03352    0.0351    0.03662    0.03808    0.03947    0.04081    0.0421    0.04334    0.04452    0.04566    0.04675    0.0478    0.04881    0.04977    0.0507    0.05159    0.05245    0.05327    
SN116    1.449e-23    0.0002042    0.0008504    0.001851    0.003125    0.004607    0.006241    0.007982    0.009794    0.01165    0.01352    0.0154    0.01726    0.0191    0.02091    0.02268    0.02441    0.02609    0.02773    0.02931    0.03085    0.03234    0.03378    0.03518    0.03652    0.03782    0.03908    0.04029    0.04146    0.04259    0.04368    0.04473    0.04574    
SN117    5.489e-18    0.002708    0.005491    0.008158    0.01072    0.01317    0.01552    0.01777    0.01993    0.02201    0.024    0.0259    0.02773    0.02949    0.03117    0.03279    0.03434    0.03582    0.03725    0.03862    0.03994    0.0412    0.04241    0.04357    0.04469    0.04576    0.04679    0.04778    0.04873    0.04964    0.05052    0.05136    0.05217    
SN118    6.453e-18    0.003022    0.006115    0.009083    0.01193    0.01466    0.01729    0.0198    0.02222    0.02454    0.02676    0.0289    0.03095    0.03292    0.03481    0.03662    0.03836    0.04004    0.04164    0.04318    0.04467    0.04609    0.04746    0.04877    0.05003    0.05125    0.05241    0.05353    0.05461    0.05565    0.05665    0.05761    0.05853    
SN119    6.211e-18    0.002871    0.005811    0.008638    0.01135    0.01396    0.01647    0.01888    0.0212    0.02342    0.02556    0.02761    0.02958    0.03147    0.03329    0.03504    0.03672    0.03833    0.03988    0.04137    0.0428    0.04418    0.0455    0.04677    0.04799    0.04917    0.0503    0.05138    0.05243    0.05344    0.0544    0.05534    0.05623    
SN120    6.595e-18    0.003041    0.006147    0.009128    0.01199    0.01473    0.01736    0.01988    0.0223    0.02463    0.02686    0.02899    0.03105    0.03301    0.0349    0.03671    0.03845    0.04012    0.04172    0.04326    0.04474    0.04615    0.04751    0.04882    0.05007    0.05127    0.05243    0.05354    0.05461    0.05563    0.05662    0.05757    0.05848    
SB121    3.792e-18    0.003077    0.00631    0.009384    0.01231    0.01509    0.01773    0.02023    0.02261    0.02487    0.02701    0.02904    0.03096    0.03278    0.0345    0.03613    0.03767    0.03912    0.04049    0.04179    0.04301    0.04415    0.04523    0.04624    0.04719    0.04809    0.04892    0.0497    0.05043    0.05111    0.05174    0.05233    0.05287    
SN122    7.398e-18    0.00341    0.006894    0.01024    0.01344    0.01652    0.01947    0.0223    0.02502    0.02763    0.03013    0.03253    0.03483    0.03704    0.03916    0.0412    0.04315    0.04503    0.04682    0.04855    0.05021    0.0518    0.05333    0.0548    0.05621    0.05756    0.05886    0.06011    0.06131    0.06246    0.06357    0.06464    0.06566    
SB123    6.716e-18    0.00319    0.006641    0.0101    0.01352    0.01687    0.02015    0.02332    0.02639    0.02935    0.03219    0.03491    0.03752    0.04002    0.0424    0.04467    0.04684    0.0489    0.05086    0.05273    0.0545    0.05618    0.05778    0.0593    0.06074    0.0621    0.06339    0.06461    0.06576    0.06685    0.06788    0.06885    0.06977    
SN124    1.139e-17    0.005251    0.01061    0.01575    0.02068    0.02541    0.02994    0.03428    0.03844    0.04243    0.04625    0.04992    0.05343    0.0568    0.06003    0.06312    0.06609    0.06893    0.07165    0.07427    0.07677    0.07917    0.08147    0.08368    0.0858    0.08782    0.08977    0.09163    0.09342    0.09514    0.09678    0.09836    0.09988    
SB125    9.824e-18    0.006026    0.0127    0.01889    0.0246    0.02986    0.03469    0.03911    0.04315    0.04684    0.05019    0.05323    0.05597    0.05843    0.06064    0.06259    0.06432    0.06584    0.06715    0.06828    0.06923    0.07002    0.07066    0.07116    0.07153    0.07177    0.0719    0.07193    0.07187    0.07171    0.07148    0.07116    0.07078    
TE125    8.226e-21    7.478e-05    0.0003472    0.0008241    0.001498    0.002359    0.003393    0.004589    0.005932    0.00741    0.009012    0.01073    0.01254    0.01445    0.01643    0.01849    0.02062    0.0228    0.02502    0.02729    0.0296    0.03194    0.0343    0.03668    0.03907    0.04147    0.04388    0.04629    0.04869    0.0511    0.05349    0.05587    0.05824    
SN126    2.7e-17    0.01244    0.02516    0.03736    0.04905    0.06027    0.07104    0.08136    0.09126    0.1008    0.1099    0.1186    0.127    0.135    0.1428    0.1502    0.1573    0.1641    0.1706    0.1769    0.1829    0.1887    0.1943    0.1996    0.2047    0.2097    0.2144    0.2189    0.2233    0.2275    0.2315    0.2354    0.2391    
I127    8.287e-18    0.02093    0.04633    0.07124    0.09546    0.1189    0.1414    0.1631    0.1838    0.2036    0.2225    0.2405    0.2576    0.2738    0.2893    0.3039    0.3178    0.331    0.3434    0.3552    0.3663    0.3768    0.3868    0.3961    0.405    0.4133    0.4211    0.4284    0.4353    0.4418    0.4478    0.4535    0.4588    
TE128    1.435e-16    0.06777    0.1372    0.2037    0.2676    0.3288    0.3876    0.4439    0.498    0.5499    0.5996    0.6474    0.6932    0.7371    0.7793    0.8197    0.8585    0.8958    0.9315    0.9658    0.9987    1.03    1.061    1.09    1.118    1.145    1.17    1.195    1.219    1.242    1.264    1.285    1.305    
TE129M    3.619e-17    0.01094    0.01482    0.01575    0.01566    0.01522    0.01467    0.0141    0.01353    0.01298    0.01246    0.01195    0.01146    0.011    0.01055    0.01013    0.009716    0.009324    0.008947    0.008587    0.008242    0.007911    0.007594    0.00729    0.007    0.006721    0.006455    0.0062    0.005956    0.005722    0.005499    0.005285    0.00508    
I129    2.068e-16    0.1089    0.2276    0.3437    0.4553    0.5621    0.664    0.7611    0.8537    0.9418    1.026    1.105    1.181    1.254    1.322    1.388    1.45    1.508    1.564    1.617    1.667    1.715    1.76    1.803    1.843    1.881    1.917    1.952    1.984    2.014    2.043    2.07    2.095    
TE130    5.517e-16    0.2544    0.5144    0.7638    1.003    1.232    1.453    1.664    1.866    2.06    2.247    2.425    2.597    2.761    2.919    3.071    3.216    3.355    3.489    3.617    3.74    3.858    3.972    4.081    4.185    4.286    4.382    4.474    4.563    4.648    4.73    4.809    4.885    
XE130    6.733e-20    0.0003123    0.00127    0.002869    0.005087    0.007899    0.01128    0.0152    0.01963    0.02455    0.02993    0.03576    0.04201    0.04865    0.05568    0.06306    0.07078    0.07883    0.08719    0.09583    0.1047    0.1139    0.1234    0.133    0.1429    0.153    0.1632    0.1737    0.1843    0.1951    0.2061    0.2172    0.2284    
I131    8.687e-16    0.116    0.1134    0.1088    0.1044    0.1001    0.09606    0.09215    0.0884    0.0848    0.08135    0.07805    0.07488    0.07184    0.06892    0.06613    0.06345    0.06089    0.05843    0.05607    0.05381    0.05164    0.04957    0.04758    0.04568    0.04385    0.0421    0.04043    0.03883    0.03729    0.03582    0.03442    0.03307    
XE131    1.138e-16    0.3604    0.8365    1.277    1.68    2.05    2.388    2.696    2.975    3.228    3.457    3.662    3.845    4.008    4.153    4.279    4.389    4.484    4.564    4.631    4.685    4.728    4.761    4.783    4.797    4.802    4.799    4.789    4.772    4.749    4.721    4.688    4.651    
TE132    1.164e-15    0.07125    0.06834    0.06556    0.06289    0.06032    0.05786    0.05551    0.05325    0.05108    0.049    0.04701    0.0451    0.04326    0.04151    0.03982    0.03821    0.03666    0.03518    0.03376    0.03239    0.03109    0.02984    0.02864    0.02749    0.02639    0.02534    0.02433    0.02336    0.02244    0.02155    0.0207    0.01989    
XE132    4.046e-16    0.6613    1.433    2.192    2.939    3.673    4.394    5.102    5.797    6.478    7.147    7.802    8.444    9.072    9.687    10.29    10.88    11.45    12.02    12.57    13.11    13.63    14.15    14.65    15.14    15.61    16.08    16.53    16.98    17.41    17.83    18.24    18.64    
I133    9.411e-16    0.0299    0.02868    0.02751    0.02639    0.02531    0.02428    0.02329    0.02234    0.02143    0.02056    0.01972    0.01892    0.01815    0.01742    0.01671    0.01603    0.01538    0.01476    0.01416    0.01359    0.01304    0.01252    0.01201    0.01153    0.01107    0.01063    0.0102    0.009795    0.009406    0.009033    0.008676    0.008334    
XE133    1.303e-15    0.1759    0.1694    0.1626    0.1559    0.1496    0.1435    0.1377    0.1321    0.1267    0.1216    0.1167    0.112    0.1074    0.1031    0.09892    0.09493    0.0911    0.08743    0.08392    0.08055    0.07732    0.07423    0.07126    0.06842    0.0657    0.0631    0.0606    0.05821    0.05592    0.05372    0.05162    0.04961    
CS133    2.09e-16    0.928    2.086    3.179    4.208    5.177    6.088    6.944    7.747    8.5    9.206    9.865    10.48    11.06    11.59    12.09    12.55    12.98    13.38    13.74    14.08    14.39    14.67    14.93    15.16    15.37    15.56    15.73    15.88    16.01    16.12    16.22    16.3    
XE134    2.822e-15    1.318    2.668    3.963    5.205    6.397    7.54    8.636    9.687    10.7    11.66    12.59    13.48    14.34    15.15    15.94    16.69    17.42    18.11    18.78    19.42    20.03    20.62    21.18    21.72    22.24    22.74    23.22    23.68    24.12    24.55    24.95    25.34    
CS134    1.586e-20    0.006148    0.03001    0.07007    0.1242    0.1905    0.2672    0.3528    0.4457    0.5447    0.6486    0.7563    0.8669    0.9795    1.093    1.208    1.322    1.436    1.548    1.659    1.768    1.875    1.98    2.081    2.18    2.276    2.368    2.457    2.542    2.624    2.703    2.778    2.849    
BA134    2.193e-23    7.94e-05    0.0008455    0.003089    0.007504    0.01469    0.02516    0.03936    0.05765    0.08033    0.1077    0.1398    0.177    0.2192    0.2666    0.3192    0.3769    0.4399    0.5079    0.5811    0.6592    0.7421    0.8299    0.9222    1.019    1.12    1.226    1.335    1.448    1.565    1.686    1.81    1.937    
CS135    1.968e-15    0.3376    0.686    1.02    1.34    1.648    1.944    2.228    2.503    2.768    3.024    3.271    3.511    3.743    3.968    4.186    4.398    4.604    4.805    5.001    5.191    5.377    5.558    5.735    5.908    6.078    6.243    6.405    6.564    6.719    6.871    7.02    7.167    
XE136    2.427e-15    1.904    3.858    5.733    7.532    9.257    10.91    12.5    14.02    15.48    16.89    18.23    19.52    20.76    21.94    23.08    24.18    25.23    26.23    27.2    28.12    29.01    29.87    30.68    31.47    32.23    32.95    33.65    34.31    34.96    35.57    36.16    36.73    
BA136    2.284e-19    0.001116    0.003697    0.007329    0.01194    0.0175    0.02396    0.03128    0.03945    0.04842    0.05817    0.06867    0.0799    0.09184    0.1045    0.1177    0.1317    0.1462    0.1614    0.1772    0.1935    0.2104    0.2279    0.2459    0.2645    0.2836    0.3031    0.3232    0.3438    0.3649    0.3864    0.4084    0.4308    
CS137    2.323e-15    1.069    2.159    3.2    4.195    5.146    6.055    6.923    7.752    8.544    9.301    10.02    10.71    11.37    12    12.6    13.17    13.71    14.23    14.73    15.2    15.65    16.07    16.48    16.87    17.24    17.59    17.92    18.24    18.54    18.82    19.09    19.35    
BA137    4.181e-19    0.001692    0.006901    0.01547    0.02725    0.0421    0.05988    0.08045    0.1037    0.1295    0.1577    0.1883    0.221    0.2559    0.2928    0.3316    0.3722    0.4145    0.4586    0.5041    0.5512    0.5998    0.6497    0.7008    0.7532    0.8068    0.8615    0.9172    0.9739    1.032    1.09    1.15    1.21    
BA138    2.591e-15    1.198    2.424    3.599    4.727    5.808    6.846    7.841    8.796    9.712    10.59    11.43    12.24    13.02    13.76    14.48    15.16    15.82    16.45    17.05    17.63    18.19    18.73    19.24    19.73    20.21    20.66    21.1    21.51    21.92    22.3    22.67    23.03    
LA139    2.478e-15    1.143    2.312    3.432    4.505    5.532    6.517    7.461    8.364    9.23    10.06    10.85    11.61    12.34    13.04    13.71    14.35    14.96    15.54    16.1    16.64    17.16    17.65    18.12    18.57    19    19.41    19.81    20.19    20.55    20.9    21.23    21.54    
BA140    2.225e-15    0.399    0.4143    0.3995    0.3833    0.3677    0.3527    0.3384    0.3246    0.3114    0.2987    0.2865    0.2749    0.2637    0.253    0.2427    0.2329    0.2234    0.2144    0.2057    0.1974    0.1894    0.1818    0.1745    0.1675    0.1607    0.1543    0.1481    0.1422    0.1365    0.1311    0.1259    0.1209    
LA140    1.286e-16    0.0524    0.05498    0.05312    0.05104    0.04903    0.0471    0.04524    0.04347    0.04176    0.04013    0.03856    0.03706    0.03561    0.03423    0.03291    0.03164    0.03042    0.02925    0.02813    0.02706    0.02603    0.02504    0.0241    0.02319    0.02233    0.02149    0.0207    0.01993    0.0192    0.0185    0.01783    0.01719    
CE140    5.956e-17    0.7045    1.867    3.018    4.125    5.189    6.21    7.191    8.134    9.039    9.909    10.74    11.55    12.32    13.06    13.77    14.46    15.12    15.75    16.36    16.94    17.5    18.05    18.57    19.07    19.55    20.01    20.46    20.89    21.3    21.7    22.09    22.46    
CE141    2.223e-15    0.666    0.8933    0.9443    0.9358    0.9081    0.8747    0.8403    0.8066    0.774    0.7426    0.7124    0.6835    0.6558    0.6293    0.6038    0.5793    0.5559    0.5335    0.512    0.4913    0.4716    0.4526    0.4344    0.417    0.4004    0.3844    0.3691    0.3544    0.3403    0.3269    0.314    0.3016    
PR141    7.186e-17    0.3917    1.249    2.236    3.237    4.216    5.159    6.063    6.93    7.759    8.552    9.311    10.04    10.73    11.4    12.03    12.64    13.22    13.77    14.3    14.81    15.29    15.75    16.19    16.62    17.02    17.4    17.77    18.12    18.45    18.77    19.07    19.36    
CE142    2.304e-15    1.064    2.156    3.203    4.207    5.17    6.094    6.981    7.831    8.646    9.428    10.18    10.9    11.59    12.25    12.88    13.49    14.08    14.64    15.18    15.69    16.19    16.66    17.12    17.55    17.97    18.37    18.76    19.13    19.49    19.83    20.16    20.47    
ND142    2.224e-23    0.000268    0.001902    0.005461    0.01107    0.01871    0.02832    0.03982    0.05312    0.06815    0.08482    0.1031    0.1228    0.144    0.1665    0.1903    0.2154    0.2416    0.269    0.2974    0.3269    0.3573    0.3887    0.4209    0.4539    0.4878    0.5224    0.5577    0.5937    0.6303    0.6676    0.7054    0.7438    
CE143    1.209e-15    0.04475    0.04293    0.04118    0.03951    0.0379    0.03636    0.03489    0.03347    0.03211    0.03081    0.02956    0.02836    0.02722    0.02611    0.02506    0.02405    0.02308    0.02215    0.02126    0.0204    0.01958    0.0188    0.01804    0.01732    0.01663    0.01597    0.01533    0.01473    0.01414    0.01359    0.01305    0.01254    
PR143    1.074e-15    0.3879    0.4121    0.3984    0.3824    0.3669    0.352    0.3377    0.324    0.3108    0.2982    0.2862    0.2746    0.2634    0.2528    0.2426    0.2328    0.2234    0.2144    0.2057    0.1975    0.1895    0.1819    0.1746    0.1677    0.161    0.1546    0.1484    0.1425    0.1369    0.1315    0.1263    0.1213    
ND143    6.203e-17    0.6383    1.688    2.703    3.65    4.53    5.348    6.105    6.806    7.453    8.049    8.597    9.099    9.558    9.977    10.36    10.7    11.01    11.29    11.54    11.75    11.95    12.11    12.26    12.38    12.47    12.55    12.61    12.66    12.69    12.7    12.7    12.68    
CE144    2.157e-15    0.9426    1.794    2.508    3.103    3.593    3.993    4.313    4.565    4.758    4.899    4.996    5.055    5.081    5.08    5.055    5.01    4.949    4.874    4.788    4.692    4.589    4.48    4.367    4.25    4.132    4.012    3.892    3.772    3.653    3.534    3.418    3.303    
ND144    8.242e-18    0.06546    0.2716    0.6012    1.037    1.563    2.165    2.833    3.554    4.321    5.123    5.956    6.811    7.684    8.57    9.465    10.36    11.27    12.17    13.06    13.95    14.84    15.72    16.58    17.44    18.28    19.11    19.93    20.73    21.52    22.3    23.06    23.8    
ND145    1.568e-15    0.7141    1.441    2.13    2.783    3.401    3.986    4.539    5.062    5.556    6.023    6.463    6.877    7.268    7.636    7.982    8.307    8.613    8.899    9.167    9.418    9.652    9.87    10.07    10.26    10.44    10.6    10.75    10.89    11.02    11.13    11.24    11.34    
ND146    1.201e-15    0.5595    1.14    1.705    2.256    2.793    3.316    3.826    4.324    4.809    5.282    5.744    6.195    6.635    7.064    7.484    7.894    8.295    8.687    9.07    9.445    9.811    10.17    10.52    10.86    11.2    11.53    11.85    12.17    12.48    12.78    13.08    13.37    
ND147    8.487e-16    0.1359    0.1374    0.1322    0.1269    0.1217    0.1168    0.1121    0.1076    0.1033    0.09915    0.09518    0.09137    0.08772    0.08422    0.08086    0.07764    0.07456    0.07161    0.06877    0.06606    0.06346    0.06097    0.05858    0.05629    0.0541    0.052    0.04999    0.04807    0.04623    0.04446    0.04277    0.04115    
PM147    8.222e-17    0.2739    0.6336    0.9295    1.166    1.352    1.496    1.605    1.684    1.738    1.772    1.79    1.793    1.786    1.769    1.744    1.714    1.679    1.641    1.6    1.557    1.513    1.468    1.422    1.377    1.332    1.287    1.243    1.2    1.158    1.117    1.077    1.038    
SM147    6.095e-20    0.003759    0.01999    0.04738    0.08333    0.1256    0.1724    0.2221    0.2736    0.3258    0.3779    0.4292    0.4793    0.5276    0.574    0.6181    0.6599    0.6991    0.7358    0.7699    0.8014    0.8303    0.8567    0.8807    0.9023    0.9216    0.9386    0.9536    0.9665    0.9775    0.9866    0.994    0.9998    
ND148    6.948e-16    0.3227    0.6532    0.97    1.273    1.564    1.842    2.109    2.365    2.609    2.844    3.068    3.283    3.489    3.686    3.874    4.055    4.228    4.393    4.552    4.703    4.849    4.988    5.12    5.248    5.369    5.486    5.597    5.704    5.806    5.904    5.997    6.086    
PM148    1.674e-21    0.003049    0.007116    0.01049    0.01319    0.01531    0.01696    0.0182    0.0191    0.01973    0.02012    0.02032    0.02037    0.02028    0.02009    0.01982    0.01947    0.01908    0.01864    0.01818    0.01769    0.01719    0.01668    0.01616    0.01564    0.01513    0.01463    0.01413    0.01364    0.01316    0.01269    0.01224    0.0118    
PM148M    3.036e-22    0.001965    0.005996    0.009532    0.01238    0.01464    0.01639    0.01772    0.01871    0.0194    0.01985    0.0201    0.02018    0.02013    0.01997    0.01972    0.0194    0.01902    0.0186    0.01814    0.01767    0.01717    0.01667    0.01616    0.01564    0.01514    0.01463    0.01414    0.01365    0.01317    0.0127    0.01225    0.01181    
SM148    3.468e-22    0.007079    0.04211    0.105    0.191    0.2957    0.4155    0.5472    0.6882    0.8364    0.9897    1.147    1.306    1.467    1.628    1.789    1.948    2.106    2.262    2.416    2.567    2.716    2.861    3.004    3.143    3.279    3.412    3.541    3.667    3.79    3.909    4.026    4.139    
PM149    2.914e-16    0.01431    0.01481    0.01519    0.01541    0.01551    0.0155    0.0154    0.01523    0.015    0.01473    0.01442    0.01409    0.01373    0.01337    0.01299    0.01261    0.01223    0.01184    0.01147    0.01109    0.01072    0.01036    0.01001    0.00967    0.009337    0.009014    0.0087    0.008397    0.008105    0.007822    0.007549    0.007287    
SM149    1.581e-16    0.03304    0.03445    0.03538    0.03596    0.03624    0.03626    0.03608    0.03573    0.03525    0.03466    0.03399    0.03326    0.03248    0.03166    0.03083    0.02998    0.02913    0.02827    0.02743    0.02659    0.02577    0.02496    0.02417    0.02341    0.02266    0.02194    0.02124    0.02056    0.0199    0.01927    0.01866    0.01807    
ND150    2.714e-16    0.125    0.2526    0.3749    0.4921    0.6044    0.7121    0.8152    0.914    1.009    1.099    1.186    1.269    1.349    1.426    1.499    1.569    1.636    1.7    1.762    1.821    1.877    1.931    1.983    2.033    2.08    2.126    2.17    2.211    2.251    2.29    2.326    2.362    
SM150    2.054e-19    0.1631    0.4009    0.6465    0.8966    1.148    1.398    1.645    1.887    2.123    2.351    2.57    2.782    2.984    3.176    3.359    3.532    3.696    3.851    3.996    4.132    4.259    4.378    4.488    4.59    4.684    4.771    4.851    4.924    4.99    5.05    5.104    5.152    
SM151    9.392e-17    0.05888    0.09352    0.1119    0.1223    0.1288    0.1333    0.137    0.1402    0.1432    0.1461    0.1489    0.1515    0.1541    0.1566    0.1589    0.1611    0.1632    0.1651    0.1668    0.1685    0.1699    0.1713    0.1725    0.1735    0.1744    0.1752    0.1759    0.1764    0.1768    0.1771    0.1773    0.1774    
SM152    1.157e-16    0.07149    0.1683    0.2695    0.3674    0.4586    0.5421    0.6178    0.6862    0.748    0.8037    0.854    0.8995    0.9406    0.9778    1.011    1.042    1.069    1.094    1.116    1.137    1.155    1.171    1.185    1.198    1.209    1.219    1.228    1.235    1.241    1.246    1.25    1.253    
EU153    2.755e-17    0.03281    0.0747    0.1226    0.176    0.2341    0.2959    0.3602    0.4262    0.4931    0.5601    0.6267    0.6925    0.7569    0.8199    0.881    0.9401    0.9972    1.052    1.104    1.155    1.202    1.248    1.291    1.332    1.37    1.406    1.44    1.472    1.502    1.529    1.555    1.579    
SM154    3.291e-17    0.01538    0.03115    0.04632    0.06091    0.07496    0.08848    0.1015    0.114    0.1261    0.1376    0.1488    0.1595    0.1698    0.1797    0.1893    0.1984    0.2073    0.2158    0.2239    0.2318    0.2393    0.2466    0.2536    0.2603    0.2668    0.273    0.279    0.2848    0.2904    0.2957    0.3009    0.3059    
EU154    7.525e-22    0.00113    0.004951    0.0115    0.02082    0.03288    0.0476    0.06481    0.08432    0.1059    0.1292    0.1541    0.1803    0.2075    0.2354    0.2638    0.2926    0.3215    0.3503    0.3789    0.4072    0.435    0.4622    0.4888    0.5146    0.5396    0.5638    0.5871    0.6094    0.6308    0.6512    0.6707    0.6892    
EU155    1.596e-17    0.006282    0.01105    0.01477    0.01809    0.02148    0.02525    0.0296    0.03465    0.04046    0.04703    0.05433    0.06232    0.07093    0.08007    0.08968    0.09966    0.1099    0.1204    0.131    0.1417    0.1524    0.163    0.1735    0.1839    0.194    0.2039    0.2136    0.223    0.232    0.2408    0.2491    0.2572    
GD156    4.344e-19    0.002343    0.007667    0.0146    0.0227    0.03184    0.04203    0.05343    0.06623    0.08068    0.09704    0.1156    0.1366    0.1602    0.1867    0.2163    0.249    0.2851    0.3247    0.3676    0.4141    0.4641    0.5176    0.5746    0.635    0.6988    0.7658    0.8359    0.9091    0.9853    1.064    1.146    1.23    
GD158    1.805e-18    0.002365    0.005128    0.007878    0.01061    0.01333    0.01604    0.01877    0.02153    0.02434    0.02722    0.03021    0.03332    0.03659    0.04003    0.04368    0.04756    0.0517    0.05612    0.06084    0.0659    0.0713    0.07707    0.08324    0.08982    0.09683    0.1043    0.1122    0.1206    0.1295    0.1389    0.1488    0.1592    
