TIME    3   50   100   150   200   250   300   350   400   450   500   550   600   650   700   750   800   850   900   950   1000   1050   1100   1150   1200   1250   1300   1350   1400   1450   1500   1550   1600   
NEUT_PROD    1.07   4.37   5.1   6.02   7.11   8.33   9.66   11.1   12.5   14.1   15.6   17.1   18.7   20.2   21.7   23.2   24.7   26.1   27.5   28.9   30.2   31.4   32.6   33.8   34.9   35.9   36.9   37.9   38.8   39.6   40.4   41.2   41.9   
NEUT_DEST    76.7   69   68.4   68.5   68.1   67.8   67.7   67.6   67.6   67.7   67.8   67.9   68   68.1   68.3   68.5   68.6   68.8   69   69.1   69.3   69.4   69.5   69.6   69.7   69.8   69.9   69.9   69.9   69.9   69.9   69.9   69.8   
BUd    5.71e-16    2.58    1.08    1.2    1.37    1.57    1.79    2.03    2.28    2.53    2.8    3.06    3.33    3.6    3.86    4.12    4.38    4.63    4.87    5.11    5.33    5.56    5.77    5.97    6.17    6.35    6.53    6.7    6.86    7.01    7.15    7.28    7.41    
HE4    6.258e-09    0.0001931    0.0009568    0.002278    0.004123    0.006458    0.009253    0.01248    0.0161    0.0201    0.02445    0.02912    0.03409    0.03934    0.04485    0.05059    0.05656    0.06273    0.06909    0.07562    0.0823    0.08913    0.09609    0.1032    0.1104    0.1176    0.125    0.1325    0.14    0.1476    0.1552    0.1629    0.1706    
U234    4.378e-20    0.01118    0.05507    0.1302    0.2337    0.3632    0.5161    0.6903    0.8835    1.094    1.319    1.558    1.808    2.069    2.338    2.614    2.897    3.184    3.475    3.769    4.064    4.36    4.656    4.951    5.245    5.536    5.825    6.11    6.392    6.669    6.942    7.209    7.471    
U235    0    7.463e-05    0.0007738    0.00281    0.00681    0.01331    0.02278    0.03559    0.05208    0.0725    0.09706    0.1259    0.1592    0.1969    0.2391    0.2858    0.337    0.3926    0.4525    0.5166    0.5848    0.657    0.733    0.8126    0.8956    0.982    1.071    1.164    1.259    1.356    1.456    1.558    1.661    
U238    6.954e-14    5.687    5.724    5.716    5.709    5.702    5.694    5.687    5.68    5.673    5.665    5.658    5.651    5.643    5.636    5.629    5.622    5.615    5.607    5.6    5.593    5.586    5.579    5.571    5.564    5.557    5.55    5.543    5.536    5.529    5.522    5.514    5.507    
NP237    265.1    960.9    933    900.6    869.3    839.1    810    781.8    754.7    728.5    703.2    678.7    655.2    632.4    610.4    589.2    568.8    549    529.9    511.5    493.8    476.6    460    444.1    428.6    413.8    399.4    385.5    372.1    359.2    346.7    334.7    323    
NP238    7.12e-15    2.024    1.968    1.9    1.834    1.77    1.708    1.649    1.592    1.536    1.483    1.432    1.382    1.334    1.287    1.243    1.2    1.158    1.118    1.079    1.041    1.005    0.9703    0.9366    0.9041    0.8727    0.8423    0.8131    0.7848    0.7576    0.7313    0.7059    0.6814    
PU238    2.583e-15    24.99    56.64    86.39    114.3    140.4    164.8    187.7    209    228.8    247.2    264.4    280.2    294.9    308.4    320.8    332.2    342.6    352.1    360.7    368.5    375.5    381.7    387.2    392    396.2    399.8    402.8    405.3    407.2    408.7    409.7    410.3    
PU239    0    0.2573    1.167    2.628    4.539    6.812    9.369    12.14    15.08    18.12    21.23    24.37    27.51    30.62    33.69    36.69    39.6    42.43    45.14    47.75    50.24    52.61    54.85    56.97    58.96    60.82    62.55    64.17    65.65    67.02    68.28    69.41    70.44    
PU240    0    0.003373    0.0315    0.1084    0.2524    0.4767    0.7903    1.199    1.705    2.308    3.007    3.799    4.678    5.64    6.677    7.785    8.954    10.18    11.45    12.76    14.11    15.48    16.88    18.28    19.7    21.12    22.53    23.93    25.32    26.69    28.04    29.37    30.66    
PU241    0    4.379e-05    0.0008254    0.004286    0.01329    0.03122    0.06168    0.1083    0.1744    0.2631    0.3772    0.5189    0.6899    0.8916    1.125    1.39    1.687    2.016    2.376    2.765    3.183    3.628    4.098    4.591    5.105    5.639    6.189    6.754    7.332    7.919    8.515    9.117    9.722    
PU242    0    2.49e-07    9.602e-06    7.649e-05    0.0003218    0.0009586    0.002302    0.004767    0.008869    0.01521    0.02445    0.03735    0.05467    0.07722    0.1058    0.1413    0.1845    0.2362    0.2971    0.3679    0.4494    0.542    0.6464    0.763    0.8922    1.034    1.19    1.358    1.54    1.736    1.945    2.168    2.403    
BR81    0    3.713e-06    3.21e-05    0.001861    0.003409    0.004913    0.006456    0.008077    0.009799    0.01125    0.01283    0.01455    0.01639    0.01837    0.02048    0.02272    0.02508    0.02757    0.03016    0.03287    0.03568    0.03859    0.0416    0.04469    0.04787    0.05113    0.05445    0.05784    0.06129    0.0648    0.06836    0.07196    0.0756    
SE82    0    4.771e-06    4.048e-05    0.002886    0.005278    0.007584    0.009929    0.01237    0.01494    0.01681    0.01885    0.02107    0.02346    0.02603    0.02878    0.03169    0.03478    0.03804    0.04145    0.04502    0.04874    0.0526    0.0566    0.06073    0.06499    0.06936    0.07385    0.07844    0.08313    0.08792    0.09279    0.09774    0.1028    
KR83    0    7.222e-06    6.108e-05    0.004674    0.00848    0.01204    0.01556    0.01915    0.02286    0.02522    0.02777    0.03054    0.03352    0.0367    0.04009    0.04367    0.04743    0.05137    0.05547    0.05972    0.06412    0.06865    0.07329    0.07804    0.08289    0.08782    0.09282    0.09788    0.103    0.1081    0.1133    0.1185    0.1237    
KR84    0    1.206e-05    0.0001022    0.009142    0.01678    0.02415    0.03164    0.03941    0.04758    0.05279    0.05848    0.06467    0.07137    0.07858    0.08631    0.09455    0.1033    0.1126    0.1223    0.1326    0.1433    0.1545    0.1661    0.1782    0.1907    0.2037    0.217    0.2307    0.2448    0.2593    0.2741    0.2892    0.3046    
KR85    0    3.004e-06    2.59e-05    0.002396    0.004369    0.006225    0.008072    0.009957    0.01191    0.01302    0.01424    0.01555    0.01697    0.01849    0.02012    0.02184    0.02366    0.02557    0.02758    0.02967    0.03183    0.03408    0.0364    0.03878    0.04123    0.04374    0.0463    0.04891    0.05156    0.05426    0.05699    0.05975    0.06254    
RB85    0    1.071e-05    9.252e-05    0.008907    0.01633    0.02339    0.03046    0.03774    0.04532    0.04975    0.05456    0.05979    0.06543    0.0715    0.07799    0.08489    0.0922    0.09991    0.108    0.1165    0.1253    0.1345    0.1441    0.154    0.1641    0.1746    0.1854    0.1964    0.2077    0.2193    0.231    0.243    0.2552    
KR86    0    1.947e-05    0.0001659    0.01802    0.03279    0.04677    0.06072    0.07497    0.08972    0.09741    0.1058    0.1149    0.1248    0.1354    0.1467    0.1588    0.1716    0.1851    0.1992    0.214    0.2295    0.2456    0.2623    0.2795    0.2973    0.3156    0.3344    0.3537    0.3734    0.3935    0.414    0.4349    0.4561    
RB87    0    2.445e-05    0.0002086    0.02326    0.04238    0.06043    0.07841    0.09677    0.1157    0.1254    0.136    0.1475    0.1599    0.1732    0.1874    0.2026    0.2186    0.2356    0.2534    0.272    0.2914    0.3116    0.3325    0.3542    0.3765    0.3995    0.4231    0.4472    0.472    0.4972    0.5229    0.5491    0.5757    
SR88    0    3.438e-05    0.0002928    0.03342    0.06101    0.08702    0.1129    0.1393    0.1665    0.1802    0.195    0.2112    0.2286    0.2473    0.2673    0.2887    0.3112    0.335    0.36    0.3861    0.4134    0.4418    0.4711    0.5015    0.5329    0.5651    0.5982    0.6321    0.6668    0.7022    0.7383    0.775    0.8123    
SR89    0    3.714e-05    0.0002748    0.03405    0.0446    0.04805    0.04945    0.05049    0.05172    0.03866    0.03322    0.03166    0.03206    0.03345    0.03533    0.03744    0.03966    0.04189    0.04411    0.04629    0.0484    0.05045    0.05243    0.05433    0.05616    0.05789    0.05955    0.06112    0.06261    0.06401    0.06533    0.06657    0.06773    
Y89    0    6.669e-06    9.806e-05    0.01014    0.03579    0.06648    0.099    0.1325    0.1669    0.1972    0.2215    0.2435    0.2652    0.2875    0.311    0.3359    0.3623    0.3902    0.4196    0.4505    0.4829    0.5168    0.552    0.5886    0.6264    0.6654    0.7056    0.7469    0.7893    0.8326    0.8769    0.922    0.968    
SR90    0    5.389e-05    0.0004632    0.05343    0.09703    0.138    0.1787    0.2201    0.2626    0.2833    0.3058    0.3304    0.3569    0.3853    0.4158    0.4481    0.4823    0.5184    0.5562    0.5957    0.6368    0.6796    0.7238    0.7694    0.8164    0.8647    0.9141    0.9647    1.016    1.069    1.122    1.177    1.232    
Y91    0    5.502e-05    0.0004194    0.04372    0.06026    0.06708    0.0706    0.07322    0.07583    0.06161    0.05532    0.05365    0.05457    0.05691    0.06004    0.06358    0.06731    0.07111    0.0749    0.07863    0.08228    0.08583    0.08925    0.09255    0.09571    0.09873    0.1016    0.1043    0.1069    0.1094    0.1117    0.1139    0.1159    
ZR91    0    8.452e-06    0.0001288    0.0112    0.04089    0.07766    0.1176    0.1596    0.2031    0.2433    0.2775    0.3096    0.3415    0.3744    0.4089    0.4454    0.4841    0.5251    0.5683    0.6137    0.6613    0.711    0.7628    0.8165    0.8722    0.9297    0.9889    1.05    1.112    1.176    1.241    1.308    1.376    
ZR92    0    7.754e-05    0.000675    0.05747    0.1056    0.1515    0.1976    0.2453    0.2951    0.327    0.3616    0.3992    0.4398    0.4835    0.5302    0.5798    0.6324    0.6878    0.7461    0.807    0.8705    0.9366    1.005    1.076    1.149    1.224    1.301    1.38    1.461    1.543    1.627    1.713    1.8    
ZR93    0    9.978e-05    0.0008778    0.06293    0.1163    0.1674    0.2191    0.2729    0.3295    0.3708    0.4155    0.464    0.5164    0.5727    0.6329    0.6968    0.7645    0.8358    0.9107    0.9889    1.07    1.155    1.243    1.334    1.427    1.523    1.621    1.722    1.825    1.93    2.037    2.145    2.256    
ZR94    0    0.0001105    0.0009852    0.06252    0.1147    0.1655    0.2176    0.2723    0.3305    0.3773    0.4285    0.484    0.5441    0.6087    0.6777    0.7512    0.829    0.9111    0.9973    1.088    1.182    1.28    1.381    1.486    1.595    1.706    1.821    1.938    2.058    2.181    2.306    2.433    2.563    
ZR95    0    0.0001117    0.0008795    0.05271    0.07433    0.08547    0.09297    0.09953    0.1062    0.1028    0.1045    0.1093    0.116    0.1237    0.1321    0.1408    0.1496    0.1583    0.167    0.1755    0.1838    0.1918    0.1996    0.2071    0.2142    0.2211    0.2276    0.2339    0.2397    0.2453    0.2506    0.2555    0.2601    
NB95    0    1.265e-05    0.0001708    0.009311    0.02499    0.03637    0.04384    0.04912    0.05344    0.05547    0.05617    0.0577    0.06035    0.06387    0.068    0.07249    0.07719    0.08197    0.08676    0.0915    0.09615    0.1007    0.1051    0.1094    0.1135    0.1174    0.1212    0.1248    0.1282    0.1314    0.1345    0.1374    0.1401    
MO95    0    2.594e-06    7.149e-05    0.003192    0.02034    0.0508    0.09022    0.1356    0.1853    0.2381    0.2917    0.346    0.402    0.4608    0.5231    0.5892    0.6596    0.7342    0.8131    0.8963    0.9836    1.075    1.17    1.269    1.372    1.478    1.587    1.699    1.814    1.932    2.052    2.174    2.298    
ZR96    0    0.0001334    0.001184    0.065    0.1194    0.1728    0.228    0.2864    0.3488    0.4044    0.4651    0.5311    0.6023    0.6789    0.7607    0.8478    0.94    1.037    1.139    1.246    1.358    1.474    1.594    1.718    1.846    1.978    2.113    2.252    2.394    2.538    2.686    2.836    2.988    
MO97    0    0.0001409    0.001265    0.06081    0.1142    0.1664    0.2206    0.2783    0.3404    0.4008    0.4665    0.5378    0.6149    0.6977    0.7862    0.8803    0.9799    1.085    1.195    1.311    1.431    1.556    1.685    1.819    1.957    2.099    2.245    2.395    2.547    2.703    2.862    3.023    3.187    
MO98    0    0.0001544    0.001377    0.0625    0.1153    0.1677    0.2227    0.2816    0.3454    0.4101    0.4807    0.5574    0.6403    0.7293    0.8245    0.9258    1.033    1.146    1.265    1.389    1.519    1.653    1.793    1.937    2.086    2.239    2.396    2.557    2.722    2.89    3.061    3.235    3.412    
TC99    0    0.0001477    0.001362    0.05925    0.1175    0.1725    0.2287    0.2881    0.3516    0.4162    0.4856    0.5605    0.6411    0.7273    0.819    0.9161    1.018    1.126    1.238    1.355    1.476    1.601    1.73    1.863    1.999    2.138    2.281    2.425    2.572    2.722    2.873    3.025    3.179    
MO100    0    0.0001847    0.001658    0.06926    0.128    0.1868    0.2489    0.3159    0.3888    0.467    0.5524    0.6451    0.7454    0.8531    0.9683    1.091    1.221    1.357    1.501    1.652    1.808    1.972    2.141    2.316    2.496    2.681    2.872    3.067    3.267    3.47    3.678    3.889    4.104    
RU100    0    4.863e-07    9.118e-06    0.0003364    0.001524    0.003457    0.006129    0.009568    0.01382    0.01894    0.02493    0.03188    0.03986    0.04895    0.05921    0.07071    0.08353    0.09774    0.1134    0.1305    0.1493    0.1696    0.1916    0.2154    0.2409    0.2682    0.2973    0.3284    0.3613    0.3962    0.433    0.4719    0.5127    
RU101    0    0.0001644    0.001457    0.05694    0.1053    0.1537    0.2049    0.2604    0.3207    0.388    0.4614    0.541    0.6269    0.7191    0.8175    0.922    1.033    1.149    1.271    1.399    1.532    1.67    1.813    1.96    2.112    2.268    2.428    2.592    2.759    2.929    3.102    3.278    3.457    
RU102    0    0.0001688    0.001499    0.04912    0.09166    0.1354    0.1827    0.2348    0.2926    0.3644    0.443    0.5285    0.6211    0.7209    0.8279    0.9419    1.063    1.191    1.326    1.467    1.615    1.769    1.929    2.095    2.267    2.444    2.627    2.815    3.007    3.204    3.405    3.611    3.82    
RU103    0    0.0001555    0.001175    0.02725    0.03544    0.04013    0.04488    0.05048    0.05694    0.07802    0.09164    0.1023    0.1118    0.1209    0.1298    0.1385    0.147    0.1554    0.1636    0.1716    0.1794    0.1869    0.1941    0.201    0.2077    0.214    0.2201    0.2258    0.2313    0.2364    0.2412    0.2458    0.25    
RH103    0    3.411e-05    0.0005274    0.01135    0.03652    0.06636    0.0992    0.1353    0.1751    0.2261    0.2894    0.3603    0.4368    0.518    0.6035    0.6929    0.7858    0.8821    0.9814    1.083    1.188    1.294    1.402    1.512    1.623    1.734    1.846    1.959    2.071    2.183    2.294    2.405    2.514    
RU104    0    0.0001673    0.001505    0.02523    0.04846    0.07445    0.1046    0.1399    0.1809    0.2522    0.3301    0.4149    0.5065    0.605    0.7105    0.8227    0.9417    1.067    1.199    1.338    1.482    1.632    1.788    1.949    2.116    2.288    2.464    2.645    2.83    3.019    3.213    3.409    3.609    
PD104    0    3.054e-07    9.579e-06    0.0001916    0.001236    0.003518    0.007195    0.0124    0.0193    0.02816    0.03959    0.05402    0.07172    0.09292    0.1178    0.1466    0.1794    0.2164    0.2577    0.3035    0.3539    0.4089    0.4686    0.5331    0.6025    0.6768    0.756    0.8401    0.9291    1.023    1.122    1.226    1.334    
PD105    0    0.0001334    0.00123    0.01423    0.02884    0.04595    0.06665    0.0916    0.1212    0.1796    0.2445    0.3148    0.3906    0.4718    0.5585    0.6506    0.748    0.8505    0.958    1.07    1.187    1.309    1.435    1.565    1.698    1.836    1.977    2.121    2.268    2.419    2.571    2.727    2.884    
RU106    0    0.0001165    0.00104    0.007917    0.01564    0.02526    0.03725    0.05184    0.06912    0.1124    0.1564    0.2012    0.2468    0.2931    0.3401    0.3878    0.4359    0.4843    0.5331    0.5819    0.6307    0.6794    0.7278    0.7758    0.8234    0.8703    0.9166    0.9621    1.007    1.05    1.093    1.135    1.175    
PD106    0    1.136e-05    0.0001297    0.001362    0.003477    0.006657    0.01119    0.01736    0.02547    0.0385    0.05639    0.07915    0.1069    0.1397    0.1777    0.221    0.2696    0.3235    0.3829    0.4478    0.5181    0.5939    0.6752    0.7619    0.854    0.9515    1.054    1.162    1.275    1.394    1.517    1.645    1.778    
PD107    0    8.847e-05    0.0008148    0.005009    0.0106    0.01831    0.02859    0.04175    0.05805    0.09682    0.1391    0.1851    0.2347    0.288    0.3451    0.4058    0.4702    0.5381    0.6096    0.6844    0.7626    0.844    0.9284    1.016    1.106    1.199    1.295    1.393    1.494    1.597    1.702    1.809    1.918    
PD108    0    6.2e-05    0.000572    0.003053    0.006608    0.01168    0.01857    0.02749    0.03861    0.06583    0.0955    0.1277    0.1624    0.1998    0.2396    0.2821    0.3271    0.3745    0.4243    0.4766    0.5311    0.5878    0.6467    0.7076    0.7705    0.8353    0.9019    0.9703    1.04    1.112    1.185    1.259    1.334    
AG109    0    3.979e-05    0.0003641    0.00178    0.003882    0.006892    0.01096    0.0162    0.02267    0.03921    0.05691    0.07562    0.09534    0.1161    0.1377    0.1604    0.1839    0.2082    0.2334    0.2593    0.2858    0.313    0.3408    0.3691    0.3978    0.427    0.4564    0.4862    0.5162    0.5464    0.5767    0.6072    0.6376    
PD110    0    1.868e-05    0.0001663    0.0009715    0.00207    0.003603    0.005662    0.008313    0.01161    0.01948    0.0281    0.03749    0.04766    0.05863    0.07039    0.08295    0.09629    0.1104    0.1253    0.141    0.1574    0.1745    0.1924    0.2109    0.2301    0.2499    0.2704    0.2914    0.3131    0.3353    0.358    0.3812    0.4049    
CD110    0    5.189e-07    9.665e-06    6.265e-05    0.0002132    0.0005041    0.0009899    0.001732    0.002796    0.004487    0.007124    0.01076    0.01546    0.02128    0.02826    0.03646    0.04593    0.05673    0.06888    0.08243    0.09743    0.1139    0.1319    0.1514    0.1724    0.1951    0.2193    0.2452    0.2726    0.3017    0.3325    0.3649    0.3989    
CD111    0    5.429e-06    5.768e-05    0.0004419    0.001041    0.001806    0.002795    0.004047    0.005589    0.008762    0.01265    0.01689    0.0215    0.02647    0.03182    0.03755    0.04367    0.05016    0.05702    0.06427    0.07189    0.07988    0.08824    0.09695    0.106    0.1154    0.1252    0.1353    0.1457    0.1565    0.1675    0.1789    0.1906    
SN126    0    8.244e-06    6.487e-05    0.001199    0.002278    0.003457    0.004802    0.006349    0.008124    0.01103    0.0142    0.01763    0.02135    0.02533    0.02958    0.0341    0.03887    0.0439    0.04917    0.05468    0.06041    0.06636    0.07252    0.07887    0.0854    0.09212    0.09899    0.106    0.1132    0.1205    0.1279    0.1355    0.1431    
I127    0    1.398e-05    0.0001263    0.002107    0.004525    0.007116    0.01007    0.01348    0.0174    0.02371    0.03095    0.03884    0.04739    0.05656    0.06636    0.07676    0.08775    0.0993    0.1114    0.124    0.1371    0.1506    0.1646    0.179    0.1937    0.2089    0.2243    0.24    0.256    0.2723    0.2887    0.3054    0.3222    
TE128    0    3.065e-05    0.0002632    0.006246    0.01177    0.01763    0.02414    0.03148    0.03977    0.05198    0.0653    0.07977    0.09538    0.1121    0.13    0.1491    0.1692    0.1903    0.2125    0.2357    0.2599    0.285    0.3109    0.3377    0.3652    0.3935    0.4225    0.4522    0.4825    0.5133    0.5447    0.5765    0.6089    
I129    0    4.63e-05    0.0004182    0.009989    0.01953    0.02971    0.04098    0.05363    0.06787    0.08846    0.1112    0.136    0.1628    0.1914    0.2219    0.2543    0.2884    0.3243    0.3619    0.401    0.4416    0.4837    0.5272    0.5719    0.6178    0.6649    0.7129    0.7619    0.8118    0.8625    0.9138    0.9658    1.018    
TE130    0    8.739e-05    0.000774    0.02273    0.04246    0.06288    0.08513    0.1098    0.1373    0.1736    0.2132    0.2563    0.3028    0.3527    0.4061    0.4628    0.5228    0.5861    0.6525    0.7219    0.7943    0.8695    0.9474    1.028    1.111    1.196    1.283    1.373    1.464    1.558    1.653    1.749    1.847    
I131    0    6.042e-05    0.0003354    0.01272    0.01041    0.009996    0.01032    0.011    0.01187    0.01357    0.01473    0.01591    0.01712    0.01833    0.01953    0.02072    0.02189    0.02304    0.02415    0.02524    0.02628    0.02729    0.02826    0.02918    0.03006    0.0309    0.0317    0.03246    0.03317    0.03383    0.03446    0.03504    0.03559    
XE131    0    7.135e-05    0.0008325    0.02894    0.06596    0.1002    0.1348    0.1713    0.2103    0.2555    0.3045    0.3569    0.4124    0.471    0.5327    0.5971    0.6641    0.7335    0.8051    0.8787    0.954    1.031    1.109    1.188    1.268    1.348    1.429    1.51    1.591    1.672    1.753    1.833    1.912    
XE132    0    0.0001703    0.001592    0.05805    0.1188    0.179    0.2432    0.3134    0.3908    0.4794    0.5769    0.6839    0.8005    0.927    1.063    1.21    1.366    1.532    1.708    1.893    2.088    2.293    2.506    2.729    2.96    3.199    3.447    3.703    3.967    4.237    4.516    4.801    5.092    
XE133    0    8.317e-05    0.0004318    0.02037    0.01586    0.01481    0.01493    0.01558    0.01652    0.01636    0.01772    0.01913    0.02056    0.022    0.02344    0.02487    0.02627    0.02764    0.02898    0.03029    0.03155    0.03277    0.03394    0.03506    0.03614    0.03717    0.03814    0.03907    0.03995    0.04077    0.04155    0.04228    0.04296    
CS133    0    0.0001568    0.001734    0.07444    0.163    0.245    0.3282    0.4158    0.5093    0.6059    0.7086    0.8195    0.9385    1.066    1.201    1.344    1.494    1.651    1.815    1.986    2.163    2.345    2.532    2.725    2.922    3.122    3.327    3.534    3.745    3.958    4.172    4.389    4.607    
XE134    0    0.0002661    0.002376    0.1121    0.2071    0.3011    0.3994    0.5045    0.618    0.7303    0.8529    0.9861    1.13    1.285    1.451    1.628    1.815    2.012    2.22    2.438    2.665    2.901    3.146    3.4    3.662    3.933    4.21    4.495    4.786    5.084    5.388    5.698    6.013    
CS134    0    5.756e-07    1.29e-05    0.0004671    0.002351    0.005438    0.009622    0.01488    0.02121    0.02865    0.03715    0.04678    0.05759    0.06962    0.08293    0.09754    0.1135    0.1308    0.1495    0.1697    0.1912    0.2141    0.2384    0.2641    0.2911    0.3195    0.3492    0.3802    0.4124    0.4458    0.4803    0.5159    0.5526    
CS135    0    8.027e-05    0.0007247    0.02915    0.0544    0.07959    0.1062    0.1351    0.1665    0.2011    0.2389    0.2801    0.3246    0.3727    0.4242    0.4791    0.5374    0.5991    0.664    0.7323    0.8036    0.8781    0.9556    1.036    1.119    1.205    1.294    1.385    1.479    1.575    1.673    1.773    1.876    
XE136    0    0.0004329    0.00389    0.1636    0.3036    0.4433    0.5906    0.7495    0.9221    1.106    1.308    1.527    1.763    2.017    2.289    2.579    2.886    3.21    3.55    3.907    4.279    4.666    5.068    5.483    5.912    6.354    6.808    7.274    7.75    8.237    8.734    9.239    9.754    
BA136    0    1.539e-06    2.18e-05    0.0001672    0.0004948    0.0009852    0.00166    0.00254    0.003643    0.00552    0.007939    0.01065    0.01365    0.01695    0.02056    0.02447    0.02871    0.03328    0.03818    0.04341    0.04899    0.05491    0.06119    0.06781    0.07479    0.08212    0.08981    0.09786    0.1063    0.1151    0.1242    0.1337    0.1436    
CS137    0    0.0002392    0.002147    0.09175    0.1693    0.2464    0.3276    0.4148    0.5094    0.6092    0.7181    0.8363    0.9638    1.101    1.247    1.402    1.567    1.74    1.922    2.112    2.309    2.515    2.728    2.947    3.174    3.406    3.645    3.889    4.138    4.392    4.651    4.914    5.18    
BA137    0    2.867e-07    4.264e-06    0.0001341    0.0005404    0.001198    0.00211    0.003293    0.004768    0.006577    0.008719    0.01122    0.01412    0.01744    0.02121    0.02546    0.03021    0.03551    0.04136    0.0478    0.05486    0.06256    0.07091    0.07995    0.0897    0.1002    0.1114    0.1233    0.1361    0.1496    0.164    0.1791    0.1951    
BA138    0    0.0002162    0.001929    0.1011    0.1862    0.2698    0.3565    0.4486    0.5475    0.6385    0.7379    0.846    0.9629    1.089    1.223    1.366    1.518    1.678    1.847    2.024    2.208    2.4    2.599    2.805    3.018    3.237    3.462    3.694    3.93    4.172    4.419    4.671    4.927    
LA139    0    0.0002117    0.001882    0.09663    0.178    0.2579    0.3409    0.4291    0.5238    0.612    0.7083    0.813    0.9262    1.048    1.178    1.316    1.463    1.618    1.78    1.951    2.128    2.313    2.505    2.703    2.908    3.118    3.335    3.557    3.784    4.015    4.252    4.492    4.737    
BA140    0    0.00012    0.0007314    0.03979    0.03452    0.03251    0.03281    0.03424    0.03629    0.03359    0.03614    0.03911    0.04216    0.04523    0.04829    0.05133    0.05432    0.05726    0.06013    0.06292    0.06562    0.06824    0.07076    0.07319    0.07551    0.07773    0.07985    0.08186    0.08377    0.08558    0.08728    0.08887    0.09037    
CE140    0    8.682e-05    0.001131    0.05388    0.1427    0.2266    0.3112    0.4    0.4949    0.5896    0.6869    0.7925    0.9069    1.03    1.162    1.303    1.453    1.611    1.778    1.953    2.136    2.327    2.525    2.731    2.943    3.162    3.388    3.619    3.856    4.099    4.347    4.6    4.858    
CE141    0    0.0001596    0.001166    0.06022    0.07077    0.07285    0.07501    0.07865    0.08361    0.08244    0.08684    0.0933    0.1006    0.1081    0.1157    0.1233    0.1308    0.1381    0.1453    0.1523    0.1591    0.1656    0.1719    0.178    0.1838    0.1893    0.1946    0.1996    0.2043    0.2088    0.213    0.217    0.2207    
PR141    0    4.325e-05    0.0006534    0.0295    0.09502    0.1677    0.2433    0.3224    0.4063    0.4926    0.5811    0.6754    0.777    0.8863    1.004    1.129    1.262    1.402    1.551    1.706    1.869    2.038    2.214    2.396    2.584    2.778    2.977    3.181    3.39    3.603    3.821    4.043    4.268    
CE142    0    0.0001908    0.001704    0.08981    0.1656    0.24    0.3172    0.3991    0.4869    0.5674    0.6553    0.7509    0.8541    0.9651    1.084    1.21    1.344    1.485    1.634    1.789    1.951    2.12    2.294    2.475    2.662    2.854    3.051    3.253    3.46    3.671    3.887    4.106    4.329    
PR143    0    9.939e-05    0.000615    0.03825    0.03392    0.03165    0.03161    0.03269    0.03437    0.02929    0.03113    0.03366    0.03629    0.03893    0.04157    0.04418    0.04676    0.04928    0.05175    0.05415    0.05647    0.05872    0.06088    0.06296    0.06495    0.06685    0.06866    0.07038    0.07201    0.07355    0.075    0.07637    0.07764    
ND143    0    6.755e-05    0.0008921    0.04823    0.1291    0.2024    0.2733    0.345    0.4193    0.4867    0.5512    0.6201    0.6941    0.773    0.8568    0.9453    1.038    1.136    1.237    1.342    1.45    1.561    1.675    1.792    1.911    2.032    2.154    2.278    2.403    2.529    2.655    2.782    2.909    
CE144    0    0.0001453    0.001248    0.07918    0.1359    0.1842    0.2284    0.2707    0.3124    0.3351    0.3607    0.3889    0.4195    0.4523    0.4869    0.5232    0.5608    0.5996    0.6392    0.6793    0.7199    0.7607    0.8014    0.842    0.8822    0.9219    0.961    0.9993    1.037    1.073    1.109    1.143    1.177    
ND144    0    5.142e-06    9.033e-05    0.004813    0.02034    0.04445    0.07622    0.1152    0.1614    0.2135    0.2703    0.3323    0.3997    0.4731    0.5529    0.6393    0.7328    0.8334    0.9415    1.057    1.181    1.312    1.452    1.6    1.755    1.919    2.091    2.271    2.459    2.654    2.858    3.069    3.287    
ND145    0    0.0001213    0.001067    0.06004    0.1103    0.1587    0.2081    0.2599    0.3147    0.3616    0.4125    0.4677    0.5271    0.5907    0.6585    0.7303    0.8061    0.8857    0.9689    1.056    1.146    1.239    1.335    1.434    1.536    1.64    1.746    1.854    1.965    2.076    2.19    2.304    2.42    
ND146    0    0.0001027    0.0009004    0.04717    0.0875    0.1277    0.1699    0.2152    0.2642    0.3099    0.3601    0.4148    0.4743    0.5385    0.6075    0.6813    0.7599    0.8432    0.9312    1.024    1.121    1.223    1.329    1.44    1.554    1.673    1.796    1.922    2.053    2.187    2.324    2.465    2.61    
ND147    0    4.472e-05    0.000261    0.01389    0.01166    0.01096    0.01106    0.01155    0.01225    0.01143    0.01234    0.01335    0.01439    0.01544    0.01648    0.01752    0.01854    0.01954    0.02053    0.02148    0.02241    0.02331    0.02418    0.02501    0.02581    0.02658    0.02731    0.02801    0.02867    0.0293    0.0299    0.03046    0.03098    
PM147    0    3.721e-05    0.0004383    0.02104    0.04795    0.06915    0.08764    0.105    0.1219    0.1361    0.1496    0.1641    0.1794    0.1955    0.2123    0.2297    0.2474    0.2655    0.2838    0.3022    0.3206    0.339    0.3571    0.3751    0.3927    0.41    0.4269    0.4434    0.4594    0.4749    0.4899    0.5043    0.5181    
SM147    0    2.895e-07    6.952e-06    0.0002785    0.001521    0.003567    0.006247    0.009475    0.01321    0.01739    0.02191    0.02679    0.03204    0.03768    0.04373    0.0502    0.05708    0.06438    0.07209    0.08021    0.08872    0.09762    0.1069    0.1165    0.1264    0.1367    0.1472    0.1579    0.169    0.1802    0.1916    0.2031    0.2148    
ND148    0    6.97e-05    0.0006117    0.02753    0.05088    0.07406    0.09835    0.1244    0.1525    0.1811    0.2124    0.2463    0.283    0.3224    0.3646    0.4095    0.4571    0.5073    0.56    0.6153    0.6729    0.7329    0.7951    0.8595    0.9259    0.9943    1.065    1.137    1.21    1.286    1.362    1.441    1.52    
SM148    0    5.34e-07    1.372e-05    0.0005352    0.003218    0.007927    0.01434    0.0223    0.03176    0.04265    0.05479    0.06819    0.08295    0.09914    0.1168    0.1361    0.157    0.1795    0.2038    0.2297    0.2574    0.2869    0.3181    0.351    0.3856    0.422    0.46    0.4997    0.5411    0.584    0.6284    0.6744    0.7219    
ND150    0    4.144e-05    0.0003623    0.0111    0.0207    0.03057    0.04128    0.0531    0.06623    0.08314    0.1016    0.1217    0.1434    0.1667    0.1917    0.2182    0.2464    0.2761    0.3073    0.3401    0.3742    0.4097    0.4466    0.4848    0.5242    0.5647    0.6064    0.6492    0.6929    0.7377    0.7833    0.8297    0.877    
SM150    0    3.2e-05    0.0003629    0.01332    0.03269    0.05197    0.07265    0.09527    0.1201    0.1477    0.1776    0.21    0.2448    0.2822    0.322    0.3643    0.4092    0.4564    0.5059    0.5578    0.6118    0.6679    0.7259    0.7859    0.8476    0.911    0.9759    1.042    1.11    1.179    1.248    1.319    1.391    
SM151    0    2.661e-05    0.0002079    0.005514    0.008084    0.009778    0.01137    0.01311    0.01504    0.01913    0.02252    0.02557    0.0285    0.03141    0.03434    0.03731    0.04031    0.04336    0.04644    0.04954    0.05267    0.0558    0.05894    0.06209    0.06522    0.06835    0.07147    0.07457    0.07765    0.0807    0.08373    0.08672    0.08968    
SM152    0    2.883e-05    0.0002828    0.006483    0.01444    0.02327    0.03283    0.04322    0.05454    0.0702    0.08764    0.1063    0.126    0.1466    0.168    0.19    0.2127    0.236    0.2598    0.2841    0.3089    0.3339    0.3593    0.3849    0.4106    0.4365    0.4625    0.4885    0.5144    0.5403    0.5661    0.5917    0.6171    
EU153    0    1.521e-05    0.0001424    0.003085    0.006631    0.01093    0.01618    0.02251    0.02999    0.0404    0.05244    0.06606    0.08127    0.09807    0.1164    0.1363    0.1576    0.1803    0.2043    0.2296    0.2562    0.2839    0.3127    0.3425    0.3732    0.4048    0.4372    0.4703    0.504    0.5384    0.5732    0.6084    0.644    
SM154    0    1.173e-05    0.0001054    0.001578    0.003051    0.004733    0.006719    0.009067    0.01182    0.01682    0.02229    0.02824    0.03468    0.04161    0.04903    0.05693    0.06532    0.07417    0.08348    0.09325    0.1034    0.1141    0.1251    0.1365    0.1483    0.1605    0.173    0.1858    0.199    0.2124    0.2261    0.2401    0.2544    
EU154    0    2.829e-07    5.142e-06    0.0001026    0.0004387    0.001014    0.001857    0.003005    0.004494    0.006424    0.008902    0.01196    0.01564    0.01996    0.02495    0.03062    0.03698    0.04403    0.05179    0.06024    0.06937    0.07918    0.08965    0.1008    0.1125    0.1248    0.1377    0.1512    0.1651    0.1796    0.1945    0.2098    0.2255    
GD156    0    2.061e-06    3.015e-05    0.0002941    0.0009051    0.001786    0.002974    0.004523    0.006493    0.009614    0.01393    0.01915    0.02525    0.03225    0.0402    0.04914    0.05914    0.07027    0.0826    0.09621    0.1112    0.1275    0.1454    0.1649    0.186    0.2088    0.2334    0.2599    0.2883    0.3186    0.3509    0.3854    0.4219    
GD158    0    4.897e-06    4.628e-05    0.0003508    0.0007666    0.001307    0.002008    0.002896    0.00399    0.006315    0.009001    0.01196    0.0152    0.01873    0.02256    0.02668    0.03112    0.03587    0.04093    0.04632    0.05204    0.0581    0.06449    0.07123    0.07831    0.08575    0.09355    0.1017    0.1102    0.1192    0.1284    0.1381    0.1482    
