TIME    3   50   100   150   200   250   300   350   400   450   500   550   600   650   700   750   800   850   900   950   1000   1050   1100   1150   1200   1250   1300   1350   1400   1450   1500   1550   1600   
NEUT_PROD    459   411   366   325   290   258   229   204   182   162   145   129   115   103   91.8   82.1   73.6   66   59.3   53.3   48.1   43.5   39.4   35.8   32.6   29.9   27.4   25.3   23.5   21.8   20.4   19.2   18.2   
NEUT_DEST    215   207   189   173   159   146   135   124   115   106   98.8   92   86   80.6   75.7   71.3   67.4   63.9   60.8   57.9   55.4   53.1   51   49.2   47.5   46   44.6   43.4   42.3   41.2   40.3   39.4   38.7   
BUd    1.59e-13    70.9    67.3    59.9    53.3    47.4    42.2    37.5    33.4    29.8    26.5    23.6    21.1    18.8    16.8    15    13.4    12    10.8    9.68    8.71    7.85    7.09    6.42    5.83    5.31    4.85    4.45    4.09    3.79    3.52    3.28    3.08    
HE4    2.04e-07    0.000247    0.001765    0.005345    0.0114    0.02009    0.03137    0.0451    0.06102    0.07888    0.09838    0.1192    0.1411    0.1638    0.187    0.2105    0.2341    0.2577    0.2812    0.3043    0.327    0.3493    0.371    0.3921    0.4126    0.4325    0.4518    0.4703    0.4883    0.5056    0.5224    0.5385    0.5541    
U234    0    3.693e-06    5.536e-05    0.0002566    0.0007401    0.001649    0.003121    0.00528    0.008232    0.01206    0.01682    0.02256    0.02928    0.03699    0.04566    0.05527    0.06576    0.07708    0.08917    0.1019    0.1153    0.1293    0.1437    0.1585    0.1736    0.189    0.2045    0.2202    0.2358    0.2515    0.267    0.2825    0.2977    
NP237    3.888e-06    0.0007792    0.002678    0.005393    0.008698    0.01241    0.01636    0.02045    0.02455    0.0286    0.03252    0.03627    0.03982    0.04313    0.04619    0.04898    0.05151    0.05377    0.05577    0.05751    0.059    0.06024    0.06126    0.06207    0.06267    0.06309    0.06333    0.0634    0.06333    0.06313    0.0628    0.06236    0.06182    
PU238    5.303e-20    0.01378    0.1007    0.3053    0.6484    1.135    1.759    2.506    3.36    4.301    5.308    6.361    7.443    8.535    9.623    10.69    11.74    12.74    13.7    14.6    15.45    16.24    16.96    17.63    18.23    18.76    19.24    19.65    20    20.3    20.55    20.74    20.88    
PU239    5.203e-20    0.0001004    0.001188    0.00526    0.01477    0.03217    0.05958    0.09871    0.1507    0.2162    0.2953    0.3877    0.4927    0.6093    0.7362    0.8722    1.016    1.165    1.318    1.475    1.633    1.79    1.946    2.1    2.25    2.395    2.535    2.669    2.796    2.915    3.027    3.132    3.228    
PU240    1.574e-17    0.006818    0.01301    0.01858    0.02417    0.0306    0.0388    0.04977    0.06452    0.08409    0.1094    0.1414    0.1809    0.2286    0.2851    0.3507    0.4259    0.5109    0.6057    0.7103    0.8245    0.9482    1.081    1.223    1.372    1.53    1.695    1.866    2.043    2.226    2.414    2.605    2.8    
PU241    999.6    894.6    794.9    706.4    627.7    557.8    495.6    440.4    391.4    347.8    309    274.6    244    216.9    192.7    171.3    152.2    135.3    120.2    106.9    95.02    84.48    75.12    66.82    59.44    52.9    47.1    41.95    37.38    33.33    29.74    26.57    23.75    
PU242    6.082e-14    26.78    51.6    73.06    91.54    107.4    120.9    132.3    142    150    156.5    161.8    166.1    169.3    171.7    173.3    174.3    174.7    174.5    174    173.1    171.8    170.3    168.5    166.6    164.4    162.1    159.7    157.2    154.6    152    149.3    146.5    
PU243    2.883e-31    0.003807    0.007336    0.01039    0.01302    0.01527    0.01719    0.01882    0.02018    0.02132    0.02225    0.02301    0.02361    0.02407    0.02441    0.02464    0.02478    0.02483    0.02482    0.02474    0.02461    0.02443    0.02421    0.02396    0.02368    0.02337    0.02305    0.02271    0.02235    0.02198    0.0216    0.02122    0.02083    
AM241    0.3953    5.963    10.72    14.46    17.33    19.48    21.02    22.05    22.66    22.92    22.9    22.66    22.23    21.66    20.98    20.22    19.4    18.54    17.66    16.77    15.89    15.01    14.15    13.31    12.5    11.72    10.97    10.25    9.574    8.927    8.316    7.738    7.195    
AM242M    4.079e-18    0.02661    0.08403    0.1504    0.2146    0.2712    0.3182    0.3553    0.383    0.4023    0.4142    0.42    0.4205    0.4168    0.4097    0.3998    0.3878    0.3741    0.3594    0.3438    0.3278    0.3115    0.2952    0.2791    0.2632    0.2478    0.2328    0.2183    0.2045    0.1912    0.1786    0.1666    0.1552    
AM242    1.471e-17    0.009567    0.01722    0.02322    0.02784    0.0313    0.03377    0.03543    0.03641    0.03683    0.03681    0.03641    0.03572    0.03481    0.03372    0.0325    0.03118    0.0298    0.02839    0.02696    0.02553    0.02412    0.02274    0.02139    0.02009    0.01884    0.01763    0.01648    0.01539    0.01435    0.01337    0.01244    0.01156    
AM243    0    0.3008    1.208    2.609    4.405    6.51    8.848    11.36    13.98    16.67    19.38    22.09    24.77    27.39    29.94    32.4    34.76    37.01    39.14    41.14    43.03    44.78    46.41    47.92    49.3    50.55    51.69    52.71    53.62    54.42    55.12    55.71    56.21    
CM242    1.511e-17    0.1934    0.6793    1.331    2.057    2.795    3.501    4.147    4.716    5.199    5.595    5.905    6.132    6.284    6.367    6.389    6.358    6.281    6.165    6.017    5.844    5.65    5.44    5.219    4.991    4.758    4.524    4.29    4.059    3.833    3.612    3.398    3.191    
CM243    0    0.0003315    0.002379    0.007072    0.01473    0.02527    0.03837    0.05355    0.07027    0.088    0.1062    0.1244    0.1423    0.1593    0.1754    0.1902    0.2035    0.2154    0.2257    0.2343    0.2414    0.2469    0.2509    0.2535    0.2547    0.2547    0.2536    0.2514    0.2483    0.2444    0.2398    0.2345    0.2287    
CM244    0    0.005125    0.04297    0.142    0.3244    0.6067    1.001    1.515    2.153    2.917    3.806    4.818    5.949    7.192    8.543    9.993    11.54    13.16    14.87    16.64    18.47    20.35    22.27    24.23    26.22    28.22    30.24    32.27    34.3    36.32    38.33    40.33    42.3    
CM245    0    2.232e-05    0.0003767    0.00184    0.005496    0.01258    0.02437    0.04209    0.06688    0.09974    0.1415    0.1928    0.2542    0.326    0.4084    0.5014    0.6049    0.7186    0.8424    0.9756    1.118    1.269    1.427    1.593    1.766    1.944    2.128    2.316    2.508    2.704    2.901    3.101    3.301    
CM246    0    1.116e-07    3.935e-06    2.95e-05    0.0001195    0.0003473    0.0008188    0.001673    0.003078    0.00523    0.00835    0.01267    0.01846    0.02596    0.03544    0.04719    0.06145    0.07849    0.09857    0.1219    0.1488    0.1794    0.2139    0.2524    0.2953    0.3425    0.3943    0.4507    0.5118    0.5777    0.6484    0.724    0.8045    
SE78    4.924e-18    0.002321    0.004546    0.00653    0.0083    0.00988    0.01129    0.01255    0.01368    0.01469    0.0156    0.01641    0.01714    0.01779    0.01838    0.01892    0.0194    0.01984    0.02024    0.0206    0.02093    0.02124    0.02152    0.02178    0.02202    0.02225    0.02247    0.02267    0.02286    0.02304    0.02322    0.02339    0.02355    
SE79    1.156e-17    0.005163    0.01009    0.01448    0.01838    0.02186    0.02497    0.02773    0.0302    0.03241    0.03438    0.03614    0.03771    0.03912    0.04039    0.04153    0.04255    0.04348    0.04431    0.04507    0.04576    0.04638    0.04696    0.04749    0.04797    0.04843    0.04885    0.04924    0.04961    0.04996    0.0503    0.05062    0.05093    
SE80    2.38e-17    0.01059    0.0207    0.0297    0.03773    0.04488    0.05127    0.05696    0.06205    0.0666    0.07067    0.07432    0.07758    0.08051    0.08315    0.08552    0.08766    0.0896    0.09135    0.09295    0.09441    0.09574    0.09697    0.0981    0.09916    0.1001    0.1011    0.1019    0.1027    0.1035    0.1043    0.105    0.1057    
BR81    3.692e-17    0.01649    0.03217    0.04607    0.05837    0.06928    0.07894    0.08749    0.09506    0.1018    0.1077    0.1129    0.1175    0.1216    0.1252    0.1284    0.1312    0.1337    0.1359    0.1378    0.1395    0.141    0.1423    0.1435    0.1445    0.1455    0.1463    0.147    0.1477    0.1483    0.1489    0.1494    0.1499    
SE82    6.648e-17    0.02957    0.05775    0.08282    0.1051    0.125    0.1427    0.1585    0.1726    0.1852    0.1964    0.2064    0.2154    0.2234    0.2306    0.237    0.2428    0.248    0.2526    0.2569    0.2607    0.2642    0.2674    0.2703    0.2729    0.2754    0.2777    0.2798    0.2818    0.2836    0.2854    0.287    0.2886    
KR83    1.093e-16    0.05248    0.1016    0.1441    0.1808    0.2123    0.2393    0.2623    0.2818    0.2981    0.3116    0.3227    0.3317    0.3388    0.3443    0.3483    0.3511    0.3528    0.3535    0.3535    0.3527    0.3513    0.3494    0.347    0.3443    0.3412    0.3379    0.3344    0.3307    0.3269    0.323    0.319    0.3149    
KR84    2.089e-16    0.09447    0.1856    0.2679    0.3423    0.4096    0.4707    0.5261    0.5766    0.6225    0.6645    0.703    0.7383    0.7707    0.8006    0.8282    0.8538    0.8776    0.8997    0.9204    0.9399    0.9581    0.9753    0.9916    1.007    1.022    1.036    1.049    1.062    1.075    1.087    1.098    1.109    
KR85    4.207e-17    0.02038    0.03975    0.0568    0.07182    0.08501    0.0966    0.1068    0.1157    0.1234    0.1302    0.1361    0.1412    0.1456    0.1494    0.1527    0.1554    0.1578    0.1598    0.1614    0.1628    0.1639    0.1648    0.1655    0.166    0.1664    0.1667    0.1668    0.1669    0.1668    0.1667    0.1666    0.1663    
RB85    1.561e-16    0.07603    0.1491    0.2142    0.2724    0.3243    0.3707    0.4123    0.4495    0.4828    0.5126    0.5394    0.5636    0.5853    0.6048    0.6225    0.6385    0.653    0.6662    0.6782    0.6892    0.6993    0.7086    0.7172    0.7252    0.7327    0.7396    0.7462    0.7523    0.7582    0.7638    0.7691    0.7743    
KR86    3.7e-16    0.1646    0.3213    0.4607    0.5848    0.6952    0.7935    0.8811    0.9591    1.029    1.091    1.146    1.195    1.239    1.279    1.314    1.346    1.374    1.399    1.422    1.443    1.462    1.479    1.494    1.508    1.521    1.533    1.544    1.554    1.563    1.572    1.58    1.588    
RB87    4.415e-16    0.2012    0.3931    0.5638    0.7156    0.8508    0.9712    1.078    1.174    1.259    1.335    1.402    1.463    1.517    1.565    1.608    1.646    1.681    1.712    1.74    1.765    1.788    1.809    1.827    1.844    1.86    1.874    1.887    1.9    1.911    1.922    1.932    1.941    
SR88    5.538e-16    0.2618    0.5121    0.7348    0.9331    1.11    1.267    1.407    1.532    1.643    1.743    1.831    1.91    1.981    2.045    2.101    2.152    2.198    2.239    2.276    2.31    2.34    2.368    2.393    2.416    2.437    2.456    2.474    2.491    2.506    2.521    2.535    2.548    
SR89    7.054e-16    0.2359    0.3394    0.3671    0.3595    0.3365    0.3079    0.2785    0.2502    0.224    0.2003    0.1789    0.1598    0.1428    0.1277    0.1142    0.1023    0.09177    0.08242    0.07415    0.06684    0.06038    0.05469    0.04967    0.04525    0.04137    0.03796    0.03497    0.03236    0.03008    0.0281    0.02638    0.02489    
Y89    1.462e-17    0.08614    0.2895    0.5347    0.7852    1.024    1.246    1.447    1.628    1.79    1.935    2.065    2.181    2.284    2.376    2.459    2.533    2.599    2.658    2.712    2.76    2.803    2.842    2.877    2.91    2.939    2.966    2.99    3.013    3.034    3.053    3.072    3.089    
SR90    9.129e-16    0.4059    0.791    1.132    1.435    1.702    1.939    2.149    2.335    2.499    2.644    2.771    2.884    2.984    3.072    3.149    3.217    3.276    3.329    3.375    3.415    3.451    3.482    3.509    3.532    3.553    3.571    3.587    3.6    3.612    3.623    3.632    3.64    
ZR90    2.004e-20    0.0005862    0.002524    0.00568    0.009922    0.01513    0.02119    0.02802    0.03551    0.0436    0.05222    0.0613    0.07079    0.08065    0.09082    0.1013    0.112    0.1229    0.134    0.1453    0.1567    0.1683    0.1799    0.1917    0.2036    0.2155    0.2275    0.2396    0.2517    0.2638    0.276    0.2882    0.3005    
Y91    8.939e-16    0.3754    0.5629    0.6274    0.6283    0.598    0.5538    0.5051    0.4565    0.4105    0.3679    0.3293    0.2945    0.2633    0.2355    0.2107    0.1887    0.1692    0.1519    0.1366    0.1231    0.1111    0.1006    0.09124    0.08303    0.07581    0.06947    0.06391    0.05904    0.05478    0.05107    0.04785    0.04505    
ZR91    1.362e-17    0.1167    0.4041    0.7621    1.137    1.502    1.844    2.158    2.442    2.699    2.929    3.134    3.318    3.482    3.629    3.76    3.877    3.982    4.076    4.16    4.236    4.304    4.365    4.42    4.47    4.516    4.557    4.595    4.63    4.662    4.692    4.72    4.746    
ZR92    1.245e-15    0.6282    1.232    1.768    2.246    2.672    3.051    3.389    3.69    3.959    4.198    4.412    4.603    4.774    4.927    5.065    5.188    5.298    5.398    5.488    5.569    5.642    5.709    5.77    5.826    5.877    5.924    5.968    6.009    6.047    6.082    6.116    6.148    
ZR93    1.512e-15    0.8326    1.635    2.348    2.981    3.544    4.043    4.487    4.881    5.232    5.543    5.819    6.065    6.283    6.477    6.65    6.803    6.94    7.061    7.17    7.266    7.353    7.43    7.5    7.562    7.618    7.669    7.715    7.757    7.795    7.83    7.862    7.892    
ZR94    2.068e-15    0.9261    1.81    2.597    3.298    3.924    4.483    4.982    5.428    5.826    6.183    6.503    6.789    7.046    7.278    7.486    7.673    7.843    7.997    8.136    8.264    8.38    8.486    8.584    8.674    8.758    8.836    8.909    8.977    9.042    9.103    9.161    9.217    
ZR95    2.502e-15    0.8849    1.344    1.52    1.541    1.481    1.382    1.267    1.15    1.037    0.9316    0.8347    0.7469    0.668    0.5973    0.5342    0.4781    0.4282    0.384    0.3448    0.3101    0.2794    0.2522    0.2283    0.2072    0.1886    0.1722    0.1578    0.1452    0.1342    0.1245    0.1161    0.1088    
NB95    3.985e-17    0.1846    0.4755    0.6807    0.784    0.812    0.7932    0.7485    0.6917    0.6309    0.5707    0.5137    0.4609    0.4128    0.3694    0.3304    0.2956    0.2646    0.237    0.2125    0.1908    0.1716    0.1546    0.1395    0.1263    0.1146    0.1043    0.0952    0.08724    0.08025    0.07412    0.06877    0.0641    
MO95    7.917e-19    0.06474    0.3927    0.9682    1.691    2.471    3.25    3.991    4.678    5.303    5.864    6.364    6.808    7.199    7.544    7.846    8.11    8.34    8.54    8.713    8.863    8.992    9.102    9.196    9.276    9.342    9.398    9.444    9.481    9.511    9.534    9.551    9.563    
ZR96    2.863e-15    1.274    2.487    3.565    4.525    5.378    6.138    6.814    7.416    7.952    8.43    8.855    9.234    9.573    9.875    10.14    10.39    10.6    10.8    10.97    11.13    11.27    11.39    11.51    11.61    11.71    11.79    11.87    11.95    12.02    12.08    12.14    12.19    
MO96    4.864e-18    0.003746    0.008797    0.01634    0.02741    0.0425    0.0617    0.08489    0.1118    0.1421    0.1755    0.2116    0.2501    0.2907    0.3332    0.3773    0.4229    0.4696    0.5175    0.5662    0.6157    0.6659    0.7167    0.7679    0.8195    0.8714    0.9236    0.976    1.029    1.081    1.134    1.187    1.239    
MO97    2.081e-15    1.338    2.642    3.801    4.832    5.748    6.563    7.287    7.932    8.505    9.015    9.469    9.874    10.23    10.55    10.84    11.1    11.32    11.53    11.71    11.87    12.02    12.15    12.27    12.38    12.48    12.57    12.65    12.73    12.79    12.86    12.92    12.97    
MO98    3.459e-15    1.538    3.001    4.301    5.457    6.485    7.399    8.212    8.935    9.579    10.15    10.66    11.11    11.52    11.88    12.2    12.49    12.74    12.97    13.18    13.36    13.53    13.67    13.81    13.93    14.04    14.14    14.23    14.31    14.39    14.46    14.52    14.59    
MO99    2.843e-15    0.144    0.129    0.1148    0.1023    0.09123    0.08139    0.07264    0.06488    0.05798    0.05186    0.04642    0.04159    0.0373    0.0335    0.03013    0.02714    0.02449    0.02215    0.02008    0.01824    0.01662    0.01519    0.01393    0.01282    0.01184    0.01098    0.01023    0.009566    0.008988    0.008484    0.008045    0.007663    
TC99    1.115e-15    1.636    3.335    4.825    6.128    7.266    8.258    9.12    9.866    10.51    11.06    11.54    11.94    12.28    12.57    12.8    13    13.15    13.27    13.37    13.43    13.48    13.5    13.51    13.5    13.48    13.45    13.4    13.35    13.3    13.23    13.16    13.09    
MO100    4.165e-15    1.852    3.615    5.182    6.576    7.816    8.92    9.902    10.78    11.56    12.25    12.87    13.42    13.91    14.35    14.74    15.09    15.41    15.69    15.94    16.17    16.37    16.56    16.72    16.87    17.01    17.14    17.25    17.36    17.46    17.55    17.64    17.72    
RU100    7.212e-21    0.0104    0.04459    0.09976    0.1733    0.2628    0.3662    0.4818    0.6078    0.7429    0.8858    1.035    1.19    1.35    1.514    1.681    1.851    2.023    2.197    2.371    2.547    2.723    2.9    3.077    3.253    3.429    3.605    3.78    3.954    4.127    4.299    4.471    4.641    
RU101    4.093e-15    1.834    3.572    5.11    6.471    7.675    8.739    9.678    10.51    11.24    11.88    12.45    12.95    13.39    13.77    14.11    14.41    14.66    14.89    15.08    15.25    15.4    15.52    15.63    15.72    15.8    15.87    15.93    15.97    16.01    16.04    16.07    16.09    
RU102    4.408e-15    1.971    3.854    5.535    7.038    8.383    9.587    10.67    11.63    12.5    13.29    13.99    14.62    15.2    15.72    16.19    16.61    17    17.36    17.68    17.98    18.26    18.51    18.75    18.97    19.18    19.37    19.55    19.73    19.89    20.05    20.2    20.34    
RU103    4.223e-15    1.3    1.745    1.795    1.698    1.553    1.4    1.254    1.12    0.9999    0.8922    0.7963    0.7111    0.6353    0.5681    0.5085    0.4556    0.4088    0.3673    0.3305    0.298    0.2693    0.244    0.2216    0.2019    0.1845    0.1692    0.1558    0.1441    0.1338    0.1248    0.117    0.1102    
RH103    1.109e-16    0.6178    1.949    3.408    4.773    5.97    6.984    7.825    8.509    9.053    9.475    9.792    10.02    10.16    10.24    10.26    10.23    10.16    10.05    9.915    9.756    9.577    9.382    9.176    8.96    8.738    8.511    8.282    8.051    7.822    7.594    7.369    7.147    
RU104    4.856e-15    2.175    4.248    6.092    7.732    9.19    10.49    11.64    12.67    13.58    14.4    15.12    15.77    16.34    16.86    17.31    17.72    18.09    18.41    18.7    18.96    19.2    19.41    19.6    19.77    19.92    20.07    20.19    20.31    20.42    20.52    20.61    20.69    
PD104    5.521e-23    0.00933    0.06535    0.1848    0.3676    0.6075    0.8963    1.226    1.59    1.98    2.392    2.819    3.259    3.706    4.157    4.611    5.063    5.513    5.959    6.398    6.831    7.255    7.671    8.078    8.475    8.862    9.238    9.604    9.959    10.3    10.64    10.96    11.27    
RH105    2.113e-15    0.07772    0.06951    0.0618    0.05499    0.04896    0.04361    0.03885    0.03462    0.03087    0.02754    0.02458    0.02195    0.01961    0.01754    0.01571    0.01408    0.01264    0.01136    0.01022    0.009223    0.008338    0.007555    0.006865    0.006255    0.005718    0.005246    0.00483    0.004466    0.004146    0.003866    0.003622    0.003409    
PD105    1.831e-15    1.729    3.454    4.979    6.328    7.519    8.571    9.499    10.32    11.04    11.67    12.23    12.72    13.15    13.53    13.85    14.14    14.39    14.61    14.8    14.96    15.1    15.22    15.32    15.41    15.48    15.54    15.59    15.63    15.67    15.7    15.72    15.73    
RU106    4.405e-15    1.879    3.491    4.761    5.741    6.477    7.009    7.37    7.589    7.692    7.699    7.63    7.498    7.318    7.101    6.855    6.59    6.311    6.024    5.733    5.443    5.155    4.873    4.599    4.333    4.077    3.832    3.598    3.375    3.164    2.964    2.776    2.599    
PD106    1.252e-17    0.2008    0.5806    1.091    1.703    2.392    3.137    3.921    4.729    5.549    6.372    7.19    7.996    8.786    9.556    10.3    11.02    11.72    12.38    13.02    13.63    14.21    14.76    15.29    15.79    16.26    16.71    17.14    17.55    17.93    18.3    18.64    18.97    
PD107    3.851e-15    1.724    3.358    4.803    6.083    7.215    8.215    9.099    9.88    10.57    11.18    11.71    12.18    12.59    12.96    13.27    13.55    13.8    14.01    14.19    14.35    14.49    14.61    14.71    14.8    14.87    14.93    14.98    15.03    15.06    15.09    15.11    15.13    
PD108    2.936e-15    1.304    2.537    3.626    4.587    5.434    6.181    6.838    7.416    7.924    8.368    8.758    9.097    9.394    9.651    9.874    10.07    10.23    10.37    10.49    10.6    10.68    10.75    10.81    10.85    10.89    10.92    10.94    10.95    10.96    10.96    10.96    10.95    
AG109    1.286e-15    0.7506    1.447    2.037    2.534    2.949    3.294    3.577    3.806    3.989    4.131    4.239    4.317    4.369    4.4    4.412    4.409    4.392    4.365    4.328    4.284    4.234    4.179    4.121    4.059    3.996    3.932    3.867    3.802    3.737    3.673    3.61    3.547    
PD110    9.167e-16    0.4078    0.7951    1.139    1.445    1.718    1.959    2.175    2.366    2.536    2.687    2.822    2.941    3.048    3.143    3.227    3.302    3.369    3.429    3.482    3.529    3.572    3.61    3.644    3.674    3.701    3.726    3.748    3.768    3.786    3.803    3.818    3.831    
AG110M    1.438e-21    0.0008768    0.003402    0.007082    0.01152    0.0164    0.02148    0.02659    0.03157    0.03634    0.04081    0.04495    0.04872    0.05211    0.05512    0.05776    0.06003    0.06196    0.06356    0.06486    0.06589    0.06665    0.06719    0.06751    0.06765    0.06762    0.06745    0.06715    0.06673    0.06623    0.06564    0.06498    0.06427    
CD110    1.294e-21    0.01978    0.08085    0.1772    0.3034    0.4547    0.627    0.8166    1.02    1.235    1.459    1.69    1.925    2.164    2.405    2.647    2.889    3.13    3.369    3.606    3.84    4.072    4.299    4.523    4.744    4.96    5.172    5.38    5.584    5.784    5.979    6.171    6.358    
AG111    4.023e-16    0.04525    0.04091    0.03642    0.03243    0.0289    0.02576    0.02297    0.02049    0.01829    0.01634    0.01461    0.01307    0.0117    0.01048    0.009407    0.00845    0.007601    0.006847    0.006179    0.005586    0.00506    0.004594    0.00418    0.003815    0.003491    0.003204    0.00295    0.002726    0.002528    0.002353    0.002199    0.002063    
CD111    5.876e-17    0.1614    0.3615    0.5397    0.6978    0.8382    0.963    1.074    1.173    1.261    1.34    1.411    1.474    1.531    1.583    1.63    1.672    1.711    1.747    1.779    1.81    1.838    1.864    1.889    1.913    1.936    1.957    1.978    1.999    2.019    2.038    2.057    2.076    
CD112    1.341e-16    0.09381    0.1865    0.2697    0.3445    0.4117    0.4722    0.5267    0.576    0.6206    0.6611    0.6978    0.7313    0.7618    0.7898    0.8154    0.839    0.8609    0.8811    0.8999    0.9175    0.9339    0.9494    0.9641    0.978    0.9912    1.004    1.016    1.028    1.039    1.05    1.061    1.071    
CD114    7.978e-17    0.0817    0.1783    0.2648    0.3418    0.4102    0.471    0.525    0.5731    0.6158    0.6538    0.6876    0.7177    0.7444    0.7683    0.7895    0.8084    0.8252    0.8402    0.8536    0.8656    0.8763    0.8859    0.8945    0.9022    0.9091    0.9153    0.921    0.9261    0.9307    0.935    0.9388    0.9424    
IN115    1.68e-17    0.01969    0.03687    0.04897    0.05694    0.06169    0.06395    0.06437    0.06343    0.06154    0.05899    0.05602    0.05281    0.04949    0.04617    0.04292    0.03978    0.0368    0.03399    0.03136    0.02892    0.02667    0.0246    0.02271    0.02099    0.01942    0.01801    0.01673    0.01558    0.01455    0.01362    0.01279    0.01205    
CD116    3.746e-17    0.01668    0.03255    0.04666    0.05922    0.07038    0.08032    0.08915    0.09702    0.104    0.1102    0.1158    0.1207    0.1251    0.1291    0.1326    0.1357    0.1385    0.141    0.1432    0.1452    0.147    0.1486    0.1501    0.1514    0.1526    0.1537    0.1547    0.1555    0.1564    0.1571    0.1578    0.1585    
SN116    5.966e-23    0.002032    0.008248    0.01751    0.02885    0.0415    0.05485    0.06845    0.08197    0.09517    0.1079    0.12    0.1314    0.1422    0.1522    0.1615    0.1701    0.1781    0.1855    0.1922    0.1985    0.2042    0.2095    0.2143    0.2188    0.2229    0.2267    0.2302    0.2335    0.2365    0.2393    0.2419    0.2444    
SN117    2.686e-17    0.01313    0.0257    0.03688    0.04682    0.05566    0.06354    0.07056    0.07681    0.08239    0.08737    0.09182    0.09579    0.09935    0.1025    0.1054    0.108    0.1103    0.1124    0.1143    0.116    0.1175    0.1189    0.1202    0.1214    0.1225    0.1235    0.1244    0.1253    0.1261    0.1269    0.1276    0.1283    
SN118    3.225e-17    0.01458    0.02846    0.04081    0.0518    0.06159    0.07031    0.07807    0.08499    0.09115    0.09665    0.1016    0.1059    0.1098    0.1133    0.1165    0.1193    0.1218    0.1241    0.1261    0.1279    0.1296    0.1311    0.1324    0.1337    0.1348    0.1358    0.1368    0.1377    0.1385    0.1392    0.1399    0.1406    
SN119    3.232e-17    0.01448    0.02829    0.0406    0.05158    0.06136    0.0701    0.07789    0.08484    0.09105    0.0966    0.1016    0.106    0.11    0.1135    0.1167    0.1195    0.1221    0.1244    0.1265    0.1284    0.1301    0.1316    0.133    0.1343    0.1354    0.1365    0.1375    0.1384    0.1392    0.14    0.1408    0.1415    
SN120    3.182e-17    0.01416    0.02762    0.0396    0.05026    0.05974    0.06818    0.0757    0.08239    0.08836    0.09367    0.09841    0.1026    0.1064    0.1098    0.1128    0.1155    0.1179    0.12    0.122    0.1237    0.1253    0.1267    0.128    0.1292    0.1303    0.1312    0.1321    0.133    0.1337    0.1344    0.1351    0.1357    
SB121    1.673e-17    0.01313    0.02598    0.03729    0.04725    0.05601    0.06369    0.07042    0.07631    0.08145    0.08593    0.08982    0.09318    0.09609    0.09858    0.1007    0.1025    0.104    0.1053    0.1064    0.1072    0.1079    0.1084    0.1088    0.1091    0.1093    0.1094    0.1094    0.1094    0.1093    0.1091    0.1089    0.1087    
SN122    2.929e-17    0.01303    0.02544    0.03647    0.04629    0.05504    0.06282    0.06976    0.07594    0.08145    0.08637    0.09075    0.09466    0.09816    0.1013    0.1041    0.1066    0.1088    0.1109    0.1127    0.1143    0.1158    0.1172    0.1184    0.1195    0.1205    0.1215    0.1223    0.1231    0.1239    0.1246    0.1252    0.1259    
SB123    2.519e-17    0.0116    0.02315    0.03379    0.04352    0.05238    0.06039    0.0676    0.07408    0.07986    0.08502    0.08961    0.09367    0.09726    0.1004    0.1032    0.1056    0.1078    0.1096    0.1112    0.1126    0.1138    0.1149    0.1158    0.1165    0.1171    0.1177    0.1181    0.1185    0.1188    0.119    0.1192    0.1193    
SN124    3.532e-17    0.01571    0.03066    0.04395    0.05578    0.0663    0.07566    0.08399    0.09141    0.09802    0.1039    0.1091    0.1138    0.118    0.1217    0.1251    0.128    0.1307    0.1331    0.1352    0.1372    0.1389    0.1405    0.1419    0.1432    0.1444    0.1455    0.1465    0.1475    0.1483    0.1491    0.1499    0.1506    
SB125    3.731e-17    0.0194    0.03861    0.05504    0.06897    0.08071    0.09053    0.09866    0.1053    0.1107    0.1149    0.1181    0.1205    0.1222    0.1232    0.1236    0.1236    0.1232    0.1224    0.1214    0.1201    0.1186    0.117    0.1152    0.1134    0.1114    0.1094    0.1074    0.1053    0.1033    0.1012    0.09918    0.09716    
TE125    2.935e-20    0.000249    0.001097    0.002518    0.004451    0.006833    0.009598    0.01269    0.01605    0.01963    0.02338    0.02728    0.03128    0.03536    0.03949    0.04365    0.04782    0.05199    0.05613    0.06025    0.06432    0.06835    0.07233    0.07624    0.08009    0.08387    0.08757    0.09121    0.09478    0.09827    0.1017    0.105    0.1083    
SN126    8.475e-17    0.03769    0.07365    0.1057    0.1342    0.1596    0.1822    0.2024    0.2204    0.2365    0.2509    0.2637    0.2752    0.2855    0.2948    0.3031    0.3105    0.3173    0.3234    0.3289    0.3339    0.3385    0.3427    0.3465    0.35    0.3533    0.3564    0.3593    0.3619    0.3645    0.3669    0.3692    0.3714    
TE127M    7.091e-18    0.01101    0.01971    0.02475    0.02726    0.02807    0.02775    0.02672    0.02527    0.02358    0.02179    0.02    0.01826    0.0166    0.01505    0.01362    0.01231    0.01111    0.01004    0.009067    0.008198    0.007422    0.006731    0.006117    0.005573    0.005093    0.004669    0.004296    0.003969    0.003683    0.003433    0.003215    0.003026    
I127    3.14e-17    0.07963    0.1704    0.2532    0.3283    0.3958    0.4563    0.5103    0.5583    0.6008    0.6383    0.6714    0.7004    0.7257    0.7479    0.7671    0.7838    0.7981    0.8105    0.8211    0.83    0.8376    0.844    0.8493    0.8536    0.8571    0.8599    0.8621    0.8637    0.8649    0.8656    0.866    0.8661    
TE128    3.543e-16    0.1615    0.316    0.4534    0.5759    0.685    0.7824    0.8692    0.9467    1.016    1.078    1.133    1.183    1.227    1.267    1.303    1.335    1.364    1.39    1.414    1.436    1.455    1.474    1.49    1.505    1.52    1.533    1.545    1.557    1.568    1.578    1.589    1.598    
XE128    2.654e-23    0.0002478    0.001105    0.002527    0.00446    0.006854    0.009662    0.01284    0.01635    0.02014    0.0242    0.02848    0.03295    0.0376    0.0424    0.04733    0.05237    0.05751    0.06273    0.06802    0.07337    0.07877    0.08421    0.08968    0.09518    0.1007    0.1062    0.1118    0.1173    0.1229    0.1285    0.134    0.1396    
TE129M    8.745e-17    0.02773    0.03574    0.03574    0.03323    0.0301    0.027    0.02414    0.02155    0.01924    0.01718    0.01536    0.01373    0.01229    0.01102    0.009885    0.008884    0.007999    0.007216    0.006526    0.005917    0.00538    0.004909    0.004495    0.004132    0.003815    0.003538    0.003297    0.003087    0.002906    0.00275    0.002616    0.002501    
I129    5.81e-16    0.3026    0.6101    0.889    1.138    1.359    1.554    1.727    1.879    2.012    2.13    2.233    2.324    2.403    2.473    2.533    2.586    2.632    2.672    2.706    2.736    2.761    2.783    2.801    2.817    2.83    2.842    2.851    2.858    2.865    2.87    2.874    2.877    
TE130    1.533e-15    0.6849    1.337    1.918    2.434    2.894    3.304    3.669    3.994    4.284    4.542    4.773    4.979    5.163    5.328    5.475    5.607    5.726    5.833    5.929    6.016    6.094    6.166    6.231    6.29    6.345    6.395    6.441    6.484    6.525    6.562    6.598    6.632    
XE130    4.395e-20    0.0007923    0.003317    0.007443    0.01301    0.01985    0.02782    0.03679    0.04664    0.05725    0.06855    0.08044    0.09285    0.1057    0.119    0.1326    0.1465    0.1606    0.175    0.1896    0.2043    0.2192    0.2342    0.2493    0.2645    0.2798    0.2951    0.3104    0.3258    0.3412    0.3567    0.3721    0.3876    
I131    2.327e-15    0.2946    0.2685    0.2388    0.2125    0.1892    0.1684    0.15    0.1337    0.1191    0.1062    0.09476    0.08458    0.07555    0.06754    0.06044    0.05415    0.04858    0.04365    0.03928    0.03543    0.03202    0.02902    0.02637    0.02404    0.022    0.0202    0.01862    0.01724    0.01604    0.01499    0.01408    0.01329    
XE131    3.055e-16    0.9387    2.103    3.097    3.934    4.633    5.212    5.685    6.067    6.368    6.599    6.77    6.889    6.962    6.996    6.997    6.969    6.917    6.845    6.756    6.654    6.539    6.416    6.286    6.15    6.01    5.867    5.723    5.578    5.433    5.289    5.146    5.006    
TE132    3.067e-15    0.1753    0.1569    0.1394    0.124    0.1104    0.09827    0.08751    0.07796    0.06947    0.06193    0.05524    0.0493    0.04402    0.03935    0.0352    0.03153    0.02827    0.02539    0.02284    0.02059    0.0186    0.01684    0.01529    0.01393    0.01273    0.01168    0.01076    0.009947    0.00924    0.008624    0.008088    0.007622    
XE132    1.085e-15    1.698    3.552    5.252    6.811    8.245    9.565    10.78    11.91    12.95    13.91    14.81    15.64    16.42    17.14    17.82    18.46    19.05    19.61    20.14    20.64    21.11    21.56    21.98    22.38    22.76    23.13    23.48    23.81    24.13    24.44    24.73    25.02    
I133    2.245e-15    0.06689    0.05986    0.05319    0.04731    0.0421    0.03748    0.03337    0.02972    0.02648    0.0236    0.02105    0.01878    0.01677    0.01498    0.0134    0.01199    0.01075    0.009647    0.008673    0.007811    0.00705    0.006378    0.005785    0.005263    0.004804    0.0044    0.004045    0.003735    0.003463    0.003226    0.003019    0.002839    
XE133    3.108e-15    0.3984    0.3575    0.3179    0.2828    0.2517    0.2241    0.1996    0.1778    0.1585    0.1413    0.1261    0.1125    0.1005    0.08982    0.08036    0.07198    0.06456    0.05799    0.05217    0.04703    0.04249    0.03848    0.03494    0.03182    0.02908    0.02667    0.02456    0.02271    0.02109    0.01968    0.01844    0.01738    
CS133    4.985e-16    2.164    4.695    6.906    8.828    10.5    11.94    13.18    14.25    15.15    15.93    16.57    17.11    17.56    17.92    18.21    18.43    18.59    18.71    18.78    18.81    18.81    18.78    18.73    18.65    18.56    18.45    18.32    18.19    18.04    17.89    17.73    17.56    
XE134    7.098e-15    3.255    6.359    9.119    11.57    13.76    15.7    17.43    18.97    20.34    21.56    22.65    23.62    24.49    25.26    25.95    26.56    27.11    27.61    28.05    28.45    28.81    29.13    29.42    29.68    29.92    30.14    30.34    30.52    30.69    30.85    31    31.13    
CS134    3.1e-20    0.01448    0.06895    0.1572    0.2721    0.4076    0.5585    0.7205    0.8897    1.063    1.238    1.413    1.585    1.753    1.917    2.075    2.226    2.37    2.506    2.635    2.756    2.869    2.974    3.072    3.162    3.244    3.319    3.388    3.45    3.505    3.554    3.598    3.636    
BA134    4.286e-23    0.0001879    0.001964    0.007049    0.01682    0.03237    0.05449    0.0838    0.1207    0.1655    0.2182    0.2789    0.3475    0.4238    0.5077    0.5989    0.6971    0.8019    0.913    1.03    1.153    1.281    1.414    1.551    1.692    1.837    1.986    2.138    2.293    2.45    2.609    2.77    2.933    
CS135    4.609e-15    0.8587    1.684    2.417    3.069    3.65    4.169    4.633    5.049    5.423    5.76    6.065    6.341    6.593    6.823    7.034    7.228    7.409    7.577    7.734    7.881    8.02    8.152    8.278    8.398    8.514    8.625    8.733    8.838    8.94    9.04    9.137    9.233    
XE136    6.828e-15    5.035    9.849    14.13    17.94    21.33    24.34    27.03    29.42    31.55    33.44    35.14    36.64    37.99    39.19    40.26    41.22    42.08    42.85    43.54    44.17    44.73    45.23    45.69    46.1    46.48    46.83    47.14    47.43    47.7    47.95    48.18    48.4    
BA136    1.218e-18    0.005173    0.01506    0.02695    0.04045    0.05536    0.07152    0.08882    0.1071    0.1263    0.1464    0.1672    0.1887    0.2108    0.2334    0.2567    0.2804    0.3046    0.3292    0.3542    0.3797    0.4055    0.4317    0.4583    0.4852    0.5125    0.54    0.568    0.5962    0.6248    0.6537    0.6829    0.7124    
CS137    6.003e-15    2.669    5.2    7.442    9.428    11.19    12.74    14.12    15.34    16.41    17.36    18.2    18.94    19.59    20.16    20.66    21.1    21.49    21.83    22.13    22.39    22.61    22.81    22.98    23.13    23.25    23.36    23.46    23.54    23.61    23.67    23.72    23.76    
BA137    9.069e-19    0.004193    0.01686    0.03704    0.06387    0.0966    0.1345    0.1771    0.2236    0.2738    0.3272    0.3833    0.4419    0.5027    0.5653    0.6296    0.6954    0.7624    0.8306    0.8997    0.9697    1.04    1.112    1.184    1.256    1.329    1.402    1.475    1.549    1.622    1.696    1.77    1.844    
BA138    5.858e-15    2.643    5.16    7.397    9.388    11.16    12.74    14.14    15.39    16.5    17.49    18.37    19.16    19.86    20.49    21.05    21.55    22    22.4    22.76    23.09    23.38    23.64    23.88    24.1    24.29    24.47    24.64    24.79    24.93    25.05    25.17    25.29    
LA139    5.605e-15    2.566    5.009    7.178    9.105    10.82    12.34    13.69    14.89    15.95    16.9    17.74    18.48    19.15    19.74    20.26    20.72    21.14    21.5    21.83    22.12    22.38    22.61    22.82    23    23.17    23.32    23.45    23.57    23.68    23.78    23.87    23.96    
BA140    5.028e-15    0.8582    0.8331    0.7454    0.6634    0.5903    0.5254    0.4677    0.4165    0.3709    0.3305    0.2946    0.2627    0.2344    0.2093    0.187    0.1672    0.1497    0.1342    0.1205    0.1083    0.09761    0.08813    0.07976    0.07237    0.06587    0.06015    0.05512    0.05071    0.04684    0.04346    0.04051    0.03794    
LA140    2.907e-16    0.1127    0.1107    0.09925    0.08847    0.07888    0.07035    0.06277    0.05604    0.05006    0.04474    0.04003    0.03584    0.03212    0.02882    0.02589    0.0233    0.021    0.01896    0.01716    0.01557    0.01416    0.01291    0.01181    0.01084    0.009989    0.009238    0.008579    0.008    0.007493    0.00705    0.006664    0.006327    
CE140    1.346e-16    1.548    3.972    6.204    8.198    9.975    11.56    12.97    14.23    15.36    16.36    17.26    18.07    18.79    19.43    20.01    20.53    21    21.42    21.81    22.15    22.47    22.75    23.01    23.25    23.47    23.67    23.86    24.03    24.19    24.35    24.49    24.63    
CE141    4.089e-15    1.276    1.625    1.613    1.493    1.348    1.207    1.077    0.9604    0.856    0.763    0.6804    0.6071    0.542    0.4842    0.4329    0.3875    0.3472    0.3116    0.28    0.2521    0.2274    0.2056    0.1864    0.1695    0.1546    0.1415    0.1299    0.1199    0.111    0.1033    0.09659    0.09074    
PR141    1.322e-16    0.7629    2.362    4.101    5.754    7.258    8.606    9.806    10.87    11.82    12.66    13.4    14.06    14.64    15.16    15.62    16.02    16.38    16.7    16.98    17.23    17.45    17.64    17.82    17.97    18.11    18.23    18.33    18.43    18.52    18.59    18.66    18.72    
CE142    4.387e-15    2.019    3.946    5.661    7.187    8.545    9.753    10.83    11.79    12.64    13.4    14.08    14.68    15.22    15.7    16.13    16.51    16.86    17.17    17.44    17.69    17.92    18.12    18.3    18.47    18.62    18.76    18.88    19    19.11    19.21    19.3    19.39    
ND142    2.12e-23    0.000525    0.003652    0.01027    0.02039    0.03375    0.05002    0.06889    0.09005    0.1133    0.1383    0.1648    0.1928    0.222    0.2523    0.2836    0.3156    0.3484    0.3819    0.4159    0.4504    0.4853    0.5206    0.5562    0.5921    0.6282    0.6646    0.7011    0.7377    0.7745    0.8113    0.8483    0.8853    
CE143    2.198e-15    0.07606    0.06807    0.06049    0.05381    0.0479    0.04265    0.03798    0.03384    0.03016    0.02689    0.02398    0.02141    0.01912    0.01709    0.01529    0.0137    0.01228    0.01103    0.009926    0.008947    0.008082    0.007319    0.006645    0.006052    0.00553    0.00507    0.004668    0.004314    0.004005    0.003736    0.003501    0.003296    
PR143    1.954e-15    0.6757    0.672    0.6031    0.537    0.478    0.4256    0.379    0.3376    0.3008    0.2682    0.2392    0.2134    0.1905    0.1703    0.1523    0.1363    0.1222    0.1097    0.09862    0.08882    0.08017    0.07252    0.06578    0.05983    0.0546    0.05    0.04596    0.04242    0.03931    0.0366    0.03424    0.03219    
ND143    1.128e-16    1.136    2.904    4.491    5.857    7.023    8.013    8.847    9.544    10.12    10.59    10.97    11.27    11.49    11.66    11.77    11.83    11.85    11.83    11.79    11.72    11.63    11.52    11.39    11.25    11.1    10.94    10.78    10.6    10.43    10.25    10.07    9.888    
CE144    3.985e-15    1.679    3.078    4.14    4.923    5.477    5.845    6.06    6.154    6.15    6.07    5.931    5.748    5.531    5.292    5.038    4.776    4.51    4.246    3.986    3.733    3.488    3.254    3.03    2.819    2.619    2.431    2.255    2.091    1.939    1.797    1.667    1.546    
ND144    1.454e-17    0.1176    0.4767    1.03    1.735    2.553    3.456    4.417    5.416    6.437    7.466    8.492    9.507    10.5    11.48    12.42    13.34    14.22    15.07    15.89    16.67    17.42    18.14    18.83    19.49    20.11    20.71    21.28    21.83    22.35    22.85    23.33    23.78    
ND145    2.714e-15    1.356    2.641    3.767    4.753    5.616    6.368    7.023    7.591    8.083    8.507    8.871    9.182    9.446    9.668    9.854    10.01    10.13    10.23    10.31    10.37    10.41    10.44    10.45    10.45    10.45    10.43    10.41    10.38    10.34    10.3    10.26    10.21    
ND146    2.642e-15    1.197    2.352    3.395    4.34    5.196    5.973    6.681    7.326    7.916    8.456    8.952    9.409    9.831    10.22    10.58    10.92    11.24    11.53    11.81    12.07    12.32    12.56    12.78    13    13.21    13.4    13.59    13.78    13.96    14.13    14.3    14.47    
ND147    2.037e-15    0.311    0.2935    0.2618    0.233    0.2075    0.1848    0.1646    0.1467    0.1307    0.1166    0.104    0.0929    0.08301    0.07423    0.06644    0.05954    0.05343    0.04801    0.04322    0.03898    0.03523    0.03192    0.029    0.02643    0.02416    0.02217    0.02042    0.01888    0.01754    0.01636    0.01534    0.01445    
PM147    1.973e-16    0.641    1.43    2.019    2.432    2.706    2.869    2.946    2.957    2.917    2.84    2.735    2.612    2.478    2.336    2.191    2.047    1.905    1.768    1.637    1.512    1.394    1.283    1.18    1.085    0.9964    0.915    0.8404    0.7721    0.7098    0.6532    0.6018    0.5553    
SM147    1.45e-19    0.008874    0.04609    0.1066    0.1829    0.2689    0.3597    0.4519    0.5426    0.6299    0.7122    0.7886    0.8586    0.9216    0.9778    1.027    1.069    1.105    1.135    1.16    1.178    1.192    1.202    1.207    1.209    1.207    1.202    1.195    1.185    1.174    1.16    1.145    1.129    
ND148    1.933e-15    0.866    1.691    2.424    3.075    3.653    4.167    4.623    5.027    5.387    5.706    5.989    6.241    6.464    6.663    6.839    6.995    7.134    7.257    7.367    7.465    7.551    7.629    7.698    7.759    7.815    7.864    7.908    7.948    7.984    8.017    8.046    8.073    
PM148    4.382e-22    0.007136    0.01607    0.0228    0.02753    0.03067    0.03255    0.03344    0.03357    0.03313    0.03227    0.03109    0.0297    0.02817    0.02656    0.02492    0.02328    0.02167    0.02011    0.01862    0.0172    0.01586    0.0146    0.01343    0.01234    0.01133    0.01041    0.00956    0.008783    0.008075    0.00743    0.006846    0.006317    
PM148M    5.427e-22    0.004625    0.01365    0.02092    0.02612    0.02964    0.03182    0.03295    0.03328    0.03299    0.03224    0.03115    0.02982    0.02834    0.02676    0.02514    0.02351    0.02191    0.02035    0.01885    0.01742    0.01607    0.0148    0.01362    0.01252    0.0115    0.01056    0.0097    0.00891    0.00819    0.007534    0.006939    0.0064    
SM148    1.181e-22    0.01672    0.09724    0.2369    0.4206    0.6356    0.8717    1.121    1.377    1.634    1.889    2.139    2.382    2.617    2.841    3.056    3.259    3.452    3.635    3.807    3.969    4.121    4.264    4.398    4.524    4.642    4.753    4.858    4.955    5.047    5.134    5.215    5.292    
PM149    9.159e-16    0.04295    0.04091    0.03864    0.03633    0.03401    0.03171    0.02947    0.0273    0.02523    0.02326    0.02141    0.01967    0.01806    0.01656    0.01517    0.01389    0.01271    0.01164    0.01066    0.009762    0.008949    0.008211    0.007544    0.006941    0.006397    0.005908    0.005469    0.005075    0.004723    0.004408    0.004127    0.003878    
SM149    4.971e-16    0.1008    0.09658    0.0913    0.08592    0.08051    0.07514    0.0699    0.06485    0.06002    0.05544    0.05112    0.04708    0.04331    0.03982    0.03659    0.03361    0.03088    0.02838    0.0261    0.02402    0.02214    0.02043    0.01888    0.01748    0.01623    0.0151    0.01408    0.01317    0.01236    0.01164    0.01099    0.01042    
ND150    1.207e-15    0.5364    1.046    1.499    1.901    2.258    2.575    2.857    3.108    3.33    3.528    3.704    3.86    3.998    4.122    4.231    4.329    4.415    4.492    4.561    4.622    4.677    4.725    4.769    4.808    4.843    4.874    4.902    4.928    4.951    4.972    4.991    5.009    
SM150    3.761e-19    0.5145    1.208    1.864    2.477    3.047    3.571    4.051    4.486    4.879    5.232    5.545    5.822    6.065    6.277    6.459    6.614    6.744    6.852    6.939    7.008    7.06    7.097    7.121    7.132    7.133    7.124    7.106    7.082    7.051    7.014    6.972    6.927    
SM151    4.879e-16    0.2937    0.4399    0.4921    0.4999    0.4876    0.4673    0.4448    0.4227    0.402    0.3833    0.3664    0.3513    0.3378    0.3257    0.3148    0.3051    0.2963    0.2883    0.281    0.2743    0.2682    0.2626    0.2573    0.2525    0.2479    0.2437    0.2397    0.2359    0.2323    0.2289    0.2257    0.2226    
SM152    7.338e-16    0.4162    0.9216    1.402    1.822    2.17    2.447    2.662    2.821    2.934    3.007    3.049    3.065    3.059    3.037    3.001    2.955    2.902    2.843    2.78    2.715    2.648    2.581    2.515    2.449    2.384    2.321    2.26    2.202    2.145    2.091    2.039    1.989    
SM153    3.361e-16    0.01621    0.01782    0.01939    0.02075    0.02181    0.02256    0.02303    0.02325    0.02328    0.02314    0.02287    0.0225    0.02206    0.02155    0.02101    0.02045    0.01986    0.01928    0.01869    0.01812    0.01755    0.01701    0.01648    0.01597    0.01548    0.01501    0.01456    0.01414    0.01373    0.01335    0.01299    0.01265    
EU153    2.11e-16    0.2389    0.5119    0.7919    1.076    1.36    1.638    1.906    2.159    2.396    2.614    2.812    2.99    3.148    3.286    3.404    3.505    3.587    3.654    3.706    3.744    3.769    3.783    3.787    3.781    3.767    3.747    3.72    3.687    3.65    3.609    3.564    3.517    
SM154    3.954e-16    0.1776    0.3465    0.4967    0.6304    0.7493    0.8552    0.9494    1.033    1.108    1.174    1.233    1.285    1.332    1.374    1.41    1.443    1.472    1.498    1.521    1.542    1.56    1.576    1.591    1.603    1.615    1.625    1.634    1.642    1.649    1.656    1.662    1.667    
EU154    5.802e-21    0.008382    0.03517    0.07823    0.1357    0.2056    0.2861    0.3748    0.4699    0.5692    0.6709    0.7731    0.8745    0.9735    1.069    1.16    1.247    1.327    1.402    1.47    1.531    1.586    1.635    1.677    1.714    1.744    1.769    1.788    1.803    1.813    1.818    1.82    1.818    
GD154    0    2.926e-05    0.000253    0.0008575    0.002005    0.003833    0.006458    0.009969    0.01443    0.01989    0.02637    0.03386    0.04234    0.05179    0.06216    0.07338    0.08541    0.09815    0.1115    0.1255    0.1399    0.1548    0.17    0.1854    0.2011    0.2168    0.2326    0.2484    0.2642    0.2798    0.2952    0.3105    0.3255    
EU155    2.44e-16    0.09283    0.1544    0.1921    0.216    0.233    0.2473    0.2617    0.2775    0.2956    0.3162    0.3392    0.3641    0.3906    0.4182    0.4463    0.4745    0.5022    0.5293    0.5552    0.5797    0.6027    0.6238    0.6431    0.6605    0.6759    0.6892    0.7006    0.7101    0.7178    0.7237    0.7279    0.7305    
EU156    1.419e-16    0.04058    0.05115    0.05481    0.05597    0.05604    0.05577    0.05563    0.05586    0.05661    0.05791    0.05973    0.06203    0.06472    0.06773    0.07095    0.07431    0.07774    0.08114    0.08448    0.08769    0.09074    0.09359    0.09621    0.09858    0.1007    0.1026    0.1042    0.1055    0.1066    0.1074    0.108    0.1084    
GD156    8.457e-18    0.05537    0.1643    0.2882    0.4172    0.5471    0.6763    0.8045    0.9324    1.061    1.192    1.326    1.464    1.608    1.758    1.916    2.08    2.252    2.432    2.619    2.814    3.015    3.222    3.435    3.653    3.875    4.102    4.332    4.564    4.798    5.033    5.269    5.505    
GD158    9.234e-17    0.1008    0.2071    0.3032    0.3899    0.4683    0.5392    0.6037    0.6624    0.7162    0.7657    0.8116    0.8545    0.8947    0.9329    0.9695    1.005    1.039    1.072    1.106    1.138    1.171    1.204    1.238    1.271    1.306    1.341    1.376    1.413    1.45    1.488    1.527    1.567    
TB159    3.649e-17    0.02434    0.04785    0.06854    0.08671    0.1027    0.1167    0.1289    0.1397    0.149    0.1572    0.1643    0.1705    0.1759    0.1805    0.1845    0.188    0.191    0.1936    0.1958    0.1977    0.1994    0.2008    0.2021    0.2032    0.2042    0.205    0.2058    0.2066    0.2073    0.208    0.2087    0.2095    
GD160    2.409e-17    0.01073    0.02092    0.02997    0.03801    0.04516    0.05151    0.05715    0.06217    0.06662    0.07058    0.0741    0.07723    0.08001    0.08248    0.08467    0.08663    0.08836    0.08991    0.09129    0.09251    0.09361    0.09458    0.09545    0.09623    0.09693    0.09755    0.09811    0.09862    0.09907    0.09948    0.09986    0.1002    
DY160    2.326e-23    3.154e-05    0.0002346    0.000694    0.001428    0.00242    0.003638    0.005045    0.006602    0.008274    0.01003    0.01184    0.01368    0.01553    0.01737    0.01919    0.02097    0.02271    0.02441    0.02604    0.02762    0.02914    0.03059    0.03198    0.0333    0.03456    0.03575    0.03689    0.03797    0.03899    0.03996    0.04088    0.04175    
DY161    1.531e-18    0.003857    0.008239    0.01183    0.01476    0.01716    0.01912    0.02073    0.02207    0.02318    0.02413    0.02494    0.02566    0.02631    0.0269    0.02745    0.02799    0.02851    0.02902    0.02954    0.03006    0.03059    0.03112    0.03166    0.03221    0.03277    0.03333    0.0339    0.03447    0.03505    0.03562    0.0362    0.03678    
DY162    3.514e-18    0.001628    0.003382    0.005123    0.006812    0.008423    0.009937    0.01135    0.01265    0.01384    0.01492    0.01591    0.01681    0.01763    0.01837    0.01904    0.01966    0.02023    0.02076    0.02125    0.02172    0.02216    0.02259    0.023    0.02341    0.0238    0.02419    0.02458    0.02497    0.02536    0.02576    0.02615    0.02655    
DY163    1.339e-18    0.0006616    0.001433    0.002276    0.00319    0.004171    0.005212    0.006302    0.007433    0.008594    0.009777    0.01097    0.01217    0.01337    0.01457    0.01574    0.01691    0.01805    0.01918    0.02028    0.02135    0.02241    0.02344    0.02445    0.02543    0.0264    0.02734    0.02826    0.02917    0.03007    0.03094    0.03181    0.03266    
