TIME    3   50   100   150   200   250   300   350   400   450   500   550   600   650   700   750   800   850   900   950   1000   1050   1100   1150   1200   1250   1300   1350   1400   1450   1500   1550   1600   
NEUT_PROD    4.58   27.1   47.2   63.7   77.2   88.1   96.7   103   108   112   114   115   115   115   114   112   110   108   105   103   99.8   96.7   93.6   90.4   87.2   84.1   80.9   77.9   74.8   71.9   69   66.3   63.6   
NEUT_DEST    112   117   122   125   127   129   129   129   129   128   126   124   122   120   118   115   113   110   107   105   102   99.2   96.6   93.9   91.4   88.9   86.4   84   81.7   79.4   77.3   75.2   73.1   
BUd    1.48e-15    2.58    6.44    9.61    12.2    14.3    16    17.3    18.3    19    19.5    19.8    20    19.9    19.8    19.6    19.3    18.9    18.5    18    17.5    17    16.4    15.9    15.3    14.8    14.2    13.7    13.2    12.7    12.1    11.7    11.2    
HE4    1.451e-05    0.0002387    0.0005047    0.0008878    0.001507    0.002491    0.003964    0.006038    0.00881    0.01235    0.01673    0.02197    0.02809    0.0351    0.04299    0.05172    0.06126    0.07158    0.08262    0.09433    0.1066    0.1195    0.1329    0.1467    0.1609    0.1754    0.1902    0.2052    0.2203    0.2356    0.251    0.2664    0.2819    
U236    0.0008564    0.01384    0.02675    0.0388    0.05002    0.06047    0.07018    0.07921    0.0876    0.09538    0.1026    0.1092    0.1154    0.1211    0.1263    0.1311    0.1355    0.1396    0.1433    0.1466    0.1497    0.1525    0.155    0.1572    0.1593    0.1611    0.1627    0.1641    0.1653    0.1664    0.1673    0.1681    0.1688    
NP237    1.01e-21    6.3e-05    0.0003307    0.000844    0.001622    0.002672    0.003992    0.005571    0.007393    0.009439    0.01169    0.01411    0.01669    0.0194    0.02221    0.02509    0.02804    0.03101    0.034    0.03699    0.03995    0.04288    0.04576    0.04857    0.0513    0.05396    0.05652    0.05898    0.06134    0.06359    0.06573    0.06775    0.06966    
PU238    2.305e-20    0.0001681    0.00264    0.01255    0.03657    0.08175    0.1547    0.2612    0.4057    0.5915    0.8206    1.094    1.41    1.77    2.169    2.605    3.076    3.577    4.104    4.653    5.221    5.801    6.391    6.987    7.584    8.18    8.77    9.352    9.922    10.48    11.02    11.54    12.04    
PU239    9.452e-19    0.0004104    0.0007994    0.001247    0.00198    0.003348    0.005809    0.009903    0.01622    0.02536    0.03793    0.05448    0.0755    0.1014    0.1326    0.1692    0.2115    0.2595    0.3132    0.3724    0.4369    0.5065    0.581    0.6598    0.7426    0.8289    0.9182    1.01    1.104    1.2    1.296    1.394    1.491    
PU240    1000    947.2    894    843.8    796.5    751.8    709.6    669.8    632.2    596.7    563.2    531.6    501.8    473.7    447.1    422    398.4    376    355    335.1    316.3    298.6    281.9    266.2    251.3    237.3    224    211.6    199.8    188.7    178.3    168.4    159.1    
PU241    1.144e-13    49.53    93.66    130.1    159.8    183.8    202.7    217.3    228.2    235.9    240.9    243.6    244.3    243.4    241.1    237.7    233.3    228.2    222.5    216.3    209.8    203    196    189    181.9    174.8    167.8    160.8    154    147.3    140.8    134.5    128.3    
PU242    0    0.7229    2.885    6.21    10.46    15.42    20.91    26.79    32.93    39.21    45.54    51.84    58.05    64.13    70.01    75.68    81.1    86.25    91.12    95.7    99.99    104    107.6    111    114.1    116.9    119.4    121.7    123.7    125.4    126.9    128.1    129.2    
AM241    2.262e-17    0.153    0.5957    1.25    2.053    2.951    3.901    4.87    5.831    6.763    7.651    8.481    9.247    9.942    10.56    11.11    11.58    11.99    12.32    12.58    12.78    12.92    13    13.03    13.01    12.95    12.86    12.72    12.56    12.37    12.15    11.91    11.66    
AM242M    0    0.0004457    0.003226    0.00931    0.0187    0.03093    0.04537    0.06135    0.07825    0.09552    0.1127    0.1294    0.1454    0.1604    0.1742    0.1869    0.1982    0.2081    0.2168    0.2241    0.2301    0.2349    0.2385    0.241    0.2425    0.2431    0.2427    0.2416    0.2398    0.2373    0.2342    0.2306    0.2266    
AM242    0    0.0002455    0.0009561    0.002008    0.003297    0.004739    0.006267    0.007824    0.009369    0.01087    0.01229    0.01363    0.01486    0.01598    0.01698    0.01786    0.01862    0.01926    0.01979    0.02021    0.02053    0.02076    0.02089    0.02094    0.02091    0.02082    0.02066    0.02045    0.02018    0.01987    0.01953    0.01915    0.01874    
AM243    0    0.005396    0.04474    0.1467    0.3323    0.6164    1.008    1.514    2.133    2.866    3.708    4.654    5.697    6.828    8.04    9.324    10.67    12.07    13.51    14.98    16.48    18    19.53    21.06    22.58    24.09    25.58    27.05    28.49    29.89    31.26    32.59    33.87    
CM242    0    0.003143    0.02466    0.07635    0.1633    0.286    0.4419    0.6267    0.8349    1.061    1.299    1.543    1.788    2.031    2.266    2.491    2.704    2.902    3.083    3.247    3.393    3.521    3.63    3.721    3.795    3.852    3.893    3.919    3.93    3.928    3.914    3.888    3.853    
CM243    0    3.798e-06    6.225e-05    0.0002932    0.000843    0.001857    0.003461    0.005752    0.008793    0.01261    0.01721    0.02256    0.02861    0.03529    0.04251    0.05018    0.0582    0.06648    0.0749    0.08338    0.09183    0.1002    0.1083    0.1161    0.1237    0.1308    0.1375    0.1437    0.1495    0.1547    0.1594    0.1636    0.1672    
CM244    0    6.882e-05    0.00119    0.005953    0.01821    0.04265    0.08451    0.1493    0.2424    0.3694    0.5352    0.7447    1.002    1.311    1.675    2.096    2.577    3.119    3.723    4.39    5.12    5.912    6.766    7.679    8.651    9.68    10.76    11.9    13.08    14.31    15.58    16.9    18.25    
CM245    0    2.408e-07    8.423e-06    6.253e-05    0.000251    0.0007226    0.001688    0.003415    0.006224    0.01048    0.01656    0.0249    0.0359    0.04998    0.06757    0.08905    0.1148    0.1451    0.1804    0.2208    0.2666    0.318    0.3751    0.4381    0.5069    0.5816    0.6623    0.7487    0.8408    0.9386    1.042    1.15    1.264    
SE79    0    0.0001389    0.0007211    0.001506    0.002477    0.003601    0.004848    0.006186    0.007592    0.009047    0.01053    0.01204    0.01355    0.01506    0.01656    0.01803    0.01949    0.02092    0.02231    0.02367    0.02499    0.02628    0.02753    0.02873    0.0299    0.03103    0.03211    0.03316    0.03417    0.03515    0.03609    0.03699    0.03786    
SE80    0    0.0002849    0.001526    0.003174    0.005201    0.007544    0.01014    0.01292    0.01583    0.01885    0.02193    0.02505    0.02818    0.0313    0.0344    0.03747    0.04048    0.04344    0.04633    0.04915    0.0519    0.05457    0.05716    0.05967    0.0621    0.06445    0.06672    0.06891    0.07103    0.07307    0.07503    0.07693    0.07876    
BR81    0    0.000444    0.002365    0.004914    0.008043    0.01165    0.01563    0.01989    0.02435    0.02894    0.03362    0.03833    0.04305    0.04773    0.05236    0.05691    0.06137    0.06572    0.06995    0.07406    0.07803    0.08187    0.08556    0.08912    0.09253    0.09581    0.09895    0.1019    0.1048    0.1076    0.1102    0.1127    0.1151    
SE82    0    0.0007957    0.003927    0.008258    0.01366    0.01994    0.02693    0.03445    0.04237    0.05057    0.05896    0.06746    0.076    0.08453    0.093    0.1014    0.1096    0.1177    0.1256    0.1332    0.1407    0.148    0.155    0.1618    0.1684    0.1748    0.1809    0.1868    0.1925    0.198    0.2032    0.2083    0.2132    
KR83    0    0.001417    0.006769    0.01419    0.02337    0.03393    0.04552    0.05782    0.07057    0.08356    0.09662    0.1096    0.1224    0.1349    0.147    0.1587    0.1698    0.1805    0.1906    0.2002    0.2092    0.2175    0.2254    0.2326    0.2393    0.2454    0.251    0.2561    0.2607    0.2648    0.2685    0.2717    0.2745    
KR84    0    0.002537    0.01208    0.02567    0.04286    0.06308    0.08577    0.1104    0.1366    0.1641    0.1924    0.2213    0.2507    0.2803    0.3099    0.3396    0.369    0.3981    0.4269    0.4553    0.4832    0.5106    0.5375    0.5638    0.5895    0.6146    0.6391    0.663    0.6863    0.709    0.7311    0.7527    0.7737    
KR85    0    0.0005492    0.002676    0.005628    0.009297    0.01355    0.01826    0.0233    0.02857    0.03401    0.03953    0.04508    0.05062    0.05611    0.06151    0.0668    0.07195    0.07695    0.08179    0.08645    0.09093    0.09523    0.09933    0.1032    0.107    0.1105    0.1139    0.117    0.12    0.1229    0.1255    0.128    0.1304    
RB85    0    0.002045    0.009925    0.02098    0.03482    0.05099    0.06901    0.08845    0.109    0.1303    0.1521    0.1743    0.1966    0.2189    0.2411    0.2631    0.2848    0.3061    0.327    0.3474    0.3673    0.3867    0.4055    0.4238    0.4415    0.4586    0.4752    0.4912    0.5067    0.5216    0.536    0.5499    0.5634    
KR86    0    0.00443    0.0208    0.04404    0.07328    0.1075    0.1456    0.1867    0.23    0.275    0.321    0.3677    0.4147    0.4615    0.5081    0.5541    0.5993    0.6437    0.6871    0.7293    0.7704    0.8103    0.8489    0.8862    0.9223    0.9571    0.9906    1.023    1.054    1.084    1.112    1.14    1.166    
RB87    0    0.005415    0.02555    0.05409    0.08996    0.1319    0.1786    0.229    0.2821    0.3372    0.3936    0.4508    0.5083    0.5657    0.6227    0.679    0.7344    0.7887    0.8417    0.8934    0.9437    0.9925    1.04    1.085    1.129    1.172    1.213    1.252    1.29    1.327    1.362    1.395    1.428    
SR88    0    0.007044    0.03364    0.07116    0.1182    0.1732    0.2344    0.3004    0.37    0.4421    0.516    0.5909    0.6662    0.7413    0.816    0.8898    0.9624    1.034    1.103    1.171    1.237    1.301    1.363    1.423    1.481    1.537    1.591    1.643    1.693    1.741    1.787    1.831    1.874    
SR89    0    0.007049    0.02818    0.04825    0.06672    0.08293    0.09655    0.1076    0.1162    0.1228    0.1276    0.1308    0.1327    0.1336    0.1335    0.1327    0.1312    0.1291    0.1267    0.1239    0.1208    0.1175    0.1141    0.1106    0.107    0.1034    0.09975    0.09617    0.09263    0.08915    0.08576    0.08245    0.07924    
Y89    0    0.001618    0.01338    0.03951    0.07893    0.1303    0.1918    0.2618    0.3386    0.4205    0.5064    0.5949    0.6853    0.7766    0.8681    0.9593    1.05    1.139    1.227    1.312    1.396    1.478    1.557    1.634    1.708    1.78    1.85    1.917    1.981    2.043    2.103    2.16    2.216    
SR90    0    0.01093    0.05226    0.1102    0.1827    0.2672    0.3609    0.4618    0.5678    0.6774    0.7893    0.9024    1.016    1.129    1.24    1.35    1.457    1.563    1.665    1.764    1.86    1.952    2.042    2.128    2.21    2.289    2.364    2.437    2.506    2.571    2.634    2.694    2.75    
ZR90    0    1.047e-05    0.0001036    0.0003604    0.000833    0.001567    0.002598    0.003954    0.005658    0.007723    0.01016    0.01298    0.01618    0.01975    0.02371    0.02804    0.03274    0.03779    0.0432    0.04895    0.05502    0.06142    0.06812    0.07512    0.0824    0.08996    0.09777    0.1058    0.1141    0.1227    0.1314    0.1404    0.1496    
Y91    0    0.01107    0.04509    0.07929    0.1117    0.1408    0.1657    0.1862    0.2025    0.2152    0.2245    0.2311    0.2353    0.2374    0.2377    0.2367    0.2344    0.231    0.2269    0.2221    0.2168    0.2111    0.2051    0.1989    0.1925    0.1861    0.1796    0.1732    0.1669    0.1607    0.1546    0.1486    0.1429    
ZR91    0    0.002178    0.01838    0.05526    0.112    0.1871    0.2781    0.3826    0.498    0.622    0.7525    0.8876    1.026    1.166    1.307    1.447    1.587    1.724    1.86    1.992    2.122    2.248    2.371    2.49    2.606    2.717    2.825    2.929    3.029    3.125    3.217    3.306    3.392    
ZR92    0    0.01691    0.08047    0.1705    0.2836    0.4157    0.5629    0.7216    0.889    1.063    1.241    1.421    1.602    1.783    1.963    2.141    2.316    2.487    2.655    2.819    2.978    3.132    3.282    3.427    3.566    3.701    3.831    3.957    4.077    4.193    4.305    4.412    4.515    
ZR93    0    0.02241    0.1066    0.2261    0.3761    0.5513    0.7462    0.9564    1.178    1.407    1.642    1.879    2.118    2.356    2.591    2.824    3.052    3.276    3.494    3.707    3.913    4.112    4.305    4.491    4.67    4.842    5.008    5.167    5.319    5.466    5.605    5.739    5.867    
ZR94    0    0.02492    0.1183    0.2503    0.4161    0.6099    0.826    1.059    1.305    1.561    1.823    2.089    2.356    2.624    2.89    3.153    3.412    3.667    3.916    4.159    4.396    4.627    4.851    5.067    5.277    5.48    5.676    5.866    6.048    6.224    6.394    6.557    6.714    
ZR95    0    0.02589    0.1045    0.1863    0.2654    0.3376    0.4001    0.4523    0.4944    0.5274    0.5521    0.5698    0.5814    0.5877    0.5895    0.5875    0.5824    0.5747    0.5648    0.5532    0.5402    0.5261    0.5112    0.4958    0.48    0.464    0.4479    0.4319    0.416    0.4004    0.385    0.3701    0.3555    
NB95    0    0.003709    0.02527    0.06148    0.1028    0.1441    0.1824    0.2162    0.2447    0.268    0.2864    0.3004    0.3104    0.3171    0.3209    0.3221    0.3213    0.3187    0.3146    0.3093    0.3031    0.2961    0.2884    0.2804    0.272    0.2633    0.2546    0.2458    0.2371    0.2284    0.2198    0.2114    0.2033    
MO95    0    0.0009283    0.01343    0.05534    0.1357    0.2565    0.416    0.6102    0.834    1.082    1.349    1.63    1.922    2.22    2.522    2.824    3.125    3.423    3.715    4.002    4.281    4.552    4.814    5.067    5.31    5.544    5.768    5.982    6.186    6.381    6.566    6.742    6.908    
ZR96    0    0.03429    0.1595    0.3382    0.5634    0.8268    1.12    1.437    1.772    2.118    2.473    2.833    3.195    3.557    3.915    4.27    4.618    4.96    5.294    5.619    5.935    6.241    6.538    6.824    7.101    7.367    7.624    7.871    8.108    8.336    8.555    8.764    8.965    
MO96    0    9.84e-05    0.0004575    0.001163    0.002392    0.004348    0.007227    0.01121    0.01646    0.0231    0.03124    0.04094    0.05227    0.06526    0.07992    0.09625    0.1143    0.1339    0.1552    0.178    0.2024    0.2282    0.2555    0.2842    0.3142    0.3454    0.3779    0.4116    0.4463    0.4821    0.5189    0.5567    0.5953    
MO97    0    0.03601    0.1695    0.3613    0.6029    0.8855    1.201    1.541    1.899    2.271    2.652    3.038    3.425    3.812    4.196    4.575    4.948    5.313    5.67    6.017    6.355    6.681    6.998    7.303    7.598    7.882    8.155    8.417    8.669    8.911    9.142    9.365    9.578    
MO98    0    0.0414    0.1916    0.4065    0.6775    0.9944    1.348    1.729    2.131    2.548    2.976    3.408    3.844    4.278    4.709    5.134    5.553    5.963    6.363    6.752    7.131    7.498    7.853    8.196    8.526    8.845    9.151    9.445    9.728    9.999    10.26    10.51    10.75    
MO99    0    0.007968    0.01785    0.02306    0.02781    0.03174    0.0348    0.03709    0.03876    0.03992    0.04067    0.04106    0.04115    0.041    0.04064    0.0401    0.03942    0.03863    0.03774    0.03678    0.03577    0.03473    0.03366    0.03257    0.03148    0.0304    0.02932    0.02826    0.02722    0.02621    0.02522    0.02427    0.02334    
TC99    0    0.0441    0.2101    0.4544    0.7615    1.119    1.516    1.942    2.388    2.846    3.312    3.779    4.244    4.703    5.152    5.591    6.017    6.427    6.823    7.201    7.563    7.907    8.233    8.541    8.832    9.106    9.362    9.602    9.825    10.03    10.22    10.4    10.57    
MO100    0    0.04985    0.2309    0.4898    0.8163    1.198    1.624    2.084    2.569    3.073    3.588    4.111    4.636    5.161    5.682    6.196    6.703    7.199    7.683    8.155    8.614    9.059    9.49    9.906    10.31    10.7    11.07    11.43    11.77    12.1    12.42    12.72    13.02    
RU100    0    0.000186    0.001824    0.006274    0.01443    0.02703    0.04466    0.06775    0.09663    0.1315    0.1725    0.2196    0.2729    0.3322    0.3976    0.4687    0.5456    0.6279    0.7154    0.808    0.9055    1.007    1.114    1.224    1.339    1.457    1.578    1.702    1.83    1.96    2.093    2.228    2.365    
RU101    0    0.04938    0.2249    0.4777    0.7966    1.169    1.584    2.031    2.502    2.989    3.487    3.989    4.493    4.995    5.49    5.978    6.456    6.922    7.375    7.814    8.238    8.648    9.041    9.419    9.781    10.13    10.46    10.77    11.08    11.36    11.63    11.89    12.14    
RU102    0    0.05301    0.2408    0.5132    0.8588    1.265    1.719    2.211    2.732    3.275    3.833    4.4    4.973    5.546    6.118    6.685    7.246    7.797    8.338    8.868    9.385    9.889    10.38    10.86    11.32    11.77    12.2    12.62    13.03    13.42    13.8    14.17    14.53    
RU103    0    0.03993    0.147    0.2439    0.33    0.4034    0.4637    0.5116    0.5486    0.5762    0.5959    0.6088    0.6161    0.6185    0.6169    0.6119    0.6041    0.594    0.5821    0.5686    0.5541    0.5386    0.5226    0.5061    0.4894    0.4726    0.4559    0.4393    0.4229    0.4069    0.3912    0.3759    0.3611    
RH103    0    0.01181    0.09083    0.2556    0.4925    0.7879    1.128    1.5    1.893    2.296    2.702    3.105    3.499    3.88    4.245    4.591    4.916    5.22    5.501    5.759    5.993    6.205    6.393    6.56    6.704    6.828    6.933    7.018    7.085    7.136    7.171    7.19    7.196    
RU104    0    0.05852    0.2631    0.5611    0.9389    1.382    1.878    2.413    2.979    3.566    4.168    4.778    5.392    6.006    6.615    7.216    7.807    8.387    8.953    9.505    10.04    10.56    11.06    11.55    12.02    12.47    12.9    13.32    13.72    14.1    14.47    14.82    15.16    
PD104    0    0.00013    0.002079    0.009511    0.02594    0.05427    0.0968    0.1552    0.2306    0.3238    0.4349    0.564    0.7107    0.8746    1.055    1.251    1.462    1.687    1.924    2.173    2.433    2.703    2.982    3.268    3.56    3.859    4.162    4.469    4.78    5.092    5.406    5.722    6.037    
RH105    0    0.004302    0.009446    0.0123    0.01486    0.01696    0.0186    0.01983    0.02073    0.02135    0.02174    0.02194    0.02198    0.02188    0.02167    0.02137    0.02098    0.02054    0.02005    0.01952    0.01895    0.01837    0.01778    0.01718    0.01658    0.01598    0.01538    0.0148    0.01422    0.01366    0.01312    0.01259    0.01208    
PD105    0    0.04657    0.2143    0.4608    0.7729    1.138    1.546    1.985    2.448    2.927    3.416    3.911    4.407    4.9    5.387    5.866    6.336    6.793    7.238    7.669    8.086    8.487    8.873    9.243    9.597    9.936    10.26    10.57    10.86    11.14    11.41    11.66    11.9    
RU106    0    0.05133    0.2191    0.4528    0.7343    1.047    1.376    1.71    2.04    2.359    2.662    2.946    3.207    3.444    3.656    3.843    4.004    4.141    4.254    4.345    4.414    4.463    4.493    4.505    4.502    4.484    4.453    4.411    4.358    4.296    4.226    4.149    4.066    
PD106    0    0.0046    0.02797    0.07661    0.1553    0.2672    0.4141    0.5965    0.814    1.066    1.35    1.664    2.007    2.375    2.767    3.179    3.609    4.055    4.514    4.984    5.462    5.947    6.437    6.929    7.422    7.915    8.406    8.895    9.379    9.858    10.33    10.8    11.26    
PD107    0    0.04643    0.2016    0.4313    0.7237    1.067    1.45    1.864    2.301    2.754    3.217    3.685    4.155    4.623    5.086    5.542    5.989    6.425    6.849    7.26    7.657    8.041    8.41    8.764    9.104    9.428    9.739    10.03    10.32    10.59    10.84    11.08    11.31    
PD108    0    0.03513    0.1516    0.3244    0.5443    0.8023    1.09    1.401    1.728    2.067    2.413    2.762    3.112    3.46    3.804    4.142    4.472    4.793    5.105    5.406    5.697    5.977    6.245    6.501    6.746    6.98    7.202    7.412    7.612    7.801    7.98    8.149    8.308    
AG109    0    0.02033    0.08807    0.1866    0.3094    0.4506    0.6048    0.7675    0.9349    1.104    1.273    1.438    1.599    1.755    1.904    2.046    2.18    2.305    2.422    2.531    2.631    2.723    2.807    2.883    2.951    3.012    3.065    3.113    3.153    3.188    3.217    3.241    3.26    
PD110    0    0.01097    0.04716    0.1012    0.1702    0.2515    0.3426    0.4412    0.5455    0.6539    0.7651    0.878    0.9916    1.105    1.218    1.329    1.438    1.546    1.65    1.752    1.851    1.947    2.04    2.13    2.216    2.299    2.379    2.456    2.529    2.6    2.667    2.732    2.794    
AG110M    0    1.59e-05    0.0001365    0.00044    0.0009643    0.001728    0.002734    0.003974    0.005429    0.007077    0.008892    0.01085    0.01291    0.01506    0.01726    0.0195    0.02174    0.02398    0.02619    0.02835    0.03045    0.03248    0.03444    0.0363    0.03808    0.03975    0.04133    0.0428    0.04416    0.04543    0.04659    0.04765    0.04861    
CD110    0    0.0003543    0.00316    0.01059    0.02414    0.04499    0.07399    0.1117    0.1586    0.2148    0.2802    0.3549    0.4386    0.531    0.6318    0.7405    0.8568    0.9802    1.11    1.246    1.388    1.535    1.686    1.842    2.001    2.164    2.33    2.498    2.668    2.84    3.014    3.188    3.364    
AG111    0    0.001944    0.00459    0.006418    0.007969    0.009237    0.01024    0.01102    0.0116    0.01202    0.0123    0.01246    0.01253    0.01251    0.01242    0.01227    0.01208    0.01184    0.01158    0.01129    0.01098    0.01066    0.01033    0.009992    0.009653    0.009314    0.008977    0.008644    0.008316    0.007995    0.007682    0.007378    0.007082    
CD111    0    0.003619    0.01916    0.04456    0.07779    0.1175    0.1623    0.2112    0.2631    0.3173    0.3731    0.4299    0.4873    0.5447    0.602    0.6587    0.7148    0.7699    0.8241    0.877    0.9288    0.9793    1.029    1.076    1.123    1.168    1.212    1.255    1.296    1.336    1.376    1.414    1.45    
CD112    0    0.002521    0.0109    0.02365    0.04006    0.0595    0.08142    0.1053    0.1307    0.1573    0.1848    0.2128    0.2413    0.2699    0.2985    0.327    0.3553    0.3833    0.4108    0.4379    0.4645    0.4906    0.5161    0.541    0.5653    0.5889    0.612    0.6345    0.6564    0.6777    0.6984    0.7186    0.7382    
CD114    0    0.001956    0.00971    0.02218    0.03847    0.05789    0.07981    0.1037    0.1291    0.1555    0.1827    0.2104    0.2383    0.2661    0.2939    0.3213    0.3483    0.3747    0.4006    0.4257    0.4502    0.474    0.4969    0.5191    0.5405    0.5611    0.5809    0.5999    0.6181    0.6356    0.6524    0.6684    0.6837    
IN115    0    0.000542    0.002319    0.004764    0.007593    0.01059    0.0136    0.01649    0.01918    0.02163    0.02381    0.0257    0.0273    0.02863    0.02969    0.03051    0.0311    0.03149    0.0317    0.03174    0.03163    0.0314    0.03107    0.03064    0.03013    0.02957    0.02895    0.02829    0.0276    0.02689    0.02617    0.02543    0.0247    
CD116    0    0.0004488    0.001999    0.004267    0.007148    0.01053    0.01431    0.0184    0.02272    0.0272    0.0318    0.03647    0.04116    0.04585    0.05051    0.0551    0.05963    0.06406    0.06839    0.07261    0.07671    0.08068    0.08452    0.08824    0.09182    0.09527    0.09859    0.1018    0.1048    0.1078    0.1106    0.1133    0.1159    
SN116    0    3.668e-05    0.0003315    0.001087    0.002409    0.004353    0.006935    0.01014    0.01394    0.01828    0.0231    0.02835    0.03397    0.03989    0.04606    0.05242    0.05893    0.06553    0.07219    0.07887    0.08553    0.09216    0.09871    0.1052    0.1116    0.1178    0.1239    0.1299    0.1357    0.1414    0.1469    0.1523    0.1575    
SN117    0    0.0003535    0.00162    0.003449    0.005759    0.008466    0.01149    0.01475    0.0182    0.02178    0.02545    0.02917    0.03292    0.03666    0.04038    0.04405    0.04767    0.05123    0.0547    0.05809    0.06139    0.06459    0.0677    0.0707    0.07361    0.07641    0.07912    0.08173    0.08424    0.08666    0.08898    0.09122    0.09337    
SN118    0    0.0003922    0.001774    0.003779    0.006318    0.009297    0.01262    0.01622    0.02002    0.02397    0.02802    0.03212    0.03626    0.04038    0.04449    0.04854    0.05253    0.05644    0.06027    0.064    0.06763    0.07115    0.07456    0.07786    0.08104    0.08411    0.08707    0.08992    0.09266    0.09529    0.09782    0.1002    0.1026    
SN119    0    0.0003895    0.001767    0.003764    0.006295    0.009266    0.01259    0.01618    0.01998    0.02392    0.02797    0.03208    0.03622    0.04036    0.04448    0.04855    0.05255    0.05648    0.06033    0.06408    0.06773    0.07128    0.07471    0.07803    0.08125    0.08434    0.08733    0.0902    0.09297    0.09563    0.09819    0.1006    0.103    
SN120    0    0.0003809    0.001736    0.003693    0.006167    0.009066    0.0123    0.0158    0.01949    0.02333    0.02725    0.03124    0.03525    0.03925    0.04322    0.04715    0.05102    0.05481    0.05851    0.06212    0.06562    0.06903    0.07232    0.07551    0.07858    0.08154    0.0844    0.08714    0.08978    0.09231    0.09475    0.09708    0.09932    
SB121    0    0.0003537    0.001652    0.003527    0.005882    0.008629    0.01168    0.01495    0.01839    0.02194    0.02555    0.02918    0.03281    0.03641    0.03995    0.04342    0.0468    0.05008    0.05325    0.0563    0.05924    0.06205    0.06474    0.0673    0.06973    0.07204    0.07423    0.07629    0.07824    0.08007    0.08179    0.0834    0.08491    
SN122    0    0.0003506    0.001637    0.00347    0.005778    0.008477    0.01149    0.01473    0.01816    0.02172    0.02536    0.02905    0.03277    0.03648    0.04016    0.0438    0.04738    0.0509    0.05433    0.05768    0.06093    0.06409    0.06715    0.07011    0.07296    0.07572    0.07838    0.08093    0.08339    0.08575    0.08803    0.09021    0.0923    
SB123    0    0.0003099    0.001479    0.003182    0.005361    0.007945    0.01086    0.01403    0.01741    0.02093    0.02456    0.02825    0.03198    0.0357    0.0394    0.04305    0.04665    0.05016    0.05359    0.05692    0.06014    0.06326    0.06626    0.06914    0.07191    0.07455    0.07708    0.0795    0.08179    0.08398    0.08606    0.08803    0.0899    
SN124    0    0.0004227    0.00204    0.004303    0.007134    0.01043    0.0141    0.01806    0.02222    0.02654    0.03095    0.03543    0.03992    0.0444    0.04885    0.05324    0.05756    0.06179    0.06593    0.06995    0.07387    0.07766    0.08133    0.08488    0.08831    0.09161    0.09479    0.09785    0.1008    0.1036    0.1063    0.1089    0.1114    
SB125    0    0.0005066    0.002748    0.005829    0.009541    0.01375    0.01831    0.0231    0.02799    0.03292    0.03781    0.0426    0.04726    0.05175    0.05604    0.06012    0.06396    0.06756    0.07091    0.07401    0.07685    0.07945    0.08181    0.08393    0.08581    0.08748    0.08894    0.09019    0.09125    0.09213    0.09283    0.09338    0.09378    
SN126    0    0.001014    0.005211    0.0109    0.01794    0.02611    0.03517    0.0449    0.05513    0.06572    0.07654    0.0875    0.09851    0.1095    0.1204    0.1312    0.1418    0.1522    0.1623    0.1722    0.1819    0.1913    0.2003    0.2091    0.2176    0.2259    0.2338    0.2414    0.2488    0.2559    0.2627    0.2693    0.2757    
TE127M    0    0.0003115    0.001509    0.00292    0.00438    0.005808    0.007137    0.008325    0.009351    0.01021    0.01092    0.01147    0.01189    0.01219    0.01238    0.01247    0.01249    0.01243    0.01231    0.01215    0.01194    0.0117    0.01143    0.01114    0.01084    0.01052    0.0102    0.009877    0.00955    0.009225    0.008903    0.008587    0.008277    
I127    0    0.00213    0.01153    0.02539    0.04283    0.06332    0.08628    0.1111    0.1374    0.1646    0.1925    0.2208    0.2491    0.2773    0.3052    0.3326    0.3595    0.3857    0.4111    0.4357    0.4595    0.4824    0.5043    0.5253    0.5454    0.5645    0.5828    0.6001    0.6165    0.6321    0.6468    0.6607    0.6739    
TE128    0    0.004347    0.02225    0.04658    0.07675    0.1118    0.1506    0.1923    0.2363    0.2817    0.3282    0.3752    0.4225    0.4697    0.5165    0.5628    0.6084    0.653    0.6967    0.7394    0.7808    0.8211    0.8602    0.898    0.9346    0.97    1.004    1.037    1.069    1.099    1.129    1.157    1.184    
TE129M    0    0.000869    0.003453    0.005431    0.007104    0.008507    0.009641    0.01052    0.01119    0.01168    0.01201    0.01222    0.01233    0.01235    0.01229    0.01217    0.012    0.01179    0.01155    0.01128    0.01098    0.01068    0.01036    0.01004    0.009712    0.009386    0.009062    0.008741    0.008427    0.008119    0.007819    0.007528    0.007247    
I129    0    0.008027    0.0408    0.08752    0.1463    0.215    0.2915    0.3739    0.4604    0.5499    0.6412    0.7334    0.8257    0.9173    1.008    1.097    1.184    1.269    1.351    1.431    1.508    1.582    1.654    1.722    1.787    1.85    1.91    1.966    2.02    2.072    2.121    2.167    2.211    
TE130    0    0.01843    0.08825    0.1864    0.3094    0.4529    0.6127    0.785    0.9665    1.155    1.347    1.543    1.739    1.935    2.13    2.322    2.511    2.696    2.878    3.054    3.226    3.393    3.554    3.71    3.861    4.007    4.147    4.282    4.412    4.537    4.657    4.773    4.883    
XE130    0    1.426e-05    0.0001707    0.0005421    0.001202    0.00221    0.003615    0.005453    0.007751    0.01053    0.0138    0.01756    0.02183    0.0266    0.03186    0.0376    0.04383    0.05051    0.05765    0.06523    0.07323    0.08164    0.09043    0.0996    0.1091    0.119    0.1292    0.1397    0.1505    0.1616    0.173    0.1846    0.1964    
I131    0    0.01243    0.03328    0.04451    0.05453    0.06281    0.06931    0.07421    0.0778    0.08032    0.08195    0.08283    0.08308    0.0828    0.08207    0.08097    0.07957    0.07792    0.07608    0.07409    0.07199    0.0698    0.06756    0.0653    0.06302    0.06075    0.0585    0.05629    0.05412    0.052    0.04994    0.04794    0.046    
XE131    0    0.02091    0.1211    0.2788    0.4767    0.7057    0.957    1.223    1.497    1.773    2.048    2.317    2.579    2.831    3.071    3.298    3.511    3.709    3.892    4.06    4.213    4.351    4.474    4.583    4.678    4.76    4.829    4.886    4.932    4.966    4.991    5.005    5.011    
TE132    0    0.009669    0.02203    0.02827    0.03402    0.03876    0.04244    0.04517    0.04713    0.04848    0.04932    0.04973    0.04978    0.04953    0.04902    0.04831    0.04742    0.0464    0.04526    0.04404    0.04276    0.04144    0.04008    0.03872    0.03735    0.03598    0.03464    0.03331    0.03201    0.03074    0.02951    0.02831    0.02716    
XE132    0    0.04552    0.2237    0.4911    0.8339    1.242    1.705    2.213    2.757    3.331    3.929    4.545    5.175    5.814    6.459    7.107    7.756    8.402    9.045    9.682    10.31    10.93    11.55    12.15    12.74    13.32    13.89    14.45    14.99    15.53    16.05    16.55    17.05    
I133    0    0.003703    0.008334    0.01074    0.01293    0.01474    0.01614    0.01719    0.01794    0.01846    0.01878    0.01894    0.01896    0.01887    0.01867    0.0184    0.01806    0.01767    0.01724    0.01677    0.01629    0.01578    0.01526    0.01474    0.01422    0.0137    0.01318    0.01267    0.01218    0.01169    0.01122    0.01076    0.01032    
XE133    0    0.01843    0.0457    0.06052    0.0738    0.08476    0.09333    0.09978    0.1045    0.1078    0.1099    0.1111    0.1113    0.1109    0.1099    0.1084    0.1065    0.1043    0.1018    0.0991    0.09627    0.09333    0.09032    0.08727    0.08421    0.08116    0.07815    0.07517    0.07226    0.06941    0.06664    0.06395    0.06135    
CS133    0    0.05072    0.2754    0.6232    1.064    1.579    2.152    2.767    3.41    4.071    4.74    5.41    6.074    6.727    7.366    7.985    8.584    9.159    9.708    10.23    10.73    11.2    11.64    12.05    12.44    12.8    13.13    13.44    13.72    13.98    14.22    14.43    14.62    
XE134    0    0.08756    0.396    0.8439    1.411    2.077    2.82    3.623    4.471    5.352    6.254    7.17    8.091    9.011    9.924    10.83    11.71    12.58    13.43    14.26    15.07    15.85    16.6    17.33    18.04    18.72    19.37    20    20.6    21.18    21.74    22.27    22.78    
CS134    0    0.000231    0.002626    0.009525    0.02225    0.04173    0.06855    0.103    0.1451    0.1948    0.2517    0.3153    0.3853    0.4609    0.5418    0.6272    0.7165    0.8091    0.9043    1.002    1.101    1.201    1.301    1.401    1.501    1.601    1.699    1.795    1.89    1.983    2.073    2.161    2.246    
BA134    0    2.274e-06    5.451e-05    0.0003142    0.001021    0.002464    0.004969    0.008879    0.01455    0.02232    0.03253    0.0455    0.06153    0.0809    0.1038    0.1306    0.1613    0.1962    0.2353    0.2788    0.3268    0.3793    0.4364    0.498    0.5641    0.6348    0.7098    0.7893    0.8731    0.9611    1.053    1.149    1.249    
CS135    0    0.02312    0.1067    0.2272    0.3792    0.5572    0.756    0.9708    1.198    1.434    1.676    1.923    2.172    2.421    2.67    2.917    3.161    3.403    3.64    3.873    4.102    4.325    4.544    4.758    4.966    5.17    5.368    5.562    5.751    5.934    6.114    6.288    6.459    
XE136    0    0.1355    0.6174    1.315    2.198    3.232    4.388    5.636    6.954    8.323    9.725    11.15    12.58    14.01    15.43    16.83    18.21    19.56    20.88    22.17    23.42    24.64    25.81    26.95    28.04    29.1    30.12    31.1    32.04    32.94    33.81    34.64    35.44    
BA136    0    0.0001044    0.001064    0.002809    0.005172    0.008236    0.01204    0.01661    0.02194    0.02804    0.03492    0.04258    0.05101    0.06021    0.07017    0.08088    0.09232    0.1045    0.1174    0.1309    0.1452    0.1601    0.1756    0.1918    0.2086    0.226    0.244    0.2626    0.2817    0.3013    0.3215    0.3422    0.3634    
CS137    0    0.07187    0.3281    0.6967    1.162    1.705    2.311    2.963    3.651    4.362    5.09    5.825    6.563    7.297    8.023    8.739    9.44    10.12    10.79    11.44    12.06    12.67    13.25    13.8    14.34    14.85    15.34    15.81    16.26    16.69    17.09    17.48    17.84    
BA137    0    7.626e-05    0.0006978    0.00232    0.005269    0.00982    0.01619    0.02456    0.03504    0.04774    0.06271    0.07998    0.09958    0.1215    0.1457    0.1722    0.2009    0.2318    0.2648    0.2998    0.3369    0.3759    0.4167    0.4593    0.5036    0.5496    0.5971    0.6461    0.6965    0.7483    0.8013    0.8556    0.9111    
BA138    0    0.07113    0.3214    0.6847    1.145    1.684    2.287    2.938    3.626    4.341    5.073    5.815    6.562    7.309    8.05    8.782    9.502    10.21    10.9    11.57    12.22    12.86    13.47    14.06    14.64    15.19    15.72    16.23    16.72    17.19    17.64    18.08    18.49    
LA139    0    0.06906    0.3123    0.665    1.111    1.635    2.219    2.849    3.515    4.205    4.912    5.629    6.349    7.067    7.78    8.483    9.174    9.85    10.51    11.15    11.78    12.38    12.96    13.52    14.07    14.59    15.09    15.57    16.03    16.47    16.89    17.29    17.68    
BA140    0    0.03236    0.09149    0.1288    0.1606    0.1868    0.2075    0.2233    0.2351    0.2435    0.249    0.2522    0.2533    0.2528    0.2508    0.2476    0.2434    0.2385    0.2329    0.2269    0.2205    0.2138    0.2069    0.1999    0.1929    0.1859    0.1789    0.1721    0.1653    0.1587    0.1523    0.1461    0.1401    
LA140    0    0.00425    0.01207    0.01706    0.0213    0.0248    0.02758    0.02972    0.03132    0.03247    0.03325    0.03371    0.0339    0.03387    0.03364    0.03326    0.03275    0.03213    0.03143    0.03067    0.02985    0.029    0.02812    0.02722    0.02632    0.02542    0.02453    0.02364    0.02278    0.02193    0.0211    0.0203    0.01952    
CE140    0    0.03251    0.2071    0.5135    0.9185    1.406    1.96    2.566    3.212    3.888    4.584    5.294    6.011    6.729    7.445    8.155    8.855    9.543    10.22    10.88    11.52    12.14    12.75    13.33    13.9    14.45    14.98    15.49    15.98    16.46    16.91    17.35    17.77    
CE141    0    0.0402    0.1431    0.23    0.305    0.3679    0.4189    0.4589    0.4894    0.5119    0.5276    0.5376    0.5428    0.5439    0.5416    0.5364    0.5289    0.5194    0.5084    0.4962    0.483    0.4691    0.4548    0.4401    0.4252    0.4103    0.3954    0.3807    0.3663    0.3521    0.3382    0.3248    0.3117    
PR141    0    0.0147    0.1114    0.3103    0.5953    0.9533    1.371    1.837    2.339    2.868    3.417    3.978    4.546    5.117    5.686    6.249    6.805    7.35    7.883    8.403    8.909    9.398    9.872    10.33    10.77    11.19    11.6    11.99    12.37    12.72    13.07    13.39    13.7    
CE142    0    0.05431    0.2499    0.5313    0.8868    1.303    1.768    2.269    2.799    3.349    3.912    4.483    5.057    5.63    6.2    6.762    7.316    7.858    8.388    8.904    9.406    9.893    10.36    10.82    11.26    11.68    12.09    12.48    12.86    13.22    13.57    13.9    14.22    
ND142    0    7.355e-06    0.0001169    0.0005316    0.001444    0.003018    0.005389    0.008666    0.01293    0.01826    0.02468    0.03224    0.04095    0.05081    0.06184    0.074    0.08731    0.1017    0.1172    0.1338    0.1514    0.1699    0.1895    0.2099    0.2313    0.2535    0.2765    0.3003    0.3249    0.3501    0.3761    0.4027    0.4299    
CE143    0    0.004211    0.009456    0.01219    0.01469    0.01675    0.01835    0.01954    0.0204    0.02099    0.02136    0.02154    0.02157    0.02146    0.02125    0.02094    0.02056    0.02012    0.01963    0.0191    0.01855    0.01797    0.01739    0.0168    0.0162    0.01561    0.01503    0.01445    0.01389    0.01334    0.0128    0.01228    0.01178    
PR143    0    0.02516    0.07324    0.1037    0.1294    0.1506    0.1675    0.1803    0.1899    0.1967    0.2013    0.2039    0.2048    0.2044    0.2029    0.2003    0.197    0.1931    0.1886    0.1838    0.1786    0.1733    0.1678    0.1622    0.1565    0.1509    0.1453    0.1398    0.1344    0.1291    0.124    0.119    0.1141    
ND143    0    0.02376    0.154    0.38    0.6733    1.02    1.407    1.822    2.256    2.699    3.146    3.59    4.027    4.453    4.865    5.261    5.639    5.997    6.335    6.652    6.947    7.221    7.473    7.704    7.914    8.104    8.275    8.426    8.559    8.675    8.774    8.857    8.925    
CE144    0    0.04608    0.2007    0.4087    0.654    0.9213    1.198    1.473    1.74    1.993    2.228    2.442    2.635    2.805    2.952    3.076    3.179    3.261    3.323    3.367    3.393    3.405    3.402    3.386    3.359    3.322    3.277    3.223    3.164    3.098    3.028    2.955    2.878    
ND144    0    0.0021    0.01917    0.06416    0.1445    0.2652    0.4295    0.6385    0.8924    1.19    1.529    1.908    2.324    2.773    3.252    3.759    4.29    4.842    5.412    5.997    6.594    7.201    7.815    8.435    9.057    9.68    10.3    10.92    11.54    12.15    12.76    13.36    13.95    
ND145    0    0.03655    0.1664    0.3531    0.5876    0.8605    1.163    1.487    1.827    2.176    2.531    2.888    3.242    3.593    3.937    4.273    4.599    4.914    5.218    5.509    5.787    6.053    6.305    6.544    6.77    6.983    7.184    7.372    7.547    7.711    7.864    8.005    8.136    
ND146    0    0.03214    0.1462    0.3128    0.5255    0.7767    1.06    1.368    1.697    2.041    2.397    2.762    3.134    3.508    3.885    4.261    4.635    5.007    5.375    5.739    6.097    6.449    6.795    7.135    7.468    7.794    8.113    8.425    8.731    9.029    9.32    9.605    9.883    
ND147    0    0.01217    0.03312    0.04607    0.05719    0.06636    0.0736    0.07913    0.08324    0.08618    0.08812    0.08922    0.08962    0.08942    0.08873    0.08762    0.08617    0.08445    0.0825    0.08039    0.07814    0.07581    0.07341    0.07097    0.06852    0.06607    0.06364    0.06125    0.0589    0.0566    0.05436    0.05219    0.05009    
PM147    0    0.01395    0.08003    0.1823    0.3045    0.4377    0.5747    0.7096    0.8385    0.9584    1.068    1.165    1.25    1.323    1.383    1.433    1.471    1.498    1.517    1.527    1.529    1.524    1.513    1.496    1.475    1.45    1.422    1.391    1.358    1.323    1.286    1.249    1.211    
SM147    0    0.000134    0.001648    0.006199    0.01463    0.02736    0.04451    0.06596    0.09142    0.1205    0.1527    0.1876    0.2246    0.2632    0.303    0.3434    0.3841    0.4247    0.4648    0.504    0.5423    0.5792    0.6147    0.6486    0.6807    0.711    0.7393    0.7657    0.7901    0.8124    0.8328    0.8513    0.8678    
ND148    0    0.02327    0.1048    0.2236    0.374    0.5503    0.7471    0.9598    1.184    1.417    1.656    1.897    2.14    2.382    2.623    2.86    3.093    3.321    3.544    3.76    3.97    4.173    4.37    4.559    4.742    4.917    5.085    5.247    5.402    5.55    5.692    5.827    5.957    
PM148    0    0.0001552    0.0008942    0.002048    0.003431    0.004942    0.006496    0.008029    0.009494    0.01086    0.0121    0.01321    0.01418    0.01501    0.0157    0.01626    0.01669    0.01701    0.01722    0.01734    0.01736    0.01731    0.01718    0.017    0.01676    0.01648    0.01616    0.01581    0.01543    0.01503    0.01462    0.01419    0.01376    
PM148M    0    8.104e-05    0.0006477    0.001699    0.003015    0.004484    0.006017    0.007546    0.009018    0.0104    0.01166    0.0128    0.0138    0.01466    0.01538    0.01597    0.01643    0.01678    0.01702    0.01716    0.0172    0.01717    0.01707    0.0169    0.01668    0.01641    0.0161    0.01576    0.01539    0.01501    0.0146    0.01418    0.01376    
SM148    0    0.0002488    0.003334    0.01327    0.03245    0.06233    0.1037    0.1567    0.2213    0.2969    0.3829    0.4783    0.5823    0.6939    0.8122    0.9362    1.065    1.198    1.333    1.471    1.611    1.752    1.892    2.033    2.173    2.313    2.45    2.586    2.72    2.852    2.981    3.108    3.232    
PM149    0    0.002326    0.005234    0.007042    0.008759    0.01027    0.01155    0.01261    0.01348    0.01417    0.01472    0.01513    0.01541    0.01559    0.01568    0.01567    0.0156    0.01546    0.01527    0.01503    0.01475    0.01444    0.01411    0.01375    0.01338    0.013    0.01261    0.01222    0.01183    0.01143    0.01105    0.01066    0.01029    
SM149    0    0.004545    0.01134    0.01572    0.01982    0.02344    0.02652    0.02909    0.0312    0.03291    0.03426    0.03529    0.03603    0.03652    0.03677    0.03683    0.03671    0.03644    0.03604    0.03553    0.03493    0.03425    0.03351    0.03272    0.03189    0.03104    0.03017    0.02929    0.0284    0.02752    0.02664    0.02578    0.02493    
ND150    0    0.01444    0.06462    0.1378    0.2305    0.3392    0.4607    0.5919    0.7305    0.8743    1.022    1.171    1.321    1.471    1.619    1.766    1.91    2.051    2.189    2.323    2.453    2.579    2.701    2.818    2.931    3.04    3.145    3.245    3.341    3.434    3.522    3.606    3.687    
SM150    0    0.01195    0.06791    0.1604    0.2829    0.4318    0.6031    0.7929    0.9975    1.214    1.438    1.668    1.902    2.137    2.371    2.602    2.83    3.053    3.27    3.479    3.682    3.876    4.061    4.238    4.405    4.563    4.712    4.852    4.982    5.104    5.217    5.321    5.416    
SM151    0    0.008725    0.0333    0.05939    0.08475    0.1082    0.1293    0.1478    0.164    0.1779    0.19    0.2004    0.2093    0.2169    0.2234    0.2289    0.2335    0.2374    0.2406    0.2431    0.2452    0.2467    0.2479    0.2487    0.2491    0.2493    0.2492    0.2489    0.2484    0.2477    0.2468    0.2458    0.2447    
SM152    0    0.01052    0.05257    0.1208    0.2104    0.3163    0.4335    0.5574    0.6842    0.8111    0.9355    1.056    1.171    1.279    1.38    1.474    1.56    1.638    1.708    1.771    1.827    1.876    1.918    1.955    1.985    2.01    2.03    2.045    2.056    2.064    2.067    2.068    2.066    
SM153    0    0.0008212    0.001939    0.002866    0.003863    0.004877    0.00588    0.006852    0.007784    0.008667    0.009495    0.01026    0.01097    0.01161    0.01219    0.01271    0.01317    0.01356    0.01391    0.0142    0.01444    0.01463    0.01479    0.0149    0.01498    0.01502    0.01504    0.01503    0.01499    0.01494    0.01486    0.01477    0.01467    
EU153    0    0.006324    0.02982    0.06762    0.1194    0.1845    0.262    0.3507    0.449    0.5557    0.6691    0.7877    0.9102    1.035    1.161    1.287    1.412    1.535    1.655    1.772    1.884    1.992    2.095    2.192    2.284    2.369    2.449    2.523    2.592    2.654    2.71    2.761    2.807    
SM154    0    0.004778    0.02115    0.04519    0.07576    0.1117    0.1518    0.1953    0.2412    0.2889    0.3379    0.3875    0.4374    0.4873    0.5368    0.5856    0.6337    0.6808    0.7267    0.7714    0.8149    0.8569    0.8975    0.9367    0.9745    1.011    1.046    1.079    1.111    1.142    1.171    1.199    1.226    
EU154    0    0.0001503    0.001396    0.004743    0.01091    0.02048    0.03391    0.0515    0.07342    0.09969    0.1302    0.1649    0.2034    0.2454    0.2906    0.3385    0.3887    0.4408    0.4942    0.5487    0.6037    0.6589    0.7139    0.7683    0.8218    0.8741    0.925    0.9742    1.022    1.067    1.11    1.151    1.19    
EU155    0    0.002638    0.01056    0.02029    0.03102    0.04222    0.05363    0.06519    0.07694    0.089    0.1015    0.1146    0.1283    0.1427    0.1579    0.1738    0.1904    0.2077    0.2256    0.2439    0.2627    0.2817    0.3009    0.3202    0.3394    0.3584    0.3772    0.3955    0.4135    0.4308    0.4476    0.4637    0.4791    
EU156    0    0.001353    0.004334    0.007137    0.009899    0.01254    0.01501    0.01732    0.0195    0.02159    0.02362    0.02564    0.02766    0.02972    0.03183    0.034    0.03624    0.03855    0.04092    0.04336    0.04584    0.04836    0.0509    0.05345    0.056    0.05854    0.06104    0.06349    0.06589    0.06822    0.07047    0.07263    0.0747    
GD156    0    0.0011    0.007632    0.02089    0.04064    0.06667    0.09861    0.1361    0.1786    0.2261    0.2782    0.3349    0.3962    0.4621    0.5327    0.608    0.6884    0.7738    0.8646    0.9606    1.062    1.169    1.282    1.401    1.525    1.654    1.79    1.93    2.076    2.227    2.383    2.543    2.708    
GD158    0    0.002698    0.01225    0.02688    0.04575    0.06818    0.09353    0.1212    0.1508    0.1818    0.2139    0.2469    0.2806    0.3146    0.349    0.3835    0.418    0.4526    0.4872    0.5217    0.5561    0.5905    0.6247    0.659    0.6932    0.7275    0.7617    0.7961    0.8306    0.8652    0.9001    0.9352    0.9705    
TB159    0    0.0006561    0.002827    0.006084    0.01023    0.0151    0.02053    0.02638    0.03254    0.03891    0.0454    0.05196    0.05851    0.06501    0.07142    0.07772    0.08387    0.08985    0.09565    0.1013    0.1067    0.1119    0.1169    0.1217    0.1262    0.1306    0.1348    0.1388    0.1427    0.1463    0.1498    0.1532    0.1563    
GD160    0    0.0002887    0.001244    0.002668    0.004486    0.006626    0.009022    0.01162    0.01436    0.01721    0.02013    0.0231    0.02608    0.02906    0.03201    0.03493    0.0378    0.04062    0.04336    0.04603    0.04863    0.05114    0.05357    0.05591    0.05817    0.06034    0.06242    0.06443    0.06634    0.06818    0.06994    0.07162    0.07323    
