TIME    3   50   100   150   200   250   300   350   400   450   500   550   600   650   700   750   800   850   900   950   1000   1050   1100   1150   1200   1250   1300   1350   1400   1450   1500   1550   1600   
NEUT_PROD    3.6   3.62   3.66   3.76   3.9   4.12   4.4   4.76   5.19   5.7   6.27   6.91   7.61   8.37   9.19   10   10.9   11.9   12.9   13.9   14.9   15.9   17   18   19.1   20.2   21.3   22.3   23.4   24.5   25.5   26.5   27.5   
NEUT_DEST    46.7   48   49.5   50.5   51.5   52.4   53.3   54.2   54.9   55.7   56.4   57   57.6   58.2   58.7   59.2   59.7   60.1   60.6   61   61.3   61.7   62   62.3   62.5   62.8   63   63.2   63.4   63.6   63.7   63.8   63.9   
BUd    1.12e-15    0.546    0.589    0.595    0.609    0.631    0.664    0.706    0.759    0.822    0.895    0.977    1.07    1.17    1.28    1.39    1.51    1.64    1.78    1.91    2.05    2.2    2.34    2.49    2.64    2.79    2.94    3.09    3.24    3.39    3.54    3.69    3.83    
HE4    2.432e-07    2.101e-05    0.0001445    0.000465    0.001067    0.002027    0.003411    0.005277    0.007678    0.01066    0.01425    0.0185    0.02343    0.02905    0.03539    0.04246    0.05027    0.05882    0.06813    0.07818    0.08899    0.1005    0.1128    0.1258    0.1395    0.154    0.1691    0.1849    0.2013    0.2184    0.2361    0.2545    0.2734    
PU240    4.874e-20    0.0009016    0.007497    0.02501    0.05779    0.1094    0.1827    0.2799    0.4027    0.5522    0.7292    0.9341    1.167    1.427    1.715    2.029    2.368    2.732    3.118    3.527    3.956    4.404    4.87    5.352    5.848    6.357    6.878    7.408    7.947    8.492    9.043    9.598    10.16    
PU241    4.444e-18    0.001967    0.003963    0.006324    0.009723    0.01497    0.02296    0.03463    0.0509    0.07267    0.1008    0.1361    0.1793    0.2309    0.2916    0.3617    0.4416    0.5316    0.6318    0.7423    0.863    0.9941    1.135    1.286    1.447    1.616    1.795    1.982    2.177    2.38    2.589    2.805    3.027    
PU242    1000    977.4    953.9    930.9    908.5    886.7    865.4    844.6    824.3    804.4    785.1    766.2    747.8    729.8    712.3    695.2    678.5    662.2    646.3    630.7    615.6    600.8    586.4    572.3    558.6    545.2    532.2    519.4    507    494.9    483    471.5    460.3    
PU243    4.74e-15    0.139    0.1356    0.1324    0.1292    0.1261    0.123    0.1201    0.1172    0.1144    0.1116    0.1089    0.1063    0.1038    0.1013    0.09884    0.09646    0.09414    0.09188    0.08968    0.08752    0.08542    0.08337    0.08137    0.07942    0.07752    0.07566    0.07385    0.07208    0.07036    0.06868    0.06704    0.06544    
PU244    0    0.002151    0.004838    0.007888    0.01127    0.01495    0.01891    0.02311    0.02753    0.03215    0.03695    0.0419    0.04699    0.0522    0.05751    0.06291    0.06839    0.07392    0.0795    0.08512    0.09076    0.09642    0.1021    0.1077    0.1134    0.119    0.1246    0.1302    0.1358    0.1413    0.1467    0.1521    0.1575    
AM243    4.773e-14    21.48    42.76    62.38    80.43    97.02    112.2    126.1    138.8    150.4    160.9    170.4    178.9    186.6    193.5    199.6    205    209.7    213.8    217.3    220.2    222.7    224.7    226.3    227.4    228.2    228.6    228.7    228.5    228.1    227.3    226.4    225.2    
CM244    0    0.5466    2.258    5.016    8.708    13.23    18.49    24.38    30.84    37.79    45.14    52.85    60.84    69.06    77.47    86.01    94.64    103.3    112    120.7    129.3    137.9    146.4    154.7    162.9    171    178.9    186.6    194.1    201.4    208.5    215.3    222    
CM245    0    0.003141    0.02583    0.08395    0.1887    0.3477    0.5653    0.8437    1.183    1.583    2.04    2.551    3.114    3.724    4.376    5.067    5.792    6.546    7.326    8.126    8.943    9.773    10.61    11.46    12.31    13.16    14    14.84    15.67    16.49    17.3    18.1    18.88    
CM246    0    1.966e-05    0.0003377    0.001685    0.005144    0.01203    0.02382    0.04206    0.06832    0.1041    0.151    0.2104    0.2836    0.3719    0.4763    0.5978    0.7373    0.8955    1.073    1.271    1.488    1.727    1.986    2.266    2.567    2.888    3.231    3.593    3.976    4.379    4.801    5.243    5.702    
KR84    0    1.047e-07    0.002498    0.004141    0.005592    0.006993    0.008405    0.009868    0.01141    0.01306    0.01483    0.01676    0.01886    0.02114    0.02362    0.02633    0.02927    0.03245    0.03589    0.0396    0.04358    0.04785    0.05241    0.05727    0.06243    0.0679    0.07368    0.07977    0.08617    0.09288    0.09991    0.1073    0.1149    
RB85    0    8.492e-08    0.002278    0.003768    0.00506    0.006291    0.00752    0.008783    0.01011    0.01152    0.01303    0.01467    0.01644    0.01837    0.02047    0.02276    0.02523    0.02791    0.0308    0.03391    0.03724    0.04081    0.04461    0.04865    0.05294    0.05747    0.06224    0.06726    0.07252    0.07803    0.08378    0.08977    0.096    
KR86    0    1.823e-07    0.004076    0.006698    0.008976    0.01115    0.01331    0.01553    0.01785    0.02032    0.02298    0.02585    0.02896    0.03235    0.03603    0.04003    0.04437    0.04906    0.05413    0.05957    0.06542    0.07167    0.07833    0.08541    0.09291    0.1008    0.1092    0.118    0.1272    0.1368    0.1469    0.1573    0.1682    
RB87    0    2.231e-07    0.005123    0.008431    0.0113    0.01403    0.01675    0.01954    0.02247    0.02558    0.02891    0.03252    0.03644    0.04069    0.04532    0.05035    0.0558    0.0617    0.06807    0.07491    0.08225    0.0901    0.09847    0.1074    0.1168    0.1267    0.1372    0.1483    0.1598    0.1719    0.1845    0.1977    0.2113    
SR88    0    2.912e-07    0.007178    0.01184    0.01587    0.01971    0.02354    0.02746    0.03157    0.03594    0.04063    0.0457    0.0512    0.05718    0.06368    0.07075    0.0784    0.08669    0.09562    0.1052    0.1155    0.1266    0.1383    0.1508    0.164    0.178    0.1927    0.2082    0.2244    0.2413    0.259    0.2775    0.2966    
Y89    0    6.602e-08    0.002077    0.007052    0.01233    0.01749    0.02252    0.0275    0.03256    0.03778    0.04328    0.04914    0.05543    0.06224    0.06961    0.07762    0.0863    0.09571    0.1059    0.1169    0.1287    0.1414    0.155    0.1695    0.1849    0.2012    0.2184    0.2367    0.2558    0.2759    0.2969    0.3189    0.3418    
SR90    0    4.522e-07    0.01142    0.01873    0.02505    0.03104    0.037    0.04309    0.04945    0.05621    0.06345    0.07127    0.07974    0.08895    0.09895    0.1098    0.1216    0.1343    0.148    0.1627    0.1785    0.1953    0.2133    0.2323    0.2525    0.2737    0.2961    0.3196    0.3442    0.3699    0.3966    0.4245    0.4534    
Y91    0    4.586e-07    0.01075    0.01284    0.01298    0.01273    0.01255    0.01258    0.01285    0.01336    0.01409    0.01504    0.01617    0.01747    0.01893    0.02053    0.02226    0.02411    0.02606    0.02809    0.0302    0.03238    0.03461    0.03689    0.03921    0.04155    0.0439    0.04627    0.04865    0.05102    0.05338    0.05572    0.05805    
ZR91    0    8.872e-08    0.002707    0.009534    0.01705    0.02456    0.03197    0.03935    0.04684    0.05457    0.06268    0.07129    0.08053    0.09049    0.1013    0.113    0.1257    0.1394    0.1543    0.1704    0.1877    0.2062    0.2261    0.2473    0.2699    0.2939    0.3192    0.3459    0.3741    0.4036    0.4345    0.4669    0.5006    
ZR92    0    6.976e-07    0.01665    0.02758    0.037    0.04596    0.05488    0.06403    0.07361    0.0838    0.09473    0.1066    0.1194    0.1333    0.1485    0.165    0.1828    0.2022    0.223    0.2454    0.2695    0.2952    0.3226    0.3518    0.3826    0.4153    0.4496    0.4858    0.5236    0.5633    0.6046    0.6477    0.6924    
ZR93    0    9.24e-07    0.0217    0.03607    0.04838    0.06005    0.07164    0.08352    0.09594    0.1091    0.1233    0.1386    0.1551    0.1732    0.1927    0.214    0.237    0.262    0.2889    0.3178    0.3488    0.3819    0.4172    0.4547    0.4944    0.5364    0.5805    0.6269    0.6756    0.7264    0.7794    0.8346    0.892    
ZR94    0    1.028e-06    0.02461    0.04048    0.05429    0.06746    0.0806    0.0941    0.1083    0.1233    0.1395    0.157    0.176    0.1966    0.2191    0.2435    0.2699    0.2986    0.3295    0.3627    0.3984    0.4366    0.4772    0.5205    0.5663    0.6147    0.6658    0.7195    0.7758    0.8347    0.8963    0.9604    1.027    
ZR95    0    1.067e-06    0.02274    0.02754    0.02833    0.02814    0.02795    0.02812    0.02876    0.0299    0.03152    0.0336    0.0361    0.03899    0.04224    0.04581    0.04967    0.0538    0.05816    0.06273    0.06747    0.07237    0.07741    0.08254    0.08777    0.09306    0.09839    0.1038    0.1091    0.1145    0.1199    0.1252    0.1305    
NB95    0    1.508e-07    0.003948    0.009986    0.01317    0.01448    0.01493    0.01513    0.01538    0.01581    0.01647    0.01738    0.01852    0.0199    0.02149    0.02327    0.02522    0.02734    0.02961    0.032    0.0345    0.0371    0.03979    0.04255    0.04537    0.04823    0.05113    0.05405    0.05699    0.05994    0.06288    0.06582    0.06873    
MO95    0    3.736e-08    0.001255    0.008368    0.01992    0.03352    0.04783    0.06236    0.07701    0.0919    0.1072    0.1233    0.1402    0.1583    0.1778    0.1988    0.2215    0.2461    0.2728    0.3015    0.3326    0.3659    0.4017    0.44    0.4808    0.5241    0.5701    0.6187    0.6698    0.7236    0.78    0.839    0.9005    
ZR96    0    1.407e-06    0.02952    0.04852    0.06501    0.08072    0.09636    0.1124    0.1292    0.1471    0.1663    0.1871    0.2096    0.2341    0.2607    0.2897    0.3211    0.3551    0.3917    0.4312    0.4735    0.5187    0.5669    0.6182    0.6725    0.7299    0.7904    0.854    0.9206    0.9904    1.063    1.139    1.218    
MO97    0    1.478e-06    0.03136    0.05265    0.07074    0.08786    0.1049    0.1223    0.1405    0.1599    0.1806    0.2031    0.2274    0.2539    0.2826    0.3139    0.3478    0.3845    0.424    0.4666    0.5123    0.5611    0.6131    0.6684    0.727    0.7889    0.8541    0.9227    0.9946    1.07    1.148    1.23    1.315    
MO98    0    1.696e-06    0.03441    0.05652    0.07572    0.09399    0.1122    0.1309    0.1504    0.1712    0.1935    0.2177    0.2439    0.2723    0.3033    0.337    0.3735    0.413    0.4556    0.5014    0.5506    0.6032    0.6593    0.7189    0.782    0.8488    0.9191    0.993    1.071    1.152    1.236    1.324    1.416    
TC99    0    1.799e-06    0.033    0.0589    0.07933    0.09808    0.1163    0.1348    0.1539    0.174    0.1955    0.2186    0.2435    0.2706    0.3    0.3318    0.3663    0.4035    0.4437    0.4867    0.5328    0.582    0.6342    0.6897    0.7482    0.81    0.8748    0.9427    1.014    1.088    1.165    1.244    1.327    
MO100    0    2.042e-06    0.04154    0.06825    0.09145    0.1135    0.1355    0.1581    0.1818    0.207    0.234    0.2632    0.2949    0.3294    0.3669    0.4076    0.4518    0.4996    0.5512    0.6068    0.6663    0.7301    0.798    0.8702    0.9467    1.028    1.113    1.202    1.296    1.395    1.497    1.604    1.715    
RU100    0    7.496e-09    0.0001772    0.0008055    0.001731    0.002914    0.004341    0.006011    0.007929    0.01011    0.01256    0.0153    0.01837    0.02178    0.02556    0.02974    0.03436    0.03946    0.04506    0.05122    0.05796    0.06533    0.07337    0.08212    0.09161    0.1019    0.113    0.125    0.1379    0.1518    0.1666    0.1825    0.1995    
RU101    0    2.014e-06    0.03633    0.05959    0.07968    0.09872    0.1176    0.137    0.1572    0.1786    0.2016    0.2265    0.2535    0.2828    0.3146    0.3492    0.3867    0.4273    0.471    0.5181    0.5685    0.6225    0.6799    0.7409    0.8055    0.8738    0.9456    1.021    1.1    1.183    1.269    1.359    1.452    
RU102    0    2.158e-06    0.03738    0.06158    0.08271    0.1029    0.1231    0.144    0.1658    0.1892    0.2142    0.2414    0.2709    0.303    0.338    0.3761    0.4174    0.4622    0.5106    0.5628    0.6188    0.6788    0.7428    0.8109    0.8833    0.9599    1.041    1.126    1.215    1.309    1.407    1.509    1.616    
RU103    0    1.641e-06    0.03104    0.03209    0.02975    0.02786    0.02695    0.02693    0.02763    0.02893    0.03074    0.03299    0.03563    0.03863    0.04195    0.04556    0.04942    0.05352    0.05783    0.06231    0.06695    0.07172    0.0766    0.08157    0.08661    0.0917    0.09682    0.102    0.1071    0.1123    0.1174    0.1224    0.1275    
RH103    0    4.779e-07    0.01175    0.0372    0.06132    0.08282    0.1024    0.1208    0.1389    0.157    0.1758    0.1956    0.2167    0.2393    0.2637    0.2901    0.3185    0.3492    0.3822    0.4176    0.4554    0.4957    0.5383    0.5834    0.6309    0.6806    0.7327    0.7869    0.8432    0.9015    0.9617    1.024    1.087    
RU104    0    2.376e-06    0.03772    0.06207    0.08324    0.1034    0.1235    0.1441    0.1657    0.1886    0.2133    0.24    0.2689    0.3005    0.3348    0.3721    0.4126    0.4564    0.5038    0.5547    0.6095    0.668    0.7305    0.7969    0.8674    0.9419    1.021    1.103    1.19    1.281    1.376    1.474    1.577    
PD104    0    5.215e-09    0.0001627    0.001255    0.003461    0.006681    0.01081    0.01578    0.02155    0.02813    0.03552    0.04376    0.05291    0.06302    0.07417    0.08644    0.09992    0.1147    0.1309    0.1486    0.1679    0.1889    0.2118    0.2366    0.2635    0.2924    0.3237    0.3572    0.3932    0.4318    0.4729    0.5167    0.5633    
PD105    0    1.891e-06    0.03042    0.05224    0.07027    0.08715    0.1038    0.1208    0.1385    0.1573    0.1774    0.1991    0.2226    0.2482    0.276    0.3063    0.339    0.3745    0.4127    0.4539    0.498    0.5452    0.5955    0.649    0.7056    0.7654    0.8284    0.8946    0.964    1.037    1.112    1.191    1.273    
RU106    0    2.072e-06    0.02641    0.04095    0.05195    0.06125    0.06966    0.07768    0.08567    0.0939    0.1026    0.1119    0.122    0.1329    0.1448    0.1578    0.1718    0.1869    0.2032    0.2205    0.2389    0.2584    0.2789    0.3003    0.3227    0.346    0.37    0.3948    0.4203    0.4464    0.473    0.5001    0.5277    
PD106    0    1.858e-07    0.003022    0.007727    0.01353    0.02032    0.02802    0.0366    0.04608    0.05648    0.06786    0.08031    0.09389    0.1087    0.1249    0.1426    0.1618    0.1828    0.2056    0.2304    0.2573    0.2863    0.3177    0.3516    0.388    0.427    0.4687    0.5133    0.5608    0.6113    0.6649    0.7215    0.7813    
PD107    0    1.867e-06    0.02059    0.03379    0.04519    0.05601    0.06677    0.07778    0.08931    0.1016    0.1147    0.1289    0.1444    0.1612    0.1796    0.1995    0.2212    0.2447    0.27    0.2973    0.3267    0.3581    0.3917    0.4274    0.4653    0.5053    0.5476    0.5921    0.6387    0.6876    0.7386    0.7919    0.8472    
PD108    0    1.41e-06    0.01447    0.02371    0.03169    0.03924    0.04674    0.05441    0.06243    0.07095    0.08009    0.08998    0.1007    0.1124    0.1252    0.139    0.1541    0.1704    0.188    0.207    0.2274    0.2492    0.2725    0.2973    0.3236    0.3514    0.3807    0.4116    0.444    0.4779    0.5133    0.5501    0.5885    
AG109    0    8.177e-07    0.00917    0.01494    0.01959    0.02379    0.02781    0.03182    0.03591    0.0402    0.04477    0.04967    0.05497    0.06072    0.06697    0.07375    0.0811    0.08903    0.09757    0.1067    0.1165    0.127    0.138    0.1497    0.1621    0.175    0.1886    0.2027    0.2174    0.2327    0.2485    0.2649    0.2817    
PD110    0    4.398e-07    0.004154    0.006827    0.00915    0.01136    0.01357    0.01584    0.01821    0.02075    0.02347    0.02642    0.02964    0.03314    0.03695    0.04111    0.04564    0.05054    0.05585    0.06158    0.06774    0.07435    0.08141    0.08893    0.09693    0.1054    0.1144    0.1238    0.1337    0.1441    0.155    0.1664    0.1782    
CD110    0    1.412e-08    0.0002017    0.0008512    0.001792    0.002979    0.004395    0.006034    0.007896    0.009991    0.01233    0.01493    0.01781    0.02099    0.0245    0.02837    0.03262    0.0373    0.04242    0.04803    0.05415    0.06082    0.06809    0.07597    0.08451    0.09373    0.1037    0.1144    0.1259    0.1382    0.1513    0.1653    0.1802    
CD111    0    1.442e-07    0.001355    0.002817    0.00394    0.004974    0.005992    0.007031    0.008118    0.009273    0.01052    0.01187    0.01334    0.01494    0.0167    0.01862    0.02071    0.02298    0.02545    0.02812    0.031    0.03409    0.03741    0.04096    0.04474    0.04875    0.05301    0.05751    0.06226    0.06726    0.0725    0.07799    0.08374    
I127    0    8.947e-08    0.002943    0.005629    0.007783    0.009792    0.01177    0.01377    0.01584    0.01802    0.02033    0.02282    0.0255    0.02839    0.03153    0.03493    0.03861    0.04258    0.04685    0.05144    0.05635    0.06159    0.06717    0.07309    0.07936    0.08596    0.09291    0.1002    0.1078    0.1158    0.1241    0.1327    0.1416    
TE128    0    1.837e-07    0.00648    0.01067    0.01431    0.01777    0.02122    0.02476    0.02846    0.03239    0.03662    0.04118    0.04613    0.05151    0.05735    0.06369    0.07057    0.078    0.08601    0.09462    0.1039    0.1137    0.1242    0.1354    0.1472    0.1597    0.1728    0.1866    0.201    0.2161    0.2319    0.2483    0.2653    
I129    0    3.356e-07    0.01032    0.01779    0.02429    0.03039    0.03639    0.04248    0.0488    0.05549    0.06264    0.07033    0.07866    0.0877    0.09751    0.1081    0.1197    0.1321    0.1455    0.1599    0.1753    0.1918    0.2093    0.2279    0.2476    0.2683    0.2901    0.313    0.3369    0.3619    0.3879    0.4149    0.4429    
TE130    0    7.627e-07    0.01929    0.03171    0.0425    0.05277    0.063    0.0735    0.0845    0.09619    0.1087    0.1223    0.137    0.153    0.1704    0.1893    0.2098    0.232    0.2559    0.2816    0.3092    0.3386    0.37    0.4034    0.4387    0.4761    0.5154    0.5568    0.6001    0.6454    0.6927    0.742    0.7931    
XE131    0    8.516e-07    0.02004    0.04198    0.05772    0.07141    0.08426    0.09688    0.1097    0.1229    0.1369    0.1518    0.1679    0.1852    0.2039    0.2242    0.2461    0.2696    0.2949    0.3219    0.3508    0.3813    0.4137    0.4478    0.4836    0.5211    0.5602    0.6008    0.643    0.6865    0.7315    0.7776    0.825    
XE132    0    1.865e-06    0.03834    0.07064    0.09736    0.1229    0.1487    0.1754    0.2036    0.2337    0.2662    0.3015    0.3399    0.3817    0.4272    0.4768    0.5307    0.5891    0.6524    0.7206    0.794    0.8727    0.957    1.047    1.143    1.244    1.352    1.465    1.584    1.71    1.842    1.98    2.124    
CS133    0    2.06e-06    0.04187    0.08373    0.1151    0.1434    0.1707    0.1981    0.2264    0.2561    0.2876    0.3215    0.3581    0.3978    0.4408    0.4874    0.5378    0.5922    0.6508    0.7137    0.7809    0.8526    0.9287    1.009    1.095    1.184    1.278    1.377    1.479    1.586    1.697    1.812    1.931    
XE134    0    3.561e-06    0.05933    0.09771    0.131    0.1627    0.1942    0.2266    0.2606    0.2967    0.3355    0.3774    0.423    0.4725    0.5265    0.5851    0.6488    0.7177    0.7921    0.8722    0.9581    1.05    1.148    1.253    1.363    1.48    1.604    1.734    1.87    2.012    2.161    2.316    2.478    
CS134    0    9.284e-09    0.0002465    0.001265    0.002768    0.004638    0.006821    0.00929    0.01203    0.01505    0.01836    0.02195    0.02587    0.03013    0.03476    0.03979    0.04525    0.05117    0.05759    0.06455    0.07207    0.08019    0.08893    0.09833    0.1084    0.1192    0.1307    0.143    0.1561    0.1699    0.1845    0.2    0.2162    
CS135    0    9.448e-07    0.0181    0.03001    0.04025    0.04997    0.05967    0.06965    0.08013    0.0913    0.1033    0.1164    0.1306    0.146    0.1629    0.1813    0.2012    0.2228    0.2462    0.2714    0.2985    0.3275    0.3585    0.3916    0.4266    0.4638    0.503    0.5443    0.5877    0.6333    0.6809    0.7307    0.7826    
XE136    0    5.52e-06    0.09725    0.1605    0.2153    0.2673    0.3192    0.3724    0.4282    0.4875    0.5512    0.6201    0.6949    0.7762    0.8648    0.961    1.065    1.178    1.301    1.432    1.573    1.724    1.885    2.056    2.237    2.429    2.631    2.844    3.067    3.301    3.545    3.799    4.063    
CS137    0    2.932e-06    0.05381    0.08825    0.118    0.1463    0.1744    0.2031    0.2332    0.2651    0.2993    0.3363    0.3764    0.42    0.4674    0.5189    0.5748    0.6352    0.7003    0.7704    0.8455    0.9258    1.011    1.102    1.199    1.3    1.407    1.52    1.638    1.761    1.889    2.023    2.162    
BA138    0    2.892e-06    0.04817    0.07923    0.1062    0.1319    0.1575    0.1837    0.2112    0.2405    0.272    0.306    0.343    0.3832    0.4269    0.4745    0.5261    0.582    0.6424    0.7073    0.7771    0.8517    0.9313    1.016    1.106    1.201    1.301    1.406    1.517    1.632    1.753    1.879    2.01    
LA139    0    2.809e-06    0.04695    0.07724    0.1035    0.1284    0.1533    0.1787    0.2054    0.2337    0.2642    0.2971    0.3328    0.3716    0.4139    0.4599    0.5097    0.5637    0.6219    0.6846    0.7519    0.8239    0.9007    0.9823    1.069    1.16    1.257    1.358    1.464    1.576    1.692    1.813    1.938    
BA140    0    1.329e-06    0.01989    0.01302    0.01063    0.009793    0.009578    0.009708    0.01008    0.01065    0.01138    0.01226    0.01326    0.01439    0.01563    0.01696    0.01838    0.01987    0.02143    0.02305    0.02472    0.02644    0.02818    0.02996    0.03176    0.03357    0.03539    0.03722    0.03904    0.04086    0.04267    0.04447    0.04625    
CE140    0    1.313e-06    0.02629    0.06531    0.09519    0.122    0.148    0.1744    0.2017    0.2306    0.2615    0.2949    0.331    0.3703    0.4131    0.4595    0.51    0.5647    0.6239    0.6876    0.7561    0.8295    0.9079    0.9914    1.08    1.174    1.273    1.377    1.487    1.602    1.722    1.847    1.978    
CE141    0    1.653e-06    0.0309    0.02981    0.02658    0.02452    0.02366    0.02369    0.02439    0.02562    0.02728    0.02932    0.0317    0.03438    0.03734    0.04055    0.04398    0.04761    0.05141    0.05537    0.05946    0.06366    0.06796    0.07233    0.07675    0.08122    0.08571    0.09022    0.09472    0.09922    0.1037    0.1081    0.1125    
PR141    0    5.949e-07    0.01454    0.04514    0.07381    0.1    0.1249    0.1494    0.1744    0.2005    0.2281    0.2577    0.2897    0.3243    0.3619    0.4028    0.4472    0.4952    0.5472    0.6032    0.6634    0.728    0.7969    0.8704    0.9484    1.031    1.118    1.21    1.307    1.408    1.513    1.624    1.738    
CE142    0    2.22e-06    0.04255    0.07012    0.09403    0.1168    0.1394    0.1627    0.1871    0.213    0.2408    0.2709    0.3035    0.339    0.3776    0.4196    0.4652    0.5145    0.5677    0.6249    0.6863    0.752    0.8221    0.8966    0.9755    1.059    1.147    1.239    1.337    1.438    1.544    1.654    1.769    
PR143    0    1.036e-06    0.01666    0.01133    0.009205    0.008455    0.008259    0.008366    0.008684    0.009169    0.009797    0.01055    0.01142    0.01239    0.01345    0.01459    0.01581    0.0171    0.01844    0.01983    0.02127    0.02274    0.02424    0.02577    0.02731    0.02887    0.03043    0.032    0.03357    0.03513    0.03669    0.03823    0.03976    
ND143    0    9.61e-07    0.02049    0.05158    0.07431    0.09379    0.112    0.13    0.1482    0.1672    0.1872    0.2085    0.2315    0.2564    0.2833    0.3124    0.3439    0.3778    0.4144    0.4535    0.4953    0.5399    0.5872    0.6371    0.6898    0.7451    0.8031    0.8636    0.9266    0.992    1.06    1.13    1.202    
CE144    0    1.876e-06    0.0314    0.04788    0.0598    0.0695    0.07802    0.08598    0.09384    0.1019    0.1105    0.1197    0.1297    0.1407    0.1527    0.1657    0.1799    0.1952    0.2116    0.2291    0.2476    0.2671    0.2876    0.309    0.3312    0.3542    0.3779    0.4022    0.427    0.4523    0.478    0.504    0.5302    
ND144    0    8.445e-08    0.001851    0.007752    0.01611    0.02635    0.03821    0.05158    0.0664    0.08271    0.1006    0.1201    0.1413    0.1646    0.1899    0.2175    0.2477    0.2805    0.3162    0.355    0.3971    0.4427    0.492    0.5452    0.6024    0.6639    0.7297    0.8001    0.8751    0.955    1.04    1.129    1.224    
ND145    0    1.49e-06    0.02647    0.04352    0.05799    0.07155    0.08491    0.0985    0.1126    0.1276    0.1435    0.1607    0.1794    0.1996    0.2215    0.2454    0.2712    0.299    0.329    0.3613    0.3958    0.4326    0.4718    0.5133    0.5572    0.6034    0.652    0.703    0.7562    0.8117    0.8694    0.9293    0.9914    
ND146    0    1.308e-06    0.0223    0.03698    0.04997    0.06252    0.07519    0.08832    0.1022    0.117    0.133    0.1504    0.1694    0.19    0.2125    0.2371    0.2638    0.2927    0.324    0.3578    0.3942    0.4332    0.475    0.5195    0.5669    0.6171    0.6703    0.7264    0.7854    0.8475    0.9126    0.9806    1.052    
PM147    0    5.632e-07    0.0105    0.02206    0.02886    0.03374    0.03768    0.04117    0.04451    0.0479    0.0515    0.05541    0.05972    0.06449    0.06975    0.07553    0.08184    0.08867    0.09602    0.1039    0.1122    0.121    0.1302    0.1398    0.1497    0.16    0.1705    0.1813    0.1923    0.2034    0.2148    0.2262    0.2377    
SM147    0    5.358e-09    0.0001289    0.0007289    0.00162    0.002686    0.003872    0.005152    0.006511    0.007947    0.00946    0.01106    0.01275    0.01455    0.01647    0.01853    0.02074    0.02311    0.02565    0.02839    0.03132    0.03447    0.03783    0.04142    0.04525    0.04931    0.05361    0.05815    0.06293    0.06796    0.07323    0.07873    0.08446    
ND148    0    9.453e-07    0.01518    0.025    0.0335    0.04158    0.04962    0.05787    0.06651    0.07569    0.08555    0.09621    0.1078    0.1204    0.1341    0.149    0.1651    0.1826    0.2015    0.2219    0.2437    0.267    0.2919    0.3184    0.3465    0.3762    0.4074    0.4403    0.4748    0.511    0.5487    0.5879    0.6288    
SM148    0    9.951e-09    0.0002442    0.001543    0.003618    0.006206    0.009191    0.01252    0.01616    0.02012    0.0244    0.02903    0.03404    0.03947    0.04535    0.05174    0.05868    0.06621    0.07439    0.08326    0.09286    0.1032    0.1145    0.1265    0.1395    0.1534    0.1682    0.1841    0.201    0.2189    0.2378    0.2579    0.279    
ND150    0    5.856e-07    0.00899    0.01476    0.01978    0.02454    0.02929    0.03417    0.03927    0.0447    0.05052    0.05683    0.06367    0.07112    0.07923    0.08804    0.09761    0.108    0.1191    0.1312    0.1441    0.1579    0.1727    0.1884    0.205    0.2226    0.2412    0.2607    0.2812    0.3026    0.325    0.3483    0.3725    
SM150    0    4.827e-07    0.008342    0.01882    0.02711    0.035    0.04288    0.05095    0.05936    0.06821    0.07762    0.0877    0.09854    0.1102    0.1229    0.1366    0.1514    0.1674    0.1846    0.2031    0.2229    0.2441    0.2667    0.2907    0.3162    0.3431    0.3715    0.4013    0.4326    0.4653    0.4994    0.5349    0.5718    
SM152    0    4.263e-07    0.006853    0.0134    0.01918    0.02427    0.02885    0.03314    0.03733    0.04155    0.04594    0.05059    0.05559    0.061    0.06687    0.07326    0.08018    0.08767    0.09574    0.1044    0.1136    0.1235    0.1339    0.1449    0.1564    0.1685    0.1812    0.1943    0.2079    0.2219    0.2364    0.2513    0.2666    
EU153    0    2.553e-07    0.003436    0.006533    0.009647    0.01298    0.01655    0.02036    0.02441    0.02872    0.0333    0.03818    0.04341    0.04901    0.05502    0.06149    0.06845    0.07595    0.084    0.09265    0.1019    0.1118    0.1224    0.1337    0.1456    0.1583    0.1716    0.1857    0.2005    0.216    0.2322    0.2491    0.2666    
SM154    0    1.931e-07    0.002639    0.00434    0.005818    0.007228    0.008634    0.01008    0.01159    0.0132    0.01493    0.0168    0.01884    0.02105    0.02346    0.02608    0.02892    0.032    0.03533    0.03892    0.04277    0.04689    0.05128    0.05596    0.06093    0.06618    0.07172    0.07754    0.08366    0.09007    0.09676    0.1037    0.111    
GD156    0    4.403e-08    0.0006817    0.002017    0.003362    0.004742    0.006184    0.00772    0.009383    0.01121    0.01324    0.01552    0.01807    0.02095    0.02418    0.02781    0.03187    0.0364    0.04142    0.04699    0.05312    0.05986    0.06725    0.07531    0.08408    0.09361    0.1039    0.1151    0.1271    0.14    0.1538    0.1686    0.1844    
